Date,Open,High,Low,Close,Adj Close,Volume
2021-01-04,66.910004,67.349998,64.290001,64.709999,64.524918,280000
2021-01-05,64.489998,66.209999,64.489998,65.440002,65.252838,155200
2021-01-06,66.300003,69.660004,64.209999,68.879997,68.682991,392300
2021-01-07,69.080002,70.720001,68.059998,70.470001,70.268448,314100
2021-01-08,70.459999,70.949997,68.519997,69.309998,69.111763,251400
2021-01-11,68.360001,69.620003,68.360001,69.370003,69.171593,148000
2021-01-12,70.110001,71.559998,69.070000,71.360001,71.155899,142100
2021-01-13,71.470001,71.639999,69.879997,70.070000,69.869591,140800
2021-01-14,70.279999,71.150002,70.029999,70.889999,70.687248,139900
2021-01-15,70.279999,71.430000,68.790001,70.440002,70.238533,156100
2021-01-19,71.209999,72.000000,70.529999,70.580002,70.378136,117700
2021-01-20,70.540001,71.790001,69.959999,71.699997,71.494926,152700
2021-01-21,71.989998,72.250000,70.760002,71.650002,71.445076,166900
2021-01-22,71.260002,73.129997,70.930000,72.739998,72.531952,162700
2021-01-25,72.389999,73.900002,71.500000,73.300003,73.090355,233400
2021-01-26,73.900002,74.070000,71.870003,73.730003,73.519127,164000
2021-01-27,72.239998,76.029999,71.870003,75.589996,75.373802,280900
2021-01-28,75.699997,77.510002,73.720001,74.029999,73.818260,281400
2021-01-29,73.809998,74.410004,72.120003,74.000000,73.788353,398100
2021-02-01,74.489998,75.220001,72.709999,74.959999,74.745605,205200
2021-02-02,75.709999,76.349998,74.480003,75.849998,75.633057,131100
2021-02-03,75.459999,76.760002,74.989998,75.540001,75.323944,138600
2021-02-04,75.540001,77.059998,75.010002,76.870003,76.650146,112700
2021-02-05,77.699997,78.709999,76.720001,77.639999,77.417938,97600
2021-02-08,77.599998,80.639999,77.419998,80.470001,80.239845,209600
2021-02-09,79.059998,81.190002,78.610001,80.800003,80.568901,303300
2021-02-10,81.000000,81.250000,78.919998,79.650002,79.422195,132900
2021-02-11,80.199997,80.650002,77.589996,79.360001,79.133018,154700
2021-02-12,79.650002,80.580002,78.790001,79.209999,78.983452,126200
2021-02-16,79.150002,79.339996,76.629997,76.809998,76.590309,155100
2021-02-17,76.449997,77.330002,75.010002,75.529999,75.313972,202300
2021-02-18,75.529999,76.129997,74.120003,75.489998,75.274086,148600
2021-02-19,75.680000,77.639999,75.680000,77.000000,76.779770,195300
2021-02-22,76.389999,76.680000,75.010002,76.000000,75.782631,147800
2021-02-23,75.730003,77.309998,75.110001,76.830002,76.610260,132700
2021-02-24,76.680000,78.070000,75.269997,77.879997,77.657249,132200
2021-02-25,77.220001,79.279999,75.120003,76.629997,76.410828,187100
2021-02-26,77.410004,78.190002,76.349998,77.099998,76.879486,191300
2021-03-01,78.449997,78.889999,76.870003,77.379997,77.158684,145000
2021-03-02,77.070000,77.070000,74.279999,74.919998,74.705719,144900
2021-03-03,74.779999,75.559998,73.860001,74.089996,73.878090,142800
2021-03-04,73.930000,75.110001,71.879997,72.070000,71.863869,238000
2021-03-05,72.029999,73.279999,70.720001,72.800003,72.591789,329300
2021-03-08,73.400002,74.510002,73.129997,73.150002,72.940781,232900
2021-03-09,73.730003,74.970001,73.680000,73.750000,73.539063,121400
2021-03-10,73.959999,75.000000,73.000000,74.160004,73.947899,131800
2021-03-11,72.480003,73.989998,72.089996,73.360001,73.150185,262100
2021-03-12,72.949997,75.000000,72.949997,74.860001,74.645889,230900
2021-03-15,74.000000,75.000000,73.250000,75.000000,74.785492,164600
2021-03-16,74.230003,75.000000,72.570000,72.949997,72.741348,183700
2021-03-17,72.540001,73.019997,71.680000,72.559998,72.352470,177600
2021-03-18,72.330002,73.800003,71.379997,72.849998,72.641640,146600
2021-03-19,72.699997,73.120003,71.519997,72.339996,72.133095,448200
2021-03-22,72.669998,72.669998,70.180000,70.980003,70.776993,128200
2021-03-23,70.470001,70.940002,69.639999,70.050003,69.849648,184800
2021-03-24,70.510002,72.050003,69.339996,69.470001,69.271309,126800
2021-03-25,68.989998,71.320000,68.809998,70.830002,70.627419,125200
2021-03-26,71.120003,72.800003,70.500000,72.330002,72.123131,140100
2021-03-29,72.050003,73.879997,69.879997,70.410004,70.208618,202100
2021-03-30,70.279999,71.370003,70.120003,70.769997,70.567589,120300
2021-03-31,71.150002,71.730003,69.680000,70.010002,69.809761,267900
2021-04-01,70.129997,71.169998,69.580002,70.870003,70.667305,166600
2021-04-05,71.500000,72.300003,70.400002,70.839996,70.637383,112600
2021-04-06,70.970001,71.040001,70.029999,70.550003,70.348221,111800
2021-04-07,70.620003,70.620003,68.900002,68.919998,68.722878,98500
2021-04-08,69.449997,69.889999,68.250000,68.699997,68.503510,133400
2021-04-09,68.769997,70.330002,68.379997,70.160004,69.959335,122400
2021-04-12,69.739998,70.080002,69.110001,69.680000,69.480705,134200
2021-04-13,69.449997,69.449997,67.790001,68.830002,68.633141,139000
2021-04-14,69.050003,70.000000,68.839996,68.839996,68.643105,99200
2021-04-15,69.379997,70.010002,68.760002,69.680000,69.480705,95000
2021-04-16,70.000000,70.000000,69.169998,69.510002,69.311195,70100
2021-04-19,69.610001,69.949997,68.800003,69.279999,69.081848,102700
2021-04-20,68.989998,69.900002,67.779999,68.410004,68.214340,85500
2021-04-21,68.209999,69.690002,68.209999,69.290001,69.091820,59800
2021-04-22,69.550003,70.019997,69.129997,69.680000,69.480705,104000
2021-04-23,69.650002,70.050003,69.110001,69.800003,69.600365,90500
2021-04-26,70.000000,70.099998,68.449997,68.540001,68.343971,78100
2021-04-27,68.860001,69.019997,68.000000,68.529999,68.333992,67400
2021-04-28,68.290001,68.290001,67.080002,68.110001,67.915199,125500
2021-04-29,68.239998,68.720001,67.150002,67.559998,67.366768,73000
2021-04-30,67.000000,67.000000,65.220001,65.410004,65.222923,176600
2021-05-03,66.089996,66.750000,65.480003,66.199997,66.010658,218300
2021-05-04,66.050003,66.050003,63.990002,64.059998,63.876778,90600
2021-05-05,64.269997,65.660004,62.790001,63.720001,63.537754,107800
2021-05-06,63.320000,64.949997,63.000000,64.019997,63.836891,180800
2021-05-07,63.740002,66.500000,63.740002,66.290001,66.100403,113100
2021-05-10,65.739998,66.769997,65.559998,65.919998,65.731461,142600
2021-05-11,65.160004,65.989998,64.529999,65.239998,65.053406,113100
2021-05-12,65.080002,65.820000,63.990002,64.480003,64.295586,157800
2021-05-13,64.699997,66.839996,64.440002,66.449997,66.259941,172900
2021-05-14,66.559998,68.830002,66.059998,68.639999,68.443680,135900
2021-05-17,68.279999,68.279999,67.400002,67.870003,67.675888,134600
2021-05-18,68.000000,69.050003,66.389999,66.540001,66.349686,142900
2021-05-19,65.919998,66.839996,64.839996,66.500000,66.309799,103700
2021-05-20,66.709999,67.080002,66.309998,66.879997,66.688713,84600
2021-05-21,67.430000,68.220001,66.639999,66.800003,66.608948,160000
2021-05-24,67.000000,67.169998,66.209999,66.360001,66.170204,154900
2021-05-25,66.400002,67.029999,65.709999,65.959999,65.771347,149300
2021-05-26,66.330002,67.169998,66.250000,66.550003,66.359665,126000
2021-05-27,66.930000,67.139999,65.940002,65.959999,65.771347,174500
2021-05-28,66.050003,66.860001,65.529999,66.250000,66.060516,159200
2021-06-01,66.379997,67.139999,65.800003,66.430000,66.240005,191500
2021-06-02,66.540001,66.540001,63.470001,63.700001,63.700001,157100
2021-06-03,63.299999,64.370003,62.810001,64.180000,64.180000,104100
2021-06-04,64.250000,65.000000,64.250000,64.320000,64.320000,89500
2021-06-07,64.389999,64.760002,63.810001,64.470001,64.470001,110600
2021-06-08,64.769997,65.040001,64.139999,64.559998,64.559998,86000
2021-06-09,64.500000,64.809998,64.190002,64.550003,64.550003,107200
2021-06-10,64.860001,64.860001,63.400002,63.759998,63.759998,142500
2021-06-11,64.129997,64.669998,63.919998,64.589996,64.589996,95500
2021-06-14,64.620003,64.620003,63.400002,63.860001,63.860001,169900
2021-06-15,64.019997,64.459999,63.299999,63.900002,63.900002,140900
2021-06-16,63.799999,64.239998,62.750000,62.830002,62.830002,147100
2021-06-17,63.020000,63.310001,62.139999,63.189999,63.189999,150900
2021-06-18,62.380001,62.830002,60.660000,60.900002,60.900002,308100
2021-06-21,61.470001,63.189999,61.470001,62.560001,62.560001,191500
2021-06-22,62.500000,62.500000,61.380001,61.970001,61.970001,164400
2021-06-23,62.009998,62.080002,60.910000,60.990002,60.990002,137300
2021-06-24,61.189999,61.939999,60.599998,61.259998,61.259998,129300
2021-06-25,61.450001,62.240002,60.779999,61.080002,61.080002,391400
2021-06-28,61.270000,61.759998,60.330002,61.419998,61.419998,234200
2021-06-29,61.820000,63.990002,61.660000,63.759998,63.759998,154700
2021-06-30,63.340000,64.029999,62.410000,62.590000,62.590000,462400
2021-07-01,62.700001,63.450001,62.310001,62.599998,62.599998,386600
2021-07-02,62.919998,63.630001,62.270000,63.139999,63.139999,178400
2021-07-06,63.009998,63.630001,61.330002,62.450001,62.450001,161100
2021-07-07,62.369999,64.220001,62.290001,63.389999,63.389999,109600
2021-07-08,62.180000,63.720001,61.919998,62.730000,62.730000,154100
2021-07-09,63.290001,63.810001,62.209999,63.169998,63.169998,82800
2021-07-12,63.119999,63.369999,61.990002,62.660000,62.660000,92200
2021-07-13,62.250000,62.900002,61.520000,61.520000,61.520000,76600
2021-07-14,61.700001,61.970001,60.869999,61.220001,61.220001,81600
2021-07-15,61.220001,61.610001,60.669998,60.970001,60.970001,92000
2021-07-16,61.509998,61.740002,60.680000,60.750000,60.750000,94900
2021-07-19,60.389999,61.529999,60.020000,61.070000,61.070000,124400
2021-07-20,60.939999,62.849998,60.810001,61.419998,61.419998,171300
2021-07-21,61.840000,62.560001,61.400002,61.779999,61.779999,95800
2021-07-22,61.810001,62.029999,59.990002,60.090000,60.090000,84900
2021-07-23,60.290001,60.759998,59.750000,60.650002,60.650002,112300
2021-07-26,60.709999,60.720001,59.830002,60.000000,60.000000,104700
2021-07-27,59.689999,60.660000,59.220001,59.869999,59.869999,210500
2021-07-28,60.250000,61.430000,59.410000,60.840000,60.840000,96500
2021-07-29,61.139999,62.189999,60.660000,62.110001,62.110001,71600
2021-07-30,61.880001,62.900002,61.880001,62.150002,62.150002,120500
2021-08-02,62.389999,63.279999,61.610001,61.840000,61.840000,101900
2021-08-03,62.040001,63.480000,61.590000,62.980000,62.980000,193700
2021-08-04,62.580002,63.320000,61.610001,62.080002,62.080002,94100
2021-08-05,62.480000,63.610001,62.290001,63.230000,63.230000,110800
2021-08-06,65.000000,68.019997,64.980003,67.250000,67.250000,214800
2021-08-09,67.430000,69.290001,67.309998,68.550003,68.550003,208300
2021-08-10,68.870003,70.570000,68.339996,70.150002,70.150002,184400
2021-08-11,70.489998,70.500000,68.940002,69.320000,69.320000,138600
2021-08-12,69.260002,69.839996,68.800003,69.269997,69.269997,95900
2021-08-13,69.110001,69.110001,67.739998,68.970001,68.970001,102500
2021-08-16,68.519997,69.610001,67.809998,69.339996,69.339996,87400
2021-08-17,68.660004,68.779999,67.580002,68.070000,68.070000,94500
2021-08-18,68.070000,68.519997,67.040001,67.040001,67.040001,53400
2021-08-19,66.599998,68.690002,66.580002,68.419998,68.419998,139300
2021-08-20,69.070000,69.769997,68.120003,68.940002,68.940002,123500
2021-08-23,68.940002,69.889999,68.500000,69.190002,69.190002,86500
2021-08-24,69.260002,69.540001,68.769997,68.949997,68.949997,87700
2021-08-25,68.760002,69.529999,68.339996,68.480003,68.480003,80400
2021-08-26,68.309998,68.309998,67.239998,67.389999,67.389999,116900
2021-08-27,67.529999,68.870003,67.260002,68.720001,68.720001,180100
2021-08-30,69.089996,69.339996,68.470001,69.199997,69.199997,162700