Date,Open,High,Low,Close,Adj Close,Volume
2021-01-04,38.619999,38.709999,37.279999,38.099998,37.881050,488500
2021-01-05,38.180000,39.549999,37.880001,39.110001,38.885246,506900
2021-01-06,40.220001,43.029999,40.169998,42.130001,41.887894,856500
2021-01-07,42.590000,43.459999,40.560001,43.400002,43.150593,647500
2021-01-08,43.400002,43.400002,41.919998,42.750000,42.504330,512400
2021-01-11,42.040001,43.740002,41.849998,43.590000,43.339504,460400
2021-01-12,43.799999,44.889999,43.480000,44.169998,43.916168,541500
2021-01-13,43.980000,44.419998,43.040001,44.020000,43.767033,422400
2021-01-14,44.450001,45.180000,44.139999,44.880001,44.622089,485600
2021-01-15,43.990002,44.820000,43.259998,44.099998,43.846569,407800
2021-01-19,44.270000,44.930000,43.419998,44.650002,44.393414,355900
2021-01-20,44.669998,45.180000,44.160000,44.669998,44.413296,465700
2021-01-21,44.660000,44.660000,42.910000,42.950001,42.703182,266200
2021-01-22,42.619999,44.459999,42.180000,44.320000,44.065308,400600
2021-01-25,43.540001,43.919998,42.639999,43.660000,43.409103,467100
2021-01-26,44.060001,44.410000,42.660000,42.810001,42.563988,265900
2021-01-27,41.660000,42.160000,40.910000,41.000000,40.764385,430100
2021-01-28,41.889999,42.160000,41.020000,41.290001,41.052723,571400
2021-01-29,40.669998,40.669998,36.599998,39.110001,38.885246,796300
2021-02-01,39.869999,41.389999,39.160000,41.259998,41.022888,381900
2021-02-02,42.049999,42.049999,40.590000,41.439999,41.201859,311100
2021-02-03,41.110001,42.060001,40.799999,41.970001,41.728813,327000
2021-02-04,42.419998,44.150002,42.080002,43.869999,43.617893,395800
2021-02-05,44.279999,44.730000,43.029999,44.000000,43.747147,324500
2021-02-08,44.380001,45.139999,43.700001,45.080002,44.820942,293600
2021-02-09,45.000000,45.730000,44.380001,45.509998,45.248466,551400
2021-02-10,45.700001,46.980000,45.299999,46.090000,45.825134,424600
2021-02-11,46.049999,46.580002,44.680000,45.660000,45.397606,317500
2021-02-12,45.369999,46.160000,45.020000,45.930000,45.666058,162300
2021-02-16,46.639999,47.049999,45.950001,46.810001,46.541000,259600
2021-02-17,46.509998,47.360001,46.389999,46.919998,46.650364,230700
2021-02-18,46.619999,47.110001,46.099998,46.320000,46.053814,182400
2021-02-19,46.660000,47.610001,46.410000,47.529999,47.256859,206400
2021-02-22,47.119999,48.820000,47.029999,48.349998,48.072147,304100
2021-02-23,48.349998,49.349998,47.849998,49.080002,48.797955,341800
2021-02-24,49.540001,50.610001,49.500000,50.240002,49.951290,402800
2021-02-25,50.790001,50.910000,47.810001,48.119999,47.843472,363000
2021-02-26,47.709999,48.540001,47.150002,47.639999,47.366230,333600
2021-03-01,48.849998,49.119999,48.299999,49.020000,48.738297,312000
2021-03-02,49.230000,49.459999,48.310001,48.970001,48.688583,402400
2021-03-03,49.400002,51.980000,49.400002,50.160000,49.871750,866500
2021-03-04,50.439999,52.180000,48.970001,49.860001,49.573471,459400
2021-03-05,50.750000,51.209999,49.169998,50.349998,50.060654,538800
2021-03-08,51.630001,53.000000,50.619999,51.650002,51.353188,560000
2021-03-09,51.130001,52.259998,49.660000,51.619999,51.323357,376400
2021-03-10,51.529999,53.709999,51.529999,52.730000,52.426979,528700
2021-03-11,52.209999,54.270000,51.840000,54.150002,53.838818,327000
2021-03-12,54.970001,55.959999,54.560001,55.470001,55.151234,452900
2021-03-15,55.849998,56.450001,54.419998,55.700001,55.379913,501400
2021-03-16,55.080002,56.020000,54.080002,55.849998,55.529045,428400
2021-03-17,55.779999,56.509998,55.119999,55.590000,55.270542,378000
2021-03-18,56.000000,57.810001,54.740002,55.119999,54.803242,595300
2021-03-19,54.360001,56.230000,53.820000,55.980000,55.658302,1748200
2021-03-22,55.869999,55.869999,53.630001,54.150002,53.838818,520200
2021-03-23,53.529999,54.310001,51.570000,51.990002,51.691231,609900
2021-03-24,52.849998,54.410000,51.590000,51.650002,51.353188,439900
2021-03-25,51.270000,53.099998,50.799999,52.680000,52.377266,460400
2021-03-26,53.470001,55.009998,53.150002,54.939999,54.624275,613200
2021-03-29,53.970001,54.770000,52.599998,52.700001,52.397148,605200
2021-03-30,52.130001,55.349998,52.130001,53.240002,53.085144,410800
2021-03-31,53.020000,53.830002,52.279999,52.509998,52.357265,507400
2021-04-01,52.680000,53.529999,52.119999,53.240002,53.085144,314300
2021-04-05,53.830002,54.299999,52.820000,53.279999,53.125027,376300
2021-04-06,53.150002,53.919998,52.599998,52.869999,52.716217,370000
2021-04-07,52.380001,52.669998,51.610001,51.930000,51.778954,534200
2021-04-08,51.630001,51.750000,49.980000,51.470001,51.320293,467100
2021-04-09,52.000000,52.349998,51.330002,52.099998,51.948460,261100
2021-04-12,52.439999,53.220001,51.919998,52.279999,52.127934,372000
2021-04-13,52.110001,52.110001,50.169998,50.259998,50.113811,434300
2021-04-14,49.990002,51.450001,49.990002,50.639999,50.492706,388300
2021-04-15,50.770000,50.770000,48.910000,50.369999,50.223492,322900
2021-04-16,51.139999,51.610001,50.200001,51.310001,51.160759,385800
2021-04-19,51.139999,52.000000,50.330002,50.730000,50.582443,381300
2021-04-20,50.590000,50.660000,47.950001,48.250000,48.109657,424500
2021-04-21,47.840000,49.560001,47.439999,49.380001,49.236374,366000
2021-04-22,49.340000,49.950001,48.630001,48.689999,48.548378,389300
2021-04-23,47.970001,51.619999,47.549999,50.810001,50.662212,491600
2021-04-26,51.869999,52.830002,51.209999,51.419998,51.270435,283800
2021-04-27,51.360001,52.189999,51.130001,52.150002,51.998314,313900
2021-04-28,52.349998,52.900002,51.959999,52.669998,52.516800,351600
2021-04-29,53.450001,54.450001,53.000000,54.349998,54.191914,517200
2021-04-30,53.849998,55.020000,53.459999,54.090000,53.932671,641100
2021-05-03,54.889999,55.290001,53.459999,54.480000,54.321537,578000
2021-05-04,54.070000,55.919998,53.130001,55.860001,55.697525,326000
2021-05-05,56.759998,56.759998,55.080002,56.230000,56.066448,294800
2021-05-06,56.369999,57.139999,55.869999,57.000000,56.834206,289200
2021-05-07,56.000000,57.220001,55.630001,57.020000,56.854149,400700
2021-05-10,57.040001,57.810001,55.770000,55.770000,55.607784,351300
2021-05-11,55.299999,56.619999,55.000000,55.500000,55.338570,854000
2021-05-12,55.880001,56.070000,54.099998,54.250000,54.092205,593400
2021-05-13,53.799999,56.619999,53.349998,56.130001,55.966740,393700
2021-05-14,56.349998,57.049999,55.889999,56.939999,56.774380,367400
2021-05-17,56.750000,57.880001,55.799999,56.509998,56.345631,200800
2021-05-18,56.439999,57.369999,56.060001,56.250000,56.086388,556900
2021-05-19,55.290001,56.250000,54.459999,56.200001,56.036533,538100
2021-05-20,56.020000,57.349998,55.150002,57.020000,56.854149,467600
2021-05-21,57.500000,59.599998,57.419998,58.520000,58.349785,829200
2021-05-24,59.509998,59.849998,56.060001,56.110001,55.946796,627500
2021-05-25,56.259998,57.250000,53.130001,53.169998,53.015347,650600
2021-05-26,53.669998,54.410000,52.419998,54.169998,54.012436,539000
2021-05-27,55.020000,55.490002,54.549999,55.090000,54.929764,296700
2021-05-28,55.160000,55.580002,54.150002,54.939999,54.780197,302200
2021-06-01,55.570000,56.500000,55.490002,56.320000,56.156185,511400
2021-06-02,56.410000,56.560001,55.389999,55.860001,55.697525,323700
2021-06-03,55.730000,56.720001,55.290001,56.520000,56.355602,349900
2021-06-04,56.330002,56.540001,55.730000,56.470001,56.305752,182100
2021-06-07,56.389999,57.380001,56.299999,57.189999,57.023655,221600
2021-06-08,56.759998,57.919998,55.970001,57.119999,56.953857,347000
2021-06-09,56.619999,56.660000,55.520000,55.560001,55.398396,321600
2021-06-10,56.459999,56.459999,53.980000,54.049999,53.892788,258100
2021-06-11,54.419998,54.910000,53.650002,54.270000,54.112148,387100
2021-06-14,54.380001,54.910000,53.200001,53.740002,53.583691,352500
2021-06-15,53.889999,55.200001,53.570000,54.849998,54.690460,289700
2021-06-16,54.459999,56.360001,53.689999,55.500000,55.338570,412800
2021-06-17,55.849998,56.060001,52.740002,52.910000,52.756104,455200
2021-06-18,51.869999,52.500000,49.959999,50.029999,49.884480,1405600
2021-06-21,50.500000,52.799999,50.380001,52.189999,52.038197,496900
2021-06-22,52.139999,52.389999,51.000000,51.889999,51.739071,253900
2021-06-23,52.180000,52.330002,51.500000,51.680000,51.529682,595200
2021-06-24,51.919998,53.029999,51.459999,52.820000,52.666367,276100
2021-06-25,52.959999,53.549999,52.529999,53.020000,52.865784,821900
2021-06-28,52.630001,52.630001,51.099998,51.570000,51.420002,345000
2021-06-29,51.849998,52.540001,50.520000,50.680000,50.680000,270700
2021-06-30,50.389999,50.919998,50.259998,50.630001,50.630001,320000
2021-07-01,50.880001,51.619999,50.430000,51.320000,51.320000,267600
2021-07-02,51.110001,51.240002,50.130001,50.389999,50.389999,195500
2021-07-06,49.980000,50.230000,48.250000,48.880001,48.880001,381300
2021-07-07,48.279999,49.189999,47.849998,48.400002,48.400002,474200
2021-07-08,47.150002,47.939999,46.380001,47.639999,47.639999,622300
2021-07-09,48.759998,49.930000,48.279999,49.840000,49.840000,436800
2021-07-12,49.099998,49.889999,48.660000,49.810001,49.810001,418600
2021-07-13,49.610001,49.759998,48.310001,48.540001,48.540001,324700
2021-07-14,48.770000,49.400002,47.520000,47.820000,47.820000,290900
2021-07-15,47.330002,48.599998,47.330002,48.540001,48.540001,292600
2021-07-16,48.919998,48.919998,47.020000,47.160000,47.160000,284400
2021-07-19,45.630001,46.150002,44.919998,45.580002,45.580002,472200
2021-07-20,45.490002,47.980000,45.400002,46.520000,46.520000,498900
2021-07-21,47.090000,47.970001,47.080002,47.480000,47.480000,327200
2021-07-22,47.430000,47.430000,45.450001,45.700001,45.700001,294800
2021-07-23,45.689999,46.290001,45.060001,45.970001,45.970001,405000
2021-07-26,46.380001,47.369999,46.119999,47.049999,47.049999,462500
2021-07-27,46.660000,47.590000,46.250000,47.330002,47.330002,468000
2021-07-28,48.450001,49.400002,47.599998,48.919998,48.919998,568700
2021-07-29,49.480000,49.910000,48.900002,49.130001,49.130001,416900
2021-07-30,48.680000,49.669998,48.279999,48.610001,48.610001,495000
2021-08-02,48.700001,50.540001,48.220001,48.310001,48.310001,470100
2021-08-03,48.580002,49.000000,47.200001,48.759998,48.759998,375300
2021-08-04,47.930000,49.020000,47.830002,47.889999,47.889999,297100
2021-08-05,48.160000,49.209999,48.160000,49.160000,49.160000,218600
2021-08-06,50.060001,50.580002,49.560001,50.160000,50.160000,405500
2021-08-09,49.950001,50.439999,48.459999,49.970001,49.970001,512400
2021-08-10,49.910000,50.820000,49.660000,50.520000,50.520000,1362000
2021-08-11,50.759998,51.439999,49.930000,51.310001,51.310001,386400
2021-08-12,50.660000,51.459999,50.660000,50.990002,50.990002,331600
2021-08-13,51.169998,51.250000,50.180000,50.430000,50.430000,220300
2021-08-16,49.900002,50.490002,49.290001,50.150002,50.150002,237200
2021-08-17,49.639999,50.020000,48.730000,49.070000,49.070000,268500
2021-08-18,48.980000,49.700001,48.529999,48.599998,48.599998,287000
2021-08-19,47.970001,48.400002,47.130001,47.450001,47.450001,335100
2021-08-20,47.290001,48.410000,47.279999,48.320000,48.320000,200100
2021-08-23,48.779999,49.040001,48.459999,48.790001,48.790001,184100
2021-08-24,48.889999,49.410000,48.730000,49.180000,49.180000,172700
2021-08-25,49.279999,50.119999,49.279999,49.330002,49.330002,208800
2021-08-26,49.500000,50.040001,48.369999,48.430000,48.430000,214900
2021-08-27,48.700001,50.160000,48.700001,50.070000,50.070000,299600
2021-08-30,50.000000,50.209999,48.610001,48.689999,48.689999,217600