Date,Open,High,Low,Close,Adj Close,Volume
2021-01-04,146.529999,148.779999,139.000000,142.699997,142.699997,149800
2021-01-05,142.029999,148.860001,141.690002,147.270004,147.270004,143000
2021-01-06,148.490005,159.960007,147.199997,158.619995,158.619995,281200
2021-01-07,157.800003,162.009995,155.580002,161.369995,161.369995,103900
2021-01-08,163.080002,165.759995,158.520004,161.809998,161.809998,108600
2021-01-11,160.509995,164.490005,160.509995,163.779999,163.779999,90800
2021-01-12,163.520004,172.320007,162.570007,167.550003,167.550003,157900
2021-01-13,165.440002,166.389999,160.410004,162.259995,162.259995,102500
2021-01-14,162.520004,167.229996,162.220001,165.380005,165.380005,106600
2021-01-15,162.589996,164.580002,159.259995,162.460007,162.460007,370600
2021-01-19,163.949997,164.020004,157.509995,160.389999,160.389999,296000
2021-01-20,160.389999,168.419998,160.389999,167.009995,167.009995,394500
2021-01-21,167.350006,170.039993,166.869995,167.300003,167.300003,178800
2021-01-22,164.679993,166.880005,160.330002,162.449997,162.449997,171200
2021-01-25,160.509995,163.619995,155.320007,156.830002,156.830002,506000
2021-01-26,158.910004,158.910004,154.320007,155.419998,155.419998,326200
2021-01-27,150.089996,150.089996,138.240005,144.639999,144.639999,418300
2021-01-28,146.699997,148.339996,139.509995,146.860001,146.860001,372900
2021-01-29,148.339996,149.389999,141.119995,142.610001,142.610001,175800
2021-02-01,142.419998,152.110001,142.419998,151.320007,151.320007,300400
2021-02-02,151.899994,155.550003,137.960007,144.440002,144.440002,390800
2021-02-03,145.949997,147.139999,138.429993,146.770004,146.770004,189500
2021-02-04,146.770004,153.619995,145.259995,153.240005,153.240005,176500
2021-02-05,155.279999,156.320007,151.539993,155.119995,155.119995,194200
2021-02-08,157.139999,165.339996,156.169998,165.000000,165.000000,301700
2021-02-09,164.630005,165.009995,157.729996,164.500000,164.500000,211000
2021-02-10,164.160004,164.160004,158.440002,160.979996,160.979996,137900
2021-02-11,160.839996,163.139999,156.699997,159.130005,159.130005,147200
2021-02-12,157.130005,161.679993,156.839996,157.990005,157.990005,141200
2021-02-16,158.559998,161.869995,155.059998,157.000000,157.000000,226100
2021-02-17,154.759995,161.309998,154.259995,160.649994,160.649994,183000
2021-02-18,160.179993,161.639999,155.830002,157.000000,157.000000,88900
2021-02-19,157.869995,161.960007,157.869995,160.899994,160.899994,88000
2021-02-22,161.169998,166.369995,160.160004,163.880005,163.880005,94000
2021-02-23,163.229996,165.789993,157.460007,165.000000,165.000000,140100
2021-02-24,166.990005,171.009995,164.820007,170.419998,170.419998,153500
2021-02-25,171.559998,172.899994,163.479996,167.600006,167.600006,225300
2021-02-26,168.130005,172.880005,164.479996,169.449997,169.449997,133200
2021-03-01,174.039993,176.220001,171.229996,172.149994,172.149994,122700
2021-03-02,172.979996,172.979996,167.130005,167.699997,167.699997,160500
2021-03-03,167.889999,171.020004,166.649994,166.940002,166.940002,107200
2021-03-04,166.279999,169.869995,161.130005,167.919998,167.919998,159900
2021-03-05,171.399994,173.100006,167.179993,171.649994,171.649994,238800
2021-03-08,174.880005,180.669998,169.130005,180.059998,180.059998,380900
2021-03-09,180.169998,182.100006,173.520004,176.720001,176.720001,315300
2021-03-10,177.729996,189.169998,176.940002,186.470001,186.470001,197000
2021-03-11,187.869995,188.839996,183.440002,187.940002,187.940002,174400
2021-03-12,190.020004,191.800003,185.529999,191.050003,191.050003,114300
2021-03-15,190.380005,191.220001,186.529999,190.500000,190.500000,108600
2021-03-16,188.289993,191.460007,187.190002,190.380005,190.380005,145700
2021-03-17,190.210007,195.639999,189.339996,194.259995,194.259995,143400
2021-03-18,195.580002,201.059998,191.679993,193.300003,193.300003,221300
2021-03-19,193.690002,193.690002,186.759995,188.539993,188.539993,386400
2021-03-22,188.809998,190.429993,182.580002,186.410004,186.410004,149500
2021-03-23,182.649994,185.429993,180.000000,180.360001,180.360001,134300
2021-03-24,183.949997,185.050003,180.300003,181.380005,181.380005,217100
2021-03-25,182.759995,192.949997,179.160004,191.490005,191.490005,244300
2021-03-26,192.419998,199.429993,190.570007,199.289993,199.289993,206600
2021-03-29,199.419998,204.119995,191.050003,194.089996,194.089996,190900
2021-03-30,194.960007,203.929993,194.960007,201.070007,201.070007,223400
2021-03-31,201.339996,203.809998,195.509995,196.500000,196.500000,258400
2021-04-01,196.860001,198.630005,192.320007,196.710007,196.710007,90700
2021-04-05,199.660004,199.660004,195.449997,197.369995,197.369995,110100
2021-04-06,196.770004,199.770004,195.000000,196.389999,196.389999,75100
2021-04-07,195.800003,197.639999,191.539993,193.240005,193.240005,140100
2021-04-08,193.820007,195.750000,190.339996,195.399994,195.399994,142500
2021-04-09,195.399994,199.750000,195.169998,198.490005,198.490005,95300
2021-04-12,199.279999,199.949997,195.520004,199.289993,199.289993,186800
2021-04-13,200.350006,201.490005,195.720001,198.770004,198.770004,195500
2021-04-14,200.800003,213.240005,200.800003,209.800003,209.800003,360800
2021-04-15,210.199997,216.880005,209.860001,215.169998,215.169998,239700
2021-04-16,216.440002,216.740005,206.929993,208.210007,208.210007,140100
2021-04-19,207.570007,207.570007,202.990005,205.639999,205.639999,170300
2021-04-20,205.110001,206.389999,198.899994,201.149994,201.149994,196200
2021-04-21,201.979996,208.029999,201.550003,206.740005,206.740005,95800
2021-04-22,208.210007,210.690002,203.869995,205.979996,205.979996,149300
2021-04-23,207.970001,212.580002,205.770004,211.330002,211.330002,86000
2021-04-26,213.199997,214.350006,206.570007,207.940002,207.940002,169100
2021-04-27,207.000000,207.929993,199.210007,204.729996,204.729996,222900
2021-04-28,207.690002,207.690002,202.880005,204.699997,204.699997,109200
2021-04-29,207.800003,208.000000,199.990005,204.119995,204.119995,108100
2021-04-30,202.240005,203.710007,197.380005,198.610001,198.610001,286200
2021-05-03,201.000000,205.339996,200.119995,202.220001,202.220001,187500
2021-05-04,200.179993,206.539993,198.250000,205.429993,205.429993,100600
2021-05-05,207.610001,208.449997,202.089996,205.589996,205.589996,89800
2021-05-06,206.580002,209.339996,203.460007,209.169998,209.169998,91900
2021-05-07,208.520004,209.949997,206.729996,209.020004,209.020004,69900
2021-05-10,209.029999,212.449997,204.639999,205.490005,205.490005,105500
2021-05-11,201.800003,202.250000,193.899994,200.539993,200.539993,184700
2021-05-12,198.559998,200.940002,192.279999,197.660004,197.660004,211800
2021-05-13,197.440002,201.429993,194.229996,199.839996,199.839996,139800
2021-05-14,202.479996,210.589996,201.460007,209.850006,209.850006,97700
2021-05-17,209.470001,210.630005,206.139999,206.490005,206.490005,148400
2021-05-18,205.899994,207.649994,201.509995,201.750000,201.750000,119300
2021-05-19,197.710007,198.110001,192.880005,196.649994,196.649994,216000
2021-05-20,195.539993,198.639999,192.529999,193.350006,193.350006,96600
2021-05-21,198.119995,200.440002,195.399994,197.300003,197.300003,134400
2021-05-24,198.649994,199.809998,196.429993,197.110001,197.110001,113300
2021-05-25,198.990005,201.979996,193.660004,193.839996,193.839996,106000
2021-05-26,195.330002,197.940002,194.389999,195.660004,195.660004,123800
2021-05-27,198.720001,202.899994,197.850006,199.460007,199.460007,143700
2021-05-28,201.039993,201.039993,193.919998,198.289993,198.289993,119400
2021-06-01,201.220001,205.710007,199.309998,204.899994,204.899994,153200
2021-06-02,205.809998,205.809998,192.500000,193.029999,193.029999,136700
2021-06-03,192.669998,192.800003,188.199997,190.020004,190.020004,172600
2021-06-04,190.330002,190.529999,183.619995,184.089996,184.089996,136700
2021-06-07,184.000000,185.250000,180.139999,181.820007,181.820007,105700
2021-06-08,181.360001,185.050003,180.860001,183.070007,183.070007,126200
2021-06-09,182.979996,183.130005,179.360001,179.779999,179.779999,110100
2021-06-10,181.169998,181.660004,175.259995,175.259995,175.259995,161700
2021-06-11,176.270004,178.570007,175.690002,177.139999,177.139999,186700
2021-06-14,177.000000,177.520004,169.809998,171.500000,171.500000,252100
2021-06-15,171.320007,174.550003,168.460007,173.520004,173.520004,282600
2021-06-16,171.869995,174.309998,168.690002,173.500000,173.500000,145900
2021-06-17,172.449997,173.789993,168.699997,169.889999,169.889999,523100
2021-06-18,166.070007,167.059998,157.800003,158.270004,158.270004,280700
2021-06-21,159.130005,163.570007,158.639999,161.309998,161.309998,224500
2021-06-22,161.309998,161.880005,157.789993,161.850006,161.850006,227300
2021-06-23,160.740005,164.660004,159.570007,162.050003,162.050003,129300
2021-06-24,163.929993,164.110001,159.449997,161.009995,161.009995,155900
2021-06-25,162.050003,169.589996,162.050003,169.009995,169.009995,857500
2021-06-28,168.610001,169.190002,164.729996,166.139999,166.139999,233300
2021-06-29,164.460007,165.369995,160.919998,163.130005,163.130005,137600
2021-06-30,163.059998,172.039993,162.380005,171.369995,171.369995,316400
2021-07-01,173.509995,177.490005,173.210007,176.009995,176.009995,260200
2021-07-02,176.009995,179.279999,175.330002,177.589996,177.589996,146000
2021-07-06,175.729996,175.940002,171.750000,174.350006,174.350006,210300
2021-07-07,172.800003,177.250000,171.300003,176.520004,176.520004,238200
2021-07-08,171.220001,181.130005,169.940002,177.449997,177.449997,214500
2021-07-09,180.080002,185.210007,178.500000,182.130005,182.130005,123900
2021-07-12,182.460007,187.619995,181.210007,187.529999,187.529999,180900
2021-07-13,187.220001,192.339996,185.600006,189.220001,189.220001,249700
2021-07-14,190.880005,194.979996,188.580002,188.800003,188.800003,197800
2021-07-15,188.589996,192.330002,186.179993,186.880005,186.880005,141700
2021-07-16,189.429993,189.429993,183.339996,184.169998,184.169998,171700
2021-07-19,180.949997,187.850006,178.500000,184.820007,184.820007,176000
2021-07-20,185.479996,194.899994,185.479996,192.649994,192.649994,260500
2021-07-21,195.949997,200.910004,195.270004,197.110001,197.110001,162200
2021-07-22,197.169998,198.229996,194.449997,195.220001,195.220001,79000
2021-07-23,195.529999,197.000000,192.539993,196.509995,196.509995,79600
2021-07-26,195.190002,197.339996,194.020004,196.979996,196.979996,125900
2021-07-27,200.000000,202.449997,190.860001,196.919998,196.919998,198400
2021-07-28,200.000000,201.119995,192.559998,194.610001,194.610001,139100
2021-07-29,196.500000,203.779999,195.800003,202.619995,202.619995,124100
2021-07-30,203.520004,206.759995,202.750000,205.460007,205.460007,125800
2021-08-02,206.000000,211.460007,203.789993,204.300003,204.300003,326300
2021-08-03,205.020004,205.020004,197.750000,198.220001,198.220001,305600
2021-08-04,195.509995,198.990005,191.220001,193.210007,193.210007,154100
2021-08-05,195.830002,198.539993,192.970001,195.059998,195.059998,123300
2021-08-06,200.020004,201.220001,193.000000,194.960007,194.960007,175700
2021-08-09,193.000000,195.789993,188.369995,193.309998,193.309998,142800
2021-08-10,194.300003,199.169998,191.940002,196.820007,196.820007,151800
2021-08-11,197.009995,199.800003,195.839996,199.399994,199.399994,102100
2021-08-12,198.589996,200.169998,194.479996,198.990005,198.990005,110000
2021-08-13,197.850006,198.649994,193.399994,195.110001,195.110001,101800
2021-08-16,193.580002,202.949997,189.889999,201.529999,201.529999,174200
2021-08-17,198.529999,198.559998,188.899994,191.039993,191.039993,153500
2021-08-18,191.330002,194.809998,189.449997,189.889999,189.889999,108000
2021-08-19,187.570007,188.960007,183.520004,186.119995,186.119995,101400
2021-08-20,186.380005,186.399994,182.460007,185.750000,185.750000,114600
2021-08-23,187.369995,189.589996,184.190002,189.119995,189.119995,72100
2021-08-24,189.979996,192.860001,189.619995,190.839996,190.839996,132100
2021-08-25,191.059998,193.889999,190.190002,190.529999,190.529999,60500
2021-08-26,190.000000,190.000000,185.149994,185.380005,185.380005,99200
2021-08-27,185.000000,192.000000,185.000000,190.860001,190.860001,124000
2021-08-30,191.479996,191.479996,185.350006,185.619995,185.619995,101400