Date,Open,High,Low,Close,Adj Close,Volume
2021-01-04,37.980000,38.139999,36.700001,36.919998,36.442150,406700
2021-01-05,36.939999,38.529999,36.939999,38.189999,37.695713,328300
2021-01-06,38.439999,41.669998,38.220001,41.110001,40.780815,499500
2021-01-07,41.150002,41.310001,40.389999,41.130001,40.800652,244800
2021-01-08,41.070000,41.090000,40.139999,40.750000,40.423695,287300
2021-01-11,40.169998,40.810001,40.169998,40.709999,40.384014,211600
2021-01-12,40.910000,41.880001,40.520000,41.630001,41.296646,207000
2021-01-13,41.230000,42.220001,40.930000,41.730000,41.395847,332200
2021-01-14,41.880001,42.950001,41.580002,42.049999,41.713287,317300
2021-01-15,41.590000,41.750000,40.680000,41.189999,40.860172,361300
2021-01-19,41.529999,41.540001,39.639999,39.720001,39.401947,383800
2021-01-20,39.669998,39.840000,38.830002,39.430000,39.114265,344300
2021-01-21,39.480000,39.889999,38.619999,39.110001,38.796825,411300
2021-01-22,38.560001,39.730000,38.310001,39.689999,39.372181,307300
2021-01-25,39.360001,40.240002,39.080002,39.560001,39.243225,339500
2021-01-26,40.070000,40.400002,39.740002,40.110001,39.788818,240400
2021-01-27,39.320000,40.080002,38.750000,39.560001,39.243225,316600
2021-01-28,40.160000,40.400002,38.349998,38.450001,38.142113,657900
2021-01-29,38.459999,38.459999,36.529999,36.740002,36.445805,885800
2021-02-01,37.049999,38.400002,36.310001,38.299999,37.993313,471400
2021-02-02,38.900002,38.900002,38.000000,38.590000,38.280991,224500
2021-02-03,38.360001,38.799999,37.580002,38.709999,38.400032,248800
2021-02-04,38.790001,39.430000,38.490002,39.299999,38.985302,207200
2021-02-05,39.610001,39.750000,39.009998,39.430000,39.114265,208300
2021-02-08,39.630001,41.029999,39.450001,41.029999,40.701450,272300
2021-02-09,41.250000,42.150002,41.130001,41.759998,41.425606,242100
2021-02-10,41.970001,41.970001,40.970001,41.450001,41.118092,199100
2021-02-11,41.750000,42.459999,40.320000,40.730000,40.403854,294400
2021-02-12,40.500000,41.919998,40.500000,41.240002,40.909771,364800
2021-02-16,41.410000,41.509998,40.820000,41.380001,41.048653,327400
2021-02-17,41.029999,42.189999,40.980000,41.820000,41.485123,168800
2021-02-18,41.730000,42.790001,41.509998,42.220001,41.881924,269600
2021-02-19,42.480000,43.049999,41.980000,42.580002,42.239044,203900
2021-02-22,42.480000,43.630001,42.189999,43.369999,43.022717,262500
2021-02-23,43.320000,44.680000,43.009998,43.730000,43.379829,279100
2021-02-24,44.020000,45.000000,43.980000,44.849998,44.490860,197700
2021-02-25,44.900002,45.240002,43.490002,43.560001,43.211197,201000
2021-02-26,43.500000,44.209999,42.950001,43.180000,42.834236,262000
2021-03-01,44.060001,44.450001,43.680000,44.029999,43.677429,186200
2021-03-02,43.860001,43.880001,43.130001,43.330002,42.983040,180600
2021-03-03,43.549999,45.439999,43.419998,44.500000,44.143665,438800
2021-03-04,44.529999,45.090000,43.959999,44.439999,44.084145,348400
2021-03-05,45.259998,46.500000,44.740002,46.220001,45.849895,306900
2021-03-08,46.680000,48.389999,46.669998,47.779999,47.397400,211900
2021-03-09,48.049999,48.459999,47.090000,47.340000,46.960922,259100
2021-03-10,51.200001,55.480000,49.970001,50.730000,50.323780,1410900
2021-03-11,50.730000,51.959999,49.750000,51.540001,51.127293,472400
2021-03-12,50.450001,52.330002,50.450001,51.939999,51.524090,615300
2021-03-15,52.320000,52.520000,51.259998,52.000000,51.583607,449800
2021-03-16,51.529999,51.959999,50.599998,51.410000,50.998337,263700
2021-03-17,51.250000,51.389999,49.910000,50.259998,49.857540,333700
2021-03-18,50.299999,51.860001,50.119999,50.259998,49.857540,431100
2021-03-19,50.209999,50.700001,48.650002,50.389999,49.986504,1008400
2021-03-22,50.540001,50.990002,49.119999,49.700001,49.302029,260600
2021-03-23,49.160000,50.169998,49.060001,49.230000,48.835793,701800
2021-03-24,49.869999,50.330002,49.490002,49.959999,49.559944,566600
2021-03-25,49.570000,50.480000,48.770000,49.980000,49.579784,325900
2021-03-26,50.500000,52.520000,50.180000,52.490002,52.069691,538500
2021-03-29,52.169998,53.279999,50.020000,50.090000,49.688908,534200
2021-03-30,50.279999,51.259998,49.820000,51.169998,50.760254,466700
2021-03-31,50.910000,51.650002,50.610001,51.009998,50.790127,508000
2021-04-01,51.070000,51.430000,50.389999,50.869999,50.650730,378300
2021-04-05,51.310001,52.049999,50.930000,51.919998,51.696205,426900
2021-04-06,52.000000,52.700001,51.509998,51.880001,51.656380,281300
2021-04-07,51.900002,51.900002,50.779999,51.119999,50.899654,331400
2021-04-08,51.230000,52.090000,50.540001,52.009998,51.785816,571200
2021-04-09,51.900002,53.330002,51.660000,53.299999,53.070255,428700
2021-04-12,53.529999,54.029999,52.980000,53.029999,52.801418,426000
2021-04-13,52.650002,53.009998,51.959999,52.689999,52.462887,298100
2021-04-14,52.650002,53.900002,52.650002,53.400002,53.169827,390200
2021-04-15,53.529999,53.529999,52.770000,53.279999,53.050343,310800
2021-04-16,53.840000,54.009998,53.110001,53.439999,53.209652,398900
2021-04-19,53.360001,53.360001,52.189999,52.580002,52.353363,208500
2021-04-20,52.340000,52.520000,50.840000,51.410000,51.188404,438800
2021-04-21,51.619999,52.090000,51.279999,51.820000,51.596638,543200
2021-04-22,52.529999,53.820000,52.299999,52.980000,52.751637,471700
2021-04-23,53.049999,53.869999,53.000000,53.520000,53.289310,352600
2021-04-26,53.799999,54.459999,53.130001,53.230000,53.000557,380500
2021-04-27,53.290001,53.500000,52.570000,52.680000,52.452930,341200
2021-04-28,52.810001,52.810001,52.250000,52.400002,52.174137,351400
2021-04-29,52.750000,53.299999,52.500000,52.919998,52.691895,326600
2021-04-30,52.369999,52.680000,51.270000,51.410000,51.188404,1988100
2021-05-03,52.110001,53.930000,51.750000,53.480000,53.249481,735500
2021-05-04,53.279999,53.750000,52.279999,52.820000,52.592327,465000
2021-05-05,53.070000,53.070000,51.889999,52.430000,52.204006,384300
2021-05-06,52.459999,52.740002,51.700001,52.279999,52.054653,352400
2021-05-07,51.990002,52.860001,51.860001,52.810001,52.582371,241900
2021-05-10,52.770000,53.380001,52.349998,52.360001,52.134308,376200
2021-05-11,51.500000,52.320000,50.939999,51.880001,51.656380,340500
2021-05-12,51.500000,51.939999,50.520000,50.590000,50.371937,333100
2021-05-13,50.680000,52.860001,50.680000,52.560001,52.333447,253200
2021-05-14,52.889999,53.520000,52.610001,53.450001,53.219612,261500
2021-05-17,53.060001,53.470001,52.459999,52.880001,52.652069,202700
2021-05-18,52.610001,52.700001,51.220001,51.310001,51.088837,257100
2021-05-19,50.619999,50.720001,50.070000,50.650002,50.431683,584500
2021-05-20,50.820000,51.080002,49.490002,49.810001,49.595303,304000
2021-05-21,49.990002,50.290001,49.419998,49.490002,49.276680,422200
2021-05-24,49.990002,50.049999,49.470001,49.580002,49.366295,395700
2021-05-25,49.619999,50.029999,49.160000,49.259998,49.047668,472700
2021-05-26,49.290001,49.810001,49.270000,49.740002,49.525604,304000
2021-05-27,50.259998,50.540001,49.939999,50.009998,49.794437,305800
2021-05-28,50.200001,50.200001,49.259998,49.889999,49.674953,200400
2021-06-01,50.290001,50.669998,49.779999,50.660000,50.441635,337900
2021-06-02,50.689999,51.000000,48.939999,49.209999,48.997887,341900
2021-06-03,49.040001,49.410000,48.290001,49.360001,49.147240,221200
2021-06-04,49.509998,49.759998,49.200001,49.660000,49.445946,254300
2021-06-07,49.680000,49.790001,48.340000,48.560001,48.350689,571100
2021-06-08,48.980000,49.189999,48.549999,48.930000,48.719093,527300
2021-06-09,48.099998,49.360001,48.000000,48.540001,48.330776,497900
2021-06-10,49.160000,49.160000,47.580002,47.619999,47.414738,348400
2021-06-11,47.860001,48.500000,47.810001,48.470001,48.261078,244700
2021-06-14,48.470001,48.470001,47.200001,47.759998,47.554134,303200
2021-06-15,47.880001,48.000000,47.480000,48.000000,47.793102,402900
2021-06-16,47.939999,47.939999,46.630001,46.750000,46.548489,343700
2021-06-17,46.689999,46.689999,45.430000,45.599998,45.403446,413900
2021-06-18,45.080002,45.330002,44.610001,44.779999,44.586979,697900
2021-06-21,45.150002,45.980000,45.150002,45.570000,45.373577,663300
2021-06-22,45.450001,45.450001,44.570000,45.330002,45.134613,275400
2021-06-23,45.180000,45.549999,44.779999,45.110001,44.915562,260800
2021-06-24,45.290001,45.290001,44.520000,45.169998,44.975300,309500
2021-06-25,45.130001,45.900002,44.910000,45.020000,44.825947,951600
2021-06-28,44.970001,44.970001,44.009998,44.580002,44.387844,350100
2021-06-29,44.580002,45.349998,43.980000,44.080002,43.889999,517700
2021-06-30,43.889999,44.480000,43.849998,44.349998,44.349998,619500
2021-07-01,44.910000,45.060001,44.520000,44.590000,44.590000,394900
2021-07-02,44.529999,44.700001,43.689999,44.230000,44.230000,596200
2021-07-06,44.250000,44.320000,42.639999,43.400002,43.400002,527000
2021-07-07,43.189999,43.570000,42.549999,42.900002,42.900002,603200
2021-07-08,42.340000,42.840000,41.959999,42.570000,42.570000,562400
2021-07-09,42.959999,43.689999,42.880001,43.099998,43.099998,350200
2021-07-12,42.660000,44.299999,42.619999,44.240002,44.240002,482400
2021-07-13,44.000000,44.360001,43.799999,44.099998,44.099998,549700
2021-07-14,44.459999,45.320000,44.150002,45.060001,45.060001,754900
2021-07-15,44.900002,46.750000,44.900002,46.570000,46.570000,960800
2021-07-16,46.910000,47.070000,46.240002,46.419998,46.419998,970800
2021-07-19,45.570000,45.619999,44.169998,44.610001,44.610001,951900
2021-07-20,44.720001,46.660000,44.720001,46.080002,46.080002,456800
2021-07-21,46.299999,46.799999,45.450001,45.709999,45.709999,393200
2021-07-22,45.410000,45.650002,45.080002,45.380001,45.380001,422900
2021-07-23,45.500000,46.070000,45.180000,45.910000,45.910000,368900
2021-07-26,46.349998,46.860001,45.639999,46.160000,46.160000,421900
2021-07-27,45.680000,46.139999,45.410000,45.740002,45.740002,293600
2021-07-28,46.040001,47.020000,45.619999,46.500000,46.500000,306500
2021-07-29,47.090000,47.590000,46.820000,47.020000,47.020000,343900
2021-07-30,46.820000,47.599998,46.270000,46.490002,46.490002,1849100
2021-08-02,46.669998,47.549999,45.220001,45.310001,45.310001,592700
2021-08-03,45.549999,47.270000,45.029999,47.189999,47.189999,662600
2021-08-04,46.700001,47.279999,46.520000,46.680000,46.680000,483300
2021-08-05,46.990002,47.000000,46.439999,46.700001,46.700001,409300
2021-08-06,47.090000,47.490002,46.820000,47.000000,47.000000,214300
2021-08-09,46.810001,46.910000,46.310001,46.759998,46.759998,186300
2021-08-10,46.549999,47.220001,46.299999,47.130001,47.130001,183800
2021-08-11,47.290001,47.930000,47.000000,47.919998,47.919998,199600
2021-08-12,47.990002,47.990002,47.150002,47.360001,47.360001,241700
2021-08-13,47.259998,47.799999,46.900002,47.529999,47.529999,313200
2021-08-16,47.439999,47.439999,46.810001,47.189999,47.189999,191800
2021-08-17,46.740002,47.610001,46.450001,47.439999,47.439999,985200
2021-08-18,47.450001,48.009998,46.830002,46.849998,46.849998,273600
2021-08-19,46.490002,47.700001,46.490002,47.599998,47.599998,391200
2021-08-20,47.650002,48.709999,47.419998,48.360001,48.360001,484600
2021-08-23,48.529999,48.770000,48.189999,48.509998,48.509998,372000
2021-08-24,48.919998,49.020000,48.180000,48.380001,48.380001,279600
2021-08-25,48.450001,48.900002,48.189999,48.669998,48.669998,230000
2021-08-26,48.970001,50.709999,48.970001,49.070000,49.070000,426800
2021-08-27,49.200001,50.000000,49.029999,49.740002,49.740002,505900
2021-08-30,49.860001,49.970001,49.110001,49.139999,49.139999,252800