Date,Open,High,Low,Close,Adj Close,Volume
2021-01-04,38.680000,38.689999,37.180000,37.880001,37.880001,647700
2021-01-05,37.750000,38.180000,37.740002,38.000000,38.000000,834700
2021-01-06,38.180000,39.320000,37.959999,38.630001,38.630001,1109400
2021-01-07,38.980000,39.189999,38.700001,39.139999,39.139999,651900
2021-01-08,39.500000,40.290001,38.930000,39.209999,39.209999,858600
2021-01-11,38.619999,39.340000,38.400002,38.610001,38.610001,437700
2021-01-12,38.599998,39.099998,38.230000,39.000000,39.000000,501800
2021-01-13,38.959999,39.279999,38.389999,38.500000,38.500000,466700
2021-01-14,38.709999,39.490002,38.049999,38.220001,38.220001,447900
2021-01-15,38.029999,38.660000,37.599998,38.450001,38.450001,462200
2021-01-19,38.919998,38.919998,38.150002,38.299999,38.299999,407100
2021-01-20,38.299999,39.169998,38.299999,38.630001,38.630001,523600
2021-01-21,40.750000,40.959999,39.770000,40.500000,40.500000,1525800
2021-01-22,40.369999,40.880001,39.799999,40.299999,40.299999,716700
2021-01-25,40.349998,40.380001,39.189999,39.520000,39.520000,498800
2021-01-26,39.790001,39.980000,39.299999,39.330002,39.330002,383400
2021-01-27,38.599998,38.990002,37.689999,38.009998,38.009998,796700
2021-01-28,38.889999,39.340000,38.360001,38.770000,38.770000,577500
2021-01-29,39.080002,39.779999,38.250000,38.389999,38.389999,692100
2021-02-01,38.720001,39.889999,38.560001,39.590000,39.590000,579000
2021-02-02,39.889999,40.279999,39.340000,39.869999,39.869999,653200
2021-02-03,39.860001,40.189999,39.470001,39.639999,39.639999,456500
2021-02-04,39.720001,40.360001,39.520000,40.250000,40.250000,635100
2021-02-05,40.500000,40.709999,39.970001,40.529999,40.529999,357500
2021-02-08,40.889999,41.020000,40.419998,41.009998,41.009998,675900
2021-02-09,41.130001,41.639999,40.570000,41.459999,41.459999,328700
2021-02-10,41.340000,41.869999,41.000000,41.180000,41.180000,330200
2021-02-11,41.480000,41.660000,40.820000,41.209999,41.209999,609600
2021-02-12,41.130001,41.509998,40.860001,41.320000,41.320000,515900
2021-02-16,41.400002,41.549999,40.790001,41.349998,41.349998,446200
2021-02-17,40.980000,43.230000,40.810001,43.099998,43.099998,738900
2021-02-18,42.770000,43.189999,42.380001,42.650002,42.650002,396100
2021-02-19,42.669998,42.980000,42.209999,42.430000,42.430000,482200
2021-02-22,42.090000,42.669998,41.889999,42.250000,42.250000,483300
2021-02-23,41.779999,41.990002,40.700001,41.459999,41.459999,584700
2021-02-24,41.439999,41.970001,41.000000,41.430000,41.430000,578800
2021-02-25,40.570000,40.840000,37.590000,37.619999,37.619999,1316900
2021-02-26,38.150002,39.049999,37.750000,38.259998,38.259998,1247000
2021-03-01,39.110001,39.990002,38.779999,39.360001,39.360001,646800
2021-03-02,39.240002,39.689999,38.240002,38.500000,38.500000,1618400
2021-03-03,38.340000,38.720001,37.240002,37.660000,37.660000,501000
2021-03-04,37.509998,38.080002,36.490002,36.860001,36.860001,645100
2021-03-05,37.270000,38.330002,36.580002,38.290001,38.290001,617500
2021-03-08,38.450001,39.700001,38.439999,38.759998,38.759998,590800
2021-03-09,39.389999,40.189999,39.330002,39.560001,39.560001,660700
2021-03-10,39.889999,40.259998,39.459999,39.680000,39.680000,498100
2021-03-11,40.150002,40.849998,40.049999,40.680000,40.680000,496100
2021-03-12,40.500000,41.139999,40.310001,40.689999,40.689999,435900
2021-03-15,40.639999,40.770000,40.090000,40.480000,40.480000,518600
2021-03-16,40.450001,40.790001,39.849998,39.959999,39.959999,322300
2021-03-17,39.709999,39.709999,38.680000,39.599998,39.599998,651800
2021-03-18,39.119999,40.049999,39.090000,39.230000,39.230000,506800
2021-03-19,38.980000,39.619999,38.669998,39.340000,39.340000,1543400
2021-03-22,39.209999,39.889999,38.750000,38.790001,38.790001,419500
2021-03-23,38.430000,39.230000,36.980000,37.200001,37.200001,519800
2021-03-24,37.580002,38.419998,37.009998,37.029999,37.029999,492800
2021-03-25,36.880001,37.720001,36.029999,37.459999,37.459999,623000
2021-03-26,37.630001,38.220001,37.340000,38.209999,38.209999,723100
2021-03-29,37.869999,38.389999,37.139999,37.450001,37.450001,521600
2021-03-30,37.389999,38.450001,37.000000,37.990002,37.990002,669400
2021-03-31,38.240002,38.799999,37.509998,38.049999,38.049999,853400
2021-04-01,38.470001,39.349998,38.470001,38.810001,38.810001,499400
2021-04-05,39.259998,39.480000,38.570000,39.290001,39.290001,606900
2021-04-06,39.189999,39.709999,38.950001,39.380001,39.380001,439300
2021-04-07,39.470001,39.810001,38.680000,38.770000,38.770000,458000
2021-04-08,38.990002,39.910000,38.799999,39.910000,39.910000,470900
2021-04-09,39.910000,40.250000,39.470001,40.200001,40.200001,512400
2021-04-12,40.230000,40.580002,39.820000,40.389999,40.389999,679200
2021-04-13,40.240002,40.580002,39.520000,40.500000,40.500000,532800
2021-04-14,40.720001,40.830002,40.150002,40.349998,40.349998,637600
2021-04-15,40.740002,40.869999,40.490002,40.599998,40.599998,404100
2021-04-16,40.709999,41.020000,40.500000,40.680000,40.680000,495800
2021-04-19,40.599998,40.779999,39.919998,40.360001,40.360001,518200
2021-04-20,40.020000,40.500000,39.680000,39.849998,39.849998,305700
2021-04-21,39.830002,40.619999,39.590000,40.389999,40.389999,367900
2021-04-22,40.360001,40.980000,40.169998,40.209999,40.209999,585000
2021-04-23,40.200001,40.709999,40.189999,40.369999,40.369999,488400
2021-04-26,40.630001,41.160000,39.680000,40.630001,40.630001,515600
2021-04-27,40.599998,41.099998,40.240002,40.419998,40.419998,373600
2021-04-28,40.320000,40.580002,40.090000,40.150002,40.150002,623200
2021-04-29,40.240002,40.549999,39.320000,39.450001,39.450001,495900
2021-04-30,38.990002,39.080002,37.540001,37.779999,37.779999,668000
2021-05-03,38.169998,38.450001,37.919998,38.070000,38.070000,587800
2021-05-04,37.840000,38.709999,37.139999,37.759998,37.759998,561100
2021-05-05,37.889999,38.509998,36.810001,37.160000,37.160000,794900
2021-05-06,36.910000,37.590000,35.590000,37.560001,37.560001,666400
2021-05-07,37.740002,38.459999,37.669998,38.330002,38.330002,508700
2021-05-10,38.150002,39.910000,38.139999,38.790001,38.790001,944700
2021-05-11,38.020000,39.529999,38.000000,39.279999,39.279999,814900
2021-05-12,39.060001,39.520000,38.459999,38.590000,38.590000,967500
2021-05-13,38.480000,39.990002,38.480000,39.500000,39.500000,917500
2021-05-14,39.959999,40.080002,39.660000,39.840000,39.840000,767000
2021-05-17,39.630001,40.070000,39.540001,39.860001,39.860001,550300
2021-05-18,39.930000,40.020000,39.160000,39.180000,39.180000,545800
2021-05-19,38.560001,39.360001,38.040001,38.910000,38.910000,1058500
2021-05-20,39.119999,39.970001,39.119999,39.669998,39.669998,487400
2021-05-21,39.939999,40.020000,39.400002,39.599998,39.599998,480300
2021-05-24,39.799999,40.049999,38.880001,39.930000,39.930000,471900
2021-05-25,40.220001,40.310001,39.430000,39.570000,39.570000,425300
2021-05-26,39.639999,39.939999,39.240002,39.320000,39.320000,549900
2021-05-27,39.580002,39.580002,38.759998,38.919998,38.919998,806000
2021-05-28,39.270000,39.680000,38.180000,38.259998,38.259998,471200
2021-06-01,38.439999,39.139999,38.180000,39.000000,39.000000,574500
2021-06-02,39.119999,39.310001,38.570000,38.820000,38.820000,712100
2021-06-03,38.599998,38.880001,38.009998,38.779999,38.779999,310600
2021-06-04,38.939999,39.230000,38.779999,39.130001,39.130001,421500
2021-06-07,39.299999,39.540001,38.610001,38.709999,38.709999,402000
2021-06-08,38.779999,39.310001,38.430000,39.139999,39.139999,434000
2021-06-09,39.200001,39.459999,38.799999,38.820000,38.820000,326500
2021-06-10,38.770000,38.880001,38.389999,38.540001,38.540001,339200
2021-06-11,38.759998,39.360001,38.759998,39.340000,39.340000,305000
2021-06-14,39.320000,39.410000,38.680000,39.020000,39.020000,439400
2021-06-15,39.189999,39.430000,38.939999,39.029999,39.029999,729400
2021-06-16,38.959999,39.029999,38.400002,38.700001,38.700001,288900
2021-06-17,38.580002,39.130001,38.430000,38.669998,38.669998,406700
2021-06-18,38.270000,39.029999,37.669998,37.849998,37.849998,847900
2021-06-21,38.040001,38.560001,38.000000,38.450001,38.450001,421700
2021-06-22,38.009998,38.459999,37.619999,38.080002,38.080002,444900
2021-06-23,38.230000,38.230000,37.430000,37.520000,37.520000,557200
2021-06-24,37.560001,38.119999,37.250000,37.959999,37.959999,435800
2021-06-25,38.119999,38.560001,38.009998,38.189999,38.189999,995100
2021-06-28,38.180000,38.400002,37.669998,38.180000,38.180000,395100
2021-06-29,38.270000,38.419998,37.689999,37.770000,37.770000,292600
2021-06-30,37.630001,37.639999,37.020000,37.139999,37.139999,376400
2021-07-01,37.230000,37.709999,37.189999,37.520000,37.520000,407600
2021-07-02,37.529999,37.669998,37.000000,37.279999,37.279999,311600
2021-07-06,37.459999,37.669998,36.740002,37.310001,37.310001,334700
2021-07-07,37.299999,37.689999,37.020000,37.580002,37.580002,361800
2021-07-08,36.939999,37.360001,36.520000,36.730000,36.730000,402400
2021-07-09,37.060001,37.200001,36.590000,37.160000,37.160000,286300
2021-07-12,37.029999,37.130001,36.660000,37.049999,37.049999,192500
2021-07-13,36.770000,36.950001,36.509998,36.549999,36.549999,214900
2021-07-14,36.669998,36.889999,35.880001,36.049999,36.049999,692300
2021-07-15,35.840000,36.250000,35.630001,35.750000,35.750000,366800
2021-07-16,36.070000,36.189999,35.270000,35.360001,35.360001,581800
2021-07-19,34.799999,35.540001,34.509998,34.860001,34.860001,565600
2021-07-20,35.009998,36.520000,34.869999,35.680000,35.680000,919000
2021-07-21,35.919998,36.009998,35.619999,35.779999,35.779999,451300
2021-07-22,35.669998,35.709999,34.680000,34.770000,34.770000,581400
2021-07-23,35.009998,35.369999,34.919998,35.189999,35.189999,351700
2021-07-26,35.369999,35.820000,34.950001,35.240002,35.240002,538000
2021-07-27,35.169998,35.419998,33.959999,34.270000,34.270000,624900
2021-07-28,34.529999,34.770000,34.259998,34.410000,34.410000,499600
2021-07-29,34.570000,35.270000,34.570000,34.709999,34.709999,376100
2021-07-30,34.480000,34.939999,33.730000,34.299999,34.299999,430700
2021-08-02,34.439999,34.799999,33.490002,33.750000,33.750000,579800
2021-08-03,33.810001,34.660000,33.209999,33.509998,33.509998,434700
2021-08-04,33.240002,33.490002,32.470001,32.549999,32.549999,816800
2021-08-05,32.009998,33.240002,32.000000,32.369999,32.369999,595700
2021-08-06,32.520000,33.840000,32.090000,32.419998,32.419998,511100
2021-08-09,32.400002,32.590000,31.809999,32.439999,32.439999,844200
2021-08-10,32.439999,32.650002,31.440001,31.820000,31.820000,457400
2021-08-11,31.990000,33.299999,31.469999,31.910000,31.910000,586700
2021-08-12,32.020000,32.259998,31.910000,32.220001,32.220001,603800
2021-08-13,32.180000,32.270000,31.760000,31.959999,31.959999,492900
2021-08-16,31.750000,31.980000,31.430000,31.559999,31.559999,443700
2021-08-17,31.219999,31.410000,30.930000,31.230000,31.230000,488300
2021-08-18,31.160000,31.730000,31.080000,31.280001,31.280001,800600
2021-08-19,30.920000,31.090000,30.330000,30.570000,30.570000,1096900
2021-08-20,30.430000,31.290001,30.389999,31.230000,31.230000,723100
2021-08-23,31.309999,31.600000,31.040001,31.400000,31.400000,721000
2021-08-24,32.959999,32.959999,31.049999,31.150000,31.150000,591900
2021-08-25,31.000000,31.280001,30.740000,31.200001,31.200001,617500
2021-08-26,31.219999,31.500000,31.110001,31.280001,31.280001,589600
2021-08-27,31.379999,32.070000,31.379999,31.870001,31.870001,584800
2021-08-30,31.920000,32.200001,31.590000,32.090000,32.090000,584900