Date,Open,High,Low,Close,Adj Close,Volume
2021-01-04,66.709999,66.750000,64.489998,64.940002,63.362614,476800
2021-01-05,64.989998,66.080002,64.839996,65.580002,63.987072,476500
2021-01-06,66.099998,66.489998,65.260002,66.230003,64.621284,914200
2021-01-07,65.000000,65.120003,64.000000,64.779999,63.206505,2119100
2021-01-08,64.870003,65.540001,64.699997,64.970001,63.391888,1904700
2021-01-11,65.080002,65.629997,63.560001,64.269997,62.708881,871200
2021-01-12,64.099998,64.099998,62.299999,62.689999,61.167263,866600
2021-01-13,62.740002,63.930000,62.740002,63.209999,61.674629,448500
2021-01-14,63.450001,63.450001,62.320000,62.349998,60.835518,531200
2021-01-15,62.250000,64.040001,61.910000,63.830002,62.279575,360100
2021-01-19,64.379997,64.760002,63.669998,64.040001,62.484474,726400
2021-01-20,64.000000,65.370003,64.000000,64.610001,63.040630,659300
2021-01-21,64.220001,64.900002,63.470001,64.160004,62.601563,482600
2021-01-22,63.759998,64.919998,63.520000,64.839996,63.265049,343500
2021-01-25,64.709999,65.870003,64.419998,64.589996,63.021111,377500
2021-01-26,64.809998,65.370003,64.500000,64.900002,63.323589,519600
2021-01-27,64.400002,65.610001,63.689999,63.840000,62.289326,568800
2021-01-28,63.919998,64.570000,63.610001,64.290001,62.932465,448800
2021-01-29,63.840000,64.500000,62.810001,63.200001,61.865479,476900
2021-02-01,63.330002,64.370003,62.610001,64.260002,62.903095,552500
2021-02-02,64.459999,65.449997,63.889999,64.910004,63.539371,478400
2021-02-03,64.629997,65.199997,63.619999,64.730003,63.363171,472500
2021-02-04,64.860001,66.150002,64.650002,65.800003,64.410583,275000
2021-02-05,66.180000,66.480003,65.650002,66.129997,64.733612,299100
2021-02-08,66.209999,66.449997,65.510002,65.820000,64.430145,241000
2021-02-09,65.959999,66.989998,65.800003,66.900002,65.487350,470600
2021-02-10,67.309998,68.059998,66.040001,66.160004,64.762985,447100
2021-02-11,65.940002,66.410004,65.110001,65.139999,63.764511,526700
2021-02-12,65.010002,65.599998,64.190002,65.070000,63.695988,682600
2021-02-16,65.419998,65.419998,63.700001,64.510002,63.147816,497400
2021-02-17,64.379997,64.900002,63.770000,64.449997,63.089077,518000
2021-02-18,64.180000,65.269997,64.099998,64.199997,62.844353,576100
2021-02-19,64.209999,65.540001,62.910000,63.320000,61.982944,1015400
2021-02-22,62.970001,63.580002,62.570000,63.240002,61.904633,935200
2021-02-23,63.680000,65.209999,63.150002,64.559998,63.196754,723300
2021-02-24,64.550003,65.949997,63.939999,65.120003,63.744938,522700
2021-02-25,65.099998,66.589996,64.629997,64.940002,63.771446,582200
2021-02-26,64.830002,65.320000,64.209999,64.559998,63.398281,670600
2021-03-01,65.500000,66.089996,64.730003,64.769997,63.604507,682100
2021-03-02,64.389999,64.699997,62.919998,63.490002,62.347542,484800
2021-03-03,63.599998,64.019997,62.470001,62.860001,61.728874,739600
2021-03-04,63.400002,64.239998,61.270000,63.060001,61.925278,1144500
2021-03-05,63.330002,64.750000,62.169998,64.470001,63.309906,1900200
2021-03-08,64.680000,65.980003,64.089996,64.849998,63.683071,884800
2021-03-09,65.040001,66.180000,64.790001,64.910004,63.741993,568100
2021-03-10,65.150002,65.709999,64.690002,65.330002,64.154434,562500
2021-03-11,65.360001,66.620003,65.050003,65.830002,64.645432,1131800
2021-03-12,65.800003,67.220001,65.379997,67.160004,65.951500,808700
2021-03-15,67.220001,69.500000,67.019997,69.430000,68.180649,1238100
2021-03-16,69.389999,69.830002,68.709999,68.980003,67.738754,751900
2021-03-17,68.709999,69.370003,68.370003,68.599998,67.365593,1076100
2021-03-18,68.250000,68.750000,67.489998,68.129997,66.904045,776600
2021-03-19,68.000000,68.180000,66.419998,66.650002,65.450684,3276200
2021-03-22,66.620003,66.769997,65.860001,66.099998,64.910568,780500
2021-03-23,65.970001,67.610001,65.970001,66.559998,65.362289,635400
2021-03-24,66.559998,67.540001,66.410004,66.809998,65.607796,707400
2021-03-25,66.500000,67.389999,65.680000,66.809998,65.607796,678100
2021-03-26,67.059998,67.900002,66.639999,67.309998,66.098793,488100
2021-03-29,67.309998,67.889999,66.349998,67.169998,65.961311,846400
2021-03-30,66.930000,67.620003,66.739998,67.089996,66.086411,397400
2021-03-31,67.209999,68.089996,66.430000,67.309998,66.303123,683900
2021-04-01,67.769997,68.089996,67.129997,68.089996,67.071457,396800
2021-04-05,68.470001,68.970001,67.970001,68.839996,67.810242,398300
2021-04-06,68.769997,68.870003,68.279999,68.690002,67.662483,314400
2021-04-07,68.870003,69.120003,68.099998,68.239998,67.219223,374900
2021-04-08,68.400002,68.959999,67.910004,67.989998,66.972954,482000
2021-04-09,67.800003,68.139999,67.480003,67.889999,66.874451,590200
2021-04-12,68.309998,68.309998,67.169998,67.660004,66.647911,369900
2021-04-13,67.589996,68.370003,67.570000,67.930000,66.913849,429700
2021-04-14,67.809998,68.440002,67.410004,67.480003,66.470589,396300
2021-04-15,67.820000,68.930000,67.820000,68.910004,67.879196,700900
2021-04-16,69.209999,69.320000,68.540001,68.650002,67.623077,361200
2021-04-19,68.970001,68.970001,68.160004,68.860001,67.829948,1139800
2021-04-20,69.000000,71.419998,69.000000,70.989998,69.928070,1255700
2021-04-21,71.040001,71.570000,70.500000,71.519997,70.450157,1002400
2021-04-22,71.419998,71.709999,70.830002,71.339996,70.272858,895100
2021-04-23,71.610001,71.620003,70.639999,71.110001,70.046288,873500
2021-04-26,71.459999,71.669998,70.709999,70.970001,69.908379,749300
2021-04-27,71.320000,71.389999,70.739998,71.379997,70.312241,788200
2021-04-28,71.410004,71.559998,70.260002,70.449997,69.396156,839100
2021-04-29,70.650002,71.129997,69.639999,69.870003,69.037483,1052700
2021-04-30,69.620003,70.400002,69.570000,70.360001,69.521645,438100
2021-05-03,70.650002,71.300003,70.190002,71.000000,70.154015,646200
2021-05-04,71.779999,73.000000,70.680000,70.989998,70.144135,720300
2021-05-05,70.639999,70.709999,69.000000,69.709999,68.879395,765400
2021-05-06,69.709999,70.370003,69.309998,69.849998,69.017723,737400
2021-05-07,69.980003,70.440002,69.800003,70.360001,69.521645,419600
2021-05-10,70.720001,70.959999,70.209999,70.300003,69.462364,468100
2021-05-11,69.800003,69.800003,67.970001,68.459999,67.644287,293500
2021-05-12,68.180000,68.809998,67.180000,67.489998,66.685837,394900
2021-05-13,67.570000,68.940002,67.360001,68.599998,67.782616,581500
2021-05-14,69.070000,70.110001,69.019997,69.570000,68.741058,509100
2021-05-17,69.489998,69.610001,68.959999,69.389999,68.563210,466800
2021-05-18,69.230003,69.760002,68.639999,68.660004,67.841904,617100
2021-05-19,68.220001,68.510002,67.820000,68.400002,67.584999,643000
2021-05-20,68.269997,69.230003,68.269997,69.150002,68.326057,461100
2021-05-21,69.110001,69.449997,68.750000,69.019997,68.197617,743300
2021-05-24,69.410004,70.269997,69.279999,70.010002,69.175819,769900
2021-05-25,70.250000,70.790001,69.720001,70.379997,69.541405,786100
2021-05-26,70.680000,71.180000,70.379997,70.650002,69.808189,396400
2021-05-27,70.650002,70.820000,69.529999,69.769997,69.151070,1189800
2021-05-28,70.169998,70.459999,69.940002,70.279999,69.656548,588500
2021-06-01,70.309998,71.230003,70.040001,71.180000,70.548569,466200
2021-06-02,71.449997,72.470001,71.309998,72.330002,71.688370,710100
2021-06-03,71.980003,72.150002,71.279999,71.639999,71.004486,677200
2021-06-04,71.889999,71.889999,71.370003,71.589996,70.954926,430700
2021-06-07,71.889999,72.370003,71.830002,72.010002,71.371208,804300
2021-06-08,72.139999,73.279999,72.010002,72.910004,72.263229,576500
2021-06-09,73.339996,73.680000,73.070000,73.449997,72.798424,391600
2021-06-10,73.349998,73.900002,72.980003,73.720001,73.066040,254400
2021-06-11,71.150002,71.870003,71.010002,71.559998,70.925194,3426100
2021-06-14,71.919998,72.480003,71.580002,72.169998,71.529785,1326900
2021-06-15,72.070000,72.070000,70.410004,70.489998,69.864685,1002300
2021-06-16,70.860001,71.529999,70.300003,70.320000,69.696198,1387900
2021-06-17,70.089996,70.779999,69.820000,70.660004,70.033180,1338300
2021-06-18,70.690002,70.930000,69.540001,69.540001,68.923119,1098200
2021-06-21,69.860001,70.930000,69.550003,70.339996,69.716019,707500
2021-06-22,70.279999,70.720001,69.970001,70.300003,69.676376,617200
2021-06-23,70.339996,70.529999,70.070000,70.180000,69.557442,503700
2021-06-24,70.290001,70.500000,69.930000,70.120003,69.497971,640000
2021-06-25,70.239998,71.809998,70.199997,71.750000,71.113510,2104800
2021-06-28,71.750000,71.750000,70.260002,70.889999,70.261131,579900
2021-06-29,70.849998,71.279999,70.440002,70.580002,70.168686,287600
2021-06-30,70.610001,71.169998,70.339996,70.489998,70.079201,600200
2021-07-01,70.430000,71.010002,69.599998,70.330002,69.920135,527700
2021-07-02,70.610001,71.199997,70.349998,70.959999,70.546463,445200
2021-07-06,70.970001,71.739998,70.389999,71.709999,71.292091,592300
2021-07-07,71.459999,72.150002,71.400002,72.019997,71.600281,469100
2021-07-08,71.610001,71.940002,71.120003,71.669998,71.252319,434300
2021-07-09,72.050003,72.489998,71.360001,72.430000,72.007896,494300
2021-07-12,72.150002,72.989998,72.050003,72.949997,72.524864,384500
2021-07-13,72.669998,72.849998,71.959999,72.239998,71.819000,390700
2021-07-14,72.489998,73.430000,72.400002,73.120003,72.693878,401400
2021-07-15,73.099998,73.510002,73.019997,73.440002,73.012016,333800
2021-07-16,73.720001,74.000000,73.449997,73.489998,73.061714,364800
2021-07-19,73.029999,73.230003,72.139999,72.830002,72.405563,380700
2021-07-20,73.250000,74.680000,73.080002,74.040001,73.608513,700800
2021-07-21,74.050003,74.699997,74.050003,74.290001,73.857063,471800
2021-07-22,74.029999,74.410004,73.629997,74.110001,73.678108,389200
2021-07-23,74.400002,75.129997,74.089996,75.000000,74.562920,480100
2021-07-26,75.160004,75.629997,74.669998,74.750000,74.314377,580700
2021-07-27,74.910004,75.940002,74.089996,75.440002,75.000351,501700
2021-07-28,75.580002,75.750000,74.769997,74.779999,74.344200,331300
2021-07-29,74.849998,75.410004,74.610001,74.680000,74.460861,298500
2021-07-30,74.730003,75.800003,74.730003,75.150002,74.929482,353200
2021-08-02,75.580002,75.949997,74.620003,74.760002,74.540627,289700
2021-08-03,74.699997,75.199997,74.330002,75.169998,74.949417,375000
2021-08-04,74.980003,75.489998,74.360001,74.610001,74.391068,234100
2021-08-05,74.970001,75.410004,74.690002,75.379997,75.158806,282700
2021-08-06,75.620003,75.750000,74.440002,74.500000,74.281387,544500
2021-08-09,74.220001,74.629997,73.769997,74.449997,74.231529,317700
2021-08-10,74.550003,74.650002,73.820000,73.930000,73.713058,307400
2021-08-11,74.019997,74.800003,73.790001,74.589996,74.371117,314800
2021-08-12,74.389999,74.519997,73.699997,73.970001,73.752945,388700
2021-08-13,74.199997,74.510002,73.830002,74.389999,74.171707,240600
2021-08-16,74.309998,75.010002,74.250000,74.500000,74.281387,248100
2021-08-17,74.059998,74.599998,73.889999,74.389999,74.171707,346000
2021-08-18,74.279999,74.720001,73.930000,74.309998,74.091942,286000
2021-08-19,74.089996,74.870003,73.860001,74.209999,73.992241,356000
2021-08-20,74.089996,75.010002,73.529999,74.669998,74.450890,292300
2021-08-23,74.739998,74.959999,73.839996,74.190002,73.972298,410400
2021-08-24,74.470001,74.470001,72.949997,73.190002,72.975235,324600
2021-08-25,73.190002,74.059998,72.779999,73.680000,73.463791,297200
2021-08-26,73.720001,73.849998,72.930000,73.309998,73.094879,381200
2021-08-27,73.360001,74.370003,73.360001,73.949997,73.733002,414600
2021-08-30,73.709999,74.559998,73.650002,74.519997,74.519997,302700