Date,Open,High,Low,Close,Adj Close,Volume
2021-01-04,35.119999,35.270000,33.189999,33.730000,33.730000,889900
2021-01-05,33.720001,35.255001,33.451000,34.939999,34.939999,738500
2021-01-06,35.650002,37.470001,35.490002,36.680000,36.680000,812600
2021-01-07,37.500000,38.259998,36.450001,37.099998,37.099998,877800
2021-01-08,37.470001,38.049999,36.580002,37.189999,37.189999,858800
2021-01-11,36.230000,37.090000,36.000000,36.669998,36.669998,558500
2021-01-12,36.759998,37.689999,36.520000,37.209999,37.209999,837200
2021-01-13,37.400002,37.490002,35.709999,36.450001,36.450001,916000
2021-01-14,37.009998,37.430000,36.340000,36.500000,36.500000,453600
2021-01-15,35.639999,36.119999,34.299999,35.110001,35.110001,951500
2021-01-19,35.480000,35.919998,33.930000,34.869999,34.869999,1072000
2021-01-20,35.560001,36.410000,35.000000,35.889999,35.889999,1080800
2021-01-21,36.009998,36.369999,34.930000,35.250000,35.250000,582000
2021-01-22,35.560001,35.660000,34.410000,35.360001,35.360001,894100
2021-01-25,34.930000,35.230000,33.020000,33.750000,33.750000,693600
2021-01-26,34.139999,34.330002,32.650002,32.770000,32.770000,661200
2021-01-27,31.340000,32.180000,30.469999,31.309999,31.309999,1181200
2021-01-28,31.760000,33.299999,31.620001,32.910000,32.910000,841600
2021-01-29,32.669998,32.919998,31.879999,32.290001,32.290001,1059200
2021-02-01,32.740002,33.939999,31.940001,33.790001,33.790001,938000
2021-02-02,34.389999,35.320000,33.919998,34.650002,34.650002,830700
2021-02-03,34.830002,35.889999,34.805000,35.709999,35.709999,764600
2021-02-04,35.799999,36.220001,34.740002,35.139999,35.139999,1092800
2021-02-05,36.450001,37.730000,35.389999,36.930000,36.930000,1288900
2021-02-08,37.000000,37.340000,35.959999,37.310001,37.310001,1037600
2021-02-09,37.000000,37.320000,36.500000,36.770000,36.770000,697500
2021-02-10,37.470001,37.520000,36.650002,36.990002,36.990002,1476100
2021-02-11,37.189999,37.200001,36.180000,36.919998,36.919998,767100
2021-02-12,36.290001,37.090000,36.049999,37.000000,37.000000,984000
2021-02-16,37.470001,37.660000,36.919998,36.959999,36.959999,1060400
2021-02-17,36.259998,36.980000,35.549999,36.439999,36.439999,443600
2021-02-18,36.080002,36.360001,35.090000,35.349998,35.349998,801600
2021-02-19,35.910000,37.070000,35.790001,36.869999,36.869999,894800
2021-02-22,36.459999,38.000000,36.200001,37.180000,37.180000,1539800
2021-02-23,36.310001,36.959999,34.470001,36.560001,36.560001,708300
2021-02-24,36.669998,40.139999,36.570000,39.919998,39.919998,1739400
2021-02-25,39.970001,40.450001,36.750000,36.980000,36.980000,1064400
2021-02-26,36.980000,37.700001,35.599998,37.080002,37.080002,729700
2021-03-01,38.110001,38.410000,37.230000,37.410000,37.410000,890400
2021-03-02,37.209999,38.099998,36.750000,37.169998,37.169998,816500
2021-03-03,37.549999,38.230000,36.060001,36.130001,36.130001,911900
2021-03-04,35.650002,37.220001,34.080002,35.299999,35.299999,1242400
2021-03-05,36.200001,37.919998,34.900002,37.889999,37.889999,971200
2021-03-08,38.320000,38.779999,37.430000,38.290001,38.290001,541800
2021-03-09,38.950001,39.169998,38.130001,38.759998,38.759998,826100
2021-03-10,39.270000,40.150002,38.990002,39.720001,39.720001,808500
2021-03-11,40.360001,41.250000,39.750000,40.320000,40.320000,821300
2021-03-12,44.250000,47.980000,44.250000,47.470001,47.470001,2604000
2021-03-15,48.650002,48.650002,46.669998,47.200001,47.200001,1350300
2021-03-16,46.939999,46.939999,45.330002,46.090000,46.090000,890300
2021-03-17,45.930000,48.029999,45.590000,48.000000,48.000000,781600
2021-03-18,46.380001,47.599998,43.810001,44.139999,44.139999,1141500
2021-03-19,44.180000,44.180000,42.130001,42.639999,42.639999,2202300
2021-03-22,42.389999,42.639999,40.349998,40.889999,40.889999,1038800
2021-03-23,39.009998,40.689999,38.099998,38.630001,38.630001,1529800
2021-03-24,39.340000,40.049999,36.900002,36.980000,36.980000,1606100
2021-03-25,36.270000,39.509998,35.783001,39.049999,39.049999,1629600
2021-03-26,40.389999,41.930000,39.959999,41.830002,41.830002,1371800
2021-03-29,41.570000,41.880001,40.320000,40.759998,40.759998,910300
2021-03-30,40.910000,44.049999,40.459999,44.049999,44.049999,1298400
2021-03-31,44.220001,45.189999,43.974998,44.200001,44.200001,1244300
2021-04-01,45.060001,45.270000,42.919998,43.099998,43.099998,653600
2021-04-05,43.860001,44.029999,42.965000,43.340000,43.340000,530900
2021-04-06,43.060001,44.230000,42.900002,43.119999,43.119999,573300
2021-04-07,42.770000,43.110001,41.720001,42.049999,42.049999,606000
2021-04-08,41.779999,42.560001,40.900002,42.130001,42.130001,542400
2021-04-09,42.180000,43.520000,42.000000,43.330002,43.330002,581100
2021-04-12,43.639999,44.330002,42.695000,44.150002,44.150002,540400
2021-04-13,44.150002,44.474998,42.549999,43.880001,43.880001,779200
2021-04-14,44.209999,45.520000,44.044998,44.650002,44.650002,794100
2021-04-15,45.009998,45.549999,43.730000,45.299999,45.299999,460200
2021-04-16,45.980000,46.320000,45.029999,45.299999,45.299999,999600
2021-04-19,44.680000,45.185001,43.869999,44.759998,44.759998,1111800
2021-04-20,44.639999,44.820000,43.200001,43.910000,43.910000,1318800
2021-04-21,44.000000,45.669998,43.029999,45.599998,45.599998,738300
2021-04-22,45.869999,46.369999,45.360001,45.759998,45.759998,907000
2021-04-23,46.130001,48.840000,45.500000,48.599998,48.599998,1271600
2021-04-26,49.099998,49.139999,48.340000,48.750000,48.750000,737400
2021-04-27,48.639999,49.799999,48.320000,49.639999,49.639999,715400
2021-04-28,49.500000,50.270000,49.099998,50.150002,50.150002,728500
2021-04-29,50.689999,50.980000,47.160000,47.209999,47.209999,1268800
2021-04-30,46.500000,46.689999,45.939999,46.340000,46.340000,897200
2021-05-03,47.049999,47.520000,46.310001,47.340000,47.340000,621900
2021-05-04,46.630001,46.630001,45.150002,45.709999,45.709999,984700
2021-05-05,46.330002,47.529999,45.860001,47.000000,47.000000,791600
2021-05-06,46.259998,48.330002,45.070000,48.290001,48.290001,773300
2021-05-07,48.150002,49.779999,47.430000,49.290001,49.290001,734800
2021-05-10,49.110001,49.724998,48.400002,48.459999,48.459999,726600
2021-05-11,47.049999,48.900002,46.924000,48.450001,48.450001,755400
2021-05-12,47.349998,48.209999,45.709999,45.880001,45.880001,519000
2021-05-13,45.709999,47.919998,45.709999,47.439999,47.439999,638300
2021-05-14,48.070000,48.790001,47.080002,48.610001,48.610001,452000
2021-05-17,48.400002,49.380001,47.470001,49.240002,49.240002,353200
2021-05-18,49.450001,49.840000,48.020000,48.040001,48.040001,473800
2021-05-19,46.650002,47.369999,45.313000,47.279999,47.279999,560700
2021-05-20,47.389999,47.910000,45.790001,46.180000,46.180000,524100
2021-05-21,47.220001,48.840000,46.689999,48.509998,48.509998,808400
2021-05-24,48.959999,48.959999,47.020000,47.650002,47.650002,478300
2021-05-25,47.869999,48.380001,46.439999,46.680000,46.680000,531500
2021-05-26,46.720001,47.849998,46.410000,47.700001,47.700001,586200
2021-05-27,48.709999,50.000000,48.200001,49.869999,49.869999,988900
2021-05-28,50.000000,50.380001,48.299999,50.060001,50.060001,591900
2021-06-01,50.790001,52.750000,49.849998,52.500000,52.500000,915300
2021-06-02,52.700001,52.700001,50.299999,50.619999,50.619999,591600
2021-06-03,50.400002,53.150002,49.750000,52.930000,52.930000,839400
2021-06-04,53.000000,53.165001,51.730000,52.660000,52.660000,393100
2021-06-07,52.790001,52.790001,50.570000,50.759998,50.759998,578500
2021-06-08,50.279999,50.985001,49.305000,49.849998,49.849998,681500
2021-06-09,49.900002,50.400002,48.020000,48.759998,48.759998,765800
2021-06-10,49.220001,49.740002,47.369999,47.419998,47.419998,555000
2021-06-11,48.000000,49.110001,47.849998,49.110001,49.110001,358900
2021-06-14,48.919998,49.042999,47.410000,47.650002,47.650002,367200
2021-06-15,47.720001,48.660000,47.310001,48.599998,48.599998,478700
2021-06-16,48.209999,48.270000,46.349998,46.369999,46.369999,831400
2021-06-17,46.290001,46.290001,42.939999,43.820000,43.820000,1108000
2021-06-18,42.570000,42.810001,40.845001,41.040001,41.040001,1709400
2021-06-21,42.020000,43.518002,41.715000,43.160000,43.160000,1172700
2021-06-22,42.959999,44.310001,42.365002,44.310001,44.310001,731100
2021-06-23,44.630001,45.060001,44.090000,44.610001,44.610001,676700
2021-06-24,45.369999,45.580002,44.810001,45.259998,45.259998,652200
2021-06-25,45.509998,46.150002,44.529999,44.919998,44.919998,1865900
2021-06-28,44.740002,44.750000,43.419998,44.119999,44.119999,595800
2021-06-29,44.560001,45.299999,43.580002,44.250000,44.250000,593900
2021-06-30,43.820000,45.209999,43.779999,45.200001,45.200001,937200
2021-07-01,45.730000,46.000000,45.009998,45.160000,45.160000,491700
2021-07-02,44.860001,45.119999,44.070000,44.680000,44.680000,363900
2021-07-06,44.230000,44.230000,42.250000,42.689999,42.689999,619100
2021-07-07,42.500000,42.980000,40.910000,41.299999,41.299999,1311700
2021-07-08,39.830002,42.340000,39.599998,41.430000,41.430000,885700
2021-07-09,42.959999,43.349998,42.325001,42.430000,42.430000,732400
2021-07-12,42.009998,42.669998,41.533001,42.470001,42.470001,447700
2021-07-13,41.880001,42.049999,41.020000,41.090000,41.090000,562800
2021-07-14,41.410000,41.700001,40.410000,40.520000,40.520000,563000
2021-07-15,39.740002,40.700001,38.950001,39.290001,39.290001,915600
2021-07-16,39.410000,39.549999,38.326000,38.570000,38.570000,1123200
2021-07-19,37.200001,38.200001,36.705002,37.080002,37.080002,1144900
2021-07-20,37.330002,40.509998,37.084999,40.380001,40.380001,1357300
2021-07-21,41.119999,42.410000,41.080002,41.240002,41.240002,788000
2021-07-22,40.790001,40.950001,39.310001,40.040001,40.040001,803700
2021-07-23,40.590000,40.950001,39.950001,40.200001,40.200001,601000
2021-07-26,40.669998,40.939999,39.380001,40.369999,40.369999,858500
2021-07-27,39.779999,39.880001,38.480000,38.970001,38.970001,601100
2021-07-28,39.410000,40.490002,38.680000,39.930000,39.930000,487800
2021-07-29,40.919998,42.639999,40.665001,42.040001,42.040001,522200
2021-07-30,41.540001,43.119999,41.540001,42.130001,42.130001,402200
2021-08-02,42.419998,43.150002,41.099998,41.330002,41.330002,370200
2021-08-03,41.000000,41.472000,40.205002,41.279999,41.279999,574400
2021-08-04,40.599998,40.840000,39.320000,39.799999,39.799999,908000
2021-08-05,36.750000,39.000000,34.560001,37.070000,37.070000,1842900
2021-08-06,37.049999,39.310001,36.610001,38.599998,38.599998,1430700
2021-08-09,37.860001,39.490002,37.470001,39.220001,39.220001,1083100
2021-08-10,39.360001,40.720001,38.959999,40.660000,40.660000,818600
2021-08-11,40.279999,40.750000,39.520000,40.730000,40.730000,780500
2021-08-12,41.009998,41.369999,40.680000,41.259998,41.259998,1041800
2021-08-13,41.279999,41.939999,40.700001,41.660000,41.660000,793500
2021-08-16,40.930000,41.189999,40.160000,41.049999,41.049999,779600
2021-08-17,40.110001,40.419998,38.889999,39.799999,39.799999,1677500
2021-08-18,39.869999,40.220001,39.270000,39.520000,39.520000,733900
2021-08-19,38.529999,38.529999,37.000000,38.000000,38.000000,1490100
2021-08-20,37.630001,37.706001,36.750000,37.650002,37.650002,872500
2021-08-23,38.029999,38.580002,37.459999,38.369999,38.369999,549500
2021-08-24,38.900002,40.939999,38.619999,40.709999,40.709999,1138200
2021-08-25,40.509998,41.544998,40.430000,41.150002,41.150002,1181000
2021-08-26,40.959999,41.000000,39.930000,40.130001,40.130001,1313500
2021-08-27,40.299999,42.415001,40.029999,41.919998,41.919998,850300
2021-08-30,42.110001,42.160000,40.090000,40.150002,40.150002,413000