Date,Open,High,Low,Close,Adj Close,Volume
2021-01-04,98.980003,100.959999,96.750000,97.989998,97.680496,258200
2021-01-05,98.309998,102.129997,98.309998,101.860001,101.538277,246500
2021-01-06,102.099998,108.110001,102.099998,106.260002,105.924377,430100
2021-01-07,107.750000,113.379997,106.519997,111.529999,111.177734,276100
2021-01-08,113.639999,115.070000,110.599998,112.260002,111.905434,236200
2021-01-11,110.370003,114.110001,110.129997,113.849998,113.490410,231600
2021-01-12,114.860001,115.089996,112.540001,114.120003,113.759552,201000
2021-01-13,114.110001,115.959999,111.339996,111.610001,111.257484,178700
2021-01-14,114.019997,119.889999,113.349998,117.699997,117.328247,429200
2021-01-15,115.940002,116.470001,112.220001,115.470001,115.105293,306500
2021-01-19,117.169998,124.519997,117.169998,124.050003,123.658195,398800
2021-01-20,124.879997,125.550003,118.599998,119.410004,119.032845,394900
2021-01-21,120.250000,121.500000,118.739998,120.089996,119.710686,283000
2021-01-22,118.900002,119.750000,116.839996,118.830002,118.454681,250100
2021-01-25,119.019997,119.070000,112.629997,114.519997,114.158287,342700
2021-01-26,114.930000,115.970001,110.580002,111.339996,110.988335,235900
2021-01-27,107.250000,108.980003,103.209999,104.150002,103.821045,293700
2021-01-28,106.830002,108.760002,104.699997,106.949997,106.612198,357300
2021-01-29,107.059998,107.059998,100.959999,102.580002,102.256004,283800
2021-02-01,104.230003,108.879997,103.599998,108.570000,108.227081,205500
2021-02-02,110.529999,112.150002,109.150002,111.809998,111.456848,293500
2021-02-03,112.279999,112.279999,107.809998,108.779999,108.436417,230300
2021-02-04,108.699997,113.300003,108.080002,113.029999,112.672997,292700
2021-02-05,114.599998,114.599998,111.699997,113.160004,112.802597,177700
2021-02-08,114.809998,116.769997,113.650002,116.129997,115.763206,275500
2021-02-09,115.699997,115.699997,113.449997,114.839996,114.477272,292900
2021-02-10,109.839996,113.489998,104.260002,105.389999,105.057129,666600
2021-02-11,107.000000,110.480003,105.250000,108.050003,107.708725,554500
2021-02-12,107.570000,109.739998,106.779999,109.029999,108.685631,328000
2021-02-16,111.050003,112.379997,109.349998,111.000000,110.649414,348500
2021-02-17,109.309998,110.800003,106.410004,110.599998,110.250671,296300
2021-02-18,109.019997,109.500000,105.889999,106.070000,105.734985,199000
2021-02-19,107.660004,110.500000,107.099998,108.500000,108.259369,330400
2021-02-22,106.739998,106.739998,102.470001,104.300003,104.068687,345300
2021-02-23,101.570000,104.730003,97.139999,103.889999,103.659592,427000
2021-02-24,104.320000,109.120003,103.000000,108.800003,108.558708,383900
2021-02-25,107.870003,108.089996,101.010002,101.300003,101.075340,239900
2021-02-26,103.120003,106.019997,99.580002,104.449997,104.218346,377000
2021-03-01,106.459999,111.470001,106.000000,111.370003,111.123009,235700
2021-03-02,112.139999,112.139999,106.610001,106.940002,106.702835,321600
2021-03-03,107.820000,109.709999,105.120003,105.260002,105.026558,159500
2021-03-04,104.930000,105.690002,98.510002,99.989998,99.768242,413300
2021-03-05,102.989998,102.989998,96.410004,102.199997,101.973335,240400
2021-03-08,102.820000,102.820000,96.190002,96.330002,96.116364,315100
2021-03-09,99.430000,105.459999,99.430000,103.970001,103.739418,311400
2021-03-10,105.790001,106.989998,103.500000,103.769997,103.539848,166200
2021-03-11,106.879997,108.750000,105.320000,108.699997,108.458923,156600
2021-03-12,106.529999,107.129997,105.099998,106.349998,106.114136,141800
2021-03-15,105.699997,108.029999,104.730003,108.000000,107.760475,166400
2021-03-16,109.599998,110.680000,106.680000,107.470001,107.231651,281900
2021-03-17,107.000000,110.489998,104.010002,110.139999,109.895737,234100
2021-03-18,108.489998,109.040001,103.080002,104.180000,103.948952,184900
2021-03-19,103.889999,104.529999,101.589996,103.309998,103.080879,929400
2021-03-22,105.620003,107.379997,103.949997,104.870003,104.637421,167000
2021-03-23,104.580002,104.580002,99.110001,100.370003,100.147400,262100
2021-03-24,104.040001,107.900002,101.690002,101.830002,101.604164,434500
2021-03-25,99.989998,103.629997,99.419998,102.080002,101.853607,282900
2021-03-26,103.129997,111.480003,103.129997,111.050003,110.803719,278100
2021-03-29,109.309998,110.470001,106.029999,107.529999,107.291519,375300
2021-03-30,106.269997,108.230003,103.540001,105.980003,105.744957,389500
2021-03-31,107.980003,110.559998,107.089996,109.169998,108.927879,439200
2021-04-01,111.779999,117.339996,111.599998,116.699997,116.441185,343900
2021-04-05,120.000000,122.360001,117.599998,120.330002,120.063133,395600
2021-04-06,119.809998,121.400002,117.550003,119.540001,119.274887,221000
2021-04-07,119.099998,119.199997,116.480003,117.669998,117.409027,132200
2021-04-08,120.320000,120.320000,116.699997,118.589996,118.326988,188200
2021-04-09,117.389999,118.730003,116.220001,118.449997,118.187302,158800
2021-04-12,118.849998,120.040001,117.830002,119.529999,119.264908,205100
2021-04-13,120.019997,120.540001,113.239998,114.660004,114.405708,189300
2021-04-14,114.110001,116.989998,112.879997,113.300003,113.048729,193000
2021-04-15,115.839996,115.910004,112.800003,115.790001,115.533203,191500
2021-04-16,116.260002,117.300003,115.339996,116.750000,116.491074,202200
2021-04-19,115.660004,117.190002,109.949997,111.970001,111.721672,174000
2021-04-20,112.739998,112.839996,106.250000,107.250000,107.012138,251400
2021-04-21,108.529999,115.300003,107.559998,115.139999,114.884644,187500
2021-04-22,115.339996,115.860001,111.489998,112.870003,112.619675,302900
2021-04-23,113.540001,117.959999,113.459999,116.419998,116.161804,175200
2021-04-26,117.290001,120.110001,117.290001,119.720001,119.454491,249300
2021-04-27,119.750000,120.949997,117.190002,117.489998,117.229424,133200
2021-04-28,116.360001,117.059998,115.209999,116.669998,116.411255,137600
2021-04-29,118.709999,118.709999,113.639999,114.510002,114.256042,114300
2021-04-30,111.209999,112.839996,110.000000,110.309998,110.065353,204600
2021-05-03,111.559998,111.680000,108.349998,108.360001,108.119682,310200
2021-05-04,106.290001,106.290001,102.059998,103.239998,103.011032,361700
2021-05-05,96.900002,100.169998,91.500000,93.680000,93.472237,904700
2021-05-06,92.519997,92.519997,89.150002,90.410004,90.209496,671300
2021-05-07,91.879997,92.779999,89.720001,90.120003,89.920135,591500
2021-05-10,89.809998,90.449997,85.059998,85.480003,85.290428,482500
2021-05-11,81.709999,87.870003,81.709999,87.000000,86.807053,363800
2021-05-12,87.709999,90.089996,86.239998,88.459999,88.263809,463500
2021-05-13,90.000000,92.449997,89.669998,91.820000,91.616364,367200
2021-05-14,93.809998,94.349998,91.330002,93.730003,93.522133,234500
2021-05-17,92.150002,93.650002,89.180000,93.620003,93.412369,224200
2021-05-18,94.410004,94.650002,91.580002,91.750000,91.546516,237000
2021-05-19,89.589996,95.250000,89.589996,94.940002,94.729446,204600
2021-05-20,95.400002,99.199997,94.029999,98.360001,98.141861,246000
2021-05-21,99.540001,99.540001,97.610001,98.059998,97.942093,277800
2021-05-24,98.650002,100.470001,98.209999,100.010002,99.889755,238200
2021-05-25,100.989998,101.879997,99.540001,100.190002,100.069542,252300
2021-05-26,99.919998,101.260002,98.690002,100.160004,100.039574,199300
2021-05-27,100.379997,102.739998,100.089996,102.000000,101.877357,181600
2021-05-28,102.629997,102.629997,100.610001,102.010002,101.887352,159600
2021-06-01,102.980003,103.680000,101.699997,103.500000,103.375557,235900
2021-06-02,103.980003,103.980003,102.190002,103.470001,103.345596,455800
2021-06-03,102.370003,102.370003,99.599998,100.809998,100.688789,262100
2021-06-04,101.769997,103.110001,99.970001,102.800003,102.676399,180300
2021-06-07,103.050003,103.279999,101.529999,102.980003,102.856186,181800
2021-06-08,104.190002,104.379997,101.650002,103.040001,102.916115,190800
2021-06-09,103.389999,103.739998,100.650002,101.500000,101.377960,193000
2021-06-10,101.629997,103.040001,101.029999,102.849998,102.726334,162500
2021-06-11,103.570000,105.260002,103.269997,104.550003,104.424301,194000
2021-06-14,104.940002,106.610001,103.449997,105.870003,105.742714,287400
2021-06-15,106.029999,106.470001,104.190002,105.129997,105.003593,312200
2021-06-16,105.489998,105.949997,104.000000,105.089996,104.963638,282900
2021-06-17,104.800003,105.510002,102.980003,104.599998,104.474236,251800
2021-06-18,103.150002,104.459999,101.769997,104.000000,103.874954,437500
2021-06-21,104.650002,105.699997,102.980003,105.180000,105.053535,206500
2021-06-22,104.750000,106.320000,103.489998,106.120003,105.992409,222400
2021-06-23,106.580002,108.309998,105.660004,107.489998,107.360756,202600
2021-06-24,108.800003,109.820000,108.110001,109.669998,109.538139,134400
2021-06-25,110.260002,111.750000,109.389999,111.529999,111.395905,597000
2021-06-28,112.330002,114.139999,111.080002,113.589996,113.453423,255900
2021-06-29,113.169998,114.730003,112.820000,113.599998,113.463409,244300
2021-06-30,113.680000,113.699997,111.470001,112.709999,112.574486,186800
2021-07-01,113.150002,113.209999,110.550003,111.000000,110.866539,146300
2021-07-02,112.279999,112.620003,109.160004,109.489998,109.358353,159800
2021-07-06,109.589996,110.059998,107.309998,110.000000,109.867744,268100
2021-07-07,110.650002,111.839996,108.550003,109.680000,109.548126,196400
2021-07-08,106.760002,108.000000,103.949997,106.760002,106.631638,162400
2021-07-09,106.730003,107.849998,105.650002,106.680000,106.551735,215000
2021-07-12,106.800003,107.879997,105.809998,107.709999,107.580498,169800
2021-07-13,107.099998,108.180000,105.910004,106.320000,106.192169,157700
2021-07-14,107.379997,108.370003,102.870003,103.190002,103.065933,178400
2021-07-15,102.720001,102.730003,98.339996,99.980003,99.859795,189900
2021-07-16,100.980003,101.099998,96.190002,96.199997,96.084328,242000
2021-07-19,94.150002,96.089996,91.809998,94.599998,94.486259,297700
2021-07-20,95.489998,100.650002,94.629997,99.269997,99.150642,233000
2021-07-21,100.019997,103.989998,99.199997,103.300003,103.175804,236300
2021-07-22,102.599998,103.300003,100.370003,101.080002,100.958466,120500
2021-07-23,101.779999,102.180000,100.879997,101.349998,101.228142,133600
2021-07-26,101.459999,102.919998,100.059998,100.190002,100.069542,130700
2021-07-27,99.349998,99.830002,95.169998,97.570000,97.452690,198400
2021-07-28,98.440002,102.650002,97.989998,101.639999,101.517792,168000
2021-07-29,101.110001,103.510002,100.110001,102.320000,102.196976,158700
2021-07-30,101.209999,104.900002,100.849998,103.750000,103.625259,133400
2021-08-02,104.830002,106.620003,102.900002,103.000000,102.876160,113100
2021-08-03,103.769997,104.519997,100.279999,102.849998,102.726334,195600
2021-08-04,91.849998,95.389999,89.699997,90.370003,90.261345,516300
2021-08-05,88.800003,92.099998,87.830002,92.019997,91.909355,446200
2021-08-06,92.360001,94.190002,91.199997,94.190002,94.076752,210800
2021-08-09,94.699997,96.750000,93.010002,93.019997,92.908157,218200
2021-08-10,95.050003,95.050003,89.320000,89.599998,89.492271,295800
2021-08-11,89.769997,89.779999,87.959999,89.410004,89.302505,390100
2021-08-12,88.550003,88.559998,86.050003,86.779999,86.675659,252100
2021-08-13,87.260002,87.730003,85.029999,86.610001,86.505867,216500
2021-08-16,85.970001,87.110001,85.209999,85.620003,85.517059,189600
2021-08-17,84.639999,85.730003,81.820000,82.879997,82.780350,309500
2021-08-18,84.150002,85.889999,84.099998,84.470001,84.368439,314600
2021-08-19,83.089996,84.459999,82.580002,83.169998,83.070000,204700
2021-08-20,82.589996,83.650002,82.029999,82.730003,82.730003,201300
2021-08-23,83.360001,84.290001,82.680000,83.599998,83.599998,490000
2021-08-24,84.269997,87.110001,84.269997,86.860001,86.860001,287700
2021-08-25,86.760002,88.629997,86.760002,87.790001,87.790001,217500
2021-08-26,87.800003,88.629997,86.910004,87.709999,87.709999,154900
2021-08-27,88.150002,91.809998,88.150002,91.089996,91.089996,255200
2021-08-30,91.760002,92.849998,90.139999,90.459999,90.459999,147200