Date,Open,High,Low,Close,Adj Close,Volume
2021-01-04,20.299999,20.549999,19.840000,19.870001,19.677389,4042400
2021-01-05,19.700001,20.740000,19.700001,20.690001,20.489441,4610100
2021-01-06,20.950001,22.030001,20.830000,21.870001,21.658001,5740100
2021-01-07,21.840000,22.440001,21.840000,22.180000,21.964996,5949900
2021-01-08,22.230000,23.010000,22.030001,22.250000,22.034317,3485900
2021-01-11,21.860001,23.080000,21.750000,22.900000,22.678015,3233400
2021-01-12,23.059999,23.610001,22.860001,23.309999,23.084042,3875400
2021-01-13,22.900000,23.360001,22.820000,22.990000,22.767145,3384100
2021-01-14,23.440001,23.680000,23.090000,23.200001,22.975109,5670000
2021-01-15,23.080000,23.270000,22.340000,22.790001,22.569084,3680100
2021-01-19,23.200001,23.200001,22.330000,22.870001,22.648308,4549300
2021-01-20,22.920000,23.320000,22.450001,22.719999,22.499760,5610000
2021-01-21,22.750000,24.059999,22.730000,23.930000,23.698032,10953500
2021-01-22,24.180000,24.799999,23.500000,24.280001,24.044640,12256400
2021-01-25,25.000000,25.459999,23.309999,23.830000,23.599001,13137600
2021-01-26,23.990000,24.080000,23.230000,23.750000,23.519775,9308900
2021-01-27,23.150000,23.420000,21.920000,22.500000,22.281893,16285500
2021-01-28,22.389999,23.660000,22.350000,23.000000,22.777046,9488700
2021-01-29,22.920000,23.650000,22.690001,22.690001,22.470053,5978900
2021-02-01,22.740000,22.910000,22.200001,22.610001,22.390827,5036900
2021-02-02,22.840000,23.490000,22.570000,23.139999,22.915689,3342200
2021-02-03,23.340000,24.040001,23.280001,23.920000,23.688128,2800000
2021-02-04,24.150000,25.129999,24.000000,24.830000,24.589308,5641800
2021-02-05,25.049999,25.360001,24.879999,25.290001,25.044849,3250800
2021-02-08,25.379999,25.750000,24.920000,25.160000,24.916109,3374000
2021-02-09,25.049999,25.250000,24.690001,24.809999,24.569500,3377000
2021-02-10,24.990000,25.150000,24.139999,24.820000,24.579405,3467600
2021-02-11,24.850000,25.610001,24.790001,24.870001,24.628922,3945500
2021-02-12,24.750000,24.840000,24.360001,24.620001,24.381344,2186400
2021-02-16,25.309999,25.610001,24.709999,25.299999,25.054750,2648000
2021-02-17,24.990000,25.180000,24.510000,24.969999,24.727949,2041100
2021-02-18,24.870001,24.870001,24.170000,24.590000,24.351635,1978400
2021-02-19,24.620001,25.129999,24.620001,24.959999,24.718046,3159200
2021-02-22,25.170000,25.820000,24.920000,25.230000,24.985430,3313900
2021-02-23,24.870001,25.580000,24.070000,25.559999,25.312231,3063700
2021-02-24,26.000000,26.830000,25.930000,26.709999,26.451082,3702700
2021-02-25,26.850000,27.100000,25.750000,25.799999,25.549904,3234700
2021-02-26,25.889999,26.299999,25.340000,25.700001,25.450874,3493500
2021-03-01,26.340000,26.950001,26.150000,26.200001,25.946028,3984800
2021-03-02,26.240000,26.420000,25.059999,25.110001,24.866594,5943700
2021-03-03,25.490000,26.059999,24.889999,25.430000,25.183491,5493900
2021-03-04,28.000000,28.980000,25.639999,27.690001,27.421585,11570100
2021-03-05,27.719999,28.850000,27.700001,28.540001,28.263344,7328400
2021-03-08,29.000000,30.010000,28.219999,29.570000,29.283360,7797600
2021-03-09,29.480000,30.670000,28.750000,28.920000,28.639662,5198300
2021-03-10,28.940001,30.510000,28.500000,29.930000,29.639870,4497900
2021-03-11,29.790001,30.000000,28.910000,29.410000,29.259821,3681600
2021-03-12,29.750000,29.959999,29.370001,29.809999,29.657778,3609800
2021-03-15,29.730000,30.639999,29.549999,30.620001,30.463644,4694200
2021-03-16,30.330000,30.570000,29.920000,30.330000,30.175123,2441700
2021-03-17,30.000000,30.450001,29.600000,30.360001,30.204971,2064800
2021-03-18,30.520000,30.990000,29.629999,29.740000,29.588137,2928200
2021-03-19,29.850000,30.190001,29.350000,29.730000,29.578186,4551100
2021-03-22,29.990000,30.010000,28.260000,28.809999,28.662884,4596000
2021-03-23,28.459999,28.660000,26.799999,27.120001,26.981516,5219300
2021-03-24,27.430000,28.000000,26.620001,26.620001,26.484068,3294200
2021-03-25,26.230000,28.400000,25.900000,28.129999,27.986357,4550700
2021-03-26,28.730000,29.240000,28.200001,29.190001,29.040945,4203400
2021-03-29,29.100000,29.250000,27.660000,27.709999,27.568501,3400100
2021-03-30,27.900000,29.309999,27.799999,29.160000,29.011097,2945900
2021-03-31,29.110001,29.700001,28.830000,29.240000,29.090689,3498400
2021-04-01,29.420000,29.690001,28.719999,29.070000,28.921556,4049400
2021-04-05,29.469999,29.910000,28.850000,29.889999,29.737370,2557800
2021-04-06,29.740000,31.000000,29.740000,30.150000,29.996042,4576200
2021-04-07,30.400000,31.540001,30.400000,31.129999,30.971037,3678100
2021-04-08,31.020000,31.629999,30.379999,31.490000,31.329199,2174300
2021-04-09,31.850000,32.619999,31.650000,32.580002,32.413635,3129400
2021-04-12,32.439999,33.279999,32.310001,33.180000,33.010571,3279400
2021-04-13,33.290001,33.290001,31.940001,32.540001,32.373840,2936700
2021-04-14,32.500000,33.330002,32.480000,32.980000,32.811592,2527400
2021-04-15,34.180000,34.770000,33.660000,34.330002,34.154701,9876500
2021-04-16,34.599998,34.840000,34.049999,34.480000,34.303932,4486000
2021-04-19,34.349998,35.770000,33.880001,35.160000,34.980457,4953900
2021-04-20,35.020000,35.240002,34.180000,34.810001,34.632248,5534700
2021-04-21,34.930000,36.450001,34.439999,36.299999,36.114635,3600200
2021-04-22,36.599998,37.310001,36.160000,36.810001,36.622036,6373400
2021-04-23,36.810001,38.279999,36.560001,37.869999,37.676620,3663800
2021-04-26,37.869999,38.279999,35.259998,35.529999,35.348568,8815900
2021-04-27,35.669998,36.910000,35.669998,36.230000,36.044994,4879200
2021-04-28,35.980000,36.310001,35.529999,35.570000,35.388367,2485500
2021-04-29,36.070000,36.070000,34.970001,35.349998,35.169487,3426000
2021-04-30,35.070000,35.419998,34.389999,34.570000,34.393471,3241200
2021-05-03,35.029999,36.430000,34.759998,36.299999,36.114635,3189000
2021-05-04,35.849998,36.290001,35.279999,36.009998,35.826118,2125000
2021-05-05,36.130001,36.250000,35.450001,35.849998,35.666935,1886900
2021-05-06,35.910000,36.250000,35.490002,36.180000,35.995251,1677500
2021-05-07,36.020000,36.830002,35.820000,36.799999,36.612083,1525600
2021-05-10,37.270000,38.029999,36.650002,36.709999,36.522545,2360700
2021-05-11,35.880001,36.160000,34.570000,35.650002,35.467960,3161600
2021-05-12,35.470001,36.110001,33.820000,33.919998,33.746788,3495900
2021-05-13,34.259998,35.349998,33.610001,34.560001,34.383526,3579100
2021-05-14,34.810001,36.689999,34.660000,36.560001,36.373310,2911000
2021-05-17,36.450001,37.290001,35.900002,37.220001,37.029942,2290200
2021-05-18,37.869999,37.919998,35.130001,35.759998,35.577393,5027200
2021-05-19,34.779999,34.779999,33.590000,34.730000,34.552654,3613600
2021-05-20,34.810001,34.889999,32.689999,32.779999,32.612610,7889600
2021-05-21,33.349998,33.700001,32.529999,32.750000,32.582767,3930900
2021-05-24,32.810001,33.380001,32.200001,32.700001,32.533020,3240900
2021-05-25,32.980000,33.580002,32.790001,33.259998,33.090160,2680700
2021-05-26,34.439999,35.529999,34.180000,35.169998,34.990406,7431100
2021-05-27,34.830002,36.240002,33.500000,35.970001,35.786324,7900800
2021-05-28,36.220001,36.340000,34.540001,35.430000,35.249081,4128000
2021-06-01,35.849998,35.900002,34.090000,34.430000,34.254189,4502200
2021-06-02,34.299999,34.459999,33.029999,33.669998,33.498066,4600800
2021-06-03,33.430000,34.330002,32.810001,33.400002,33.229446,4475400
2021-06-04,33.689999,33.689999,32.060001,33.580002,33.408527,6274800
2021-06-07,33.490002,34.029999,32.980000,33.150002,32.980724,5005400
2021-06-08,33.299999,34.389999,33.099998,34.110001,33.935822,2927100
2021-06-09,34.470001,34.509998,33.450001,33.680000,33.508018,2565200
2021-06-10,33.590000,34.009998,32.779999,33.299999,33.129955,3030000
2021-06-11,33.529999,34.320000,33.529999,34.320000,34.144749,1586700
2021-06-14,34.299999,35.220001,34.200001,34.759998,34.582500,3013900
2021-06-15,34.500000,34.639999,33.700001,34.209999,34.035309,2512600
2021-06-16,34.070000,34.779999,33.580002,34.740002,34.562607,2490000
2021-06-17,34.540001,35.000000,33.540001,34.099998,33.925869,3980100
2021-06-18,33.439999,33.980000,32.939999,33.110001,32.940929,4626500
2021-06-21,33.639999,34.740002,33.369999,34.439999,34.264133,2579300
2021-06-22,34.330002,36.500000,34.060001,35.910000,35.726631,7179500
2021-06-23,36.810001,37.139999,35.759998,36.820000,36.631981,5208900
2021-06-24,37.250000,38.119999,36.810001,37.740002,37.547287,3983700
2021-06-25,38.200001,38.990002,37.580002,37.590000,37.398052,14976300
2021-06-28,37.880001,38.029999,36.029999,36.669998,36.482746,4900900
2021-06-29,36.980000,37.419998,36.419998,37.139999,36.950348,2974700
2021-06-30,36.990002,37.590000,36.639999,37.529999,37.338356,2725400
2021-07-01,37.689999,38.049999,37.320000,37.610001,37.417950,2377800
2021-07-02,37.840000,38.009998,37.349998,37.439999,37.248814,1585600
2021-07-06,37.189999,37.400002,35.759998,37.060001,36.870758,4613400
2021-07-07,36.860001,37.230000,35.119999,35.250000,35.070000,5118900
2021-07-08,34.320000,35.349998,33.320000,34.939999,34.939999,7943100
2021-07-09,35.500000,36.470001,35.349998,36.470001,36.470001,3786800
2021-07-12,36.110001,37.290001,35.919998,37.130001,37.130001,3476500
2021-07-13,37.070000,37.139999,35.919998,36.400002,36.400002,2344800
2021-07-14,36.779999,37.540001,36.310001,36.389999,36.389999,3509500
2021-07-15,36.180000,36.200001,33.669998,34.389999,34.389999,7619900
2021-07-16,34.410000,34.939999,33.450001,33.560001,33.560001,4933800
2021-07-19,32.730000,34.380001,32.330002,33.450001,33.450001,4767000
2021-07-20,33.430000,34.779999,33.160000,34.590000,34.590000,2529100
2021-07-21,35.150002,36.099998,35.000000,35.230000,35.230000,3463700
2021-07-22,35.400002,35.470001,34.110001,34.669998,34.669998,2646800
2021-07-23,35.049999,35.139999,34.139999,34.570000,34.570000,1996500
2021-07-26,34.500000,35.450001,34.500000,35.230000,35.230000,2372900
2021-07-27,34.810001,35.000000,33.790001,34.830002,34.830002,3506100
2021-07-28,35.000000,35.230000,34.130001,34.340000,34.340000,2533900
2021-07-29,34.660000,35.130001,34.259998,34.400002,34.400002,2450300
2021-07-30,34.200001,35.619999,34.200001,34.470001,34.470001,4112200
2021-08-02,34.459999,35.160000,34.200001,34.720001,34.720001,4570300
2021-08-03,35.099998,35.099998,33.380001,34.369999,34.369999,4174100
2021-08-04,34.000000,34.730000,32.599998,32.660000,32.660000,6001300
2021-08-05,32.910000,33.930000,32.759998,33.560001,33.560001,3224900
2021-08-06,34.000000,34.680000,33.970001,34.509998,34.509998,2696800
2021-08-09,34.310001,34.599998,33.310001,33.709999,33.709999,3598300
2021-08-10,33.689999,35.490002,33.650002,35.200001,35.200001,4060700
2021-08-11,35.360001,35.619999,34.950001,35.509998,35.509998,2498000
2021-08-12,35.029999,35.360001,33.669998,33.810001,33.810001,5103700
2021-08-13,33.590000,34.099998,32.910000,33.250000,33.250000,2525100
2021-08-16,32.880001,32.900002,31.750000,32.150002,32.150002,3615200
2021-08-17,31.790001,31.870001,30.610001,30.900000,30.900000,4900500
2021-08-18,30.719999,31.709999,30.540001,31.280001,31.280001,3185300
2021-08-19,30.540001,32.180000,30.469999,31.809999,31.809999,3391100
2021-08-20,31.650000,32.430000,31.559999,32.369999,32.369999,3117300
2021-08-23,32.750000,33.250000,32.439999,32.750000,32.750000,2880200
2021-08-24,33.040001,34.220001,32.950001,33.820000,33.820000,3033600
2021-08-25,33.459999,33.459999,31.410000,31.750000,31.750000,4953900
2021-08-26,30.959999,31.469999,29.520000,31.100000,31.100000,10626200
2021-08-27,31.340000,32.740002,31.240000,32.549999,32.549999,5454100
2021-08-30,32.540001,32.580002,31.420000,31.639999,31.639999,5212700