Date,Open,High,Low,Close,Adj Close,Volume
2021-01-04,55.980000,57.110001,53.189999,54.930000,54.810207,703800
2021-01-05,55.410000,59.849998,55.410000,59.230000,59.100830,512700
2021-01-06,60.000000,64.230003,59.759998,63.619999,63.481255,922200
2021-01-07,64.150002,65.540001,63.549999,65.430000,65.287308,498400
2021-01-08,65.970001,66.379997,63.110001,64.360001,64.219643,628900
2021-01-11,63.009998,65.120003,62.650002,65.070000,64.928093,204900
2021-01-12,65.629997,66.320000,63.770000,64.160004,64.020081,653900
2021-01-13,63.939999,64.709999,62.369999,62.520000,62.383656,442500
2021-01-14,62.110001,63.279999,59.680000,59.830002,59.699520,558700
2021-01-15,58.770000,59.560001,55.910000,56.529999,56.406715,567300
2021-01-19,57.230000,58.240002,55.810001,56.520000,56.396740,543000
2021-01-20,56.790001,57.200001,55.220001,55.770000,55.648376,415500
2021-01-21,55.950001,57.529999,55.000000,56.680000,56.556389,312800
2021-01-22,55.560001,56.540001,55.209999,56.430000,56.306934,222400
2021-01-25,56.200001,56.220001,54.150002,55.660000,55.538612,290300
2021-01-26,56.410000,56.650002,54.619999,55.209999,55.089596,270700
2021-01-27,53.549999,54.500000,51.939999,52.419998,52.305679,523600
2021-01-28,53.430000,55.619999,53.290001,54.230000,54.111736,389500
2021-01-29,54.250000,54.250000,51.400002,51.410000,51.297882,426500
2021-02-01,52.259998,53.340000,51.250000,53.049999,52.934307,291800
2021-02-02,53.970001,56.189999,53.840000,55.980000,55.857914,344300
2021-02-03,55.419998,55.970001,53.970001,54.160000,54.041889,220400
2021-02-04,54.299999,56.230000,54.299999,55.090000,54.969860,291300
2021-02-05,55.849998,57.259998,54.130001,56.450001,56.326893,516500
2021-02-08,57.570000,59.279999,57.150002,59.279999,59.150719,357800
2021-02-09,58.990002,59.490002,57.900002,59.400002,59.270458,333500
2021-02-10,59.849998,59.849998,56.580002,56.750000,56.626240,454700
2021-02-11,56.860001,57.169998,54.770000,56.330002,56.207157,410100
2021-02-12,53.000000,54.959999,50.119999,53.009998,52.894390,835900
2021-02-16,53.880001,54.720001,52.029999,54.560001,54.441013,411400
2021-02-17,53.959999,55.639999,53.630001,55.490002,55.368988,375500
2021-02-18,55.430000,55.799999,54.570000,55.080002,54.959881,495600
2021-02-19,55.090000,57.529999,55.090000,57.349998,57.224926,454900
2021-02-22,56.740002,59.099998,55.810001,58.619999,58.492161,435900
2021-02-23,57.900002,58.480000,56.459999,58.259998,58.132946,334800
2021-02-24,58.730000,61.450001,58.090000,61.070000,60.936817,308900
2021-02-25,61.070000,61.189999,58.060001,58.130001,58.003231,402800
2021-02-26,58.060001,59.189999,56.020000,57.919998,57.793686,275600
2021-03-01,59.730000,61.500000,59.189999,61.470001,61.335945,281200
2021-03-02,61.240002,61.970001,60.160000,60.840000,60.707317,307600
2021-03-03,61.470001,62.430000,60.430000,60.490002,60.358086,340900
2021-03-04,59.590000,59.910000,57.070000,58.310001,58.182838,309300
2021-03-05,59.959999,61.880001,57.959999,61.740002,61.605354,338100
2021-03-08,62.439999,63.110001,60.889999,61.209999,61.076511,236800
2021-03-09,61.889999,62.889999,60.009998,60.430000,60.298214,556400
2021-03-10,60.790001,63.389999,60.520000,62.700001,62.563263,435100
2021-03-11,63.060001,64.980003,62.849998,63.730000,63.591015,364500
2021-03-12,63.930000,64.339996,62.369999,63.490002,63.351540,353300
2021-03-15,63.459999,63.459999,61.799999,63.049999,62.912498,329300
2021-03-16,62.770000,63.220001,59.630001,61.470001,61.335945,329400
2021-03-17,61.299999,62.000000,60.570000,61.459999,61.385883,223300
2021-03-18,60.860001,63.540001,59.970001,60.220001,60.147381,283200
2021-03-19,59.660000,60.220001,58.080002,59.000000,58.928852,704800
2021-03-22,59.570000,59.570000,56.490002,57.799999,57.730297,344100
2021-03-23,56.919998,57.400002,54.080002,54.610001,54.544144,404300
2021-03-24,55.820000,57.090000,53.790001,53.840000,53.775074,401600
2021-03-25,53.480000,55.189999,51.959999,54.759998,54.693962,444400
2021-03-26,55.669998,56.750000,54.689999,55.740002,55.672783,363700
2021-03-29,55.209999,55.560001,53.209999,53.700001,53.635242,455300
2021-03-30,53.700001,55.500000,53.529999,55.470001,55.403111,382400
2021-03-31,55.689999,56.200001,54.200001,55.320000,55.253288,490700
2021-04-01,55.750000,57.009998,55.490002,56.830002,56.761471,258900
2021-04-05,57.709999,59.200001,57.160000,59.020000,58.948826,381300
2021-04-06,58.720001,60.110001,58.720001,59.759998,59.687931,442300
2021-04-07,59.860001,60.230000,56.720001,59.639999,59.568077,620600
2021-04-08,59.369999,59.830002,57.610001,59.439999,59.368320,275000
2021-04-09,59.450001,60.919998,59.009998,60.799999,60.726681,289000
2021-04-12,61.000000,62.029999,60.130001,61.930000,61.855316,154100
2021-04-13,61.680000,61.680000,59.970001,60.720001,60.646778,355800
2021-04-14,60.529999,62.160000,59.259998,61.060001,60.986366,276100
2021-04-15,61.790001,62.770000,60.520000,62.759998,62.684315,229600
2021-04-16,63.910000,64.150002,62.439999,62.950001,62.874088,212000
2021-04-19,62.299999,63.060001,61.759998,62.560001,62.484558,260200
2021-04-20,61.750000,62.459999,60.009998,60.630001,60.556885,383500
2021-04-21,60.599998,62.959999,59.599998,62.480000,62.404655,295700
2021-04-22,62.700001,63.959999,61.720001,62.020000,61.945210,238800
2021-04-23,62.509998,64.000000,62.509998,63.450001,63.373486,215700
2021-04-26,64.540001,64.980003,63.720001,64.300003,64.222466,190000
2021-04-27,64.029999,64.879997,63.230000,64.809998,64.731842,249700
2021-04-28,65.000000,65.889999,64.529999,65.589996,65.510902,241000
2021-04-29,65.709999,65.879997,61.840000,63.680000,63.603207,420100
2021-04-30,63.599998,64.010002,58.500000,59.009998,58.938835,451900
2021-05-03,63.029999,63.310001,60.220001,62.830002,62.754234,746400
2021-05-04,62.419998,63.439999,61.099998,62.880001,62.804173,407200
2021-05-05,63.480000,63.950001,61.599998,63.220001,63.143764,286600
2021-05-06,63.480000,65.379997,62.349998,65.250000,65.171310,433800
2021-05-07,64.589996,68.050003,64.370003,67.690002,67.608376,359500
2021-05-10,67.839996,68.070000,66.000000,66.000000,65.920410,440000
2021-05-11,63.759998,66.500000,63.119999,66.000000,65.920410,510200
2021-05-12,65.610001,66.260002,62.630001,62.910000,62.834137,570900
2021-05-13,62.410000,65.309998,61.610001,64.860001,64.781784,230800
2021-05-14,65.290001,66.370003,64.139999,65.870003,65.790565,272200
2021-05-17,65.629997,66.870003,64.330002,66.769997,66.689476,219700
2021-05-18,66.930000,66.930000,64.650002,64.720001,64.641953,400200
2021-05-19,63.590000,63.910000,61.599998,63.650002,63.573246,322200
2021-05-20,63.450001,63.799999,62.230000,63.770000,63.693100,181000
2021-05-21,64.669998,65.199997,64.029999,64.349998,64.272400,207200
2021-05-24,64.589996,65.260002,63.500000,64.730003,64.651947,157500
2021-05-25,65.000000,66.290001,63.779999,64.010002,63.932812,207400
2021-05-26,63.950001,65.230003,63.849998,64.750000,64.671913,221400
2021-05-27,65.699997,66.050003,64.900002,65.449997,65.371071,226400
2021-05-28,65.839996,65.849998,64.279999,65.690002,65.610786,281300
2021-06-01,66.080002,67.480003,65.699997,67.400002,67.318726,306000
2021-06-02,67.709999,67.800003,65.690002,65.820000,65.740623,323700
2021-06-03,65.139999,65.559998,63.959999,65.180000,65.101395,205000
2021-06-04,65.519997,65.580002,63.830002,64.510002,64.432205,230700
2021-06-07,64.790001,65.260002,64.139999,64.760002,64.681908,314100
2021-06-08,64.690002,66.529999,63.820000,66.220001,66.140144,232600
2021-06-09,66.650002,66.650002,64.790001,64.830002,64.751823,138500
2021-06-10,65.419998,66.199997,64.360001,64.790001,64.711868,175300
2021-06-11,65.410004,66.269997,65.410004,66.040001,65.960365,199100
2021-06-14,66.169998,66.660004,64.739998,65.309998,65.231239,213200
2021-06-15,65.699997,66.269997,64.620003,66.120003,66.040268,167100
2021-06-16,65.779999,66.599998,64.790001,66.339996,66.259995,202800
2021-06-17,66.070000,66.309998,61.500000,62.810001,62.810001,309200
2021-06-18,61.560001,62.330002,59.750000,59.939999,59.939999,562100
2021-06-21,60.570000,63.209999,60.549999,62.849998,62.849998,223900
2021-06-22,62.250000,63.169998,61.630001,62.770000,62.770000,219900
2021-06-23,63.680000,63.790001,62.650002,62.840000,62.840000,165500
2021-06-24,63.139999,64.309998,62.680000,64.169998,64.169998,194900
2021-06-25,64.570000,65.220001,63.849998,64.110001,64.110001,669100
2021-06-28,64.339996,64.339996,62.500000,63.380001,63.380001,138200
2021-06-29,64.059998,64.519997,63.369999,63.750000,63.750000,114900
2021-06-30,63.520000,65.419998,63.209999,65.019997,65.019997,199700
2021-07-01,65.720001,66.430000,64.750000,65.970001,65.970001,162100
2021-07-02,65.889999,66.669998,65.389999,65.540001,65.540001,150400
2021-07-06,65.400002,65.400002,62.570000,63.529999,63.529999,201700
2021-07-07,63.200001,64.970001,63.020000,64.239998,64.239998,252300
2021-07-08,62.340000,64.070000,61.439999,62.389999,62.389999,197500
2021-07-09,63.840000,65.470001,63.380001,65.150002,65.150002,236900
2021-07-12,64.739998,65.559998,63.730000,65.260002,65.260002,244800
2021-07-13,65.059998,65.519997,64.059998,64.160004,64.160004,143100
2021-07-14,64.849998,65.250000,63.290001,63.700001,63.700001,180700
2021-07-15,62.820000,63.860001,62.209999,62.500000,62.500000,270200
2021-07-16,63.419998,63.939999,61.389999,61.549999,61.549999,260000
2021-07-19,59.779999,60.840000,58.830002,59.590000,59.590000,332900
2021-07-20,60.090000,62.910000,59.599998,62.310001,62.310001,330300
2021-07-21,62.990002,63.990002,62.520000,63.799999,63.799999,255300
2021-07-22,63.830002,64.330002,62.340000,62.799999,62.799999,234100
2021-07-23,65.000000,65.000000,60.520000,62.200001,62.200001,251400
2021-07-26,63.439999,63.439999,60.500000,60.830002,60.830002,391700
2021-07-27,60.500000,60.950001,58.959999,59.770000,59.770000,308500
2021-07-28,60.070000,61.849998,59.060001,60.869999,60.869999,241700
2021-07-29,61.490002,62.930000,61.090000,62.450001,62.450001,264000
2021-07-30,61.880001,63.169998,61.660000,62.680000,62.680000,219700
2021-08-02,62.950001,64.239998,60.459999,60.610001,60.610001,208500
2021-08-03,60.419998,61.480000,59.200001,60.980000,60.980000,235700
2021-08-04,60.139999,62.049999,59.040001,59.119999,59.119999,120200
2021-08-05,59.660000,61.529999,59.419998,59.430000,59.430000,146700
2021-08-06,60.340000,60.950001,59.680000,60.200001,60.200001,89400
2021-08-09,59.810001,59.830002,59.099998,59.389999,59.389999,113200
2021-08-10,60.130001,61.340000,59.220001,61.259998,61.259998,174300
2021-08-11,61.279999,62.060001,60.730000,61.930000,61.930000,196900
2021-08-12,62.130001,62.570000,61.680000,61.700001,61.700001,193700
2021-08-13,61.689999,62.259998,61.119999,61.980000,61.980000,166700
2021-08-16,61.320000,61.970001,60.450001,61.250000,61.250000,125400
2021-08-17,60.470001,60.470001,57.889999,58.689999,58.689999,168200
2021-08-18,58.360001,59.660000,58.119999,58.209999,58.209999,140700
2021-08-19,56.029999,57.990002,56.029999,57.169998,57.169998,177500
2021-08-20,56.889999,58.099998,56.580002,57.730000,57.730000,130600
2021-08-23,58.549999,59.619999,57.590000,59.160000,59.160000,225500
2021-08-24,59.389999,59.970001,58.160000,59.529999,59.529999,201300
2021-08-25,59.430000,60.090000,58.779999,59.720001,59.720001,166900
2021-08-26,59.849998,60.560001,58.990002,59.020000,59.020000,118800
2021-08-27,59.150002,61.419998,58.029999,61.330002,61.330002,201000
2021-08-30,61.540001,61.599998,59.669998,59.919998,59.919998,173600