Date,Open,High,Low,Close,Adj Close,Volume
2021-01-04,78.750000,79.260002,74.580002,76.500000,75.659172,210700
2021-01-05,76.449997,79.650002,75.889999,78.339996,77.478958,151900
2021-01-06,79.900002,84.559998,79.900002,83.940002,83.017410,268500
2021-01-07,84.059998,85.000000,82.099998,83.809998,82.888824,215500
2021-01-08,83.910004,84.410004,81.230003,82.419998,81.514107,120100
2021-01-11,81.050003,82.349998,80.750000,82.150002,81.247078,127600
2021-01-12,81.820000,84.510002,81.820000,84.400002,83.472351,103400
2021-01-13,84.110001,84.400002,81.919998,82.519997,81.613014,131700
2021-01-14,84.080002,86.059998,83.250000,84.650002,83.719597,169700
2021-01-15,83.220001,84.220001,81.790001,83.400002,82.483337,134400
2021-01-19,84.150002,85.040001,83.290001,84.760002,83.828392,221500
2021-01-20,85.370003,85.639999,83.800003,84.180000,83.254768,141400
2021-01-21,84.470001,84.470001,82.349998,82.900002,81.988838,199100
2021-01-22,81.699997,84.489998,81.699997,84.320000,83.393227,149100
2021-01-25,83.370003,83.709999,81.010002,81.809998,80.910812,122000
2021-01-26,83.000000,83.129997,79.900002,80.040001,79.160271,168000
2021-01-27,77.709999,78.629997,76.080002,77.000000,76.153687,293900
2021-01-28,78.540001,79.970001,72.879997,73.099998,72.296539,259800
2021-01-29,73.360001,73.400002,70.080002,70.389999,69.616333,281300
2021-02-01,71.010002,72.639999,70.290001,71.989998,71.198738,300700
2021-02-02,73.099998,74.320000,71.519997,74.070000,73.255890,213900
2021-02-03,73.800003,76.099998,73.559998,76.099998,75.263573,265200
2021-02-04,76.209999,78.309998,75.849998,78.309998,77.449287,155400
2021-02-05,79.449997,79.900002,78.650002,78.849998,77.983353,132200
2021-02-08,79.320000,81.320000,78.889999,81.099998,80.208611,89800
2021-02-09,80.699997,81.339996,78.889999,80.900002,80.010818,116900
2021-02-10,81.480003,81.790001,80.410004,80.620003,79.733894,132800
2021-02-11,80.809998,82.699997,79.699997,80.580002,79.694336,168900
2021-02-12,79.910004,81.169998,78.610001,79.470001,78.919731,212400
2021-02-16,79.980003,81.250000,79.610001,80.480003,79.922745,188300
2021-02-17,79.459999,81.459999,79.459999,80.820000,80.260391,129200
2021-02-18,80.440002,81.620003,80.000000,81.269997,80.707268,132800
2021-02-19,81.550003,83.550003,81.550003,83.480003,82.901978,140200
2021-02-22,83.080002,85.629997,83.080002,85.540001,84.947708,126300
2021-02-23,85.239998,86.650002,84.120003,86.050003,85.454178,203300
2021-02-24,86.610001,89.160004,86.279999,88.690002,88.075897,151900
2021-02-25,88.650002,89.809998,87.330002,87.720001,87.112610,207400
2021-02-26,88.099998,88.290001,85.370003,85.370003,84.778885,208500
2021-03-01,87.010002,87.720001,86.099998,87.260002,86.655792,135900
2021-03-02,87.029999,87.029999,85.680000,85.839996,85.245621,103000
2021-03-03,85.959999,88.580002,85.860001,87.690002,87.082817,124900
2021-03-04,87.919998,89.139999,85.190002,86.260002,85.662727,192500
2021-03-05,88.059998,91.959999,86.660004,91.910004,91.273598,162500
2021-03-08,92.790001,95.099998,92.379997,93.730003,93.081001,145900
2021-03-09,93.879997,94.570000,91.809998,91.870003,91.233879,151600
2021-03-10,92.110001,94.910004,92.110001,93.769997,93.120720,169300
2021-03-11,94.129997,95.800003,93.779999,94.540001,93.885391,160200
2021-03-12,95.430000,95.790001,94.370003,95.209999,94.550751,123600
2021-03-15,94.290001,94.519997,92.910004,93.959999,93.309402,177400
2021-03-16,93.650002,93.650002,89.900002,90.559998,89.932945,127200
2021-03-17,90.949997,92.519997,90.510002,92.040001,91.402702,120500
2021-03-18,91.720001,94.480003,91.320000,91.849998,91.214012,151100
2021-03-19,92.510002,93.739998,90.580002,93.160004,92.514946,618300
2021-03-22,93.449997,93.449997,89.839996,91.389999,90.757202,129700
2021-03-23,89.610001,90.889999,87.800003,88.550003,87.936867,208100
2021-03-24,89.669998,91.739998,88.589996,88.730003,88.115616,184600
2021-03-25,87.959999,90.500000,86.709999,90.059998,89.436409,153600
2021-03-26,91.540001,92.900002,90.050003,92.629997,91.988609,130200
2021-03-29,92.410004,94.220001,89.050003,89.099998,88.483047,188500
2021-03-30,89.180000,92.489998,88.730003,91.779999,91.144501,173300
2021-03-31,92.370003,93.000000,90.480003,91.169998,90.538719,168000
2021-04-01,91.750000,93.500000,90.949997,93.180000,92.534798,94900
2021-04-05,94.930000,94.930000,92.949997,93.949997,93.299469,71000
2021-04-06,93.800003,95.339996,93.800003,94.150002,93.498085,80000
2021-04-07,93.970001,93.970001,90.879997,91.250000,90.618172,173100
2021-04-08,91.370003,93.089996,90.720001,92.809998,92.167366,180700
2021-04-09,93.129997,95.239998,92.540001,94.940002,94.282616,131200
2021-04-12,95.220001,96.470001,94.720001,96.180000,95.514038,110000
2021-04-13,95.629997,95.629997,93.599998,93.980003,93.329269,84300
2021-04-14,93.930000,95.209999,93.320000,93.529999,92.882378,93700
2021-04-15,93.900002,94.660004,92.949997,94.150002,93.498085,50700
2021-04-16,95.650002,96.059998,94.379997,94.809998,94.153519,94000
2021-04-19,94.269997,95.099998,92.959999,93.919998,93.269676,147900
2021-04-20,93.830002,95.000000,91.750000,92.879997,92.236877,84100
2021-04-21,92.680000,95.620003,92.680000,95.000000,94.342201,178300
2021-04-22,95.290001,96.220001,94.220001,94.730003,94.074074,120300
2021-04-23,95.000000,96.779999,94.410004,96.050003,95.384933,100200
2021-04-26,96.870003,97.389999,96.010002,96.139999,95.474304,77300
2021-04-27,97.019997,97.589996,95.599998,96.480003,95.811958,146900
2021-04-28,96.019997,96.099998,94.550003,95.459999,94.799019,113200
2021-04-29,96.730003,97.220001,95.220001,97.000000,96.328354,126400
2021-04-30,96.949997,97.430000,95.129997,95.660004,94.997635,152900
2021-05-03,96.860001,98.290001,95.760002,97.070000,96.397865,215200
2021-05-04,96.940002,101.239998,96.120003,101.190002,100.489342,188300
2021-05-05,101.250000,102.750000,100.099998,102.000000,101.293732,158300
2021-05-06,101.660004,103.349998,101.309998,103.349998,102.634384,137400
2021-05-07,102.019997,104.360001,102.019997,104.300003,103.577812,166700
2021-05-10,104.930000,107.070000,104.750000,105.050003,104.322617,198600
2021-05-11,103.410004,105.129997,102.620003,103.000000,102.286812,204000
2021-05-12,102.830002,103.230003,99.309998,99.370003,98.681946,227300
2021-05-13,99.260002,102.680000,99.260002,102.160004,101.790672,201600
2021-05-14,102.690002,105.370003,102.059998,105.080002,104.700111,151700
2021-05-17,104.349998,104.790001,102.320000,102.690002,102.318748,151100
2021-05-18,102.099998,102.699997,98.930000,98.989998,98.632126,202000
2021-05-19,97.620003,97.620003,94.900002,96.779999,96.430115,190200
2021-05-20,96.830002,96.980003,95.309998,96.430000,96.081383,252200
2021-05-21,97.449997,98.610001,96.599998,96.910004,96.559647,277800
2021-05-24,97.230003,97.959999,96.269997,97.000000,96.649323,186500
2021-05-25,97.430000,98.160004,96.040001,96.300003,95.951851,233900
2021-05-26,96.089996,97.070000,96.000000,96.419998,96.071411,197800
2021-05-27,97.760002,97.959999,96.889999,96.889999,96.539719,134100
2021-05-28,97.389999,98.129997,95.919998,97.959999,97.605850,151100
2021-06-01,98.919998,99.550003,98.190002,98.860001,98.502594,119400
2021-06-02,98.949997,99.769997,95.410004,95.959999,95.613075,140000
2021-06-03,95.709999,96.860001,94.099998,96.680000,96.330475,148100
2021-06-04,97.139999,97.580002,96.150002,96.709999,96.360367,87400
2021-06-07,96.709999,96.959999,95.070000,95.769997,95.423759,85700
2021-06-08,95.470001,97.599998,94.849998,97.320000,96.968163,80000
2021-06-09,97.000000,97.000000,95.339996,95.639999,95.294235,81600
2021-06-10,96.279999,96.279999,93.900002,94.000000,93.660164,71900
2021-06-11,94.470001,95.589996,94.139999,94.320000,93.979012,103200
2021-06-14,94.580002,94.959999,92.980003,93.650002,93.311432,98700
2021-06-15,93.419998,94.309998,92.849998,93.849998,93.510704,138400
2021-06-16,93.230003,93.940002,92.250000,92.739998,92.404716,84600
2021-06-17,92.620003,92.620003,87.910004,88.410004,88.090378,228800
2021-06-18,86.410004,86.510002,84.800003,84.910004,84.603035,499300
2021-06-21,86.209999,88.389999,85.750000,87.559998,87.243446,281300
2021-06-22,87.209999,87.209999,85.730003,86.930000,86.615723,119700
2021-06-23,87.000000,88.589996,86.150002,87.669998,87.353050,138400
2021-06-24,88.040001,88.989998,87.250000,88.720001,88.399254,86700
2021-06-25,88.900002,90.320000,88.529999,89.349998,89.026978,1233700
2021-06-28,89.129997,89.860001,87.769997,88.860001,88.538750,147300
2021-06-29,89.139999,90.290001,88.980003,89.480003,89.156509,90700
2021-06-30,88.910004,91.500000,88.779999,91.059998,90.730789,180600
2021-07-01,92.089996,92.589996,91.279999,92.320000,91.986237,128900
2021-07-02,92.540001,92.620003,91.160004,91.160004,90.830437,187900
2021-07-06,90.540001,90.639999,86.470001,88.320000,88.000702,157300
2021-07-07,87.820000,89.370003,87.500000,88.980003,88.658318,138800
2021-07-08,86.830002,89.269997,86.160004,87.199997,86.884743,189500
2021-07-09,89.070000,89.980003,88.480003,89.480003,89.156509,111400
2021-07-12,88.370003,89.760002,88.370003,89.650002,89.325897,117600
2021-07-13,88.709999,89.550003,87.839996,88.040001,87.721710,132900
2021-07-14,88.750000,89.639999,87.370003,88.339996,88.020622,159200
2021-07-15,87.489998,89.199997,87.489998,88.330002,88.010666,72200
2021-07-16,89.290001,89.290001,86.559998,86.769997,86.456299,79100
2021-07-19,85.010002,85.790001,83.879997,84.949997,84.642883,94200
2021-07-20,85.129997,88.570000,85.129997,87.919998,87.602142,217800
2021-07-21,89.129997,90.250000,87.940002,88.269997,87.950874,75500
2021-07-22,87.940002,88.000000,85.949997,86.250000,85.938187,86000
2021-07-23,86.550003,88.230003,86.519997,87.930000,87.612114,71800
2021-07-26,88.300003,88.739998,87.870003,88.489998,88.170082,82000
2021-07-27,87.379997,88.699997,86.809998,87.000000,86.685471,102700
2021-07-28,87.739998,87.910004,85.779999,87.199997,86.884743,70600
2021-07-29,88.540001,89.470001,88.000000,89.050003,88.728065,77600
2021-07-30,88.690002,89.790001,88.110001,89.699997,89.375710,98700
2021-08-02,90.000000,90.709999,87.169998,87.510002,87.193634,88200
2021-08-03,88.599998,89.970001,87.190002,89.160004,88.837669,228200
2021-08-04,88.040001,88.379997,86.379997,86.660004,86.346703,93100
2021-08-05,87.419998,88.169998,85.599998,85.900002,85.589447,136900
2021-08-06,87.110001,88.440002,85.879997,87.389999,87.074059,95400
2021-08-09,87.199997,87.220001,85.769997,86.000000,85.689087,46600
2021-08-10,85.760002,88.940002,85.760002,88.790001,88.469002,134300
2021-08-11,88.959999,90.650002,87.980003,90.510002,90.182785,88400
2021-08-12,90.690002,91.559998,90.410004,91.279999,90.949997,116600
2021-08-13,90.940002,90.940002,89.800003,90.320000,90.320000,96100
2021-08-16,89.339996,90.220001,88.720001,88.779999,88.779999,90500
2021-08-17,89.230003,90.209999,87.449997,89.169998,89.169998,169800
2021-08-18,89.849998,91.050003,88.290001,88.309998,88.309998,128700
2021-08-19,87.449997,88.269997,85.500000,85.879997,85.879997,112500
2021-08-20,85.599998,87.879997,85.599998,87.169998,87.169998,105600
2021-08-23,88.059998,88.620003,87.209999,88.110001,88.110001,81400
2021-08-24,88.080002,88.629997,87.529999,88.370003,88.370003,131400
2021-08-25,88.650002,89.589996,88.199997,88.360001,88.360001,94000
2021-08-26,87.980003,88.970001,86.629997,88.540001,88.540001,157400
2021-08-27,89.160004,91.980003,89.160004,91.449997,91.449997,159300
2021-08-30,91.739998,91.739998,90.320000,90.400002,90.400002,71200