Date,Open,High,Low,Close,Adj Close,Volume
2021-01-04,52.849998,53.000000,52.380001,52.570000,47.371227,3591300
2021-01-05,52.590000,52.849998,52.450001,52.540001,47.344196,2073300
2021-01-06,52.799999,53.020000,52.029999,52.919998,47.686611,3254100
2021-01-07,52.500000,53.330002,52.500000,53.130001,47.875847,3474700
2021-01-08,53.200001,53.270000,52.759998,52.790001,47.569473,1661800
2021-01-11,52.799999,53.000000,52.520000,52.700001,47.488373,808100
2021-01-12,52.669998,52.930000,52.669998,52.889999,47.659580,1940900
2021-01-13,52.880001,53.029999,52.750000,52.900002,47.668594,2132500
2021-01-14,53.340000,53.529999,52.709999,52.709999,47.497383,2752500
2021-01-15,52.799999,52.799999,52.439999,52.459999,47.272106,2596000
2021-01-19,52.700001,52.869999,52.439999,52.830002,47.605518,1716000
2021-01-20,52.830002,53.009998,52.660000,52.830002,47.605518,1322600
2021-01-21,52.700001,52.970001,52.650002,52.759998,47.542435,1427100
2021-01-22,52.709999,52.849998,52.500000,52.509998,47.317158,1402000
2021-01-25,52.500000,52.759998,52.400002,52.480000,47.290127,1061800
2021-01-26,52.650002,52.720001,52.450001,52.450001,47.263096,1030400
2021-01-27,52.450001,52.799999,51.790001,51.939999,46.803528,2001800
2021-01-28,52.049999,52.389999,52.020000,52.340000,47.163971,1027200
2021-01-29,52.299999,52.419998,51.900002,52.040001,46.893642,2065900
2021-02-01,52.340000,52.770000,52.299999,52.560001,47.362217,1223400
2021-02-02,52.700001,53.060001,52.650002,53.060001,47.812771,748500
2021-02-03,53.000000,53.000000,52.610001,52.849998,47.623535,1609900
2021-02-04,52.910000,53.340000,52.869999,52.939999,47.704636,551500
2021-02-05,53.130001,53.160000,52.720001,52.750000,47.533428,595500
2021-02-08,53.080002,53.080002,52.299999,52.470001,47.281116,1466900
2021-02-09,52.490002,52.799999,52.430000,52.470001,47.281116,617300
2021-02-10,52.459999,52.490002,52.279999,52.410000,47.227051,679200
2021-02-11,52.369999,52.580002,52.049999,52.250000,47.082874,750200
2021-02-12,52.250000,52.500000,52.240002,52.360001,47.181995,1385700
2021-02-16,52.599998,52.650002,52.169998,52.169998,47.010784,491400
2021-02-17,52.369999,52.389999,51.700001,52.000000,46.857597,1362200
2021-02-18,51.900002,52.049999,50.860001,51.980000,46.839573,1630300
2021-02-19,51.869999,52.400002,51.509998,52.400002,47.218040,1062100
2021-02-22,52.209999,52.599998,52.130001,52.360001,47.181995,1105900
2021-02-23,52.200001,52.320000,51.520000,52.000000,46.857597,707600
2021-02-24,52.139999,52.139999,51.480000,51.700001,46.587265,974200
2021-02-25,51.779999,52.029999,51.200001,51.570000,46.470119,857300
2021-02-26,51.540001,52.090000,51.270000,51.270000,46.199787,1045100
2021-03-01,51.689999,52.080002,51.650002,51.820000,46.695396,674400
2021-03-02,51.750000,51.810001,51.320000,51.380001,46.298908,1217300
2021-03-03,51.509998,52.169998,51.509998,51.840000,46.713417,1293100
2021-03-04,51.849998,52.000000,51.230000,51.250000,46.181767,1548000
2021-03-05,51.529999,51.869999,50.880001,51.060001,46.010555,1596700
2021-03-08,51.330002,51.389999,50.490002,50.560001,45.560001,2283100
2021-03-09,46.220001,46.970001,46.220001,46.540001,46.540001,1972600
2021-03-10,46.820000,46.980000,46.570000,46.799999,46.799999,1770200
2021-03-11,46.759998,47.009998,46.509998,47.000000,47.000000,631200
2021-03-12,47.000000,47.169998,46.709999,47.160000,47.160000,539100
2021-03-15,47.200001,47.520000,47.099998,47.520000,47.520000,838700
2021-03-16,47.520000,47.520000,47.040001,47.180000,47.180000,496200
2021-03-17,47.169998,47.439999,47.119999,47.220001,47.220001,670900
2021-03-18,47.020000,47.250000,46.910000,47.049999,47.049999,514700
2021-03-19,46.939999,47.220001,46.610001,46.610001,46.610001,1483700
2021-03-22,46.759998,47.520000,46.759998,47.419998,47.419998,1558500
2021-03-23,47.470001,47.500000,47.220001,47.250000,47.250000,596800
2021-03-24,47.419998,47.520000,46.980000,46.990002,46.990002,904500
2021-03-25,46.900002,47.270000,46.889999,47.099998,47.099998,786400
2021-03-26,47.250000,47.279999,47.060001,47.230000,47.230000,537400
2021-03-29,47.200001,47.380001,47.180000,47.240002,47.240002,466100
2021-03-30,47.209999,47.330002,47.099998,47.290001,47.290001,468600
2021-03-31,47.250000,47.400002,46.959999,46.959999,46.959999,713100
2021-04-01,47.290001,47.380001,47.060001,47.189999,47.189999,672300
2021-04-05,47.360001,47.669998,47.209999,47.419998,47.419998,1125200
2021-04-06,47.630001,47.650002,47.419998,47.590000,47.590000,768800
2021-04-07,47.590000,47.599998,47.459999,47.509998,47.509998,722800
2021-04-08,47.500000,47.750000,47.500000,47.709999,47.709999,454300
2021-04-09,47.500000,47.750000,47.470001,47.740002,47.740002,540600
2021-04-12,47.750000,47.840000,47.639999,47.840000,47.840000,357300
2021-04-13,47.779999,48.040001,47.599998,47.900002,47.900002,536900
2021-04-14,48.049999,48.160000,47.830002,47.840000,47.840000,467000
2021-04-15,47.980000,48.320000,47.950001,48.299999,48.299999,411200
2021-04-16,48.369999,48.630001,48.259998,48.529999,48.529999,549200
2021-04-19,48.500000,48.770000,48.439999,48.590000,48.590000,760500
2021-04-20,48.470001,48.490002,48.299999,48.299999,48.299999,654700
2021-04-21,48.209999,48.700001,48.080002,48.610001,48.610001,471100
2021-04-22,48.560001,48.700001,48.459999,48.639999,48.639999,409700
2021-04-23,48.750000,48.750000,48.529999,48.599998,48.599998,518400
2021-04-26,48.750000,48.750000,48.410000,48.470001,48.470001,799600
2021-04-27,47.840000,48.250000,47.410000,47.599998,47.599998,1917200
2021-04-28,47.310001,47.689999,47.310001,47.560001,47.560001,452600
2021-04-29,47.500000,47.590000,47.049999,47.070000,47.070000,646000
2021-04-30,47.070000,47.189999,46.360001,46.720001,46.720001,1125500
2021-05-03,46.700001,46.880001,46.330002,46.799999,46.799999,1382700
2021-05-04,46.669998,47.099998,46.549999,47.090000,47.090000,1196900
2021-05-05,46.990002,47.040001,46.700001,46.889999,46.889999,630600
2021-05-06,46.849998,47.169998,46.630001,47.169998,47.169998,635800
2021-05-07,47.009998,47.040001,46.880001,47.000000,47.000000,642000
2021-05-10,47.060001,47.590000,46.919998,47.310001,47.310001,683000
2021-05-11,46.990002,47.290001,46.970001,47.270000,47.270000,642800
2021-05-12,47.049999,47.200001,46.990002,47.099998,47.099998,372600
2021-05-13,46.880001,47.299999,46.880001,47.290001,47.290001,386600
2021-05-14,47.470001,47.480000,47.110001,47.349998,47.349998,264700
2021-05-17,47.189999,47.349998,47.049999,47.209999,47.209999,854500
2021-05-18,47.169998,47.349998,47.130001,47.200001,47.200001,287000
2021-05-19,47.099998,47.599998,47.099998,47.560001,47.560001,323300
2021-05-20,47.529999,47.709999,47.430000,47.700001,47.700001,197400
2021-05-21,47.849998,47.930000,47.700001,47.930000,47.930000,231600
2021-05-24,48.000000,48.000000,47.820000,47.820000,47.820000,529400
2021-05-25,47.799999,47.959999,47.799999,47.869999,47.869999,513400
2021-05-26,48.000000,48.290001,47.790001,48.270000,48.270000,916500
2021-05-27,48.500000,48.500000,48.150002,48.349998,48.349998,416000
2021-05-28,48.320000,48.459999,48.240002,48.450001,48.450001,200900
2021-06-01,48.500000,48.500000,48.450001,48.500000,48.500000,585400
2021-06-02,48.500000,48.599998,48.419998,48.599998,48.599998,601400
2021-06-03,48.529999,48.639999,48.509998,48.590000,48.590000,412800
2021-06-04,48.599998,48.669998,48.549999,48.660000,48.660000,313200
2021-06-07,48.610001,48.790001,48.549999,48.790001,48.790001,533200
2021-06-08,48.849998,48.919998,48.570000,48.610001,48.610001,323100
2021-06-09,48.610001,48.820000,48.490002,48.580002,48.580002,582800
2021-06-10,48.720001,49.049999,48.560001,48.980000,48.980000,1294600
2021-06-11,49.000000,49.590000,48.959999,49.509998,49.509998,823100
2021-06-14,49.500000,49.840000,49.259998,49.700001,49.700001,680800
2021-06-15,49.750000,49.750000,49.240002,49.340000,49.340000,628500
2021-06-16,49.349998,49.349998,49.070000,49.200001,49.200001,651700
2021-06-17,49.250000,49.250000,48.689999,48.860001,48.860001,880700
2021-06-18,48.520000,48.700001,48.439999,48.630001,48.630001,1463600
2021-06-21,48.619999,48.619999,48.119999,48.160000,48.160000,1032600
2021-06-22,48.020000,48.439999,47.950001,48.310001,48.310001,463100
2021-06-23,48.209999,48.419998,48.099998,48.310001,48.310001,281500
2021-06-24,48.389999,48.439999,48.180000,48.340000,48.340000,420000
2021-06-25,48.279999,48.330002,47.950001,48.090000,48.090000,1154900
2021-06-28,48.070000,48.189999,48.000000,48.009998,48.009998,477200
2021-06-29,48.000000,48.189999,47.930000,48.130001,48.130001,668600
2021-06-30,48.169998,48.340000,48.099998,48.290001,48.290001,380600
2021-07-01,48.410000,48.480000,48.130001,48.340000,48.340000,294800
2021-07-02,48.349998,48.349998,48.220001,48.299999,48.299999,148000
2021-07-06,48.189999,48.310001,48.189999,48.220001,48.220001,520000
2021-07-07,48.189999,48.430000,48.189999,48.250000,48.250000,296600
2021-07-08,48.009998,48.070000,47.540001,47.660000,47.660000,949800
2021-07-09,47.720001,47.830002,47.250000,47.480000,47.480000,612400
2021-07-12,47.480000,47.630001,47.240002,47.299999,47.299999,407700
2021-07-13,47.119999,47.310001,47.020000,47.150002,47.150002,658000
2021-07-14,47.209999,47.320000,47.099998,47.259998,47.259998,378900
2021-07-15,47.230000,47.820000,47.189999,47.820000,47.820000,358800
2021-07-16,48.130001,48.419998,47.860001,48.009998,48.009998,375700
2021-07-19,47.750000,48.340000,47.660000,48.119999,48.119999,519500
2021-07-20,48.000000,48.250000,47.500000,47.799999,47.799999,1224100
2021-07-21,47.799999,47.990002,47.480000,47.689999,47.689999,627700
2021-07-22,47.700001,48.040001,47.680000,47.900002,47.900002,282200
2021-07-23,47.900002,48.070000,47.790001,48.000000,48.000000,392300
2021-07-26,47.930000,48.020000,47.209999,47.349998,47.349998,577700
2021-07-27,47.200001,47.299999,46.720001,46.799999,46.799999,1022400
2021-07-28,47.360001,47.360001,46.759998,47.139999,47.139999,410500
2021-07-29,47.250000,47.250000,46.889999,46.919998,46.919998,464900
2021-07-30,46.910000,47.230000,46.880001,47.180000,47.180000,417600
2021-08-02,47.040001,47.500000,47.040001,47.200001,47.200001,451700
2021-08-03,47.150002,47.180000,46.759998,47.139999,47.139999,590900
2021-08-04,46.799999,46.900002,46.150002,46.529999,46.529999,1164500
2021-08-05,46.549999,46.700001,46.250000,46.630001,46.630001,437200
2021-08-06,46.810001,46.810001,46.389999,46.400002,46.400002,529300
2021-08-09,46.209999,46.619999,46.209999,46.400002,46.400002,714500
2021-08-10,46.320000,46.529999,46.259998,46.299999,46.299999,615200
2021-08-11,46.349998,46.490002,46.169998,46.369999,46.369999,310500
2021-08-12,46.349998,46.450001,43.500000,44.470001,44.470001,2300800
2021-08-13,44.700001,44.720001,41.919998,42.820000,42.820000,1773100
2021-08-16,42.560001,42.910000,41.840000,42.470001,42.470001,1013600
2021-08-17,42.400002,42.410000,41.840000,42.110001,42.110001,606100
2021-08-18,42.110001,42.529999,42.020000,42.320000,42.320000,557400
2021-08-19,42.320000,42.330002,41.770000,42.020000,42.020000,475600
2021-08-20,42.009998,42.669998,42.000000,42.470001,42.470001,383800
2021-08-23,42.500000,42.779999,42.240002,42.709999,42.709999,270700
2021-08-24,42.779999,43.080002,42.689999,42.919998,42.919998,268500
2021-08-25,42.919998,43.299999,39.849998,41.299999,41.299999,1460700
2021-08-26,41.139999,42.070000,41.139999,41.330002,41.330002,348500
2021-08-27,41.340000,41.759998,41.200001,41.439999,41.439999,547000
2021-08-30,41.630001,41.700001,41.430000,41.500000,41.500000,203200