Date,Open,High,Low,Close,Adj Close,Volume
2021-01-04,62.029999,62.439999,60.860001,61.529999,59.863087,410700
2021-01-05,61.790001,62.180000,60.419998,60.939999,59.289070,313700
2021-01-06,61.939999,64.750000,61.549999,64.220001,62.480213,432800
2021-01-07,64.419998,64.559998,63.189999,64.279999,62.538586,517200
2021-01-08,64.279999,64.440002,63.450001,64.410004,62.665070,392800
2021-01-11,64.099998,64.879997,64.099998,64.699997,62.947205,311300
2021-01-12,64.699997,66.370003,64.349998,66.269997,64.474670,242500
2021-01-13,65.949997,67.099998,65.879997,66.860001,65.048698,401500
2021-01-14,67.190002,69.309998,66.660004,69.000000,67.130722,559400
2021-01-15,68.320000,69.959999,67.959999,69.720001,67.831207,412300
2021-01-19,70.120003,70.190002,68.349998,68.839996,66.975044,429700
2021-01-20,68.839996,69.220001,68.080002,69.000000,67.130722,414700
2021-01-21,68.000000,68.470001,65.489998,65.489998,63.715805,567500
2021-01-22,65.489998,66.410004,64.639999,65.709999,63.929848,384000
2021-01-25,65.000000,65.470001,63.270000,63.389999,61.672699,597300
2021-01-26,63.840000,63.840000,61.430000,61.480000,59.814445,456400
2021-01-27,60.520000,61.299999,58.900002,60.340000,58.705326,613300
2021-01-28,61.139999,63.689999,60.779999,62.439999,60.748436,375800
2021-01-29,62.200001,63.360001,61.799999,62.840000,61.137600,375100
2021-02-01,63.330002,64.230003,62.520000,63.970001,62.236988,264200
2021-02-02,64.129997,64.449997,63.480000,63.970001,62.236988,300800
2021-02-03,63.450001,63.450001,62.450001,63.279999,61.565678,417200
2021-02-04,63.549999,63.980000,62.889999,63.820000,62.091049,263900
2021-02-05,64.510002,66.230003,63.980000,66.089996,64.299553,339200
2021-02-08,66.099998,67.290001,65.800003,66.779999,64.970856,233200
2021-02-09,66.750000,66.790001,65.029999,65.620003,63.842293,298900
2021-02-10,66.379997,67.180000,65.650002,66.989998,65.175171,267500
2021-02-11,66.949997,67.320000,66.190002,67.099998,65.282188,222300
2021-02-12,66.400002,66.519997,65.050003,65.239998,64.074173,188300
2021-02-16,65.440002,65.760002,64.300003,65.220001,64.054527,445700
2021-02-17,65.430000,66.080002,63.250000,64.980003,63.818821,464100
2021-02-18,64.430000,65.169998,63.619999,63.820000,62.679546,269100
2021-02-19,63.799999,64.599998,63.240002,64.580002,63.425968,335300
2021-02-22,64.570000,64.599998,63.680000,63.700001,62.561695,396000
2021-02-23,63.810001,64.370003,62.869999,63.459999,62.325977,582400
2021-02-24,63.750000,63.750000,62.630001,63.240002,62.109913,313100
2021-02-25,63.419998,64.559998,62.290001,62.389999,61.275101,279400
2021-02-26,62.660000,63.529999,62.080002,62.130001,61.019749,353700
2021-03-01,63.240002,63.240002,62.099998,62.700001,61.579563,683000
2021-03-02,62.639999,62.639999,61.000000,61.279999,60.184937,513800
2021-03-03,61.400002,62.840000,61.160000,62.630001,61.510815,321000
2021-03-04,62.830002,64.790001,62.570000,63.029999,61.903660,478800
2021-03-05,63.540001,63.950001,62.650002,63.619999,62.483120,586000
2021-03-08,63.619999,65.629997,63.369999,65.309998,64.142921,294300
2021-03-09,65.309998,66.000000,64.570000,65.650002,64.476845,383000
2021-03-10,65.610001,67.720001,65.040001,67.260002,66.058075,384300
2021-03-11,67.169998,68.419998,66.540001,67.620003,66.411644,337700
2021-03-12,68.080002,70.040001,67.940002,70.029999,68.778572,388000
2021-03-15,70.080002,71.930000,69.889999,71.839996,70.556229,490700
2021-03-16,71.239998,72.150002,70.919998,71.470001,70.192848,453200
2021-03-17,71.500000,71.500000,69.269997,69.449997,68.208939,375900
2021-03-18,69.250000,69.250000,67.750000,68.349998,67.128593,343800
2021-03-19,68.190002,69.190002,66.500000,68.410004,67.187531,1063600
2021-03-22,68.059998,68.610001,67.250000,67.599998,66.391991,212800
2021-03-23,67.040001,68.059998,66.279999,66.620003,65.429520,438700
2021-03-24,66.669998,67.849998,66.410004,67.269997,66.067894,446900
2021-03-25,67.059998,68.000000,66.339996,67.680000,66.470573,297800
2021-03-26,68.099998,68.099998,67.070000,67.620003,66.411644,283600
2021-03-29,67.330002,68.610001,67.330002,67.879997,66.666992,323900
2021-03-30,67.550003,67.559998,65.809998,67.269997,66.067894,277500
2021-03-31,67.220001,67.839996,67.029999,67.190002,65.989326,352200
2021-04-01,67.470001,67.660004,66.730003,67.370003,66.166107,294700
2021-04-05,69.250000,72.599998,68.239998,70.690002,69.426781,837300
2021-04-06,70.419998,70.540001,68.540001,69.059998,67.825912,430600
2021-04-07,69.110001,69.639999,68.269997,68.660004,67.433060,223800
2021-04-08,68.279999,69.269997,68.150002,69.050003,67.816093,312000
2021-04-09,69.230003,69.680000,68.940002,69.419998,68.179474,208900
2021-04-12,69.739998,70.279999,68.949997,69.940002,68.690186,223100
2021-04-13,69.540001,69.889999,69.150002,69.589996,68.346436,207400
2021-04-14,69.400002,70.370003,69.349998,70.160004,68.906258,196400
2021-04-15,70.349998,70.580002,69.910004,70.010002,68.758934,256000
2021-04-16,70.559998,71.300003,70.400002,70.620003,69.358032,1361100
2021-04-19,70.629997,71.150002,70.360001,70.900002,69.633026,317500
2021-04-20,70.599998,71.459999,69.860001,70.339996,69.083038,188800
2021-04-21,70.400002,71.029999,70.010002,70.970001,69.701775,172800
2021-04-22,71.449997,71.449997,70.610001,70.779999,69.515175,206800
2021-04-23,71.040001,71.410004,70.709999,71.040001,69.770523,208300
2021-04-26,71.510002,71.510002,70.160004,70.360001,69.102684,203900
2021-04-27,70.160004,70.330002,68.949997,69.199997,67.963409,189000
2021-04-28,69.089996,69.169998,68.440002,68.830002,67.600021,277700
2021-04-29,69.279999,69.989998,68.879997,69.379997,68.140190,171100
2021-04-30,69.269997,70.360001,69.269997,70.360001,69.102684,365800
2021-05-03,70.860001,71.650002,70.629997,70.690002,69.426781,197700
2021-05-04,70.690002,71.110001,70.449997,70.940002,69.672318,183900
2021-05-05,71.180000,71.190002,69.160004,69.790001,68.542862,191500
2021-05-06,69.830002,70.489998,68.760002,70.459999,69.200890,283900
2021-05-07,70.040001,71.669998,70.019997,71.410004,70.133919,207400
2021-05-10,71.529999,72.089996,71.110001,71.230003,69.957130,247500
2021-05-11,70.889999,70.910004,69.940002,70.639999,69.377678,172200
2021-05-12,70.550003,70.980003,68.739998,68.860001,67.629478,222400
2021-05-13,68.360001,70.519997,68.330002,70.059998,69.443375,220200
2021-05-14,70.440002,70.989998,69.860001,70.410004,69.790298,159000
2021-05-17,70.019997,70.269997,69.519997,69.690002,69.076637,128300
2021-05-18,69.459999,69.860001,69.290001,69.330002,68.719803,119600
2021-05-19,69.019997,69.410004,68.349998,69.370003,68.759453,137900
2021-05-20,69.370003,69.959999,69.000000,69.849998,69.235222,177400
2021-05-21,70.250000,70.489998,69.559998,70.150002,69.532585,151100
2021-05-24,70.300003,70.440002,69.760002,70.180000,69.562325,143700
2021-05-25,70.389999,70.389999,68.610001,68.699997,68.095345,148900
2021-05-26,68.750000,69.440002,68.489998,69.320000,68.709892,259600
2021-05-27,69.839996,69.839996,68.550003,68.639999,68.035873,252600
2021-05-28,68.940002,69.199997,68.449997,68.889999,68.283676,147800
2021-06-01,69.300003,69.300003,68.510002,68.750000,68.144905,167600
2021-06-02,68.930000,69.089996,68.309998,68.699997,68.095345,182800
2021-06-03,68.500000,69.559998,68.230003,69.419998,68.809006,137000
2021-06-04,69.699997,69.730003,69.160004,69.379997,68.769363,175600
2021-06-07,69.589996,69.610001,69.110001,69.349998,68.739624,176100
2021-06-08,69.320000,69.480003,68.760002,69.230003,68.620689,127000
2021-06-09,69.510002,70.019997,69.239998,69.879997,69.264961,232500
2021-06-10,70.410004,70.410004,69.699997,70.139999,69.522675,137800
2021-06-11,70.139999,70.529999,70.029999,70.510002,69.889420,132300
2021-06-14,70.839996,71.150002,70.040001,70.239998,69.621788,149600
2021-06-15,70.239998,70.790001,70.000000,70.529999,69.909241,161200
2021-06-16,70.519997,70.580002,69.470001,69.769997,69.155930,177800
2021-06-17,69.440002,69.849998,69.080002,69.370003,68.759453,186400
2021-06-18,68.930000,68.930000,66.430000,66.540001,65.954361,422900
2021-06-21,66.879997,68.510002,66.849998,68.410004,67.807907,176700
2021-06-22,68.199997,68.480003,67.690002,68.180000,67.579926,145900
2021-06-23,68.120003,68.230003,67.589996,67.690002,67.094238,281900
2021-06-24,67.680000,68.669998,67.599998,68.550003,67.946671,306700
2021-06-25,68.529999,70.059998,68.029999,70.059998,69.443375,946200
2021-06-28,69.949997,70.769997,69.430000,70.419998,69.800209,332400
2021-06-29,70.519997,70.900002,69.260002,69.370003,68.759453,230100
2021-06-30,69.220001,70.250000,69.220001,69.980003,69.364082,463200
2021-07-01,70.440002,71.260002,69.940002,70.650002,70.028183,199700
2021-07-02,70.989998,70.989998,69.559998,69.830002,69.215401,139200
2021-07-06,69.440002,69.559998,67.949997,68.800003,68.194473,270100
2021-07-07,68.699997,69.500000,68.430000,69.059998,68.452179,138900
2021-07-08,68.190002,69.040001,68.000000,68.379997,67.778160,152100
2021-07-09,68.940002,69.529999,68.269997,69.300003,68.690071,162300
2021-07-12,69.300003,69.339996,68.570000,69.309998,68.699974,140500
2021-07-13,68.889999,69.160004,68.720001,69.019997,68.412529,182500
2021-07-14,69.269997,70.500000,68.750000,70.120003,69.502853,237100
2021-07-15,69.400002,70.860001,69.239998,70.839996,70.216507,219300
2021-07-16,71.239998,71.660004,70.820000,70.889999,70.266075,230500
2021-07-19,70.169998,70.370003,68.080002,68.709999,68.105263,208600
2021-07-20,69.070000,70.629997,68.800003,70.320000,69.701088,301200
2021-07-21,70.500000,71.160004,69.620003,69.709999,69.096458,184700
2021-07-22,69.379997,69.419998,68.510002,68.589996,67.986313,115900
2021-07-23,69.000000,69.760002,68.720001,69.589996,68.977509,112100
2021-07-26,70.010002,70.680000,69.739998,70.400002,69.780388,115000
2021-07-27,69.860001,71.000000,69.650002,70.889999,70.266075,144900
2021-07-28,71.220001,71.389999,70.220001,71.239998,70.612991,208600
2021-07-29,71.500000,71.959999,70.949997,71.379997,70.751755,114200
2021-07-30,71.070000,71.730003,70.300003,70.320000,69.701088,235500
2021-08-02,70.680000,71.720001,70.680000,70.779999,70.157043,155300
2021-08-03,71.029999,71.860001,70.430000,71.599998,70.969826,140600
2021-08-04,70.589996,71.519997,70.449997,71.389999,70.761673,136000
2021-08-05,71.800003,72.379997,71.400002,72.309998,71.673576,127500
2021-08-06,72.790001,73.099998,72.440002,72.550003,71.911469,165900
2021-08-09,72.720001,72.720001,71.580002,71.919998,71.287003,96100
2021-08-10,71.760002,71.930000,71.330002,71.830002,71.197800,154300
2021-08-11,72.080002,72.370003,71.349998,71.980003,71.346481,149900
2021-08-12,72.400002,72.559998,71.239998,71.580002,70.950005,176900
2021-08-13,70.870003,71.379997,70.699997,71.099998,71.099998,94700
2021-08-16,70.910004,71.680000,70.760002,70.949997,70.949997,137400
2021-08-17,70.489998,70.910004,69.779999,70.879997,70.879997,113900
2021-08-18,70.779999,71.480003,69.930000,69.989998,69.989998,86800
2021-08-19,69.610001,70.320000,69.110001,69.190002,69.190002,142900
2021-08-20,69.150002,70.839996,68.830002,70.779999,70.779999,249600
2021-08-23,70.559998,70.699997,69.349998,69.650002,69.650002,172000
2021-08-24,69.699997,69.699997,68.099998,68.180000,68.180000,197400
2021-08-25,68.000000,68.809998,67.809998,68.320000,68.320000,220800
2021-08-26,68.199997,68.589996,67.410004,67.440002,67.440002,159600
2021-08-27,67.589996,68.410004,67.589996,67.989998,67.989998,196700
2021-08-30,67.889999,68.250000,67.250000,67.529999,67.529999,159400