Date,Open,High,Low,Close,Adj Close,Volume
2021-01-04,188.770004,190.679993,173.839996,174.740005,174.740005,137300
2021-01-05,172.910004,181.639999,172.910004,179.759995,179.759995,108500
2021-01-06,181.690002,190.199997,175.000000,188.520004,188.520004,157500
2021-01-07,188.940002,192.429993,187.089996,190.529999,190.529999,102700
2021-01-08,189.110001,189.970001,183.369995,186.919998,186.919998,123700
2021-01-11,186.339996,189.470001,184.330002,185.690002,185.690002,123200
2021-01-12,187.229996,189.570007,185.169998,187.399994,187.399994,89100
2021-01-13,186.449997,187.800003,182.229996,187.679993,187.679993,122000
2021-01-14,189.889999,197.130005,189.490005,196.110001,196.110001,166800
2021-01-15,192.720001,192.759995,185.449997,185.899994,185.899994,143900
2021-01-19,187.729996,190.539993,181.539993,185.149994,185.149994,161200
2021-01-20,186.500000,191.820007,186.500000,191.309998,191.309998,90100
2021-01-21,190.929993,191.690002,186.100006,190.250000,190.250000,112300
2021-01-22,186.660004,192.259995,185.000000,191.419998,191.419998,85200
2021-01-25,189.880005,189.880005,184.009995,188.639999,188.639999,85900
2021-01-26,190.880005,192.740005,187.619995,187.979996,187.979996,67600
2021-01-27,184.039993,186.509995,176.520004,179.000000,179.000000,139000
2021-01-28,183.699997,190.070007,183.699997,187.820007,187.820007,120500
2021-01-29,186.740005,186.740005,178.660004,181.490005,181.490005,82300
2021-02-01,183.210007,185.550003,178.690002,183.919998,183.919998,80900
2021-02-02,187.710007,189.729996,182.990005,187.699997,187.699997,59700
2021-02-03,188.630005,193.610001,187.479996,193.360001,193.360001,130400
2021-02-04,199.800003,221.250000,199.800003,219.380005,219.380005,315700
2021-02-05,216.110001,221.179993,209.800003,213.490005,213.490005,276100
2021-02-08,214.690002,214.690002,209.740005,212.309998,212.309998,197800
2021-02-09,210.779999,216.970001,210.009995,211.500000,211.500000,131500
2021-02-10,210.899994,217.110001,208.949997,216.289993,216.289993,106800
2021-02-11,213.389999,215.610001,210.539993,215.429993,215.429993,110700
2021-02-12,215.330002,217.160004,212.419998,214.759995,214.759995,84700
2021-02-16,215.309998,217.429993,209.520004,215.449997,215.449997,105400
2021-02-17,213.250000,223.979996,212.779999,223.679993,223.679993,96300
2021-02-18,223.000000,229.899994,220.649994,229.479996,229.479996,144400
2021-02-19,229.690002,243.970001,228.699997,242.759995,242.759995,189500
2021-02-22,242.380005,257.000000,239.479996,247.440002,247.440002,203200
2021-02-23,252.750000,252.750000,238.460007,244.600006,244.600006,188200
2021-02-24,246.470001,259.989990,243.740005,256.970001,256.970001,202300
2021-02-25,259.940002,260.000000,244.500000,248.710007,248.710007,107900
2021-02-26,249.889999,256.369995,243.520004,252.190002,252.190002,95900
2021-03-01,257.489990,258.970001,248.570007,252.190002,252.190002,151800
2021-03-02,250.869995,253.580002,245.029999,252.190002,252.190002,124600
2021-03-03,254.639999,262.309998,249.380005,250.559998,250.559998,206500
2021-03-04,250.259995,252.050003,232.699997,244.029999,244.029999,173100
2021-03-05,247.660004,247.660004,229.279999,244.070007,244.070007,178500
2021-03-08,249.990005,262.869995,246.869995,258.170013,258.170013,211600
2021-03-09,259.670013,260.390015,251.009995,258.209991,258.209991,180300
2021-03-10,257.880005,261.959991,242.710007,250.979996,250.979996,172600
2021-03-11,254.119995,256.269989,246.860001,251.130005,251.130005,198300
2021-03-12,250.320007,256.299988,250.320007,253.710007,253.710007,292000
2021-03-15,258.739990,270.290009,254.050003,268.809998,268.809998,273700
2021-03-16,271.290009,271.290009,255.520004,256.970001,256.970001,186700
2021-03-17,255.960007,264.829987,252.360001,262.630005,262.630005,172200
2021-03-18,261.980011,266.070007,252.990005,255.690002,255.690002,183800
2021-03-19,254.220001,260.700012,246.919998,257.739990,257.739990,267500
2021-03-22,255.300003,255.300003,246.229996,247.960007,247.960007,163800
2021-03-23,245.000000,251.899994,240.000000,241.490005,241.490005,226000
2021-03-24,247.059998,249.520004,234.690002,234.699997,234.699997,186000
2021-03-25,233.149994,248.779999,230.399994,247.009995,247.009995,195100
2021-03-26,251.929993,252.850006,242.009995,250.470001,250.470001,159800
2021-03-29,250.440002,253.539993,236.979996,241.199997,241.199997,219200
2021-03-30,243.470001,249.029999,243.059998,247.580002,247.580002,126700
2021-03-31,245.699997,247.350006,240.580002,244.059998,244.059998,185600
2021-04-01,245.539993,248.440002,240.619995,244.750000,244.750000,107300
2021-04-05,248.779999,254.000000,246.740005,250.110001,250.110001,173200
2021-04-06,248.690002,255.759995,248.690002,251.929993,251.929993,95400
2021-04-07,252.490005,253.820007,247.990005,250.529999,250.529999,101200
2021-04-08,250.199997,253.639999,243.009995,251.009995,251.009995,118700
2021-04-09,250.009995,253.589996,245.279999,252.820007,252.820007,101300
2021-04-12,254.089996,254.089996,246.509995,249.300003,249.300003,95400
2021-04-13,247.270004,248.899994,238.889999,248.309998,248.309998,134400
2021-04-14,251.820007,254.970001,248.190002,248.750000,248.750000,91000
2021-04-15,252.350006,252.350006,246.500000,249.250000,249.250000,52000
2021-04-16,249.399994,249.809998,243.789993,244.080002,244.080002,67100
2021-04-19,243.839996,245.059998,240.199997,243.410004,243.410004,57200
2021-04-20,240.949997,240.949997,227.919998,231.470001,231.470001,142000
2021-04-21,230.309998,239.479996,228.300003,239.449997,239.449997,101600
2021-04-22,240.929993,242.979996,231.470001,232.729996,232.729996,113800
2021-04-23,235.000000,243.369995,233.440002,240.809998,240.809998,97800
2021-04-26,244.009995,245.990005,238.410004,240.589996,240.589996,116900
2021-04-27,242.089996,242.089996,236.699997,239.389999,239.389999,67500
2021-04-28,238.520004,240.940002,233.460007,235.070007,235.070007,87900
2021-04-29,235.830002,237.059998,233.009995,235.529999,235.529999,69800
2021-04-30,233.240005,238.000000,233.240005,235.729996,235.729996,94700
2021-05-03,238.210007,238.210007,230.899994,235.669998,235.669998,158700
2021-05-04,234.100006,234.100006,226.869995,230.360001,230.360001,151400
2021-05-05,243.990005,244.419998,232.550003,234.000000,234.000000,257100
2021-05-06,216.990005,221.000000,216.410004,221.000000,221.000000,944400
2021-05-07,222.919998,226.000000,218.899994,224.740005,224.740005,913800
2021-05-10,223.779999,226.000000,219.059998,219.490005,219.490005,295800
2021-05-11,216.190002,225.000000,211.479996,224.130005,224.130005,312300
2021-05-12,221.419998,224.940002,213.250000,214.210007,214.210007,134500
2021-05-13,216.520004,223.990005,216.520004,222.830002,222.830002,209500
2021-05-14,226.610001,235.080002,224.320007,229.199997,229.199997,236000
2021-05-17,226.190002,230.470001,225.240005,229.330002,229.330002,119800
2021-05-18,230.000000,231.000000,222.160004,222.419998,222.419998,165300
2021-05-19,218.130005,223.100006,215.259995,221.119995,221.119995,163800
2021-05-20,220.830002,221.820007,215.130005,218.830002,218.830002,177900
2021-05-21,220.000000,221.949997,213.309998,216.720001,216.720001,267400
2021-05-24,218.210007,224.789993,216.580002,221.690002,221.690002,175200
2021-05-25,224.089996,227.910004,218.990005,219.910004,219.910004,173000
2021-05-26,220.679993,225.449997,219.979996,224.960007,224.960007,142300
2021-05-27,227.500000,227.500000,221.800003,225.220001,225.220001,157700
2021-05-28,226.000000,227.500000,220.660004,221.460007,221.460007,99400
2021-06-01,225.350006,230.009995,225.160004,228.220001,228.220001,220500
2021-06-02,230.309998,230.649994,220.919998,221.649994,221.649994,183500
2021-06-03,219.740005,219.770004,213.360001,216.020004,216.020004,126100
2021-06-04,216.210007,218.820007,214.669998,217.149994,217.149994,109200
2021-06-07,217.869995,218.539993,215.330002,215.919998,215.919998,154400
2021-06-08,217.110001,220.710007,214.199997,218.190002,218.190002,165300
2021-06-09,219.830002,221.289993,213.509995,214.539993,214.539993,140500
2021-06-10,216.080002,217.000000,206.199997,206.869995,206.869995,260200
2021-06-11,206.770004,213.300003,206.770004,211.029999,211.029999,448900
2021-06-14,211.160004,211.750000,205.360001,207.300003,207.300003,181500
2021-06-15,207.029999,207.419998,201.000000,202.500000,202.500000,271700
2021-06-16,202.139999,205.820007,199.770004,202.520004,202.520004,304500
2021-06-17,203.389999,205.029999,197.750000,200.610001,200.610001,201500
2021-06-18,198.210007,200.479996,192.960007,194.850006,194.850006,345500
2021-06-21,196.360001,203.380005,196.050003,202.979996,202.979996,210300
2021-06-22,202.720001,202.720001,196.789993,199.649994,199.649994,201500
2021-06-23,200.360001,201.750000,196.350006,198.059998,198.059998,185300
2021-06-24,199.470001,199.860001,194.789993,197.539993,197.539993,184500
2021-06-25,197.330002,197.330002,188.350006,190.270004,190.270004,886000
2021-06-28,190.789993,191.860001,187.089996,191.149994,191.149994,277300
2021-06-29,191.520004,193.550003,189.570007,190.500000,190.500000,153700
2021-06-30,191.009995,195.750000,191.009995,194.000000,194.000000,166900
2021-07-01,194.970001,198.820007,194.970001,197.529999,197.529999,198000
2021-07-02,200.320007,200.610001,195.000000,195.130005,195.130005,134400
2021-07-06,195.830002,195.830002,190.380005,191.279999,191.279999,106900
2021-07-07,189.339996,191.220001,185.190002,189.330002,189.330002,165000
2021-07-08,184.710007,191.690002,183.220001,188.699997,188.699997,147100
2021-07-09,192.850006,194.070007,191.529999,192.529999,192.529999,92000
2021-07-12,191.339996,193.460007,189.910004,193.240005,193.240005,87100
2021-07-13,192.669998,192.669998,188.050003,189.250000,189.250000,245700
2021-07-14,191.830002,195.820007,184.699997,186.429993,186.429993,380800
2021-07-15,186.029999,189.869995,183.429993,188.020004,188.020004,152500
2021-07-16,189.910004,191.729996,181.190002,182.259995,182.259995,181700
2021-07-19,176.619995,179.580002,171.529999,174.940002,174.940002,201600
2021-07-20,176.130005,189.479996,175.070007,188.449997,188.449997,293800
2021-07-21,191.050003,197.440002,190.720001,196.360001,196.360001,289500
2021-07-22,194.350006,195.440002,190.320007,190.899994,190.899994,134600
2021-07-23,193.210007,194.970001,188.630005,189.509995,189.509995,166600
2021-07-26,190.220001,194.490005,189.380005,194.100006,194.100006,226900
2021-07-27,192.440002,192.720001,187.000000,192.350006,192.350006,129200
2021-07-28,195.110001,196.949997,188.000000,191.910004,191.910004,159000
2021-07-29,199.029999,201.270004,193.509995,196.229996,196.229996,229900
2021-07-30,194.839996,198.839996,187.809998,190.119995,190.119995,166400
2021-08-02,191.399994,197.009995,188.259995,188.630005,188.630005,133400
2021-08-03,188.630005,189.070007,183.789993,188.690002,188.690002,170300
2021-08-04,185.630005,188.020004,182.729996,185.210007,185.210007,147100
2021-08-05,185.929993,192.449997,185.600006,192.270004,192.270004,98500
2021-08-06,194.630005,196.279999,188.289993,191.800003,191.800003,122400
2021-08-09,190.059998,190.690002,184.320007,189.509995,189.509995,111100
2021-08-10,190.710007,197.309998,190.000000,194.740005,194.740005,144100
2021-08-11,194.460007,198.789993,190.289993,198.339996,198.339996,117700
2021-08-12,197.169998,197.169998,191.669998,196.130005,196.130005,84600
2021-08-13,195.300003,195.300003,190.470001,191.779999,191.779999,87100
2021-08-16,190.570007,194.800003,188.160004,191.830002,191.830002,118900
2021-08-17,188.380005,188.380005,182.029999,187.630005,187.630005,244200
2021-08-18,186.860001,189.360001,185.240005,186.160004,186.160004,106300
2021-08-19,184.490005,185.419998,172.149994,177.339996,177.339996,253700
2021-08-20,177.850006,180.830002,176.610001,177.710007,177.710007,138000
2021-08-23,179.610001,185.039993,179.610001,184.509995,184.509995,122700
2021-08-24,186.339996,188.139999,183.919998,186.679993,186.679993,159800
2021-08-25,187.339996,189.990005,185.050003,189.470001,189.470001,103800
2021-08-26,188.210007,190.000000,184.139999,185.649994,185.649994,101800
2021-08-27,186.380005,192.690002,186.380005,191.179993,191.179993,111700
2021-08-30,192.860001,192.860001,184.179993,188.520004,188.520004,147600