Date,Open,High,Low,Close,Adj Close,Volume
2021-01-04,19.930000,20.150000,19.600000,19.740000,19.740000,1038700
2021-01-05,19.620001,19.879999,19.290001,19.500000,19.500000,1083200
2021-01-06,19.320000,19.719999,19.200001,19.500000,19.500000,1106800
2021-01-07,19.809999,21.110001,19.580000,20.590000,20.590000,3343500
2021-01-08,20.459999,20.900000,19.780001,20.379999,20.379999,1584200
2021-01-11,20.379999,21.549999,20.110001,21.459999,21.459999,1323400
2021-01-12,21.389999,22.549999,21.280001,22.090000,22.090000,1832800
2021-01-13,22.209999,22.330000,21.780001,21.820000,21.820000,891600
2021-01-14,21.840000,22.080000,21.240000,22.000000,22.000000,1006600
2021-01-15,21.900000,22.459999,21.459999,22.370001,22.370001,2026400
2021-01-19,22.719999,23.020000,22.299999,22.850000,22.850000,1343500
2021-01-20,22.820000,23.020000,22.030001,22.290001,22.290001,1870700
2021-01-21,22.219999,22.270000,21.160000,21.469999,21.469999,1234700
2021-01-22,21.170000,22.280001,21.150000,22.190001,22.190001,1784500
2021-01-25,22.280001,22.910000,21.770000,22.870001,22.870001,2049500
2021-01-26,22.969999,22.969999,21.629999,21.690001,21.690001,930100
2021-01-27,21.480000,22.090000,20.840000,21.540001,21.540001,1457100
2021-01-28,21.610001,21.840000,20.969999,21.200001,21.200001,877600
2021-01-29,21.389999,21.760000,20.690001,20.990000,20.990000,1383700
2021-02-01,21.400000,21.820000,20.860001,21.770000,21.770000,823100
2021-02-02,21.940001,22.240000,21.610001,22.200001,22.200001,1254400
2021-02-03,22.209999,22.629999,21.719999,22.010000,22.010000,1025400
2021-02-04,22.110001,22.190001,21.629999,21.760000,21.760000,701900
2021-02-05,21.840000,22.360001,21.790001,22.330000,22.330000,1326700
2021-02-08,22.389999,23.320000,22.340000,23.040001,23.040001,2238300
2021-02-09,23.110001,23.290001,22.730000,23.200001,23.200001,1636000
2021-02-10,23.389999,23.920000,22.549999,22.930000,22.930000,1691300
2021-02-11,22.219999,22.500000,20.000000,20.020000,20.020000,3588100
2021-02-12,20.410000,20.719999,19.930000,20.219999,20.219999,2157300
2021-02-16,20.250000,20.350000,19.610001,19.790001,19.790001,1251200
2021-02-17,19.750000,20.059999,19.360001,19.969999,19.969999,1070000
2021-02-18,19.670000,19.870001,19.309999,19.660000,19.660000,896400
2021-02-19,19.700001,20.120001,19.480000,19.580000,19.580000,1090100
2021-02-22,19.440001,19.900000,19.260000,19.730000,19.730000,902900
2021-02-23,19.360001,19.940001,19.219999,19.650000,19.650000,1277200
2021-02-24,19.590000,20.200001,19.510000,19.879999,19.879999,975600
2021-02-25,19.870001,20.299999,19.410000,19.440001,19.440001,913600
2021-02-26,19.459999,19.910000,18.520000,19.040001,19.040001,1719800
2021-03-01,19.200001,19.610001,18.980000,19.200001,19.200001,793900
2021-03-02,19.059999,19.360001,18.920000,19.190001,19.190001,1176700
2021-03-03,19.299999,19.379999,18.450001,18.639999,18.639999,1356500
2021-03-04,18.650000,18.910000,18.139999,18.209999,18.209999,979800
2021-03-05,18.440001,19.340000,18.020000,19.280001,19.280001,1528900
2021-03-08,19.309999,19.740000,19.110001,19.230000,19.230000,1400800
2021-03-09,19.290001,20.040001,19.280001,19.650000,19.650000,1300600
2021-03-10,19.809999,20.100000,19.180000,19.200001,19.200001,1220600
2021-03-11,19.500000,19.850000,19.200001,19.480000,19.480000,1397200
2021-03-12,19.290001,19.469999,19.020000,19.420000,19.420000,1099700
2021-03-15,19.330000,19.870001,19.309999,19.820000,19.820000,809400
2021-03-16,20.000000,20.090000,19.530001,19.750000,19.750000,1040600
2021-03-17,19.620001,20.309999,19.450001,20.160000,20.160000,1502300
2021-03-18,19.969999,20.200001,19.600000,19.620001,19.620001,874600
2021-03-19,19.760000,20.100000,19.549999,20.049999,20.049999,2007500
2021-03-22,20.120001,20.500000,20.049999,20.270000,20.270000,1002700
2021-03-23,20.100000,20.280001,19.360001,19.379999,19.379999,824300
2021-03-24,19.389999,19.770000,18.809999,19.430000,19.430000,1399900
2021-03-25,19.240000,20.090000,19.059999,19.799999,19.799999,1202500
2021-03-26,19.940001,20.000000,19.150000,19.520000,19.520000,770000
2021-03-29,19.330000,19.469999,18.900000,19.070000,19.070000,858300
2021-03-30,19.040001,19.350000,18.670000,18.719999,18.719999,612900
2021-03-31,18.730000,19.240000,18.639999,18.680000,18.680000,1249800
2021-04-01,18.809999,19.320000,18.490000,19.150000,19.150000,802300
2021-04-05,19.139999,19.400000,18.959999,19.260000,19.260000,673800
2021-04-06,19.129999,19.690001,19.049999,19.110001,19.110001,563000
2021-04-07,19.219999,19.219999,18.920000,19.070000,19.070000,834900
2021-04-08,19.080000,19.260000,18.850000,19.049999,19.049999,1240400
2021-04-09,19.040001,19.340000,18.840000,19.020000,19.020000,1249800
2021-04-12,18.969999,18.980000,18.430000,18.780001,18.780001,1154500
2021-04-13,18.790001,18.930000,18.459999,18.860001,18.860001,666000
2021-04-14,18.850000,19.860001,18.850000,19.230000,19.230000,1668600
2021-04-15,19.320000,19.920000,19.320000,19.770000,19.770000,1184200
2021-04-16,19.950001,20.000000,19.570000,19.870001,19.870001,1318700
2021-04-19,19.790001,20.209999,19.760000,20.059999,20.059999,1468900
2021-04-20,19.920000,20.480000,19.920000,20.160000,20.160000,1305800
2021-04-21,20.059999,20.600000,19.940001,20.500000,20.500000,1174500
2021-04-22,20.410000,21.100000,20.270000,20.920000,20.920000,1574100
2021-04-23,21.100000,21.350000,20.760000,21.280001,21.280001,1261700
2021-04-26,21.469999,22.900000,21.469999,22.469999,22.469999,2653700
2021-04-27,22.400000,22.980000,22.320000,22.500000,22.500000,2470300
2021-04-28,22.000000,22.590000,21.559999,21.770000,21.770000,1680300
2021-04-29,22.270000,22.270000,21.559999,21.780001,21.780001,1059100
2021-04-30,21.670000,22.110001,21.610001,22.010000,22.010000,1585200
2021-05-03,22.260000,22.559999,22.000000,22.129999,22.129999,1435300
2021-05-04,22.070000,22.480000,21.980000,22.299999,22.299999,1799200
2021-05-05,22.200001,22.469999,21.980000,22.049999,22.049999,1548500
2021-05-06,21.900000,22.260000,21.520000,22.010000,22.010000,1867100
2021-05-07,22.070000,22.490000,21.940001,22.000000,22.000000,3003300
2021-05-10,21.889999,22.200001,21.639999,21.650000,21.650000,3055300
2021-05-11,21.370001,22.379999,21.170000,22.340000,22.340000,1643000
2021-05-12,22.330000,22.889999,22.260000,22.440001,22.440001,1946000
2021-05-13,22.469999,22.660000,22.110001,22.240000,22.240000,1081800
2021-05-14,22.230000,22.320000,21.930000,22.260000,22.260000,1645800
2021-05-17,22.260000,22.440001,21.959999,22.080000,22.080000,852300
2021-05-18,22.000000,22.049999,21.760000,21.879999,21.879999,1544100
2021-05-19,21.770000,21.950001,21.500000,21.809999,21.809999,981900
2021-05-20,21.820000,21.990000,21.600000,21.920000,21.920000,2185000
2021-05-21,22.000000,22.790001,21.850000,22.190001,22.190001,6752100
2021-05-24,22.350000,22.459999,22.129999,22.139999,22.139999,4597700
2021-05-25,22.110001,22.260000,21.520000,21.590000,21.590000,3425100
2021-05-26,21.850000,22.400000,21.740000,22.309999,22.309999,1861100
2021-05-27,22.309999,22.660000,22.260000,22.559999,22.559999,1333700
2021-05-28,22.650000,22.950001,22.590000,22.670000,22.670000,1252400
2021-06-01,22.850000,23.170000,22.600000,23.150000,23.150000,2657500
2021-06-02,23.219999,23.440001,23.110001,23.299999,23.299999,1563100
2021-06-03,23.360001,23.500000,23.059999,23.070000,23.070000,1300100
2021-06-04,23.230000,23.330000,23.020000,23.080000,23.080000,956800
2021-06-07,23.139999,24.219999,23.120001,23.500000,23.500000,2903300
2021-06-08,23.440001,24.620001,23.170000,24.480000,24.480000,2175300
2021-06-09,24.600000,24.860001,24.400000,24.700001,24.700001,1194800
2021-06-10,24.700001,25.299999,24.629999,25.150000,25.150000,2387100
2021-06-11,25.030001,25.299999,24.959999,25.030001,25.030001,1554400
2021-06-14,25.469999,25.469999,24.430000,24.719999,24.719999,2587500
2021-06-15,24.670000,24.780001,24.469999,24.629999,24.629999,995700
2021-06-16,24.590000,25.120001,24.520000,25.090000,25.090000,1495200
2021-06-17,25.020000,25.299999,24.549999,24.690001,24.690001,1259200
2021-06-18,24.500000,24.620001,24.360001,24.420000,24.420000,2547200
2021-06-21,24.620001,24.930000,24.549999,24.740000,24.740000,904300
2021-06-22,24.629999,24.730000,24.180000,24.240000,24.240000,1136500
2021-06-23,24.299999,24.469999,24.090000,24.170000,24.170000,1855800
2021-06-24,24.129999,24.559999,24.059999,24.520000,24.520000,2010500
2021-06-25,24.510000,24.709999,23.840000,24.129999,24.129999,19887600
2021-06-28,24.150000,24.639999,24.150000,24.620001,24.620001,2214800
2021-06-29,24.680000,24.980000,24.270000,24.299999,24.299999,1450800
2021-06-30,24.200001,24.620001,24.129999,24.520000,24.520000,1600300
2021-07-01,24.570000,24.990000,24.480000,24.900000,24.900000,1498900
2021-07-02,25.020000,25.440001,24.700001,25.299999,25.299999,1216900
2021-07-06,25.490000,25.559999,25.160000,25.559999,25.559999,1265100
2021-07-07,25.610001,25.740000,25.440001,25.490000,25.490000,1134700
2021-07-08,25.129999,25.530001,25.010000,25.440001,25.440001,1720400
2021-07-09,25.600000,25.719999,25.299999,25.360001,25.360001,1745500
2021-07-12,25.270000,25.420000,24.730000,24.910000,24.910000,2198400
2021-07-13,24.770000,25.049999,24.420000,24.440001,24.440001,1124400
2021-07-14,24.440001,24.480000,23.870001,23.959999,23.959999,1836800
2021-07-15,23.860001,23.860001,23.110001,23.650000,23.650000,2089200
2021-07-16,23.790001,23.910000,23.510000,23.709999,23.709999,1591800
2021-07-19,23.340000,23.590000,23.160000,23.370001,23.370001,1446700
2021-07-20,23.459999,24.020000,23.270000,23.980000,23.980000,1486200
2021-07-21,23.969999,24.170000,23.809999,24.100000,24.100000,840900
2021-07-22,23.990000,24.309999,23.750000,24.150000,24.150000,849200
2021-07-23,24.260000,24.530001,24.080000,24.480000,24.480000,653300
2021-07-26,24.549999,24.690001,24.270000,24.370001,24.370001,1168300
2021-07-27,24.260000,24.309999,23.650000,24.139999,24.139999,1139200
2021-07-28,24.450001,25.910000,24.139999,25.770000,25.770000,1621300
2021-07-29,26.000000,26.000000,25.330000,25.559999,25.559999,1161600
2021-07-30,25.600000,25.950001,25.360001,25.870001,25.870001,1424600
2021-08-02,26.200001,27.010000,26.110001,26.940001,26.940001,2166100
2021-08-03,26.980000,27.930000,26.830000,27.860001,27.860001,3156200
2021-08-04,27.740000,28.410000,27.680000,27.969999,27.969999,2241600
2021-08-05,28.309999,28.420000,27.490000,27.980000,27.980000,1667500
2021-08-06,27.860001,28.910000,27.700001,28.559999,28.559999,2275400
2021-08-09,28.650000,28.740000,28.280001,28.580000,28.580000,1603300
2021-08-10,28.500000,28.709999,28.280001,28.650000,28.650000,1726300
2021-08-11,28.709999,28.809999,28.330000,28.610001,28.610001,1026100
2021-08-12,28.620001,28.959999,28.280001,28.959999,28.959999,750900
2021-08-13,28.959999,29.049999,28.450001,28.750000,28.750000,3914400
2021-08-16,28.790001,28.840000,27.920000,28.090000,28.090000,1543400
2021-08-17,27.950001,29.110001,27.780001,29.090000,29.090000,1273100
2021-08-18,29.440001,29.799999,29.030001,29.559999,29.559999,1273300
2021-08-19,29.440001,30.290001,29.340000,29.799999,29.799999,1477100
2021-08-20,29.700001,30.320000,29.600000,30.250000,30.250000,1121100
2021-08-23,30.430000,30.700001,29.959999,30.049999,30.049999,1433700
2021-08-24,29.680000,30.370001,29.680000,30.370001,30.370001,912400
2021-08-25,30.480000,30.730000,30.170000,30.650000,30.650000,1041400
2021-08-26,30.700001,30.770000,30.450001,30.530001,30.530001,776000
2021-08-27,30.520000,31.120001,30.370001,31.110001,31.110001,1312300
2021-08-30,31.230000,31.490000,30.959999,31.410000,31.410000,890400