Date,Open,High,Low,Close,Adj Close,Volume
2021-01-04,140.000000,151.509995,131.500000,133.770004,133.770004,365200
2021-01-05,131.600006,132.919998,116.000000,123.120003,123.120003,843000
2021-01-06,122.820000,125.589996,120.080002,125.309998,125.309998,466900
2021-01-07,125.320000,128.759995,125.320000,127.500000,127.500000,605100
2021-01-08,127.080002,128.259995,125.089996,127.730003,127.730003,474500
2021-01-11,126.059998,128.850006,124.720001,127.070000,127.070000,317100
2021-01-12,127.070000,130.699997,125.120003,128.740005,128.740005,393300
2021-01-13,127.739998,128.610001,121.870003,122.360001,122.360001,217100
2021-01-14,122.949997,129.259995,122.949997,128.550003,128.550003,236600
2021-01-15,128.649994,132.240005,127.510002,128.509995,128.509995,283800
2021-01-19,129.139999,129.210007,124.440002,127.040001,127.040001,325400
2021-01-20,128.320007,133.509995,127.440002,129.190002,129.190002,258600
2021-01-21,130.000000,130.960007,125.269997,128.630005,128.630005,214200
2021-01-22,127.589996,133.539993,126.349998,132.330002,132.330002,285600
2021-01-25,132.399994,134.559998,128.470001,131.490005,131.490005,182400
2021-01-26,130.860001,133.860001,127.000000,127.889999,127.889999,297400
2021-01-27,125.160004,134.990005,120.489998,129.919998,129.919998,486300
2021-01-28,130.860001,137.179993,125.860001,126.440002,126.440002,272400
2021-01-29,127.669998,135.380005,127.290001,133.330002,133.330002,414400
2021-02-01,134.919998,137.000000,129.580002,135.240005,135.240005,311200
2021-02-02,135.850006,136.339996,132.970001,136.339996,136.339996,399000
2021-02-03,136.949997,140.320007,133.630005,138.279999,138.279999,287800
2021-02-04,139.000000,142.990005,136.910004,141.600006,141.600006,264500
2021-02-05,142.970001,144.139999,140.339996,144.139999,144.139999,196300
2021-02-08,145.100006,150.619995,143.130005,150.619995,150.619995,224300
2021-02-09,150.000000,154.350006,149.580002,153.660004,153.660004,407900
2021-02-10,154.100006,157.979996,142.949997,143.419998,143.419998,324100
2021-02-11,144.259995,147.039993,138.559998,140.380005,140.380005,162500
2021-02-12,141.070007,141.070007,137.910004,138.809998,138.809998,191400
2021-02-16,139.910004,139.910004,134.059998,135.190002,135.190002,194400
2021-02-17,133.720001,137.350006,129.699997,135.860001,135.860001,200500
2021-02-18,134.110001,137.789993,132.000000,133.759995,133.759995,239800
2021-02-19,133.759995,139.509995,133.759995,135.649994,135.649994,144500
2021-02-22,133.570007,135.149994,124.339996,124.750000,124.750000,275600
2021-02-23,122.029999,122.529999,114.019997,119.519997,119.519997,422000
2021-02-24,123.809998,126.330002,120.279999,121.000000,121.000000,353400
2021-02-25,119.650002,125.940002,117.779999,118.260002,118.260002,265000
2021-02-26,119.769997,123.599998,114.650002,121.180000,121.180000,258400
2021-03-01,121.269997,127.050003,117.440002,118.290001,118.290001,309400
2021-03-02,118.510002,124.989998,115.820000,116.019997,116.019997,281700
2021-03-03,115.099998,117.239998,110.239998,111.379997,111.379997,187000
2021-03-04,109.709999,114.199997,108.089996,113.139999,113.139999,289300
2021-03-05,115.489998,124.019997,114.050003,123.730003,123.730003,519300
2021-03-08,124.680000,126.800003,119.739998,121.029999,121.029999,342400
2021-03-09,122.209999,125.809998,117.889999,120.360001,120.360001,215800
2021-03-10,120.879997,125.139999,118.040001,120.160004,120.160004,188600
2021-03-11,120.519997,125.500000,120.519997,123.739998,123.739998,214600
2021-03-12,122.400002,125.199997,121.610001,123.989998,123.989998,120200
2021-03-15,122.879997,124.970001,119.239998,123.199997,123.199997,207200
2021-03-16,123.839996,124.180000,119.160004,122.199997,122.199997,253700
2021-03-17,120.599998,123.349998,119.410004,122.489998,122.489998,223600
2021-03-18,120.599998,123.190002,111.000000,112.459999,112.459999,388700
2021-03-19,112.760002,119.510002,112.760002,116.900002,116.900002,576100
2021-03-22,117.889999,120.620003,117.379997,118.209999,118.209999,190400
2021-03-23,116.930000,120.309998,111.879997,117.779999,117.779999,231600
2021-03-24,119.489998,119.489998,110.779999,111.239998,111.239998,295200
2021-03-25,108.730003,112.629997,106.250000,112.220001,112.220001,219800
2021-03-26,113.169998,116.330002,110.690002,115.139999,115.139999,256800
2021-03-29,112.650002,114.510002,107.160004,110.050003,110.050003,201100
2021-03-30,110.400002,112.110001,105.580002,109.730003,109.730003,193800
2021-03-31,108.980003,115.940002,108.930000,114.779999,114.779999,203500
2021-04-01,115.900002,116.360001,112.059998,114.099998,114.099998,171100
2021-04-05,115.040001,116.610001,111.239998,112.610001,112.610001,193100
2021-04-06,112.150002,113.290001,109.000000,110.000000,110.000000,173600
2021-04-07,109.559998,111.330002,106.000000,106.980003,106.980003,160100
2021-04-08,107.930000,110.239998,107.190002,108.000000,108.000000,199000
2021-04-09,108.360001,108.570000,104.930000,105.000000,105.000000,165500
2021-04-12,104.790001,107.690002,102.190002,104.410004,104.410004,201800
2021-04-13,104.980003,106.620003,101.300003,104.459999,104.459999,137900
2021-04-14,105.290001,109.180000,103.620003,107.589996,107.589996,107200
2021-04-15,108.029999,109.540001,106.870003,108.139999,108.139999,81600
2021-04-16,109.379997,109.800003,104.300003,104.500000,104.500000,131400
2021-04-19,103.430000,106.209999,102.739998,105.160004,105.160004,124100
2021-04-20,105.019997,107.959999,101.650002,104.129997,104.129997,148100
2021-04-21,103.620003,106.669998,103.190002,105.349998,105.349998,138800
2021-04-22,107.300003,110.180000,105.389999,107.160004,107.160004,178500
2021-04-23,107.239998,108.139999,105.279999,107.400002,107.400002,78100
2021-04-26,108.540001,110.500000,106.650002,109.889999,109.889999,85600
2021-04-27,110.279999,111.160004,108.790001,111.110001,111.110001,91700
2021-04-28,110.410004,114.379997,110.250000,113.309998,113.309998,119200
2021-04-29,114.120003,114.120003,107.099998,108.559998,108.559998,116000
2021-04-30,107.339996,111.550003,107.339996,109.120003,109.120003,118900
2021-05-03,110.199997,112.199997,108.050003,108.790001,108.790001,126500
2021-05-04,107.760002,107.760002,103.389999,104.269997,104.269997,234400
2021-05-05,104.199997,106.239998,100.110001,101.120003,101.120003,136300
2021-05-06,100.489998,101.050003,97.699997,99.150002,99.150002,226300
2021-05-07,100.199997,104.489998,98.169998,100.930000,100.930000,108600
2021-05-10,100.199997,100.199997,94.910004,94.949997,94.949997,193900
2021-05-11,96.099998,102.320000,89.769997,99.089996,99.089996,359500
2021-05-12,97.580002,100.800003,96.400002,98.889999,98.889999,160400
2021-05-13,99.820000,101.910004,96.269997,97.940002,97.940002,175400
2021-05-14,98.220001,102.339996,98.010002,100.639999,100.639999,137200
2021-05-17,99.489998,101.760002,97.230003,100.540001,100.540001,117400
2021-05-18,103.760002,104.750000,100.709999,101.050003,101.050003,191600
2021-05-19,99.790001,101.089996,97.910004,98.559998,98.559998,143600
2021-05-20,98.879997,102.699997,98.879997,101.000000,101.000000,132400
2021-05-21,102.139999,103.459999,100.660004,101.849998,101.849998,166700
2021-05-24,102.540001,103.000000,98.610001,100.349998,100.349998,115600
2021-05-25,100.900002,101.669998,99.360001,99.830002,99.830002,226800
2021-05-26,100.739998,101.400002,99.739998,100.970001,100.970001,137600
2021-05-27,101.430000,102.050003,98.680000,99.160004,99.160004,382100
2021-05-28,100.070000,104.970001,100.070000,101.440002,101.440002,231400
2021-06-01,101.760002,101.790001,96.150002,96.540001,96.540001,155000
2021-06-02,96.620003,97.019997,93.160004,95.570000,95.570000,152400
2021-06-03,95.089996,97.449997,90.160004,90.870003,90.870003,240700
2021-06-04,90.970001,94.860001,88.190002,89.620003,89.620003,344000
2021-06-07,89.510002,93.279999,89.510002,91.309998,91.309998,356000
2021-06-08,91.980003,93.489998,90.989998,92.379997,92.379997,216100
2021-06-09,93.089996,93.320000,90.589996,92.309998,92.309998,299000
2021-06-10,92.430000,93.250000,89.389999,92.379997,92.379997,296000
2021-06-11,92.580002,95.089996,91.309998,93.910004,93.910004,253800
2021-06-14,94.620003,95.010002,90.000000,90.870003,90.870003,271200
2021-06-15,90.900002,92.209999,89.730003,91.800003,91.800003,217500
2021-06-16,91.480003,93.519997,87.949997,89.260002,89.260002,276600
2021-06-17,88.889999,89.959999,87.440002,89.379997,89.379997,193500
2021-06-18,88.239998,92.519997,87.650002,91.860001,91.860001,751600
2021-06-21,92.650002,96.470001,91.800003,92.779999,92.779999,294700
2021-06-22,92.339996,94.790001,88.449997,90.739998,90.739998,386700
2021-06-23,91.180000,92.320000,89.230003,91.239998,91.239998,181800
2021-06-24,91.919998,94.779999,91.059998,94.260002,94.260002,230100
2021-06-25,94.860001,95.089996,91.739998,92.290001,92.290001,1314000
2021-06-28,93.180000,94.440002,91.860001,92.360001,92.360001,221100
2021-06-29,92.470001,92.849998,88.029999,88.320000,88.320000,303800
2021-06-30,88.160004,89.820000,85.099998,85.370003,85.370003,337400
2021-07-01,85.849998,88.870003,85.389999,87.300003,87.300003,296800
2021-07-02,87.379997,87.529999,85.669998,85.820000,85.820000,152600
2021-07-06,85.559998,87.419998,85.379997,85.459999,85.459999,253700
2021-07-07,85.529999,86.900002,82.860001,84.260002,84.260002,270100
2021-07-08,82.589996,85.180000,82.589996,84.419998,84.419998,252200
2021-07-09,85.440002,85.830002,82.559998,83.889999,83.889999,140300
2021-07-12,83.980003,84.860001,81.699997,82.980003,82.980003,234000
2021-07-13,82.779999,84.279999,78.330002,78.379997,78.379997,303300
2021-07-14,78.930000,79.120003,75.410004,76.529999,76.529999,652800
2021-07-15,76.910004,81.690002,75.750000,79.239998,79.239998,809400
2021-07-16,79.800003,83.000000,79.220001,80.820000,80.820000,292600
2021-07-19,79.550003,81.489998,79.150002,79.680000,79.680000,214400
2021-07-20,80.070000,82.330002,78.879997,81.599998,81.599998,266300
2021-07-21,81.949997,83.050003,81.010002,82.430000,82.430000,223200
2021-07-22,82.019997,83.150002,80.750000,82.260002,82.260002,523200
2021-07-23,82.260002,82.720001,81.610001,82.099998,82.099998,102000
2021-07-26,81.769997,82.779999,80.889999,81.589996,81.589996,142500
2021-07-27,81.599998,81.720001,79.080002,80.699997,80.699997,193100
2021-07-28,80.949997,82.480003,80.160004,81.830002,81.830002,159000
2021-07-29,81.980003,83.349998,80.570000,81.500000,81.500000,274600
2021-07-30,81.370003,82.769997,79.400002,79.559998,79.559998,292900
2021-08-02,80.410004,81.419998,79.360001,79.570000,79.570000,415500
2021-08-03,79.860001,81.070000,77.419998,77.989998,77.989998,341000
2021-08-04,77.629997,80.720001,77.629997,79.930000,79.930000,133200
2021-08-05,80.040001,82.839996,79.480003,82.610001,82.610001,127700
2021-08-06,82.690002,83.050003,78.519997,78.650002,78.650002,176100
2021-08-09,78.599998,80.779999,78.169998,80.059998,80.059998,87400
2021-08-10,82.500000,82.500000,78.129997,80.430000,80.430000,181600
2021-08-11,80.540001,81.660004,79.550003,81.300003,81.300003,109100
2021-08-12,81.800003,81.800003,78.500000,80.989998,80.989998,241700
2021-08-13,81.250000,82.610001,78.500000,82.389999,82.389999,198100
2021-08-16,81.779999,83.040001,79.820000,79.989998,79.989998,191400
2021-08-17,79.610001,85.220001,78.629997,84.720001,84.720001,273600
2021-08-18,85.099998,85.099998,80.750000,80.800003,80.800003,180200
2021-08-19,80.000000,80.769997,76.580002,76.940002,76.940002,159900
2021-08-20,76.419998,80.099998,76.419998,80.000000,80.000000,169400
2021-08-23,80.620003,83.500000,80.260002,83.389999,83.389999,222400
2021-08-24,83.330002,83.809998,81.779999,83.389999,83.389999,128100
2021-08-25,83.269997,85.099998,81.040001,84.519997,84.519997,140900
2021-08-26,84.160004,86.639999,82.510002,84.410004,84.410004,152700
2021-08-27,84.000000,87.330002,83.139999,86.260002,86.260002,195900
2021-08-30,86.059998,89.300003,85.339996,87.089996,87.089996,179700