Date,Open,High,Low,Close,Adj Close,Volume
2021-01-04,58.240002,58.990002,57.084999,57.700001,57.700001,412800
2021-01-05,57.500000,58.459999,57.250000,58.349998,58.349998,158800
2021-01-06,58.270000,60.154999,58.090000,59.750000,59.750000,330000
2021-01-07,60.020000,61.160000,59.450001,60.820000,60.820000,306400
2021-01-08,61.009998,61.570000,59.695000,60.509998,60.509998,185100
2021-01-11,59.790001,61.689999,58.770000,61.630001,61.630001,357300
2021-01-12,61.860001,63.139999,61.779999,62.990002,62.990002,389700
2021-01-13,62.970001,63.000000,59.590000,60.200001,60.200001,289600
2021-01-14,60.209999,62.130001,60.209999,61.730000,61.730000,249800
2021-01-15,61.340000,63.139999,59.000000,59.900002,59.900002,353000
2021-01-19,60.990002,61.509998,60.189999,60.500000,60.500000,195800
2021-01-20,60.970001,62.740002,60.860001,61.869999,61.869999,236000
2021-01-21,62.029999,62.355000,61.419998,61.580002,61.580002,202600
2021-01-22,61.060001,61.240002,59.090000,59.750000,59.750000,426000
2021-01-25,59.610001,60.669998,58.865002,59.009998,59.009998,215100
2021-01-26,59.250000,59.250000,57.889999,58.209999,58.209999,217100
2021-01-27,56.919998,57.840000,55.310001,55.520000,55.520000,382000
2021-01-28,55.750000,57.900002,54.639999,56.950001,56.950001,361100
2021-01-29,57.349998,58.450001,55.919998,55.930000,55.930000,416400
2021-02-01,56.360001,59.439999,56.360001,59.150002,59.150002,467500
2021-02-02,59.700001,60.950001,59.490002,59.860001,59.860001,369500
2021-02-03,59.820000,61.549999,59.630001,61.180000,61.180000,227500
2021-02-04,61.119999,64.209999,60.910000,63.540001,63.540001,276100
2021-02-05,64.540001,64.739998,63.625000,64.639999,64.639999,217600
2021-02-08,66.150002,67.250000,64.129997,65.489998,65.489998,438700
2021-02-09,65.089996,67.169998,64.620003,65.349998,65.349998,428800
2021-02-10,65.800003,66.970001,64.040001,65.830002,65.830002,195600
2021-02-11,66.099998,66.620003,65.010002,66.349998,66.349998,167700
2021-02-12,66.120003,67.379997,65.290001,67.339996,67.339996,183200
2021-02-16,67.800003,68.580002,64.639999,65.010002,65.010002,267700
2021-02-17,64.519997,65.744003,61.820000,62.055000,62.055000,287900
2021-02-18,61.380001,62.470001,60.250000,61.029999,61.029999,246200
2021-02-19,61.380001,64.470001,61.380001,63.080002,63.080002,201400
2021-02-22,62.180000,62.980000,60.700001,61.220001,61.220001,203900
2021-02-23,59.740002,61.150002,58.049999,60.590000,60.590000,347900
2021-02-24,60.000000,61.560001,58.619999,61.169998,61.169998,176800
2021-02-25,60.830002,61.369999,57.669998,57.669998,57.669998,288600
2021-02-26,57.029999,62.029999,57.000000,61.590000,61.590000,660100
2021-03-01,63.310001,64.410004,62.509998,63.270000,63.270000,429700
2021-03-02,63.889999,64.639999,62.875000,63.650002,63.650002,1046500
2021-03-03,64.059998,64.059998,62.080002,62.500000,62.500000,321700
2021-03-04,61.509998,62.490002,58.029999,58.669998,58.669998,405700
2021-03-05,59.240002,59.240002,55.794998,58.439999,58.439999,546900
2021-03-08,58.560001,59.500000,55.500000,55.669998,55.669998,277100
2021-03-09,57.240002,61.055000,57.115002,60.520000,60.520000,249600
2021-03-10,61.680000,62.980000,59.480000,59.740002,59.740002,322500
2021-03-11,61.130001,63.389999,60.900002,62.900002,62.900002,431700
2021-03-12,59.450001,62.389999,59.450001,60.630001,60.630001,327700
2021-03-15,59.750000,62.029999,59.669998,61.930000,61.930000,189600
2021-03-16,60.430000,62.110001,59.290001,60.639999,60.639999,266700
2021-03-17,59.580002,61.110001,59.049999,60.380001,60.380001,347700
2021-03-18,59.669998,60.860001,58.650002,59.139999,59.139999,217200
2021-03-19,58.790001,61.889999,58.450001,61.400002,61.400002,460200
2021-03-22,61.959999,63.980000,61.950001,62.750000,62.750000,277500
2021-03-23,62.720001,64.199997,61.150002,61.459999,61.459999,293600
2021-03-24,61.980000,61.980000,59.930000,60.020000,60.020000,275100
2021-03-25,59.410000,61.060001,58.029999,60.660000,60.660000,177300
2021-03-26,61.130001,63.450001,60.849998,63.450001,63.450001,169800
2021-03-29,63.160000,63.910000,60.919998,61.380001,61.380001,201400
2021-03-30,61.560001,62.470001,60.715000,60.970001,60.970001,227000
2021-03-31,61.400002,63.419998,61.169998,62.570000,62.570000,289000
2021-04-01,63.590000,66.029999,62.845001,63.320000,63.320000,371100
2021-04-05,63.560001,65.449997,63.305000,65.180000,65.180000,199600
2021-04-06,64.660004,65.500000,63.939999,64.290001,64.290001,730200
2021-04-07,64.389999,64.769997,63.459999,64.050003,64.050003,144200
2021-04-08,64.919998,65.470001,64.370003,65.129997,65.129997,176500
2021-04-09,65.059998,65.419998,64.500000,65.150002,65.150002,105800
2021-04-12,64.750000,64.900002,63.459999,63.959999,63.959999,187900
2021-04-13,64.570000,65.300003,63.709999,63.759998,63.759998,150800
2021-04-14,63.680000,65.470001,63.680000,63.990002,63.990002,273200
2021-04-15,64.019997,66.839996,60.830002,61.590000,61.590000,473100
2021-04-16,61.980000,63.360001,60.547001,63.299999,63.299999,302300
2021-04-19,62.470001,63.550999,62.299999,63.290001,63.290001,219000
2021-04-20,62.990002,64.370003,62.990002,63.950001,63.950001,202000
2021-04-21,63.970001,66.019997,63.540001,66.010002,66.010002,222000
2021-04-22,66.290001,67.199997,64.970001,65.209999,65.209999,168500
2021-04-23,65.330002,67.440002,65.320000,67.110001,67.110001,180100
2021-04-26,67.370003,68.239998,67.339996,67.970001,67.970001,163000
2021-04-27,68.000000,68.169998,67.220001,67.610001,67.610001,122300
2021-04-28,67.610001,68.315002,66.750000,68.000000,68.000000,143300
2021-04-29,68.510002,69.000000,66.730003,67.250000,67.250000,481900
2021-04-30,66.360001,67.614998,64.269997,65.000000,65.000000,430600
2021-05-03,65.309998,66.705002,64.550003,65.419998,65.419998,457400
2021-05-04,65.300003,65.559998,63.310001,64.910004,64.910004,374100
2021-05-05,65.000000,66.250000,64.500000,65.000000,65.000000,229200
2021-05-06,64.519997,65.059998,62.060001,64.949997,64.949997,355400
2021-05-07,65.599998,67.470001,64.739998,65.849998,65.849998,662200
2021-05-10,65.790001,66.379997,64.894997,65.519997,65.519997,572900
2021-05-11,63.720001,66.220001,62.985001,65.760002,65.760002,411900
2021-05-12,64.910004,65.849998,62.130001,62.450001,62.450001,311200
2021-05-13,63.630001,64.489998,62.470001,63.480000,63.480000,161100
2021-05-14,64.040001,66.070000,63.680000,66.019997,66.019997,169700
2021-05-17,65.529999,65.910004,64.709999,65.220001,65.220001,198400
2021-05-18,65.379997,66.279999,63.279999,63.349998,63.349998,291500
2021-05-19,62.150002,63.070000,60.250000,62.810001,62.810001,393900
2021-05-20,62.959999,64.900002,62.959999,64.769997,64.769997,229400
2021-05-21,65.360001,66.250000,64.339996,64.860001,64.860001,167900
2021-05-24,65.389999,66.430000,64.809998,65.809998,65.809998,233900
2021-05-25,66.349998,66.620003,64.875000,65.489998,65.489998,286800
2021-05-26,66.050003,66.370003,65.260002,65.459999,65.459999,136400
2021-05-27,65.669998,67.639999,64.720001,67.440002,67.440002,395900
2021-05-28,68.000000,68.385002,67.199997,67.370003,67.370003,287600
2021-06-01,67.330002,67.760002,66.443001,67.029999,67.029999,161200
2021-06-02,67.129997,67.989998,65.400002,66.959999,66.959999,709900
2021-06-03,66.209999,67.260002,65.320000,65.849998,65.849998,115800
2021-06-04,66.559998,67.010002,65.379997,65.449997,65.449997,220200
2021-06-07,65.330002,66.269997,65.214996,65.680000,65.680000,142800
2021-06-08,65.919998,67.099998,65.760002,65.839996,65.839996,180100
2021-06-09,65.889999,66.260002,65.139999,65.250000,65.250000,109600
2021-06-10,65.309998,66.320000,64.339996,65.470001,65.470001,645400
2021-06-11,65.529999,65.830002,65.379997,65.489998,65.489998,95200
2021-06-14,65.510002,67.330002,65.457001,66.779999,66.779999,259700
2021-06-15,66.580002,66.580002,64.300003,64.599998,64.599998,167200
2021-06-16,64.370003,64.649002,62.490002,63.240002,63.240002,236100
2021-06-17,62.770000,63.535000,62.389999,63.270000,63.270000,343700
2021-06-18,63.000000,64.779999,62.889999,64.279999,64.279999,324300
2021-06-21,64.410004,65.678001,63.757999,65.360001,65.360001,127700
2021-06-22,65.190002,66.320000,64.660004,66.309998,66.309998,158700
2021-06-23,66.650002,67.709999,65.849998,67.580002,67.580002,215400
2021-06-24,68.000000,70.050003,67.695000,70.010002,70.010002,359100
2021-06-25,70.500000,71.389999,69.500000,69.570000,69.570000,483200
2021-06-28,69.570000,70.000000,68.445000,69.519997,69.519997,160700
2021-06-29,69.519997,71.529999,69.245003,71.459999,71.459999,467200
2021-06-30,71.029999,71.040001,68.870003,68.970001,68.970001,222800
2021-07-01,68.889999,70.180000,68.410004,70.169998,70.169998,139100
2021-07-02,70.500000,70.739998,70.010002,70.470001,70.470001,109000
2021-07-06,71.000000,72.154999,70.400002,70.500000,70.500000,251900
2021-07-07,70.720001,71.370003,68.669998,68.940002,68.940002,125600
2021-07-08,67.500000,68.300003,66.010002,67.480003,67.480003,196200
2021-07-09,67.639999,69.220001,67.550003,69.080002,69.080002,105900
2021-07-12,69.169998,69.498001,68.199997,69.019997,69.019997,140500
2021-07-13,68.830002,69.489998,67.849998,68.519997,68.519997,88100
2021-07-14,69.139999,69.349998,67.839996,67.910004,67.910004,166900
2021-07-15,67.510002,68.220001,65.285004,66.300003,66.300003,729600
2021-07-16,67.160004,67.160004,64.070000,64.169998,64.169998,225300
2021-07-19,62.959999,66.080002,61.919998,66.010002,66.010002,348500
2021-07-20,66.320000,67.925003,66.320000,66.720001,66.720001,273600
2021-07-21,66.750000,67.610001,66.260002,67.029999,67.029999,173200
2021-07-22,66.980003,67.769997,66.724998,66.949997,66.949997,70800
2021-07-23,66.949997,68.470001,66.559998,68.050003,68.050003,151900
2021-07-26,68.180000,68.199997,67.510002,67.589996,67.589996,87200
2021-07-27,67.940002,67.940002,66.029999,67.529999,67.529999,125400
2021-07-28,67.690002,69.099998,67.410004,69.000000,69.000000,137200
2021-07-29,69.040001,69.279999,68.595001,69.160004,69.160004,115700
2021-07-30,68.750000,69.760002,68.614998,69.760002,69.760002,136900
2021-08-02,70.000000,70.779999,69.370003,69.459999,69.459999,206000
2021-08-03,69.739998,70.680000,69.269997,69.870003,69.870003,139100
2021-08-04,69.559998,69.849998,68.870003,69.059998,69.059998,911900
2021-08-05,68.970001,70.949997,68.970001,70.790001,70.790001,181900
2021-08-06,70.949997,71.849998,68.360001,71.660004,71.660004,170100
2021-08-09,71.830002,72.238998,70.919998,70.980003,70.980003,170900
2021-08-10,71.110001,72.099998,70.260002,70.930000,70.930000,307900
2021-08-11,71.089996,71.449997,70.129997,70.139999,70.139999,178200
2021-08-12,69.860001,72.480003,69.072998,72.160004,72.160004,208400
2021-08-13,72.250000,72.500000,71.830002,72.110001,72.110001,114700
2021-08-16,71.680000,72.599998,70.535004,72.330002,72.330002,221000
2021-08-17,71.709999,71.709999,70.779999,71.180000,71.180000,97000
2021-08-18,71.010002,71.410004,70.559998,70.970001,70.970001,196100
2021-08-19,70.389999,72.949997,70.220001,72.839996,72.839996,125400
2021-08-20,73.099998,74.190002,72.699997,73.620003,73.620003,188300
2021-08-23,74.040001,74.900002,74.000000,74.779999,74.779999,181100
2021-08-24,74.989998,76.519997,74.620003,76.389999,76.389999,281800
2021-08-25,76.389999,76.910004,74.989998,75.120003,75.120003,147500
2021-08-26,74.809998,74.980003,73.169998,73.300003,73.300003,133400
2021-08-27,73.470001,75.550003,73.370003,74.949997,74.949997,121000
2021-08-30,75.230003,75.230003,73.900002,74.070000,74.070000,130900