Date,Open,High,Low,Close,Adj Close,Volume
2021-01-04,68.570000,69.550003,67.400002,68.919998,68.919998,351200
2021-01-05,68.559998,70.180000,68.559998,69.419998,69.419998,326800
2021-01-06,69.680000,72.080002,69.680000,71.540001,71.540001,482400
2021-01-07,71.500000,71.820000,70.220001,71.389999,71.389999,245400
2021-01-08,71.839996,72.349998,70.320000,71.169998,71.169998,206000
2021-01-11,70.680000,71.260002,69.129997,70.309998,70.309998,199900
2021-01-12,72.449997,74.110001,71.129997,72.180000,72.180000,367400
2021-01-13,72.180000,72.900002,70.769997,71.209999,71.209999,308700
2021-01-14,71.940002,72.769997,71.050003,71.980003,71.980003,297600
2021-01-15,71.309998,73.120003,71.099998,72.209999,72.209999,254600
2021-01-19,73.080002,74.379997,72.089996,73.970001,73.970001,330400
2021-01-20,74.250000,75.830002,74.180000,75.510002,75.510002,295000
2021-01-21,76.000000,76.029999,72.989998,73.070000,73.070000,362200
2021-01-22,72.620003,75.120003,71.470001,75.080002,75.080002,269000
2021-01-25,74.580002,76.279999,74.010002,75.440002,75.440002,212400
2021-01-26,76.000000,76.269997,74.570000,75.650002,75.650002,197600
2021-01-27,74.349998,75.410004,72.879997,73.580002,73.580002,332300
2021-01-28,74.230003,74.370003,72.680000,73.160004,73.160004,217900
2021-01-29,73.050003,73.559998,71.480003,72.120003,72.120003,251400
2021-02-01,72.540001,74.580002,71.919998,74.370003,74.370003,243700
2021-02-02,75.000000,75.360001,73.400002,73.599998,73.599998,241100
2021-02-03,73.370003,74.389999,73.029999,73.970001,73.970001,183900
2021-02-04,73.940002,75.360001,73.650002,75.190002,75.190002,209400
2021-02-05,75.900002,75.900002,73.690002,74.489998,74.489998,244600
2021-02-08,74.900002,75.940002,74.730003,75.779999,75.779999,250400
2021-02-09,75.699997,77.000000,75.529999,76.519997,76.519997,240800
2021-02-10,77.000000,77.059998,75.199997,76.470001,76.470001,220400
2021-02-11,76.839996,77.570000,76.269997,77.339996,77.339996,253100
2021-02-12,77.309998,78.269997,76.239998,77.550003,77.550003,286800
2021-02-16,77.750000,79.660004,77.430000,78.529999,78.529999,434300
2021-02-17,77.970001,78.080002,74.279999,75.820000,75.820000,609300
2021-02-18,75.589996,75.589996,72.900002,75.000000,75.000000,521600
2021-02-19,78.190002,80.800003,76.010002,78.949997,78.949997,829000
2021-02-22,78.050003,78.529999,73.800003,74.070000,74.070000,685400
2021-02-23,73.730003,75.660004,72.199997,75.269997,75.269997,589400
2021-02-24,75.070000,76.309998,74.830002,76.150002,76.150002,212500
2021-02-25,76.209999,77.389999,73.550003,73.660004,73.660004,308400
2021-02-26,73.919998,74.870003,72.279999,72.870003,72.870003,457400
2021-03-01,73.660004,76.529999,73.220001,76.290001,76.290001,274800
2021-03-02,76.290001,76.290001,74.080002,74.199997,74.199997,200300
2021-03-03,74.279999,74.610001,72.190002,72.250000,72.250000,397200
2021-03-04,72.000000,73.040001,69.500000,69.779999,69.779999,535200
2021-03-05,70.680000,72.699997,69.529999,72.629997,72.629997,351400
2021-03-08,72.849998,76.160004,72.849998,75.099998,75.099998,338800
2021-03-09,75.820000,77.559998,75.550003,75.809998,75.809998,278000
2021-03-10,75.589996,77.139999,74.510002,75.919998,75.919998,197400
2021-03-11,76.400002,77.580002,75.820000,77.000000,77.000000,239800
2021-03-12,77.400002,79.239998,77.160004,77.949997,77.949997,339500
2021-03-15,77.589996,78.800003,76.519997,76.839996,76.839996,270700
2021-03-16,76.750000,76.959999,74.809998,75.099998,75.099998,298900
2021-03-17,74.500000,76.570000,74.180000,75.900002,75.900002,305500
2021-03-18,76.029999,77.610001,75.440002,76.139999,76.139999,225000
2021-03-19,76.150002,77.379997,75.040001,76.889999,76.889999,492500
2021-03-22,76.980003,77.940002,76.160004,76.919998,76.919998,375000
2021-03-23,76.019997,76.599998,72.279999,73.169998,73.169998,380600
2021-03-24,73.709999,75.000000,72.459999,72.489998,72.489998,250200
2021-03-25,72.099998,74.410004,71.379997,73.839996,73.839996,385000
2021-03-26,74.750000,76.489998,73.989998,75.419998,75.419998,174100
2021-03-29,75.150002,76.900002,73.800003,73.820000,73.820000,229000
2021-03-30,73.750000,74.150002,72.820000,73.500000,73.500000,184100
2021-03-31,73.739998,74.750000,73.260002,73.699997,73.699997,289800
2021-04-01,73.980003,75.449997,73.660004,73.820000,73.820000,234200
2021-04-05,74.230003,75.290001,73.820000,74.900002,74.900002,301600
2021-04-06,74.699997,75.820000,74.459999,74.750000,74.750000,168900
2021-04-07,74.400002,75.019997,73.199997,73.379997,73.379997,285400
2021-04-08,73.720001,75.000000,72.730003,74.949997,74.949997,284800
2021-04-09,75.169998,75.930000,74.470001,75.860001,75.860001,171300
2021-04-12,75.220001,76.540001,75.160004,75.550003,75.550003,225600
2021-04-13,75.000000,76.010002,74.110001,74.980003,74.980003,150800
2021-04-14,75.199997,76.830002,75.199997,75.599998,75.599998,213900
2021-04-15,76.040001,76.800003,75.639999,76.580002,76.580002,160200
2021-04-16,77.099998,77.599998,76.720001,76.919998,76.919998,126300
2021-04-19,76.379997,76.879997,75.440002,75.940002,75.940002,179300
2021-04-20,75.639999,76.120003,73.949997,74.830002,74.830002,143400
2021-04-21,74.970001,77.440002,74.660004,77.089996,77.089996,334100
2021-04-22,77.110001,78.989998,76.849998,78.589996,78.589996,268200
2021-04-23,78.879997,80.489998,78.309998,79.930000,79.930000,257900
2021-04-26,80.599998,80.599998,79.690002,80.070000,80.070000,168800
2021-04-27,80.120003,80.779999,78.839996,79.089996,79.089996,213200
2021-04-28,78.970001,80.680000,78.660004,80.279999,80.279999,255400
2021-04-29,81.000000,81.000000,79.379997,80.430000,80.430000,223600
2021-04-30,80.160004,80.449997,79.010002,79.300003,79.300003,224500
2021-05-03,79.980003,81.730003,79.300003,81.349998,81.349998,507300
2021-05-04,81.000000,81.690002,80.430000,81.370003,81.370003,254900
2021-05-05,81.519997,84.209999,79.949997,83.949997,83.949997,478700
2021-05-06,83.629997,88.900002,83.250000,88.660004,88.660004,644200
2021-05-07,88.919998,94.820000,87.750000,90.360001,90.360001,617900
2021-05-10,91.099998,93.129997,90.529999,92.040001,92.040001,444000
2021-05-11,90.879997,93.809998,90.820000,92.570000,92.570000,526300
2021-05-12,92.489998,93.059998,89.930000,90.430000,90.430000,514200
2021-05-13,90.940002,92.300003,86.959999,87.279999,87.279999,641700
2021-05-14,88.050003,89.839996,87.959999,89.070000,89.070000,329500
2021-05-17,89.430000,89.989998,88.559998,89.199997,89.199997,241500
2021-05-18,89.629997,92.000000,88.669998,88.699997,88.699997,401500
2021-05-19,87.540001,90.430000,87.239998,90.279999,90.279999,336800
2021-05-20,89.940002,90.220001,87.779999,89.250000,89.250000,282000
2021-05-21,90.480003,91.000000,89.070000,89.449997,89.449997,299500
2021-05-24,89.879997,90.559998,89.260002,90.129997,90.129997,234400
2021-05-25,90.540001,90.879997,88.199997,88.239998,88.239998,334400
2021-05-26,88.690002,89.559998,88.370003,88.879997,88.879997,239500
2021-05-27,89.430000,89.779999,88.309998,89.000000,89.000000,357200
2021-05-28,89.000000,89.879997,88.349998,88.699997,88.699997,280100
2021-06-01,89.339996,92.980003,88.809998,92.879997,92.879997,490100
2021-06-02,93.180000,93.620003,90.650002,92.239998,92.239998,462200
2021-06-03,91.900002,93.769997,90.900002,93.160004,93.160004,374400
2021-06-04,93.820000,93.820000,92.180000,93.190002,93.190002,286000
2021-06-07,93.949997,95.980003,93.889999,94.220001,94.220001,289000
2021-06-08,94.050003,96.779999,93.849998,96.550003,96.550003,277900
2021-06-09,96.000000,96.379997,94.360001,95.010002,95.010002,344400
2021-06-10,94.489998,96.180000,94.070000,95.790001,95.790001,248200
2021-06-11,96.120003,96.160004,94.500000,95.730003,95.730003,175800
2021-06-14,95.500000,96.000000,95.099998,95.470001,95.470001,333100
2021-06-15,95.389999,96.910004,94.199997,96.769997,96.769997,273300
2021-06-16,96.349998,96.470001,95.040001,95.790001,95.790001,177500
2021-06-17,95.970001,96.430000,94.129997,95.250000,95.250000,166500
2021-06-18,94.360001,94.809998,93.400002,93.849998,93.849998,341600
2021-06-21,94.690002,95.750000,93.720001,95.410004,95.410004,241400
2021-06-22,95.099998,96.040001,94.209999,95.559998,95.559998,236100
2021-06-23,95.589996,96.040001,94.470001,94.650002,94.650002,258800
2021-06-24,95.099998,95.099998,92.410004,92.629997,92.629997,471900
2021-06-25,92.750000,95.099998,92.150002,94.480003,94.480003,672800
2021-06-28,94.480003,95.099998,93.029999,95.059998,95.059998,289800
2021-06-29,95.349998,96.580002,94.260002,94.730003,94.730003,226400
2021-06-30,93.980003,97.150002,93.980003,96.980003,96.980003,285300
2021-07-01,97.389999,98.330002,96.599998,97.839996,97.839996,392400
2021-07-02,98.260002,98.419998,96.279999,97.040001,97.040001,283700
2021-07-06,97.000000,98.029999,94.279999,97.820000,97.820000,312900
2021-07-07,97.669998,97.930000,95.580002,97.480003,97.480003,268700
2021-07-08,95.889999,97.120003,94.800003,96.500000,96.500000,162000
2021-07-09,97.769997,98.389999,96.930000,97.570000,97.570000,145700
2021-07-12,97.589996,99.480003,96.629997,99.430000,99.430000,221900
2021-07-13,98.879997,99.129997,97.419998,97.480003,97.480003,202500
2021-07-14,98.160004,98.160004,96.250000,96.300003,96.300003,146100
2021-07-15,95.790001,96.480003,95.080002,96.120003,96.120003,219100
2021-07-16,96.919998,97.580002,95.599998,95.739998,95.739998,239600
2021-07-19,94.320000,95.610001,92.410004,94.510002,94.510002,239900
2021-07-20,95.650002,99.320000,95.480003,98.120003,98.120003,423500
2021-07-21,98.699997,100.040001,97.940002,99.220001,99.220001,267700
2021-07-22,98.300003,98.599998,96.830002,97.110001,97.110001,183800
2021-07-23,97.250000,99.360001,97.209999,98.440002,98.440002,200500
2021-07-26,98.519997,99.190002,96.949997,98.470001,98.470001,291100
2021-07-27,98.150002,99.620003,97.779999,99.099998,99.099998,219900
2021-07-28,99.599998,99.949997,96.870003,98.470001,98.470001,260400
2021-07-29,99.529999,100.980003,98.620003,99.980003,99.980003,193500
2021-07-30,99.830002,101.349998,99.830002,100.559998,100.559998,152400
2021-08-02,100.250000,102.330002,100.250000,101.110001,101.110001,232100
2021-08-03,101.669998,103.330002,100.180000,103.309998,103.309998,311600
2021-08-04,101.910004,102.500000,100.739998,101.169998,101.169998,235800
2021-08-05,101.720001,106.830002,101.720001,106.470001,106.470001,561000
2021-08-06,109.650002,110.250000,104.430000,106.599998,106.599998,562900
2021-08-09,106.480003,106.879997,101.599998,104.389999,104.389999,462000
2021-08-10,105.410004,106.629997,103.410004,105.000000,105.000000,304500
2021-08-11,105.019997,106.239998,104.610001,105.790001,105.790001,243000
2021-08-12,105.900002,106.320000,104.790001,105.470001,105.470001,221200
2021-08-13,105.440002,106.160004,104.620003,105.660004,105.660004,245400
2021-08-16,105.940002,109.529999,105.330002,109.220001,109.220001,303000
2021-08-17,108.949997,108.989998,106.080002,107.139999,107.139999,273800
2021-08-18,107.110001,110.459999,106.879997,106.980003,106.980003,259300
2021-08-19,106.260002,106.320000,104.410004,105.440002,105.440002,322100
2021-08-20,105.809998,108.370003,105.339996,107.959999,107.959999,361500
2021-08-23,108.699997,110.540001,108.550003,110.320000,110.320000,224200
2021-08-24,110.239998,111.040001,106.790001,107.089996,107.089996,415800
2021-08-25,107.529999,109.790001,106.430000,108.830002,108.830002,235400
2021-08-26,108.809998,109.529999,107.629997,108.129997,108.129997,147400
2021-08-27,108.699997,110.419998,108.110001,109.349998,109.349998,329000
2021-08-30,109.339996,111.290001,109.339996,110.940002,110.940002,141600