Date,Open,High,Low,Close,Adj Close,Volume
2021-01-04,50.619999,51.099998,48.750000,49.090000,46.183006,332700
2021-01-05,49.220001,50.470001,49.090000,50.130001,47.161419,307200
2021-01-06,51.009998,55.060001,51.009998,54.070000,50.868099,990900
2021-01-07,54.070000,54.720001,51.619999,52.200001,49.108837,724300
2021-01-08,52.330002,52.639999,51.139999,51.610001,48.553780,543600
2021-01-11,51.450001,52.639999,51.340000,52.020000,48.939499,437500
2021-01-12,52.290001,53.259998,51.619999,51.919998,48.845417,374700
2021-01-13,52.000000,54.650002,52.000000,54.419998,51.197372,690900
2021-01-14,54.560001,55.250000,53.509998,53.709999,50.529419,487400
2021-01-15,53.000000,53.220001,51.209999,52.740002,49.616859,555000
2021-01-19,53.389999,53.439999,52.320000,53.169998,50.021397,422800
2021-01-20,53.299999,54.369999,53.130001,54.310001,51.093891,421700
2021-01-21,54.340000,54.580002,53.270000,53.279999,50.124882,352400
2021-01-22,52.730000,53.279999,51.980000,52.790001,49.663898,432000
2021-01-25,52.410000,53.520000,51.730000,52.840000,49.710938,510000
2021-01-26,53.520000,53.810001,52.189999,52.330002,49.231140,264200
2021-01-27,51.660000,51.869999,49.250000,49.500000,46.568726,947800
2021-01-28,50.009998,52.470001,49.810001,51.990002,48.911274,711700
2021-01-29,51.509998,51.529999,48.200001,48.400002,45.533867,888300
2021-02-01,48.910000,50.169998,47.700001,49.939999,46.982666,702000
2021-02-02,50.560001,51.180000,49.599998,50.880001,47.867004,619700
2021-02-03,51.310001,52.320000,49.130001,49.619999,46.681614,893500
2021-02-04,50.720001,52.709999,50.119999,52.360001,49.259365,1054000
2021-02-05,52.360001,53.820000,51.889999,53.250000,50.096657,756700
2021-02-08,54.000000,54.599998,52.980000,53.720001,50.538826,692200
2021-02-09,53.610001,54.580002,53.070000,54.099998,50.896320,475300
2021-02-10,54.439999,54.630001,53.189999,53.380001,50.218960,582800
2021-02-11,52.410000,52.669998,50.459999,52.250000,50.363544,522900
2021-02-12,52.090000,52.770000,51.709999,52.590000,50.691269,443300
2021-02-16,53.000000,53.250000,51.580002,51.580002,49.717735,479100
2021-02-17,51.139999,51.580002,49.750000,50.639999,48.811672,519400
2021-02-18,50.150002,50.180000,48.009998,48.250000,46.507961,904300
2021-02-19,48.470001,49.450001,47.900002,48.730000,46.970631,818800
2021-02-22,48.560001,48.900002,47.529999,47.990002,46.257347,799600
2021-02-23,47.270000,47.900002,46.009998,47.360001,45.650097,1152800
2021-02-24,47.509998,49.410000,47.490002,49.380001,47.597164,814500
2021-02-25,48.650002,49.290001,47.389999,47.480000,45.765762,974400
2021-02-26,48.240002,48.270000,46.939999,47.500000,45.785042,731100
2021-03-01,48.889999,49.660000,48.509998,49.340000,47.558609,1393500
2021-03-02,49.320000,49.330002,48.279999,48.439999,46.691101,616500
2021-03-03,48.529999,49.169998,47.849998,47.860001,46.132042,626700
2021-03-04,47.000000,47.540001,44.840000,46.060001,44.397034,984600
2021-03-05,46.770000,48.040001,44.599998,47.910000,46.180237,676300
2021-03-08,48.220001,48.599998,47.250000,47.320000,45.611538,572500
2021-03-09,47.889999,49.500000,47.500000,48.950001,47.182690,815000
2021-03-10,49.689999,51.029999,49.500000,50.689999,48.859867,744600
2021-03-11,50.970001,51.709999,50.360001,50.619999,48.792393,580900
2021-03-12,50.619999,50.959999,49.759998,49.980000,48.175503,404900
2021-03-15,50.200001,50.910000,49.419998,50.900002,49.062286,440000
2021-03-16,51.150002,51.889999,50.529999,51.570000,49.708092,704100
2021-03-17,51.349998,53.570000,51.250000,53.430000,51.500938,653800
2021-03-18,53.520000,53.599998,51.360001,51.669998,49.804482,664500
2021-03-19,51.669998,53.369999,51.009998,53.020000,51.105743,1063300
2021-03-22,53.139999,53.639999,52.090000,53.119999,51.202133,491600
2021-03-23,52.709999,53.049999,50.970001,51.090000,49.245426,781100
2021-03-24,51.580002,52.340000,51.029999,51.099998,49.255062,747000
2021-03-25,50.689999,51.150002,48.299999,50.950001,49.110477,749600
2021-03-26,51.480000,52.930000,51.000000,52.840000,50.932243,598400
2021-03-29,52.320000,52.799999,50.470001,50.830002,48.994816,520200
2021-03-30,50.750000,51.540001,50.509998,51.389999,49.534592,431300
2021-03-31,51.500000,52.700001,51.349998,52.169998,50.286430,598500
2021-04-01,52.799999,52.970001,52.049999,52.520000,50.623798,390600
2021-04-05,53.000000,54.750000,52.650002,54.410000,52.445560,1278600
2021-04-06,54.500000,54.700001,52.310001,52.980000,51.067188,762300
2021-04-07,52.820000,53.369999,52.320000,53.009998,51.096104,370200
2021-04-08,53.360001,53.560001,51.709999,52.980000,51.067188,739800
2021-04-09,53.480000,53.650002,52.529999,53.360001,51.433468,539600
2021-04-12,53.360001,54.669998,53.290001,54.509998,52.541946,390400
2021-04-13,54.730000,54.790001,53.340000,54.259998,52.300972,531000
2021-04-14,54.139999,55.040001,53.849998,53.939999,51.992527,376700
2021-04-15,54.860001,57.290001,54.169998,56.660000,54.614323,1193500
2021-04-16,57.500000,57.650002,55.529999,56.299999,54.267319,634300
2021-04-19,56.020000,56.259998,54.029999,54.770000,52.792561,599700
2021-04-20,54.250000,55.160000,52.230000,52.930000,51.018993,721200
2021-04-21,52.680000,54.119999,52.610001,54.090000,52.137115,579300
2021-04-22,54.080002,54.549999,53.299999,53.730000,51.790108,614800
2021-04-23,53.950001,55.200001,53.500000,54.970001,52.985340,471500
2021-04-26,55.570000,56.950001,55.400002,56.500000,54.460098,966500
2021-04-27,53.880001,55.110001,53.349998,53.720001,51.780472,1026900
2021-04-28,53.200001,53.720001,51.090000,52.570000,50.671989,1117500
2021-04-29,53.299999,53.720001,51.959999,52.770000,50.864769,530800
2021-04-30,52.060001,52.470001,50.570000,50.919998,49.081562,935900
2021-05-03,51.290001,52.310001,50.810001,51.860001,49.987625,776600
2021-05-04,52.180000,52.869999,51.610001,52.529999,50.633434,601600
2021-05-05,52.779999,54.419998,52.380001,54.400002,52.435921,823900
2021-05-06,54.290001,56.419998,54.119999,56.349998,54.315514,671300
2021-05-07,56.400002,57.209999,56.009998,56.480000,54.440823,560100
2021-05-10,56.590000,57.180000,56.340000,56.369999,54.334793,596800
2021-05-11,54.860001,55.580002,54.299999,55.070000,53.081730,498900
2021-05-12,54.680000,55.000000,50.810001,50.919998,49.081562,853200
2021-05-13,50.240002,51.439999,50.009998,51.009998,50.032982,629000
2021-05-14,51.360001,52.419998,51.080002,52.099998,51.102104,395800
2021-05-17,51.689999,51.900002,50.360001,51.130001,50.150688,514200
2021-05-18,51.020000,51.500000,49.880001,50.200001,49.238499,953900
2021-05-19,49.259998,49.730000,48.400002,49.660000,48.708839,577700
2021-05-20,49.919998,51.320000,49.490002,50.880001,49.905476,437500
2021-05-21,51.310001,51.810001,50.959999,51.270000,50.288006,309100
2021-05-24,51.849998,51.900002,51.189999,51.240002,50.258579,340200
2021-05-25,51.540001,51.939999,50.200001,50.240002,49.277733,388500
2021-05-26,50.389999,51.029999,49.669998,50.669998,49.699493,692000
2021-05-27,51.139999,51.410000,50.779999,51.220001,50.238964,506700
2021-05-28,51.290001,51.349998,50.240002,51.080002,50.101646,389900
2021-06-01,51.759998,51.990002,50.990002,51.680000,50.690151,381300
2021-06-02,51.650002,51.680000,50.799999,51.470001,50.484177,359600
2021-06-03,51.189999,51.950001,50.849998,51.610001,50.621494,309800
2021-06-04,51.619999,51.750000,51.130001,51.599998,50.611683,415100
2021-06-07,51.660000,51.770000,51.349998,51.709999,50.719578,401500
2021-06-08,51.840000,52.700001,50.970001,52.610001,51.602341,425900
2021-06-09,52.669998,52.689999,51.910000,52.250000,51.249233,380500
2021-06-10,53.060001,54.299999,53.000000,53.939999,52.906864,871800
2021-06-11,54.320000,54.590000,53.610001,53.790001,52.759739,422700
2021-06-14,53.849998,54.000000,53.000000,53.779999,52.749928,364800
2021-06-15,53.889999,54.349998,53.490002,53.750000,52.720505,416200
2021-06-16,53.490002,53.490002,52.279999,52.560001,51.553299,578000
2021-06-17,52.119999,52.209999,49.730000,50.619999,49.650452,716300
2021-06-18,49.700001,49.939999,48.270000,48.560001,47.629913,857700
2021-06-21,48.880001,50.049999,48.830002,49.970001,49.012905,324700
2021-06-22,49.750000,49.880001,48.950001,49.880001,48.924629,382400
2021-06-23,50.049999,50.630001,49.880001,50.340000,49.375816,372300
2021-06-24,50.810001,50.930000,50.270000,50.730000,49.758347,290700
2021-06-25,50.939999,51.919998,50.790001,51.869999,50.876511,1919200
2021-06-28,52.009998,52.020000,50.049999,50.349998,49.385624,516600
2021-06-29,50.630001,50.959999,50.099998,50.540001,49.571987,501900
2021-06-30,50.220001,51.209999,50.139999,50.820000,49.846622,421200
2021-07-01,51.259998,51.660000,51.060001,51.349998,50.366470,396400
2021-07-02,51.580002,51.700001,51.000000,51.029999,50.052601,338600
2021-07-06,51.029999,51.360001,50.270000,51.060001,50.082027,373200
2021-07-07,50.799999,51.720001,50.520000,51.549999,50.562641,380300
2021-07-08,50.340000,50.680000,49.369999,49.660000,48.708839,319600
2021-07-09,50.430000,51.340000,50.430000,51.279999,50.297813,420900
2021-07-12,50.660000,51.860001,50.500000,51.830002,50.837280,382200
2021-07-13,51.849998,52.000000,50.549999,50.750000,49.777966,363100
2021-07-14,50.820000,51.380001,50.169998,50.599998,49.630836,406800
2021-07-15,50.090000,50.459999,49.610001,50.110001,49.150223,351200
2021-07-16,50.590000,50.590000,49.330002,49.529999,48.581329,409900
2021-07-19,48.500000,48.950001,47.250000,47.709999,46.796188,564300
2021-07-20,47.830002,49.380001,47.509998,48.970001,48.032059,460800
2021-07-21,49.599998,50.230000,49.520000,50.220001,49.258118,247400
2021-07-22,50.220001,50.220001,48.709999,48.930000,47.992825,292500
2021-07-23,49.500000,49.660000,48.810001,49.169998,48.228226,275300
2021-07-26,49.169998,49.779999,48.770000,49.049999,48.110523,415900
2021-07-27,48.369999,48.560001,47.599998,48.040001,47.119869,444000
2021-07-28,48.040001,48.160000,46.799999,47.220001,46.315578,774800
2021-07-29,47.419998,49.290001,47.119999,48.450001,47.522018,859600
2021-07-30,48.240002,48.650002,47.910000,48.090000,47.168911,572700
2021-08-02,48.599998,49.770000,48.169998,48.610001,47.678951,877900
2021-08-03,48.919998,49.930000,48.580002,49.610001,48.659801,521500
2021-08-04,49.000000,49.709999,48.299999,49.299999,48.355736,597000
2021-08-05,49.980000,50.799999,49.610001,50.540001,49.571987,491100
2021-08-06,50.750000,51.299999,50.020000,51.279999,50.297813,518400
2021-08-09,51.349998,52.389999,50.910000,51.790001,50.798046,457400
2021-08-10,51.860001,52.700001,51.740002,52.290001,51.288467,378300
2021-08-11,52.709999,53.290001,52.290001,52.750000,51.739658,694800
2021-08-12,52.590000,52.959999,51.560001,52.439999,51.435593,497500
2021-08-13,52.490002,52.630001,51.820000,52.209999,51.209999,427200
2021-08-16,50.759998,51.580002,49.970001,51.340000,51.340000,489900
2021-08-17,50.540001,50.889999,49.509998,50.090000,50.090000,556500
2021-08-18,49.630001,50.110001,48.869999,48.880001,48.880001,505500
2021-08-19,48.130001,48.849998,47.369999,48.029999,48.029999,553300
2021-08-20,48.000000,49.230000,47.799999,49.139999,49.139999,380900
2021-08-23,49.529999,50.599998,49.529999,50.439999,50.439999,369100
2021-08-24,50.770000,51.430000,50.340000,51.410000,51.410000,350500
2021-08-25,51.349998,52.230000,51.020000,51.189999,51.189999,419800
2021-08-26,51.110001,51.310001,50.330002,50.500000,50.500000,277300
2021-08-27,50.560001,52.630001,50.560001,52.540001,52.540001,425700
2021-08-30,52.799999,52.799999,51.950001,51.990002,51.990002,437900