Date,Open,High,Low,Close,Adj Close,Volume
2021-01-04,18.129999,18.270000,17.299999,17.570000,17.570000,1387900
2021-01-05,17.610001,17.610001,17.150000,17.459999,17.459999,1004900
2021-01-06,17.730000,17.959999,17.200001,17.430000,17.430000,1501800
2021-01-07,17.459999,17.850000,17.219999,17.299999,17.299999,792400
2021-01-08,17.500000,17.600000,16.750000,16.870001,16.870001,1001800
2021-01-11,16.740000,17.100000,16.629999,16.920000,16.920000,400200
2021-01-12,16.840000,17.389999,16.750000,17.270000,17.270000,839500
2021-01-13,17.260000,17.469999,16.920000,17.049999,17.049999,495000
2021-01-14,17.139999,17.540001,16.940001,17.400000,17.400000,1127900
2021-01-15,17.240000,17.730000,17.219999,17.600000,17.600000,1008800
2021-01-19,17.700001,18.250000,17.700001,17.959999,17.959999,909600
2021-01-20,18.000000,18.480000,17.730000,18.440001,18.440001,855100
2021-01-21,18.500000,18.700001,18.209999,18.450001,18.450001,859000
2021-01-22,18.410000,18.570000,18.125000,18.559999,18.559999,642700
2021-01-25,18.469999,18.969999,18.254999,18.639999,18.639999,883100
2021-01-26,18.740000,19.170000,18.625000,19.110001,19.110001,1015500
2021-01-27,18.740000,18.740000,17.680000,17.969999,17.969999,1574000
2021-01-28,18.180000,18.530001,17.820999,18.230000,18.230000,948000
2021-01-29,18.080000,18.575001,17.900000,17.910000,17.910000,1785800
2021-02-01,18.000000,18.590000,17.840000,18.520000,18.520000,870300
2021-02-02,18.799999,18.799999,18.400000,18.480000,18.480000,960400
2021-02-03,18.500000,18.655001,18.065001,18.400000,18.400000,927400
2021-02-04,18.340000,18.600000,18.200001,18.350000,18.350000,1139700
2021-02-05,18.290001,18.400000,18.136999,18.309999,18.309999,543700
2021-02-08,18.459999,18.510000,18.250000,18.379999,18.379999,886900
2021-02-09,18.389999,18.549999,18.040001,18.100000,18.100000,570800
2021-02-10,18.100000,18.174999,17.750000,17.940001,17.940001,677900
2021-02-11,18.100000,18.450001,17.940001,18.410000,18.410000,1198100
2021-02-12,18.340000,18.910000,18.049999,18.889999,18.889999,2553200
2021-02-16,19.150000,19.370001,18.840000,19.250000,19.250000,1620300
2021-02-17,19.080000,19.370001,18.620001,19.100000,19.100000,995800
2021-02-18,19.180000,19.330000,19.000000,19.150000,19.150000,787900
2021-02-19,19.330000,19.520000,19.190001,19.520000,19.520000,565600
2021-02-22,19.510000,19.680000,18.945000,19.280001,19.280001,1061000
2021-02-23,19.379999,19.459999,18.709999,18.879999,18.879999,1474400
2021-02-24,19.020000,19.370001,18.965000,19.340000,19.340000,665600
2021-02-25,19.410000,19.420000,18.469999,18.610001,18.610001,626800
2021-02-26,18.610001,18.780001,18.320000,18.500000,18.500000,559400
2021-03-01,18.730000,19.629999,18.730000,19.549999,19.549999,1113200
2021-03-02,19.570000,19.830000,19.010000,19.450001,19.450001,924200
2021-03-03,19.540001,20.340000,19.400000,19.559999,19.559999,1544200
2021-03-04,19.559999,20.040001,18.860001,18.910000,18.910000,1133100
2021-03-05,19.070000,19.610001,18.540001,19.610001,19.610001,971900
2021-03-08,19.610001,20.080000,19.530001,19.860001,19.860001,581300
2021-03-09,20.059999,20.211000,19.635000,19.719999,19.719999,426200
2021-03-10,19.870001,20.270000,19.791000,20.100000,20.100000,754600
2021-03-11,20.180000,20.260000,19.770000,20.090000,20.090000,602400
2021-03-12,20.180000,20.520000,20.049999,20.490000,20.490000,547400
2021-03-15,20.469999,20.590000,20.150000,20.490000,20.490000,647400
2021-03-16,20.280001,20.500000,20.200001,20.400000,20.400000,455500
2021-03-17,20.129999,20.570000,19.990000,20.559999,20.559999,532800
2021-03-18,20.400000,20.799999,20.120001,20.180000,20.180000,785000
2021-03-19,20.299999,20.360001,19.920000,20.219999,20.219999,3511300
2021-03-22,20.139999,20.139999,19.440001,19.500000,19.500000,891500
2021-03-23,19.340000,19.600000,19.049999,19.230000,19.230000,1290800
2021-03-24,19.070000,19.500000,18.660000,18.900000,18.900000,2604000
2021-03-25,18.690001,18.959999,18.370001,18.670000,18.670000,2126000
2021-03-26,18.940001,19.719999,18.830000,19.719999,19.719999,817200
2021-03-29,19.629999,20.280001,19.500000,19.510000,19.510000,964900
2021-03-30,19.490000,20.120001,19.350000,19.980000,19.980000,645100
2021-03-31,20.100000,20.959999,20.010000,20.680000,20.680000,1570400
2021-04-01,20.879999,21.790001,20.747000,21.600000,21.600000,1655800
2021-04-05,21.990000,22.230000,21.700001,21.900000,21.900000,995200
2021-04-06,21.790001,22.049999,21.540001,21.639999,21.639999,767600
2021-04-07,21.650000,22.000000,21.510000,21.879999,21.879999,462800
2021-04-08,22.020000,22.200001,21.850000,21.990000,21.990000,1008200
2021-04-09,22.139999,22.360001,21.980000,22.250000,22.250000,816300
2021-04-12,22.309999,22.309999,21.820000,22.020000,22.020000,336100
2021-04-13,22.139999,22.190001,21.870001,22.030001,22.030001,424900
2021-04-14,22.150000,22.156000,21.840000,21.870001,21.870001,467700
2021-04-15,21.900000,22.155001,21.850000,22.139999,22.139999,531500
2021-04-16,22.240000,22.370001,21.959999,22.049999,22.049999,585300
2021-04-19,22.030001,22.170000,21.690001,21.760000,21.760000,731200
2021-04-20,21.670000,21.740000,21.260000,21.420000,21.420000,545600
2021-04-21,21.500000,21.740000,21.170000,21.549999,21.549999,1112300
2021-04-22,21.650000,21.959999,21.490000,21.680000,21.680000,623900
2021-04-23,21.850000,21.920000,21.410000,21.440001,21.440001,581900
2021-04-26,21.610001,21.610001,21.190001,21.200001,21.200001,909900
2021-04-27,21.400000,21.629999,21.190001,21.400000,21.400000,1081300
2021-04-28,21.340000,21.549999,21.110001,21.290001,21.290001,719600
2021-04-29,21.500000,21.590000,21.160000,21.530001,21.530001,312200
2021-04-30,21.309999,21.480000,21.150000,21.260000,21.260000,506500
2021-05-03,21.410000,21.709999,21.340000,21.459999,21.459999,423800
2021-05-04,21.360001,21.420000,20.900000,21.180000,21.180000,405100
2021-05-05,21.250000,21.480000,21.110001,21.360001,21.360001,315300
2021-05-06,21.549999,21.549999,20.959999,21.010000,21.010000,822900
2021-05-07,20.950001,21.459999,20.923000,21.389999,21.389999,2856800
2021-05-10,21.680000,21.680000,21.040001,21.080000,21.080000,964400
2021-05-11,20.690001,21.080000,20.549999,20.850000,20.850000,2462800
2021-05-12,20.750000,20.990000,19.570000,19.660000,19.660000,1819100
2021-05-13,19.480000,19.860001,19.180000,19.450001,19.450001,1104200
2021-05-14,19.690001,19.969999,19.590000,19.650000,19.650000,591300
2021-05-17,19.490000,19.700001,19.160000,19.410000,19.410000,557000
2021-05-18,19.400000,19.570000,18.934999,18.959999,18.959999,769300
2021-05-19,18.590000,19.139999,18.459999,19.080000,19.080000,1189500
2021-05-20,19.059999,19.344999,18.959999,19.250000,19.250000,623900
2021-05-21,19.469999,19.629999,19.400000,19.440001,19.440001,460100
2021-05-24,19.580000,20.340000,19.530001,20.190001,20.190001,1155700
2021-05-25,20.510000,20.750000,20.290001,20.500000,20.500000,1801300
2021-05-26,20.340000,20.480000,20.180000,20.330000,20.330000,659100
2021-05-27,20.400000,20.990000,20.270000,20.969999,20.969999,1042500
2021-05-28,21.000000,21.340000,20.840000,21.150000,21.150000,630900
2021-06-01,21.440001,21.725000,21.180000,21.490000,21.490000,892100
2021-06-02,21.480000,21.650000,21.270000,21.440001,21.440001,762700
2021-06-03,21.260000,21.930000,21.139999,21.670000,21.670000,660600
2021-06-04,21.690001,21.820000,21.490000,21.490000,21.490000,660200
2021-06-07,21.639999,22.510000,21.570000,22.410000,22.410000,1467200
2021-06-08,22.500000,23.260000,22.370001,23.080000,23.080000,1285500
2021-06-09,23.090000,23.170000,22.540001,22.750000,22.750000,713000
2021-06-10,22.750000,22.969999,22.084000,22.120001,22.120001,731600
2021-06-11,22.250000,22.370001,22.020000,22.350000,22.350000,555200
2021-06-14,22.410000,22.545000,22.020000,22.090000,22.090000,527500
2021-06-15,22.170000,22.334999,22.090000,22.290001,22.290001,537900
2021-06-16,22.309999,22.421000,21.900000,22.090000,22.090000,643100
2021-06-17,21.969999,22.160000,21.590000,21.660000,21.660000,750700
2021-06-18,21.340000,21.650000,21.150000,21.219999,21.219999,1424300
2021-06-21,21.400000,21.900000,21.309999,21.660000,21.660000,995600
2021-06-22,21.559999,21.750000,21.209999,21.549999,21.549999,785400
2021-06-23,21.559999,21.670000,21.180000,21.250000,21.250000,615000
2021-06-24,21.450001,21.600000,21.139999,21.540001,21.540001,808200
2021-06-25,21.629999,21.870001,21.129999,21.129999,21.129999,5881800
2021-06-28,21.150000,21.270000,20.760000,20.980000,20.980000,1340700
2021-06-29,21.030001,21.100000,20.830000,20.860001,20.860001,856800
2021-06-30,20.719999,21.040001,20.670000,20.889999,20.889999,635000
2021-07-01,20.990000,21.600000,20.910000,21.570000,21.570000,710700
2021-07-02,21.650000,21.790001,21.395000,21.570000,21.570000,631700
2021-07-06,21.500000,21.500000,21.055000,21.420000,21.420000,661700
2021-07-07,21.299999,21.629999,21.209999,21.240000,21.240000,488500
2021-07-08,20.900000,21.240000,20.570000,20.760000,20.760000,372500
2021-07-09,20.910000,21.469999,20.860001,21.230000,21.230000,442000
2021-07-12,21.020000,21.459999,20.980000,21.440001,21.440001,572000
2021-07-13,21.360001,21.389999,20.920000,20.959999,20.959999,402900
2021-07-14,21.080000,21.360001,20.430000,20.510000,20.510000,417900
2021-07-15,20.330000,20.540001,19.965000,20.340000,20.340000,753200
2021-07-16,20.500000,20.639999,19.930000,19.990000,19.990000,418700
2021-07-19,19.520000,19.780001,19.299999,19.549999,19.549999,944900
2021-07-20,19.559999,20.469999,19.549999,20.309999,20.309999,1013800
2021-07-21,20.440001,20.770000,20.420000,20.530001,20.530001,501400
2021-07-22,20.525000,20.613001,19.940001,19.990000,19.990000,933600
2021-07-23,19.990000,20.420000,19.959999,20.379999,20.379999,508500
2021-07-26,20.379999,20.620001,20.180000,20.340000,20.340000,314700
2021-07-27,21.129999,23.610001,20.719999,22.260000,22.260000,4077300
2021-07-28,22.209999,23.170000,22.040001,22.930000,22.930000,1406800
2021-07-29,23.150000,23.590000,22.950001,23.170000,23.170000,717700
2021-07-30,23.030001,23.510000,22.750000,22.920000,22.920000,613600
2021-08-02,23.030001,23.670000,22.389999,22.459999,22.459999,438300
2021-08-03,22.639999,22.670000,22.320000,22.549999,22.549999,247700
2021-08-04,22.280001,22.535000,22.120001,22.139999,22.139999,282300
2021-08-05,22.330000,22.510000,22.110001,22.360001,22.360001,408900
2021-08-06,22.459999,22.840000,22.230000,22.469999,22.469999,503800
2021-08-09,22.350000,22.430000,22.040001,22.299999,22.299999,306500
2021-08-10,22.280001,22.860001,22.180000,22.830000,22.830000,424900
2021-08-11,22.389999,22.440001,20.920000,21.719999,21.719999,1918100
2021-08-12,21.580000,22.580000,21.559999,22.209999,22.209999,949300
2021-08-13,22.350000,22.910000,22.049999,22.260000,22.260000,1370700
2021-08-16,22.000000,22.790001,21.764999,22.790001,22.790001,1103300
2021-08-17,22.480000,22.520000,21.990000,22.459999,22.459999,926300
2021-08-18,22.690001,23.049999,22.480000,22.500000,22.500000,716100
2021-08-19,22.350000,22.600000,21.980000,22.150000,22.150000,540700
2021-08-20,22.205000,22.790001,22.010000,22.740000,22.740000,712300
2021-08-23,22.990000,23.200001,22.500000,22.940001,22.940001,744800
2021-08-24,22.910000,23.450001,22.879999,23.250000,23.250000,403800
2021-08-25,23.299999,23.495001,23.120001,23.200001,23.200001,335900
2021-08-26,23.049999,23.209999,22.770000,22.840000,22.840000,398200
2021-08-27,22.980000,23.590000,22.900000,23.350000,23.350000,640800
2021-08-30,23.490000,23.600000,23.235001,23.330000,23.330000,273700