Date,Open,High,Low,Close,Adj Close,Volume
2021-01-04,57.240002,57.240002,53.509998,54.590000,54.590000,582600
2021-01-05,55.080002,56.584999,54.619999,55.580002,55.580002,249800
2021-01-06,55.200001,57.584999,54.900002,56.080002,56.080002,333100
2021-01-07,57.560001,58.470001,54.180000,54.810001,54.810001,1191500
2021-01-08,55.580002,57.590000,55.139999,57.389999,57.389999,540000
2021-01-11,57.599998,57.599998,55.424999,56.279999,56.279999,547300
2021-01-12,56.470001,56.470001,53.500000,55.020000,55.020000,781200
2021-01-13,55.180000,55.500000,51.560001,51.990002,51.990002,756700
2021-01-14,51.990002,53.740002,51.185001,53.599998,53.599998,758200
2021-01-15,53.150002,53.980000,51.160000,52.400002,52.400002,714700
2021-01-19,53.200001,54.290001,52.180000,52.494999,52.494999,833000
2021-01-20,52.959999,53.349998,49.680000,49.810001,49.810001,467500
2021-01-21,49.810001,50.259998,47.639999,48.029999,48.029999,702200
2021-01-22,47.509998,48.000000,45.520000,45.680000,45.680000,1068500
2021-01-25,46.160000,47.419998,44.310001,46.290001,46.290001,637800
2021-01-26,46.490002,47.006001,44.509998,44.889999,44.889999,829600
2021-01-27,44.020000,44.560001,41.889999,42.639999,42.639999,957500
2021-01-28,43.509998,46.230000,42.811001,44.900002,44.900002,788800
2021-01-29,45.389999,46.439999,44.200001,44.270000,44.270000,991800
2021-02-01,44.000000,45.000000,42.549999,44.200001,44.200001,866800
2021-02-02,45.110001,47.000000,45.110001,46.040001,46.040001,795500
2021-02-03,45.330002,46.599998,44.700001,45.520000,45.520000,322100
2021-02-04,46.180000,46.750000,45.200001,46.029999,46.029999,721300
2021-02-05,46.619999,47.459999,45.680000,46.180000,46.180000,387400
2021-02-08,46.340000,49.730000,46.180000,49.119999,49.119999,716200
2021-02-09,48.639999,50.250000,48.270000,49.360001,49.360001,623700
2021-02-10,49.630001,50.470001,47.200001,47.720001,47.720001,421500
2021-02-11,48.349998,48.900002,46.700001,47.320000,47.320000,346800
2021-02-12,47.689999,47.689999,45.700001,46.650002,46.650002,360200
2021-02-16,46.000000,47.060001,44.439999,44.730000,44.730000,456900
2021-02-17,44.930000,46.250000,44.000000,45.830002,45.830002,597500
2021-02-18,45.080002,45.951000,44.330002,44.950001,44.950001,514000
2021-02-19,45.250000,47.160000,45.250000,45.730000,45.730000,373300
2021-02-22,45.439999,46.026001,44.509998,45.299999,45.299999,405800
2021-02-23,44.439999,47.040001,43.049999,45.980000,45.980000,550700
2021-02-24,46.330002,46.970001,45.029999,46.200001,46.200001,446500
2021-02-25,46.090000,46.500000,44.259998,45.049999,45.049999,605000
2021-02-26,45.860001,49.119999,45.340000,48.169998,48.169998,794700
2021-03-01,48.580002,50.220001,47.240002,47.680000,47.680000,640400
2021-03-02,47.820000,48.715000,45.549999,45.599998,45.599998,515100
2021-03-03,45.630001,46.285000,44.849998,45.520000,45.520000,390900
2021-03-04,45.049999,46.810001,44.580002,45.650002,45.650002,573600
2021-03-05,46.340000,49.049999,45.000000,48.810001,48.810001,737600
2021-03-08,48.389999,49.360001,46.250000,46.560001,46.560001,465800
2021-03-09,47.259998,49.500000,47.014999,48.279999,48.279999,409100
2021-03-10,49.279999,51.340000,48.740002,51.180000,51.180000,539500
2021-03-11,52.150002,52.259998,49.450001,50.020000,50.020000,809800
2021-03-12,49.640999,49.744999,46.000000,46.660000,46.660000,670300
2021-03-15,46.770000,47.720001,46.000000,47.110001,47.110001,616100
2021-03-16,47.590000,47.869999,45.099998,45.549999,45.549999,481200
2021-03-17,45.240002,46.880001,44.590000,45.939999,45.939999,492000
2021-03-18,45.900002,47.409000,43.750000,44.000000,44.000000,680700
2021-03-19,43.990002,45.400002,43.369999,43.950001,43.950001,1738600
2021-03-22,43.910000,44.794998,42.820000,43.000000,43.000000,1160700
2021-03-23,42.459999,43.130001,41.500000,41.939999,41.939999,831500
2021-03-24,42.250000,44.150002,40.700001,40.799999,40.799999,672900
2021-03-25,40.750000,42.055000,40.029999,41.160000,41.160000,774500
2021-03-26,41.060001,42.049999,39.950001,41.490002,41.490002,667200
2021-03-29,42.790001,44.150002,42.080002,43.540001,43.540001,573800
2021-03-30,43.000000,43.419998,41.799999,42.049999,42.049999,708600
2021-03-31,42.880001,43.279999,42.259998,42.910000,42.910000,540300
2021-04-01,43.410000,44.160000,42.630001,43.299999,43.299999,571400
2021-04-05,44.009998,44.009998,41.970001,42.939999,42.939999,340500
2021-04-06,43.000000,43.330002,41.160000,41.430000,41.430000,823100
2021-04-07,41.220001,42.305000,40.689999,40.900002,40.900002,382000
2021-04-08,41.020000,41.730000,40.849998,41.549999,41.549999,534300
2021-04-09,41.549999,42.139999,41.290001,41.560001,41.560001,746500
2021-04-12,41.369999,41.779999,40.530998,41.590000,41.590000,725100
2021-04-13,41.410000,42.294998,41.389999,42.240002,42.240002,891100
2021-04-14,42.820000,45.150002,42.639999,44.480000,44.480000,703800
2021-04-15,44.490002,45.730000,44.240002,44.759998,44.759998,414700
2021-04-16,47.700001,47.919998,44.615002,45.570000,45.570000,808600
2021-04-19,45.009998,46.610001,45.009998,45.980000,45.980000,407700
2021-04-20,45.779999,46.270000,44.938999,45.990002,45.990002,511900
2021-04-21,45.759998,46.590000,45.290001,46.000000,46.000000,614500
2021-04-22,46.099998,47.560001,45.250000,46.070000,46.070000,1046400
2021-04-23,46.130001,46.200001,43.630001,44.209999,44.209999,660200
2021-04-26,44.669998,45.750000,43.750000,45.160000,45.160000,570100
2021-04-27,44.970001,45.834999,44.689999,45.450001,45.450001,372700
2021-04-28,45.240002,46.000000,44.290001,45.299999,45.299999,394900
2021-04-29,44.810001,48.799999,43.000000,48.240002,48.240002,906500
2021-04-30,48.279999,51.090000,47.855000,50.669998,50.669998,1130900
2021-05-03,50.730000,50.740002,49.049999,50.200001,50.200001,680300
2021-05-04,49.779999,50.990002,49.169998,49.700001,49.700001,557000
2021-05-05,49.750000,50.599998,47.290001,48.189999,48.189999,593900
2021-05-06,48.080002,48.580002,45.490002,46.480000,46.480000,643100
2021-05-07,46.840000,48.724998,46.580002,47.070000,47.070000,1086400
2021-05-10,46.694000,46.709999,44.991001,45.150002,45.150002,569900
2021-05-11,44.869999,47.779999,43.919998,46.639999,46.639999,719300
2021-05-12,46.130001,47.869999,45.415001,46.590000,46.590000,409700
2021-05-13,46.150002,46.901001,44.959999,45.639999,45.639999,479700
2021-05-14,45.389999,46.830002,43.570000,44.259998,44.259998,1205500
2021-05-17,49.009998,54.250000,48.959999,53.060001,53.060001,6234500
2021-05-18,53.827999,55.000000,51.150002,51.310001,51.310001,1384200
2021-05-19,50.119999,51.380001,47.669998,48.220001,48.220001,1176300
2021-05-20,48.169998,49.549999,47.320000,48.950001,48.950001,870100
2021-05-21,49.500000,49.970001,47.779999,47.830002,47.830002,1116900
2021-05-24,47.400002,47.790001,46.090000,47.200001,47.200001,438100
2021-05-25,48.290001,49.849998,47.599998,48.299999,48.299999,652800
2021-05-26,48.180000,51.759998,48.169998,51.680000,51.680000,576200
2021-05-27,51.869999,57.090000,51.680000,56.880001,56.880001,929300
2021-05-28,56.500000,58.595001,55.770000,56.279999,56.279999,554700
2021-06-01,56.400002,58.900002,55.950001,58.000000,58.000000,654200
2021-06-02,58.160000,58.500000,55.419998,56.160000,56.160000,467300
2021-06-03,55.180000,56.220001,54.290001,55.930000,55.930000,400000
2021-06-04,56.540001,57.480000,55.301998,57.130001,57.130001,516500
2021-06-07,57.340000,58.730000,56.759998,58.660000,58.660000,811400
2021-06-08,59.070000,59.750000,57.070000,58.080002,58.080002,736100
2021-06-09,58.209999,59.470001,58.090000,58.790001,58.790001,500700
2021-06-10,58.740002,61.240002,58.529999,60.910000,60.910000,512800
2021-06-11,60.619999,62.160000,58.820000,62.119999,62.119999,467900
2021-06-14,61.840000,64.980003,61.125000,64.900002,64.900002,670200
2021-06-15,64.830002,65.669998,60.250000,60.650002,60.650002,816700
2021-06-16,59.740002,60.799999,57.650002,59.689999,59.689999,675400
2021-06-17,59.380001,60.040001,57.709999,59.799999,59.799999,792700
2021-06-18,58.910000,60.599998,58.000000,60.110001,60.110001,1295700
2021-06-21,60.480000,61.959999,59.455002,61.630001,61.630001,362700
2021-06-22,61.540001,63.849998,61.540001,63.720001,63.720001,580600
2021-06-23,64.139999,65.449997,63.495998,64.839996,64.839996,752300
2021-06-24,65.610001,66.070000,62.599998,63.070000,63.070000,750400
2021-06-25,63.000000,64.739998,61.980000,63.000000,63.000000,1080900
2021-06-28,64.800003,65.989998,61.980000,63.970001,63.970001,541300
2021-06-29,64.139999,64.320000,63.189999,63.450001,63.450001,524800
2021-06-30,63.380001,64.839996,62.090000,63.200001,63.200001,1016300
2021-07-01,64.000000,68.580002,62.660000,67.800003,67.800003,1280500
2021-07-02,68.540001,73.000000,68.410004,69.839996,69.839996,1144900
2021-07-06,69.230003,71.089996,68.470001,69.209999,69.209999,1067700
2021-07-07,69.290001,70.089996,66.589996,67.720001,67.720001,815700
2021-07-08,65.680000,67.910004,64.739998,65.449997,65.449997,1640500
2021-07-09,65.820000,67.459999,63.840000,67.000000,67.000000,1213200
2021-07-12,66.964996,67.440002,64.029999,65.769997,65.769997,966900
2021-07-13,65.330002,65.425003,63.509998,64.330002,64.330002,1195500
2021-07-14,64.680000,64.760002,62.400002,62.599998,62.599998,875000
2021-07-15,62.299999,62.720001,60.410000,62.630001,62.630001,819500
2021-07-16,63.209999,63.669998,61.020000,62.029999,62.029999,864000
2021-07-19,60.549999,64.654999,60.549999,63.650002,63.650002,745800
2021-07-20,64.239998,64.989998,62.610001,64.169998,64.169998,991100
2021-07-21,64.169998,67.580002,63.139999,66.510002,66.510002,1028800
2021-07-22,66.360001,66.970001,65.180000,65.519997,65.519997,636300
2021-07-23,65.779999,69.440002,65.110001,68.110001,68.110001,715000
2021-07-26,68.169998,68.870003,66.279999,66.760002,66.760002,932400
2021-07-27,66.970001,67.120003,64.849998,65.589996,65.589996,691800
2021-07-28,65.680000,68.650002,65.629997,67.699997,67.699997,759200
2021-07-29,67.830002,69.599998,66.290001,66.629997,66.629997,688000
2021-07-30,66.360001,66.809998,63.250000,63.990002,63.990002,744200
2021-08-02,64.739998,64.980003,62.000000,63.250000,63.250000,782900
2021-08-03,63.029999,64.370003,62.340000,63.639999,63.639999,757200
2021-08-04,62.950001,65.930000,62.950001,63.529999,63.529999,690800
2021-08-05,63.240002,65.000000,62.320000,64.620003,64.620003,532300
2021-08-06,64.830002,65.250000,62.360001,63.380001,63.380001,579500
2021-08-09,64.080002,64.709999,60.560001,62.000000,62.000000,968600
2021-08-10,61.560001,63.150002,58.900002,59.820000,59.820000,1037800
2021-08-11,59.400002,60.299999,57.580002,58.000000,58.000000,985500
2021-08-12,58.110001,58.845001,55.939999,56.000000,56.000000,1136800
2021-08-13,56.480000,58.259998,55.549999,57.459999,57.459999,757000
2021-08-16,56.950001,57.400002,55.730000,56.200001,56.200001,1129400
2021-08-17,55.884998,58.695000,53.990002,57.910000,57.910000,809800
2021-08-18,57.680000,59.900002,57.020000,59.020000,59.020000,530500
2021-08-19,61.000000,61.790001,59.154999,60.270000,60.270000,1122800
2021-08-20,59.410000,61.790001,59.330002,61.250000,61.250000,1035000
2021-08-23,62.259998,64.349998,61.700001,61.820000,61.820000,913200
2021-08-24,61.750000,62.540001,60.540001,61.240002,61.240002,726800
2021-08-25,60.840000,61.660000,59.959999,61.610001,61.610001,404800
2021-08-26,61.590000,65.550003,60.682999,64.180000,64.180000,1636300
2021-08-27,64.379997,66.790001,64.139999,66.389999,66.389999,774800
2021-08-30,66.949997,67.739998,64.500000,65.410004,65.410004,1008600