Date,Open,High,Low,Close,Adj Close,Volume
2021-01-04,165.000000,166.990005,142.289993,143.699997,143.699997,2475300
2021-01-05,145.949997,151.345001,144.699997,149.800003,149.800003,899200
2021-01-06,146.690002,146.690002,133.550003,138.440002,138.440002,1766400
2021-01-07,141.794006,147.220001,140.059998,145.610001,145.610001,986200
2021-01-08,146.820007,154.979996,144.419998,152.009995,152.009995,1224300
2021-01-11,148.630005,153.945007,143.800003,147.550003,147.550003,1066400
2021-01-12,148.000000,148.990005,143.289993,148.100006,148.100006,931000
2021-01-13,148.619995,165.729996,148.570007,159.550003,159.550003,1428200
2021-01-14,161.600006,176.664993,161.250000,174.089996,174.089996,1474800
2021-01-15,172.330002,174.539993,163.279999,169.699997,169.699997,959000
2021-01-19,171.365997,186.550003,170.990005,182.910004,182.910004,1305800
2021-01-20,185.279999,188.869995,181.250000,182.350006,182.350006,990900
2021-01-21,184.966995,184.966995,176.089996,184.410004,184.410004,1003000
2021-01-22,182.119995,206.149994,182.119995,204.850006,204.850006,1749900
2021-01-25,205.990005,223.949997,177.899994,187.500000,187.500000,3263100
2021-01-26,186.919006,216.410004,185.649994,214.580002,214.580002,3019700
2021-01-27,202.729996,260.000000,202.565002,235.240005,235.240005,3490900
2021-01-28,236.921997,243.740005,215.440002,215.690002,215.690002,2011100
2021-01-29,219.399994,224.610001,209.330002,218.460007,218.460007,968900
2021-02-01,218.610001,221.960007,200.580002,211.070007,211.070007,1062300
2021-02-02,211.250000,215.979996,189.600006,193.179993,193.179993,1958600
2021-02-03,197.000000,209.617996,193.500000,206.460007,206.460007,1169300
2021-02-04,210.960007,225.520004,205.500000,222.779999,222.779999,1238400
2021-02-05,223.500000,229.175003,217.447006,226.339996,226.339996,1225700
2021-02-08,227.169998,228.729996,206.389999,207.369995,207.369995,1426500
2021-02-09,209.309998,221.673996,206.529999,219.679993,219.679993,1021400
2021-02-10,220.750000,227.606003,212.970001,219.199997,219.199997,744600
2021-02-11,222.789993,225.490005,212.639999,217.410004,217.410004,592000
2021-02-12,216.619995,224.250000,212.358994,223.990005,223.990005,480700
2021-02-16,228.727005,236.380005,215.500000,222.710007,222.710007,763800
2021-02-17,219.259995,221.789993,210.029999,216.639999,216.639999,776000
2021-02-18,212.000000,222.250000,206.240005,216.649994,216.649994,845100
2021-02-19,210.990005,219.990005,192.195007,203.860001,203.860001,2106900
2021-02-22,199.000000,206.645004,183.675003,188.500000,188.500000,1428100
2021-02-23,179.156998,190.000000,160.440002,180.990005,180.990005,1652200
2021-02-24,180.089996,185.289993,171.320007,183.619995,183.619995,724600
2021-02-25,183.220993,187.792999,165.350006,168.970001,168.970001,1227400
2021-02-26,170.009995,175.000000,162.509995,171.899994,171.899994,1102500
2021-03-01,176.660004,187.371994,173.485001,186.979996,186.979996,639000
2021-03-02,189.115005,189.500000,177.774994,178.339996,178.339996,664700
2021-03-03,178.220001,180.335007,156.339996,157.350006,157.350006,1205300
2021-03-04,160.509995,171.990005,144.320007,152.100006,152.100006,2057000
2021-03-05,152.710007,154.880005,133.759995,145.000000,145.000000,2300600
2021-03-08,144.949997,152.000000,136.031998,137.139999,137.139999,1076500
2021-03-09,143.149994,155.419998,142.500000,149.699997,149.699997,1393700
2021-03-10,157.020004,165.000000,151.800003,154.789993,154.789993,987100
2021-03-11,162.000000,175.350006,160.589996,173.919998,173.919998,1426100
2021-03-12,166.520004,175.929993,163.179993,173.880005,173.880005,1083200
2021-03-15,175.759995,176.270004,168.619995,170.119995,170.119995,494300
2021-03-16,171.500000,173.000000,162.460007,167.179993,167.179993,533800
2021-03-17,163.009995,168.419998,153.009995,167.160004,167.160004,842900
2021-03-18,162.289993,163.490005,146.809998,148.429993,148.429993,1430800
2021-03-19,150.289993,155.320007,147.470001,151.660004,151.660004,1366400
2021-03-22,154.179993,163.279999,153.714005,160.089996,160.089996,798000
2021-03-23,158.110001,161.029999,152.000000,152.940002,152.940002,571300
2021-03-24,154.610001,155.259003,139.039993,139.880005,139.880005,778000
2021-03-25,136.500000,144.169998,133.550003,141.880005,141.880005,614500
2021-03-26,143.350006,144.203003,131.929993,140.660004,140.660004,664300
2021-03-29,137.679993,138.000000,122.528999,126.650002,126.650002,1257100
2021-03-30,123.660004,130.330002,118.110001,127.349998,127.349998,1064300
2021-03-31,131.110001,134.179993,128.160004,132.949997,132.949997,674200
2021-04-01,139.350006,143.908005,136.294998,137.270004,137.270004,902100
2021-04-05,139.000000,141.000000,130.440002,134.160004,134.160004,519800
2021-04-06,135.320007,139.770004,132.975006,136.750000,136.750000,407800
2021-04-07,135.789993,137.270004,129.339996,130.429993,130.429993,485600
2021-04-08,133.210007,137.000000,131.302994,135.169998,135.169998,543800
2021-04-09,132.710007,134.429993,128.399994,134.169998,134.169998,416400
2021-04-12,132.320007,132.386993,127.540001,129.699997,129.699997,550000
2021-04-13,131.500000,139.080002,130.339005,137.710007,137.710007,565900
2021-04-14,138.229996,142.960007,133.240005,134.619995,134.619995,652000
2021-04-15,136.940002,139.270004,133.653000,137.589996,137.589996,505300
2021-04-16,138.029999,138.195999,132.080002,135.229996,135.229996,469800
2021-04-19,133.490005,135.979996,124.639999,125.870003,125.870003,841100
2021-04-20,125.500000,126.245003,117.279999,120.320000,120.320000,845900
2021-04-21,118.510002,124.650002,114.449997,124.290001,124.290001,489000
2021-04-22,125.730003,127.940002,121.330002,123.800003,123.800003,509500
2021-04-23,124.000000,130.929993,122.394997,129.460007,129.460007,635900
2021-04-26,130.490005,137.449997,129.000000,136.460007,136.460007,496500
2021-04-27,137.600006,138.899994,134.205002,135.350006,135.350006,356900
2021-04-28,134.990005,138.500000,132.119995,135.460007,135.460007,356500
2021-04-29,136.119995,136.750000,125.760002,127.000000,127.000000,531200
2021-04-30,124.930000,127.849998,119.620003,121.180000,121.180000,1022900
2021-05-03,121.989998,122.769997,115.269997,115.489998,115.489998,587300
2021-05-04,111.790001,113.000000,105.320000,106.279999,106.279999,1312000
2021-05-05,106.940002,109.470001,100.449997,102.309998,102.309998,827400
2021-05-06,101.150002,101.150002,94.949997,98.930000,98.930000,1477200
2021-05-07,87.000000,98.954002,86.000000,88.269997,88.269997,2969200
2021-05-10,87.300003,90.620003,83.510002,87.199997,87.199997,1488000
2021-05-11,80.419998,92.940002,80.032997,88.769997,88.769997,1536200
2021-05-12,85.940002,87.220001,80.510002,82.669998,82.669998,1107600
2021-05-13,83.650002,85.849998,75.449997,77.489998,77.489998,1342900
2021-05-14,78.989998,85.660004,78.019997,83.260002,83.260002,2033300
2021-05-17,82.800003,82.800003,78.430000,81.500000,81.500000,776200
2021-05-18,82.690002,86.559998,80.940002,83.360001,83.360001,930500
2021-05-19,80.000000,83.820000,78.000000,82.430000,82.430000,808100
2021-05-20,85.150002,85.419998,81.360001,84.000000,84.000000,995200
2021-05-21,85.379997,85.379997,82.070000,82.320000,82.320000,859800
2021-05-24,82.949997,85.250000,81.555000,84.089996,84.089996,604500
2021-05-25,86.000000,86.599998,82.500000,83.059998,83.059998,610900
2021-05-26,83.470001,86.699997,83.209999,85.820000,85.820000,676200
2021-05-27,85.849998,88.830002,83.989998,88.360001,88.360001,587600
2021-05-28,89.250000,97.760002,89.169998,90.480003,90.480003,1281400
2021-06-01,90.220001,92.139999,84.900002,87.580002,87.580002,982000
2021-06-02,86.919998,94.084999,86.919998,93.970001,93.970001,834300
2021-06-03,92.860001,94.540001,89.040001,91.410004,91.410004,1166500
2021-06-04,92.449997,93.989998,90.180000,90.959999,90.959999,570700
2021-06-07,91.000000,95.650002,88.879997,94.699997,94.699997,517800
2021-06-08,95.959999,112.849998,95.949997,111.820000,111.820000,2443500
2021-06-09,112.660004,112.968002,105.403000,107.370003,107.370003,1362000
2021-06-10,107.050003,111.375000,104.610001,111.040001,111.040001,1019600
2021-06-11,111.220001,114.404999,110.070000,113.000000,113.000000,788500
2021-06-14,114.820000,119.809998,114.190002,117.650002,117.650002,1117600
2021-06-15,117.349998,119.580002,110.750000,111.150002,111.150002,881200
2021-06-16,110.860001,117.160004,109.260002,116.489998,116.489998,870600
2021-06-17,114.440002,131.839996,114.440002,129.699997,129.699997,1987600
2021-06-18,127.129997,132.759995,125.820000,131.339996,131.339996,1807500
2021-06-21,131.119995,144.240005,126.580002,138.860001,138.860001,1612800
2021-06-22,138.889999,139.889999,128.705002,131.610001,131.610001,1171700
2021-06-23,132.839996,138.194000,129.500000,133.000000,133.000000,847200
2021-06-24,134.979996,139.669998,133.970001,135.729996,135.729996,691400
2021-06-25,136.559998,140.149994,132.744995,139.509995,139.509995,922000
2021-06-28,141.059998,149.020004,141.059998,144.639999,144.639999,1006400
2021-06-29,144.649994,149.820007,142.770004,149.220001,149.220001,788900
2021-06-30,147.729996,147.729996,136.600006,137.750000,137.750000,1121400
2021-07-01,138.429993,139.000000,133.000000,136.029999,136.029999,814600
2021-07-02,137.289993,140.649994,134.139999,134.179993,134.179993,384300
2021-07-06,134.309998,139.710007,132.750000,138.149994,138.149994,449900
2021-07-07,139.246994,140.259995,129.529999,135.410004,135.410004,733200
2021-07-08,128.639999,134.389999,126.220001,132.789993,132.789993,359200
2021-07-09,133.369995,133.871994,129.229996,133.600006,133.600006,356400
2021-07-12,134.710007,136.169998,128.619995,130.970001,130.970001,319300
2021-07-13,130.520004,133.595001,128.679993,129.149994,129.149994,343000
2021-07-14,129.949997,131.119003,117.330002,118.260002,118.260002,685500
2021-07-15,118.790001,122.879997,111.940002,115.779999,115.779999,701700
2021-07-16,117.059998,118.470001,114.779999,115.959999,115.959999,335400
2021-07-19,112.349998,119.660004,110.169998,118.650002,118.650002,389900
2021-07-20,120.000000,125.040001,116.000000,123.370003,123.370003,416800
2021-07-21,123.889999,128.050003,121.150002,125.660004,125.660004,341400
2021-07-22,126.230003,129.089996,124.260002,126.199997,126.199997,220700
2021-07-23,125.620003,126.690002,122.180000,125.769997,125.769997,312600
2021-07-26,125.949997,127.490997,123.139999,124.910004,124.910004,269900
2021-07-27,124.260002,124.440002,111.199997,114.870003,114.870003,901800
2021-07-28,115.300003,121.910004,115.300003,119.949997,119.949997,431300
2021-07-29,120.139999,122.980003,117.080002,117.449997,117.449997,271800
2021-07-30,115.510002,118.940002,115.010002,116.430000,116.430000,382900
2021-08-02,117.000000,117.349998,112.879997,113.930000,113.930000,391800
2021-08-03,114.059998,115.254997,109.730003,113.230003,113.230003,365900
2021-08-04,112.940002,114.870003,107.680000,109.589996,109.589996,588000
2021-08-05,109.089996,114.029999,107.371002,111.900002,111.900002,474700
2021-08-06,107.370003,112.870003,99.500000,103.389999,103.389999,1090900
2021-08-09,103.019997,109.180000,103.019997,108.760002,108.760002,522600
2021-08-10,110.169998,111.849998,105.029999,107.000000,107.000000,472900
2021-08-11,107.000000,108.415001,100.004997,100.349998,100.349998,678600
2021-08-12,100.000000,103.300003,99.830002,102.000000,102.000000,413000
2021-08-13,101.519997,101.870003,98.559998,99.129997,99.129997,286400
2021-08-16,98.349998,98.349998,95.379997,96.339996,96.339996,389500
2021-08-17,95.379997,95.830002,92.820000,95.489998,95.489998,407600
2021-08-18,96.269997,103.239998,95.930000,100.970001,100.970001,708900
2021-08-19,99.980003,103.239998,99.120003,101.440002,101.440002,578800
2021-08-20,101.300003,103.120003,98.142998,98.750000,98.750000,372000
2021-08-23,100.940002,101.080002,96.169998,100.860001,100.860001,366200
2021-08-24,101.080002,104.209999,101.080002,104.169998,104.169998,402800
2021-08-25,104.209999,105.660004,101.900002,102.199997,102.199997,381600
2021-08-26,102.019997,106.610001,102.019997,103.000000,103.000000,444900
2021-08-27,102.970001,110.120003,102.959999,108.959999,108.959999,528500
2021-08-30,108.769997,110.279999,107.455002,107.889999,107.889999,369000