Date,Open,High,Low,Close,Adj Close,Volume
2021-01-04,57.419998,57.930000,51.119999,52.320000,52.320000,3092000
2021-01-05,51.700001,53.459999,51.200001,51.610001,51.610001,2467200
2021-01-06,50.000000,50.740002,47.779999,49.090000,49.090000,3511000
2021-01-07,50.130001,52.619999,50.099998,51.570000,51.570000,2269600
2021-01-08,53.580002,54.689999,51.110001,52.110001,52.110001,2640700
2021-01-11,49.799999,52.970001,49.169998,50.639999,50.639999,1752300
2021-01-12,51.450001,55.000000,49.959999,54.849998,54.849998,2729200
2021-01-13,55.639999,59.660000,55.250000,57.619999,57.619999,4027600
2021-01-14,58.250000,60.860001,57.529999,59.970001,59.970001,2815900
2021-01-15,59.500000,59.799999,54.380001,55.990002,55.990002,3260000
2021-01-19,57.380001,58.450001,55.419998,58.070000,58.070000,2639100
2021-01-20,58.830002,65.120003,57.770000,64.370003,64.370003,4956200
2021-01-21,64.510002,65.000000,61.320000,62.009998,62.009998,2510500
2021-01-22,60.599998,67.980003,60.310001,67.930000,67.930000,2830900
2021-01-25,68.449997,70.400002,60.189999,64.699997,64.699997,3812400
2021-01-26,64.500000,65.250000,61.320000,61.939999,61.939999,1968500
2021-01-27,58.439999,61.849998,54.009998,58.000000,58.000000,3949200
2021-01-28,59.799999,62.759998,59.549999,61.080002,61.080002,1895200
2021-01-29,60.230000,62.299999,56.810001,57.209999,57.209999,2514700
2021-02-01,59.180000,60.189999,57.220001,59.799999,59.799999,2060700
2021-02-02,61.250000,64.120003,59.840000,63.759998,63.759998,2517900
2021-02-03,64.779999,64.800003,62.189999,64.440002,64.440002,3468300
2021-02-04,75.900002,84.150002,70.510002,77.190002,77.190002,14503100
2021-02-05,76.800003,88.199997,76.690002,88.080002,88.080002,6382200
2021-02-08,90.199997,91.290001,84.169998,90.989998,90.989998,4206100
2021-02-09,87.629997,97.699997,87.150002,92.029999,92.029999,3660500
2021-02-10,94.900002,94.900002,82.099998,88.849998,88.849998,4392600
2021-02-11,90.449997,90.849998,84.379997,86.720001,86.720001,2386000
2021-02-12,86.000000,90.900002,84.559998,85.589996,85.589996,2782300
2021-02-16,87.000000,87.870003,82.120003,82.959999,82.959999,2679600
2021-02-17,80.470001,86.190002,78.239998,82.510002,82.510002,3367500
2021-02-18,79.000000,81.669998,76.500000,79.930000,79.930000,3128900
2021-02-19,82.470001,88.190002,81.809998,84.970001,84.970001,3306700
2021-02-22,82.410004,84.250000,77.379997,78.129997,78.129997,2973900
2021-02-23,72.129997,82.370003,66.000000,82.000000,82.000000,5858300
2021-02-24,81.400002,82.190002,77.419998,79.010002,79.010002,3229000
2021-02-25,78.440002,81.669998,70.599998,72.379997,72.379997,4954800
2021-02-26,76.779999,85.760002,72.250000,82.570000,82.570000,6167400
2021-03-01,87.000000,95.459999,84.250000,94.739998,94.739998,6005100
2021-03-02,95.000000,102.559998,92.500000,93.019997,93.019997,6074900
2021-03-03,94.199997,95.839996,86.800003,90.669998,90.669998,3978000
2021-03-04,87.339996,91.949997,75.580002,78.820000,78.820000,6672900
2021-03-05,79.860001,81.150002,66.000000,74.000000,74.000000,8513100
2021-03-08,74.809998,76.199997,61.799999,61.919998,61.919998,6798100
2021-03-09,66.080002,73.870003,64.559998,71.510002,71.510002,5917200
2021-03-10,74.000000,83.300003,74.000000,75.889999,75.889999,6228700
2021-03-11,80.989998,87.080002,78.599998,86.980003,86.980003,5471300
2021-03-12,80.320000,89.279999,79.000000,87.199997,87.199997,4343800
2021-03-15,87.099998,87.389999,82.620003,84.260002,84.260002,2778300
2021-03-16,85.430000,85.959999,76.550003,79.510002,79.510002,4070400
2021-03-17,75.669998,84.769997,73.019997,82.669998,82.669998,4615500
2021-03-18,80.000000,82.669998,76.440002,77.029999,77.029999,3313600
2021-03-19,77.010002,82.769997,76.919998,81.000000,81.000000,3930400
2021-03-22,83.769997,91.389999,81.550003,89.349998,89.349998,5372600
2021-03-23,89.349998,93.949997,83.669998,85.290001,85.290001,5535400
2021-03-24,87.690002,87.919998,72.250000,73.510002,73.510002,6205600
2021-03-25,70.059998,76.470001,68.510002,75.690002,75.690002,4798200
2021-03-26,75.389999,78.570000,72.099998,75.660004,75.660004,2842200
2021-03-29,74.620003,76.250000,70.620003,71.330002,71.330002,2235400
2021-03-30,71.139999,75.449997,69.330002,74.510002,74.510002,2889100
2021-03-31,76.290001,82.309998,75.410004,80.360001,80.360001,3942100
2021-04-01,84.559998,85.339996,81.580002,82.269997,82.269997,2727300
2021-04-05,84.010002,85.290001,78.309998,81.820000,81.820000,2839400
2021-04-06,81.690002,86.459999,81.300003,85.250000,85.250000,2441600
2021-04-07,84.230003,88.139999,80.419998,81.739998,81.739998,3565000
2021-04-08,83.480003,89.769997,82.790001,86.529999,86.529999,3947600
2021-04-09,85.349998,87.050003,83.180000,86.690002,86.690002,2036600
2021-04-12,86.779999,88.500000,81.849998,88.099998,88.099998,2665800
2021-04-13,89.889999,93.330002,85.209999,88.669998,88.669998,3601800
2021-04-14,88.470001,91.690002,83.559998,84.099998,84.099998,2894200
2021-04-15,87.029999,87.650002,77.370003,78.320000,78.320000,4657300
2021-04-16,78.809998,79.040001,75.160004,75.290001,75.290001,3353400
2021-04-19,74.000000,76.480003,70.599998,71.849998,71.849998,3748000
2021-04-20,71.500000,72.779999,68.150002,69.930000,69.930000,2942700
2021-04-21,68.930000,73.830002,67.269997,73.160004,73.160004,3726900
2021-04-22,74.690002,75.660004,70.860001,72.610001,72.610001,3030100
2021-04-23,73.120003,75.330002,73.099998,74.099998,74.099998,1655300
2021-04-26,74.599998,77.080002,72.839996,76.709999,76.709999,1795800
2021-04-27,76.500000,77.180000,74.300003,75.150002,75.150002,1809400
2021-04-28,74.000000,74.599998,72.720001,73.580002,73.580002,1825400
2021-04-29,74.669998,74.940002,70.900002,72.379997,72.379997,2141900
2021-04-30,73.730003,77.510002,72.699997,75.430000,75.430000,3930700
2021-05-03,75.660004,76.000000,70.430000,71.529999,71.529999,3098500
2021-05-04,69.739998,70.489998,66.629997,69.430000,69.430000,3415800
2021-05-05,70.180000,71.339996,66.669998,67.620003,67.620003,2341000
2021-05-06,66.099998,66.389999,59.520000,61.230000,61.230000,5751100
2021-05-07,64.269997,66.809998,63.160000,65.099998,65.099998,3673400
2021-05-10,62.680000,62.869999,59.599998,60.060001,60.060001,3300800
2021-05-11,53.200001,63.919998,53.020000,62.779999,62.779999,3965200
2021-05-12,59.700001,62.259998,57.480000,58.189999,58.189999,2561400
2021-05-13,60.000000,61.119999,55.119999,56.770000,56.770000,3282000
2021-05-14,57.509998,59.970001,56.290001,59.110001,59.110001,2060000
2021-05-17,57.860001,59.450001,56.770000,58.400002,58.400002,2051000
2021-05-18,59.910000,62.570000,58.930000,60.270000,60.270000,2488200
2021-05-19,57.119999,61.290001,56.880001,61.230000,61.230000,2450800
2021-05-20,62.490002,63.520000,60.509998,62.610001,62.610001,2222100
2021-05-21,64.239998,64.400002,61.810001,61.869999,61.869999,1958300
2021-05-24,63.000000,64.879997,61.980000,63.470001,63.470001,1865000
2021-05-25,64.000000,64.959999,61.349998,61.759998,61.759998,2393900
2021-05-26,62.480000,65.839996,62.400002,65.570000,65.570000,2201600
2021-05-27,64.570000,66.629997,63.119999,66.379997,66.379997,1894700
2021-05-28,67.010002,67.500000,64.949997,66.169998,66.169998,1764800
2021-06-01,67.010002,68.500000,64.709999,67.709999,67.709999,4027300
2021-06-02,69.760002,70.379997,63.060001,65.029999,65.029999,8744000
2021-06-03,63.200001,68.620003,62.810001,67.010002,67.010002,4463000
2021-06-04,66.959999,69.769997,66.730003,67.769997,67.769997,2758800
2021-06-07,67.559998,72.019997,65.800003,71.389999,71.389999,3869000
2021-06-08,72.660004,74.830002,71.610001,73.570000,73.570000,3275500
2021-06-09,74.000000,74.510002,71.250000,71.889999,71.889999,2347900
2021-06-10,71.879997,73.300003,70.370003,71.059998,71.059998,1853200
2021-06-11,71.900002,74.349998,71.260002,73.900002,73.900002,2295300
2021-06-14,74.410004,75.900002,71.849998,72.180000,72.180000,2448500
2021-06-15,72.250000,73.029999,69.129997,69.949997,69.949997,2100500
2021-06-16,69.300003,70.959999,66.889999,68.940002,68.940002,2378700
2021-06-17,68.500000,72.070000,68.500000,70.019997,70.019997,2565600
2021-06-18,69.580002,70.580002,66.910004,67.570000,67.570000,2373100
2021-06-21,67.029999,68.550003,65.570000,67.720001,67.720001,2015600
2021-06-22,67.879997,71.849998,66.260002,71.690002,71.690002,3164500
2021-06-23,72.290001,74.730003,71.800003,73.989998,73.989998,2797500
2021-06-24,75.199997,79.580002,74.300003,79.519997,79.519997,3542200
2021-06-25,79.690002,80.040001,77.300003,77.500000,77.500000,3588800
2021-06-28,78.889999,80.879997,78.260002,80.169998,80.169998,2235900
2021-06-29,80.080002,80.480003,76.580002,77.760002,77.760002,1874900
2021-06-30,77.760002,77.760002,75.260002,76.029999,76.029999,2557000
2021-07-01,76.580002,78.660004,75.629997,78.250000,78.250000,2263000
2021-07-02,78.599998,78.610001,65.900002,68.269997,68.269997,11227100
2021-07-06,71.800003,72.400002,67.760002,69.389999,69.389999,4517600
2021-07-07,69.639999,70.440002,64.139999,64.449997,64.449997,5015200
2021-07-08,61.560001,63.610001,60.910000,62.119999,62.119999,5965300
2021-07-09,62.580002,64.349998,60.860001,64.290001,64.290001,3757500
2021-07-12,64.709999,65.370003,62.900002,64.529999,64.529999,1986400
2021-07-13,64.160004,67.570000,63.980000,64.629997,64.629997,3338100
2021-07-14,64.839996,66.000000,60.110001,61.020000,61.020000,4014400
2021-07-15,61.330002,63.299999,59.419998,60.330002,60.330002,2758200
2021-07-16,60.799999,61.189999,58.520000,59.599998,59.599998,2100200
2021-07-19,57.830002,61.950001,57.560001,61.439999,61.439999,4117200
2021-07-20,61.900002,62.970001,59.509998,62.049999,62.049999,3076400
2021-07-21,62.200001,64.769997,62.040001,63.790001,63.790001,2113500
2021-07-22,64.139999,64.480003,61.799999,63.330002,63.330002,1331400
2021-07-23,63.610001,64.070000,62.099998,63.799999,63.799999,1276100
2021-07-26,64.040001,65.110001,62.139999,62.570000,62.570000,2188800
2021-07-27,62.200001,62.599998,58.939999,60.810001,60.810001,2239500
2021-07-28,61.080002,63.349998,60.500000,63.139999,63.139999,1538700
2021-07-29,64.430000,65.500000,63.340000,64.320000,64.320000,2036600
2021-07-30,62.650002,64.589996,62.150002,62.950001,62.950001,1552500
2021-08-02,63.189999,65.269997,62.759998,63.650002,63.650002,1844900
2021-08-03,63.700001,64.470001,61.799999,63.349998,63.349998,1549900
2021-08-04,63.250000,64.820000,63.049999,63.310001,63.310001,1523200
2021-08-05,63.060001,66.370003,62.689999,65.650002,65.650002,2040900
2021-08-06,65.709999,66.949997,63.880001,65.839996,65.839996,1960300
2021-08-09,66.680000,66.889999,63.880001,64.480003,64.480003,3403700
2021-08-10,66.360001,66.750000,60.000000,60.080002,60.080002,8312500
2021-08-11,60.779999,61.450001,57.049999,59.310001,59.310001,5674700
2021-08-12,58.669998,59.480000,56.820000,57.310001,57.310001,3232800
2021-08-13,56.619999,57.119999,54.450001,54.919998,54.919998,4336900
2021-08-16,53.599998,56.169998,52.400002,52.810001,52.810001,4523600
2021-08-17,51.299999,52.590000,50.209999,50.849998,50.849998,4890300
2021-08-18,50.759998,51.570000,49.650002,49.840000,49.840000,3336300
2021-08-19,48.500000,49.060001,47.570000,47.900002,47.900002,3918800
2021-08-20,48.430000,49.520000,48.130001,48.639999,48.639999,2856500
2021-08-23,49.220001,51.209999,48.810001,51.189999,51.189999,3235400
2021-08-24,52.000000,53.759998,51.950001,53.049999,53.049999,3226000
2021-08-25,52.799999,54.770000,52.639999,54.250000,54.250000,3083200
2021-08-26,53.570000,53.689999,50.830002,51.160000,51.160000,3329900
2021-08-27,51.230000,53.360001,50.680000,52.599998,52.599998,2134300
2021-08-30,52.970001,53.029999,50.430000,51.240002,51.240002,2752000