Date,Open,High,Low,Close,Adj Close,Volume
2021-01-04,27.000000,27.000000,25.820000,26.420000,26.420000,970300
2021-01-05,26.379999,27.264999,26.379999,27.020000,27.020000,548000
2021-01-06,27.500000,28.980000,27.462000,28.590000,28.590000,909000
2021-01-07,28.440001,30.105000,28.260000,29.920000,29.920000,1170600
2021-01-08,30.430000,30.780001,29.080000,29.799999,29.799999,1847600
2021-01-11,29.320000,30.730000,29.320000,30.549999,30.549999,1292700
2021-01-12,30.660000,31.629999,30.660000,31.000000,31.000000,919500
2021-01-13,30.740000,30.990000,29.900000,30.000000,30.000000,523000
2021-01-14,30.309999,30.459999,29.480000,30.340000,30.340000,645700
2021-01-15,29.799999,30.139999,29.209999,30.070000,30.070000,1137800
2021-01-19,30.690001,31.570000,30.530001,31.040001,31.040001,1041400
2021-01-20,31.110001,31.400000,30.530001,30.889999,30.889999,600600
2021-01-21,30.920000,30.920000,30.030001,30.309999,30.309999,523100
2021-01-22,29.910000,30.660000,29.910000,30.440001,30.440001,772200
2021-01-25,30.379999,30.549999,29.320000,29.549999,29.549999,594000
2021-01-26,29.809999,29.910000,28.219999,28.430000,28.430000,915100
2021-01-27,27.510000,29.110001,26.299999,27.459999,27.459999,1668700
2021-01-28,27.840000,28.350000,27.500000,27.900000,27.900000,827300
2021-01-29,27.719999,27.860001,27.020000,27.250000,27.250000,836400
2021-02-01,27.570000,27.740000,27.030001,27.549999,27.549999,999100
2021-02-02,26.879999,27.549999,25.809999,26.500000,26.500000,2392100
2021-02-03,26.650000,26.980000,24.750000,25.920000,25.920000,2238200
2021-02-04,26.000000,27.280001,25.709999,26.200001,26.200001,2196100
2021-02-05,26.520000,26.639999,25.620001,26.049999,26.049999,1121700
2021-02-08,26.459999,27.150000,26.080000,26.150000,26.150000,2581300
2021-02-09,26.100000,26.780001,25.139999,26.330000,26.330000,10301900
2021-02-10,26.950001,26.950001,25.549999,26.010000,26.010000,4241500
2021-02-11,26.100000,26.100000,24.980000,25.480000,25.480000,4840600
2021-02-12,25.270000,25.315001,24.629999,24.709999,24.709999,2995500
2021-02-16,24.760000,25.174999,24.379999,24.760000,24.760000,2148100
2021-02-17,24.480000,24.709999,23.900000,23.940001,23.940001,1482200
2021-02-18,23.879999,24.030001,23.450001,23.670000,23.670000,1860400
2021-02-19,23.980000,25.000000,23.980000,24.670000,24.670000,4274100
2021-02-22,24.670000,25.040001,24.370001,24.540001,24.540001,1612300
2021-02-23,24.219999,24.895000,23.830000,24.570000,24.570000,2134500
2021-02-24,24.680000,25.000000,24.480000,24.670000,24.670000,1344800
2021-02-25,25.590000,25.700001,24.780001,24.969999,24.969999,2544800
2021-02-26,24.920000,25.184999,24.209999,24.549999,24.549999,1348300
2021-03-01,25.020000,26.139999,24.860001,26.090000,26.090000,1890600
2021-03-02,25.780001,26.135000,25.330000,25.430000,25.430000,1222400
2021-03-03,25.410000,26.129999,24.820000,24.870001,24.870001,1491900
2021-03-04,24.760000,24.790001,22.719999,23.070000,23.070000,2138100
2021-03-05,23.430000,24.219999,22.000000,24.180000,24.180000,2268800
2021-03-08,24.379999,24.840000,23.910000,24.629999,24.629999,1509300
2021-03-09,25.090000,25.740000,24.879999,25.480000,25.480000,1411200
2021-03-10,25.549999,26.170000,25.250000,25.420000,25.420000,1197500
2021-03-11,25.510000,26.170000,25.420000,25.950001,25.950001,833100
2021-03-12,26.020000,26.495001,25.809999,26.379999,26.379999,904000
2021-03-15,26.299999,26.910000,25.959999,26.830000,26.830000,881200
2021-03-16,26.650000,27.120001,26.299999,26.969999,26.969999,1379800
2021-03-17,26.760000,26.870001,25.990000,26.639999,26.639999,820700
2021-03-18,26.520000,27.139999,25.830000,25.950001,25.950001,858000
2021-03-19,26.059999,26.170000,25.299999,25.700001,25.700001,4167500
2021-03-22,25.530001,25.670000,24.670000,25.240000,25.240000,1230900
2021-03-23,26.059999,26.340000,25.010000,25.240000,25.240000,1807000
2021-03-24,25.440001,25.910000,24.600000,24.620001,24.620001,1581300
2021-03-25,24.389999,25.000000,23.549999,24.920000,24.920000,1452600
2021-03-26,25.430000,26.059999,25.030001,26.040001,26.040001,1174900
2021-03-29,26.090000,26.520000,25.120001,25.260000,25.260000,766800
2021-03-30,25.490000,25.790001,25.150000,25.740000,25.740000,601400
2021-03-31,25.879999,26.719999,25.660000,26.299999,26.299999,1295400
2021-04-01,26.660000,27.290001,26.434999,27.280001,27.280001,997100
2021-04-05,27.870001,27.879999,27.340000,27.510000,27.510000,1112200
2021-04-06,27.389999,28.750000,27.389999,27.540001,27.540001,1436500
2021-04-07,27.530001,27.545000,26.709999,26.840000,26.840000,1156400
2021-04-08,27.000000,27.209999,26.570000,27.110001,27.110001,760200
2021-04-09,27.320000,27.639999,27.105000,27.540001,27.540001,729300
2021-04-12,27.530001,27.920000,27.440001,27.889999,27.889999,590900
2021-04-13,27.750000,28.049999,27.330000,27.830000,27.830000,810100
2021-04-14,27.930000,28.330000,27.889999,28.000000,28.000000,710000
2021-04-15,27.990000,28.540001,27.930000,28.510000,28.510000,1144100
2021-04-16,28.770000,29.200001,28.629999,28.680000,28.680000,2093700
2021-04-19,28.559999,28.690001,28.230000,28.629999,28.629999,1367900
2021-04-20,28.760000,28.870001,28.000000,28.360001,28.360001,921300
2021-04-21,28.320000,28.600000,27.969999,28.250000,28.250000,913500
2021-04-22,28.440001,28.940001,28.170000,28.230000,28.230000,712800
2021-04-23,28.430000,28.620001,28.169001,28.500000,28.500000,613400
2021-04-26,28.910000,29.049999,28.430000,28.510000,28.510000,453500
2021-04-27,28.520000,29.150000,28.420000,29.070000,29.070000,976100
2021-04-28,28.930000,29.750000,28.820000,29.510000,29.510000,1137100
2021-04-29,29.500000,29.740000,28.610001,29.000000,29.000000,631700
2021-04-30,28.580000,28.900000,28.410000,28.580000,28.580000,1068200
2021-05-03,28.930000,29.070000,28.480000,28.610001,28.610001,1053900
2021-05-04,28.709999,28.760000,28.180000,28.629999,28.629999,885300
2021-05-05,27.790001,28.527000,27.049999,27.510000,27.510000,1334900
2021-05-06,28.100000,28.430000,27.750000,28.430000,28.430000,924700
2021-05-07,28.580000,29.389000,28.370001,29.309999,29.309999,859800
2021-05-10,29.410000,29.990000,29.070000,29.600000,29.600000,1054000
2021-05-11,29.100000,29.559999,28.620001,29.180000,29.180000,965300
2021-05-12,28.870001,28.980000,27.885000,27.990000,27.990000,888600
2021-05-13,28.049999,28.709999,28.049999,28.490000,28.490000,539200
2021-05-14,28.910000,29.170000,28.670000,29.110001,29.110001,816300
2021-05-17,28.830000,29.055000,28.450001,29.030001,29.030001,568700
2021-05-18,29.110001,29.209999,28.500000,28.570000,28.570000,518400
2021-05-19,27.980000,28.570000,27.750000,28.510000,28.510000,699300
2021-05-20,28.639999,28.840000,28.469999,28.809999,28.809999,408000
2021-05-21,29.400000,30.195000,29.250000,30.070000,30.070000,1397300
2021-05-24,30.170000,30.320000,29.559999,30.230000,30.230000,784000
2021-05-25,30.260000,30.870001,30.059999,30.110001,30.110001,839100
2021-05-26,30.379999,31.030001,30.080000,30.930000,30.930000,778700
2021-05-27,31.309999,31.629999,30.850000,31.139999,31.139999,783900
2021-05-28,31.299999,31.400000,30.900000,31.120001,31.120001,532300
2021-06-01,31.379999,31.905001,31.139999,31.500000,31.500000,715200
2021-06-02,31.580000,31.680000,31.180000,31.660000,31.660000,821900
2021-06-03,31.559999,31.770000,31.010000,31.700001,31.700001,485300
2021-06-04,32.000000,32.419998,31.770000,32.349998,32.349998,631300
2021-06-07,32.430000,32.660000,31.950001,32.160000,32.160000,979400
2021-06-08,32.209999,33.310001,32.130001,33.230000,33.230000,823400
2021-06-09,33.160000,33.259998,32.799999,32.959999,32.959999,648300
2021-06-10,33.099998,33.130001,32.410000,32.540001,32.540001,844000
2021-06-11,32.590000,32.759998,31.785000,32.169998,32.169998,908100
2021-06-14,32.139999,32.889999,31.809999,32.889999,32.889999,1233900
2021-06-15,32.930000,33.340000,32.529999,33.310001,33.310001,858100
2021-06-16,33.480000,33.669998,32.349998,32.439999,32.439999,1221300
2021-06-17,32.270000,32.740002,31.900000,32.639999,32.639999,1045500
2021-06-18,31.910000,32.470001,31.639999,31.910000,31.910000,2444000
2021-06-21,32.230000,32.404999,31.698999,32.400002,32.400002,903000
2021-06-22,32.250000,32.799999,32.108002,32.689999,32.689999,663500
2021-06-23,32.689999,33.430000,32.669998,32.740002,32.740002,984900
2021-06-24,32.980000,33.750000,32.910000,33.509998,33.509998,711000
2021-06-25,33.660000,33.759998,33.349998,33.480000,33.480000,1488800
2021-06-28,33.570000,33.590000,33.075001,33.330002,33.330002,530600
2021-06-29,33.369999,33.709999,33.130001,33.290001,33.290001,546100
2021-06-30,33.099998,33.950001,33.099998,33.779999,33.779999,1023100
2021-07-01,34.000000,34.049999,33.570000,33.750000,33.750000,584800
2021-07-02,33.830002,33.830002,33.410000,33.450001,33.450001,445000
2021-07-06,33.430000,33.430000,32.650002,33.189999,33.189999,631500
2021-07-07,32.740002,33.380001,32.630001,32.720001,32.720001,547200
2021-07-08,32.060001,32.369999,31.441000,32.099998,32.099998,1051500
2021-07-09,32.400002,32.900002,32.209999,32.770000,32.770000,700500
2021-07-12,32.490002,32.689999,32.080002,32.689999,32.689999,639800
2021-07-13,32.500000,32.540001,31.860001,31.879999,31.879999,666300
2021-07-14,32.000000,32.130001,31.309999,31.430000,31.430000,786500
2021-07-15,31.430000,31.775000,30.780001,31.139999,31.139999,1002600
2021-07-16,31.520000,31.730000,31.150000,31.209999,31.209999,656200
2021-07-19,30.490000,31.219999,30.209999,30.790001,30.790001,589200
2021-07-20,31.160000,32.570000,31.135000,32.119999,32.119999,1504700
2021-07-21,32.310001,33.130001,32.310001,32.689999,32.689999,800700
2021-07-22,32.709999,32.709999,32.270000,32.459999,32.459999,612100
2021-07-23,32.680000,32.820000,32.209999,32.799999,32.799999,469500
2021-07-26,33.630001,33.770000,32.915001,33.049999,33.049999,771900
2021-07-27,33.049999,33.049999,32.270000,32.750000,32.750000,546500
2021-07-28,32.919998,33.106998,32.189999,32.869999,32.869999,654300
2021-07-29,33.330002,33.669998,33.029999,33.270000,33.270000,667600
2021-07-30,33.209999,33.580002,32.814999,33.009998,33.009998,772800
2021-08-02,33.090000,33.750000,32.970001,33.139999,33.139999,714400
2021-08-03,33.360001,35.590000,32.799999,34.980000,34.980000,1696200
2021-08-04,34.599998,35.669998,33.750000,35.619999,35.619999,966700
2021-08-05,35.610001,36.360001,35.529999,36.349998,36.349998,631800
2021-08-06,36.459999,36.950001,36.090000,36.110001,36.110001,1182800
2021-08-09,36.070000,36.880001,35.723000,36.880001,36.880001,519300
2021-08-10,36.939999,37.560001,36.570000,37.299999,37.299999,1070000
2021-08-11,37.560001,38.080002,37.389999,37.930000,37.930000,1206100
2021-08-12,38.099998,38.554001,37.591000,37.950001,37.950001,863500
2021-08-13,37.730000,38.150002,37.570000,38.020000,38.020000,430200
2021-08-16,37.980000,38.230000,37.669998,38.139999,38.139999,577200
2021-08-17,37.869999,37.869999,37.224998,37.730000,37.730000,1207100
2021-08-18,37.630001,38.060001,37.389999,37.430000,37.430000,511100
2021-08-19,37.049999,38.070000,37.000000,38.040001,38.040001,693500
2021-08-20,38.070000,38.619999,38.020000,38.509998,38.509998,604200
2021-08-23,38.849998,39.150002,38.244999,38.340000,38.340000,809200
2021-08-24,38.639999,38.799999,38.340000,38.590000,38.590000,779400
2021-08-25,38.759998,38.889999,38.529999,38.549999,38.549999,579700
2021-08-26,38.590000,38.680000,37.834999,37.919998,37.919998,686100
2021-08-27,38.209999,39.610001,38.080002,39.439999,39.439999,1110200
2021-08-30,39.910000,39.950001,39.310001,39.389999,39.389999,503700