Date,Open,High,Low,Close,Adj Close,Volume
2021-01-04,5.570000,5.840000,5.470000,5.650000,5.650000,11290400
2021-01-05,5.790000,6.380000,5.730000,6.080000,6.080000,9949500
2021-01-06,6.170000,6.390000,6.010000,6.350000,6.350000,9395400
2021-01-07,6.390000,6.590000,6.110000,6.210000,6.210000,9706900
2021-01-08,6.150000,6.270000,5.880000,5.980000,5.980000,12891700
2021-01-11,5.880000,6.720000,5.750000,6.670000,6.670000,10854200
2021-01-12,6.950000,7.710000,6.900000,7.610000,7.610000,16746800
2021-01-13,7.600000,7.830000,7.310000,7.360000,7.360000,9445400
2021-01-14,7.510000,7.570000,7.220000,7.280000,7.280000,8906600
2021-01-15,7.200000,7.430000,7.080000,7.260000,7.260000,7089200
2021-01-19,7.310000,7.440000,6.830000,7.060000,7.060000,7621600
2021-01-20,7.100000,7.250000,6.550000,6.750000,6.750000,9120000
2021-01-21,6.700000,6.950000,6.400000,6.520000,6.520000,8844500
2021-01-22,6.420000,6.680000,6.290000,6.670000,6.670000,6229100
2021-01-25,6.790000,6.970000,6.480000,6.860000,6.860000,7599300
2021-01-26,7.100000,7.210000,6.860000,7.020000,7.020000,7941600
2021-01-27,6.840000,8.030000,6.710000,7.540000,7.540000,15153500
2021-01-28,7.650000,7.920000,7.060000,7.610000,7.610000,15080000
2021-01-29,7.490000,7.860000,6.880000,6.940000,6.940000,11225300
2021-02-01,7.230000,7.500000,7.040000,7.220000,7.220000,8518000
2021-02-02,7.470000,7.520000,7.000000,7.010000,7.010000,6768100
2021-02-03,7.060000,7.270000,6.960000,7.240000,7.240000,13164000
2021-02-04,7.340000,7.430000,7.110000,7.240000,7.240000,7350700
2021-02-05,7.420000,7.670000,7.240000,7.540000,7.540000,8536700
2021-02-08,7.690000,8.150000,7.660000,8.080000,8.080000,8795900
2021-02-09,7.970000,8.240000,7.760000,8.070000,8.070000,7274300
2021-02-10,8.200000,8.630000,7.900000,8.400000,8.400000,9296600
2021-02-11,8.480000,8.500000,7.960000,8.110000,8.110000,8492700
2021-02-12,7.960000,9.010000,7.920000,9.000000,9.000000,13775100
2021-02-16,9.470000,10.040000,8.950000,9.490000,9.490000,16853100
2021-02-17,9.600000,9.950000,9.310000,9.780000,9.780000,13149700
2021-02-18,9.300000,9.320000,8.190000,8.960000,8.960000,28209500
2021-02-19,9.250000,9.380000,8.700000,8.960000,8.960000,14263400
2021-02-22,9.030000,9.330000,8.740000,8.760000,8.760000,11406500
2021-02-23,8.640000,9.050000,8.030000,8.920000,8.920000,9783900
2021-02-24,9.000000,9.720000,8.870000,9.540000,9.540000,8539100
2021-02-25,9.560000,9.910000,9.110000,9.250000,9.250000,8644900
2021-02-26,9.240000,9.460000,8.780000,9.000000,9.000000,6972300
2021-03-01,9.250000,9.850000,9.170000,9.800000,9.800000,7936200
2021-03-02,9.790000,10.010000,9.430000,9.510000,9.510000,8269300
2021-03-03,9.650000,10.000000,9.560000,9.570000,9.570000,6500100
2021-03-04,9.570000,10.150000,9.340000,9.820000,9.820000,10484000
2021-03-05,10.090000,10.300000,9.450000,9.880000,9.880000,10305900
2021-03-08,9.950000,10.170000,9.650000,9.720000,9.720000,7173700
2021-03-09,9.780000,9.870000,9.220000,9.240000,9.240000,6927600
2021-03-10,9.300000,10.480000,9.270000,10.340000,10.340000,10924500
2021-03-11,10.450000,10.690000,10.250000,10.560000,10.560000,6887100
2021-03-12,10.510000,10.610000,10.050000,10.240000,10.240000,7067800
2021-03-15,10.210000,10.490000,9.900000,10.090000,10.090000,5504000
2021-03-16,9.910000,10.120000,9.790000,9.930000,9.930000,6567000
2021-03-17,9.810000,10.340000,9.760000,10.250000,10.250000,7442900
2021-03-18,10.130000,10.200000,9.090000,9.280000,9.280000,9668900
2021-03-19,9.290000,9.890000,9.160000,9.810000,9.810000,15058500
2021-03-22,9.800000,10.150000,9.590000,10.020000,10.020000,6944000
2021-03-23,9.650000,9.770000,9.150000,9.190000,9.190000,9325600
2021-03-24,9.380000,9.570000,9.100000,9.120000,9.120000,7909200
2021-03-25,8.800000,9.900000,8.640000,9.850000,9.850000,8762800
2021-03-26,10.100000,10.560000,9.950000,10.470000,10.470000,9267800
2021-03-29,10.330000,10.620000,10.050000,10.060000,10.060000,5292400
2021-03-30,10.000000,10.100000,9.640000,9.870000,9.870000,5935400
2021-03-31,9.900000,10.400000,9.710000,10.200000,10.200000,5807800
2021-04-01,10.380000,10.940000,10.320000,10.860000,10.860000,8334200
2021-04-05,10.750000,10.840000,10.120000,10.130000,10.130000,7059000
2021-04-06,10.220000,10.670000,10.210000,10.340000,10.340000,4850500
2021-04-07,10.360000,10.440000,10.110000,10.270000,10.270000,4167900
2021-04-08,10.100000,10.140000,9.400000,9.590000,9.590000,9482700
2021-04-09,9.550000,9.640000,9.140000,9.190000,9.190000,7311900
2021-04-12,9.380000,9.540000,8.960000,9.010000,9.010000,6774000
2021-04-13,9.110000,9.190000,8.890000,8.960000,8.960000,5808800
2021-04-14,9.120000,9.900000,9.080000,9.470000,9.470000,6553900
2021-04-15,9.410000,9.610000,9.210000,9.520000,9.520000,6253000
2021-04-16,9.560000,9.580000,9.300000,9.360000,9.360000,4438100
2021-04-19,9.370000,9.660000,9.310000,9.380000,9.380000,4567500
2021-04-20,9.320000,9.380000,8.850000,9.020000,9.020000,6620200
2021-04-21,8.830000,9.320000,8.820000,9.020000,9.020000,4441100
2021-04-22,9.120000,9.440000,9.010000,9.160000,9.160000,5835000
2021-04-23,9.180000,9.360000,8.920000,9.000000,9.000000,8727500
2021-04-26,8.920000,9.660000,8.820000,9.500000,9.500000,9692200
2021-04-27,9.560000,9.900000,9.520000,9.880000,9.880000,5569300
2021-04-28,9.950000,10.380000,9.790000,10.170000,10.170000,7847800
2021-04-29,10.420000,10.460000,9.180000,9.250000,9.250000,12362700
2021-04-30,9.050000,9.590000,8.810000,9.020000,9.020000,9108200
2021-05-03,9.100000,9.860000,9.040000,9.790000,9.790000,7966600
2021-05-04,9.820000,10.360000,9.500000,10.310000,10.310000,8491700
2021-05-05,10.410000,10.620000,10.080000,10.410000,10.410000,6669400
2021-05-06,10.450000,10.500000,10.090000,10.480000,10.480000,6402700
2021-05-07,10.350000,10.830000,10.220000,10.810000,10.810000,7203700
2021-05-10,10.990000,11.400000,10.760000,11.010000,11.010000,10597700
2021-05-11,10.910000,11.640000,10.850000,11.470000,11.470000,11158000
2021-05-12,11.580000,11.800000,11.070000,11.130000,11.130000,10222900
2021-05-13,10.950000,11.210000,10.590000,10.820000,10.820000,8401500
2021-05-14,11.030000,11.910000,10.980000,11.840000,11.840000,7897000
2021-05-17,11.950000,12.680000,11.820000,12.670000,12.670000,9291200
2021-05-18,12.500000,12.810000,12.240000,12.520000,12.520000,7642200
2021-05-19,12.240000,12.990000,12.220000,12.920000,12.920000,10386100
2021-05-20,12.960000,13.190000,12.400000,12.720000,12.720000,6065800
2021-05-21,13.000000,13.200000,12.740000,12.760000,12.760000,5420300
2021-05-24,12.800000,12.870000,12.380000,12.740000,12.740000,4851100
2021-05-25,12.720000,12.850000,12.260000,12.280000,12.280000,4088200
2021-05-26,12.270000,12.740000,12.260000,12.680000,12.680000,3551300
2021-05-27,12.650000,13.080000,12.650000,12.920000,12.920000,5014000
2021-05-28,13.000000,13.130000,12.800000,12.910000,12.910000,3974800
2021-06-01,13.300000,13.700000,13.260000,13.450000,13.450000,10405300
2021-06-02,13.500000,13.630000,13.000000,13.010000,13.010000,8997100
2021-06-03,12.950000,13.310000,12.690000,13.060000,13.060000,6169100
2021-06-04,13.210000,13.250000,12.630000,13.040000,13.040000,4224500
2021-06-07,13.000000,13.600000,12.960000,13.470000,13.470000,4939400
2021-06-08,13.450000,13.880000,13.200000,13.620000,13.620000,5914800
2021-06-09,13.520000,13.930000,13.370000,13.740000,13.740000,4757700
2021-06-10,13.860000,13.950000,13.280000,13.300000,13.300000,5303100
2021-06-11,13.550000,14.110000,13.450000,14.100000,14.100000,4749600
2021-06-14,14.110000,14.350000,13.610000,13.740000,13.740000,5397300
2021-06-15,13.850000,13.990000,13.470000,13.840000,13.840000,3955300
2021-06-16,13.700000,13.990000,13.330000,13.930000,13.930000,5139400
2021-06-17,14.150000,14.200000,12.850000,13.130000,13.130000,6554000
2021-06-18,13.010000,13.580000,12.810000,13.210000,13.210000,11334200
2021-06-21,13.370000,13.770000,12.820000,13.720000,13.720000,5971400
2021-06-22,13.660000,13.850000,13.400000,13.800000,13.800000,4093100
2021-06-23,13.960000,14.580000,13.930000,14.140000,14.140000,5089600
2021-06-24,14.110000,14.830000,14.060000,14.680000,14.680000,4928600
2021-06-25,14.790000,15.350000,14.650000,15.060000,15.060000,12585000
2021-06-28,15.120000,15.120000,14.170000,14.490000,14.490000,6013000
2021-06-29,14.960000,15.160000,14.490000,14.680000,14.680000,4186600
2021-06-30,14.710000,15.100000,14.670000,15.030000,15.030000,4406700
2021-07-01,15.350000,15.540000,14.620000,15.060000,15.060000,7392300
2021-07-02,14.870000,14.970000,14.600000,14.630000,14.630000,4784100
2021-07-06,14.600000,14.690000,13.930000,14.130000,14.130000,4638700
2021-07-07,13.980000,14.320000,13.480000,13.980000,13.980000,5519500
2021-07-08,13.850000,14.770000,13.680000,14.480000,14.480000,5779200
2021-07-09,14.680000,15.280000,14.560000,15.220000,15.220000,6376700
2021-07-12,14.960000,15.000000,14.390000,14.570000,14.570000,5734200
2021-07-13,14.720000,15.010000,14.580000,14.620000,14.620000,4781100
2021-07-14,14.550000,14.910000,14.140000,14.270000,14.270000,8718200
2021-07-15,14.340000,14.510000,13.880000,14.060000,14.060000,4809700
2021-07-16,14.210000,14.260000,13.160000,13.240000,13.240000,6423500
2021-07-19,12.600000,13.040000,12.290000,12.540000,12.540000,9656700
2021-07-20,12.540000,13.210000,12.410000,13.070000,13.070000,6053400
2021-07-21,13.470000,14.180000,13.390000,13.910000,13.910000,5749700
2021-07-22,13.930000,13.940000,13.390000,13.660000,13.660000,4167000
2021-07-23,13.730000,13.790000,13.120000,13.680000,13.680000,6863900
2021-07-26,13.700000,14.630000,13.700000,14.620000,14.620000,5190000
2021-07-27,14.640000,14.640000,13.600000,13.890000,13.890000,6599000
2021-07-28,14.000000,14.250000,13.530000,13.810000,13.810000,6604900
2021-07-29,13.330000,13.980000,12.770000,13.610000,13.610000,9569200
2021-07-30,13.510000,13.750000,13.270000,13.600000,13.600000,6360700
2021-08-02,13.650000,14.000000,13.050000,13.050000,13.050000,6831700
2021-08-03,13.000000,13.660000,12.720000,13.470000,13.470000,4799300
2021-08-04,13.210000,13.810000,13.080000,13.270000,13.270000,4671600
2021-08-05,13.340000,13.850000,13.230000,13.240000,13.240000,3703600
2021-08-06,13.260000,13.750000,13.240000,13.620000,13.620000,4663600
2021-08-09,13.570000,13.900000,13.330000,13.350000,13.350000,7342600
2021-08-10,13.540000,14.000000,13.400000,13.780000,13.780000,4672700
2021-08-11,13.650000,13.800000,13.170000,13.800000,13.800000,5733600
2021-08-12,13.800000,14.180000,13.300000,13.490000,13.490000,6477800
2021-08-13,13.360000,13.470000,12.550000,12.610000,12.610000,6232100
2021-08-16,12.500000,12.810000,12.160000,12.570000,12.570000,5752500
2021-08-17,12.470000,12.950000,12.360000,12.680000,12.680000,5576400
2021-08-18,12.640000,12.850000,11.890000,11.990000,11.990000,7881600
2021-08-19,11.710000,11.870000,10.910000,11.380000,11.380000,11457100
2021-08-20,11.330000,11.670000,11.190000,11.620000,11.620000,7812600
2021-08-23,12.010000,12.430000,11.880000,12.220000,12.220000,6849500
2021-08-24,12.410000,12.490000,12.180000,12.390000,12.390000,4876700
2021-08-25,12.480000,13.110000,12.280000,12.850000,12.850000,4562300
2021-08-26,12.800000,13.170000,12.680000,12.860000,12.860000,5783100
2021-08-27,13.070000,14.160000,13.050000,13.840000,13.840000,7582800
2021-08-30,13.850000,14.200000,13.490000,13.690000,13.690000,7314300