Date,Open,High,Low,Close,Adj Close,Volume
2021-01-04,77.370003,78.029999,74.370003,75.330002,75.330002,363400
2021-01-05,75.019997,75.879997,74.080002,74.970001,74.970001,289000
2021-01-06,74.980003,77.070000,74.330002,76.449997,76.449997,679500
2021-01-07,77.059998,78.639999,76.820000,77.589996,77.589996,540300
2021-01-08,77.500000,78.750000,76.209999,77.139999,77.139999,456500
2021-01-11,76.860001,77.309998,73.739998,74.320000,74.320000,420200
2021-01-12,74.360001,77.699997,73.339996,76.989998,76.989998,529500
2021-01-13,76.989998,81.970001,76.029999,78.309998,78.309998,515000
2021-01-14,77.669998,80.940002,76.930000,80.559998,80.559998,480300
2021-01-15,80.000000,81.809998,79.000000,80.500000,80.500000,471200
2021-01-19,80.500000,81.300003,78.699997,80.699997,80.699997,620500
2021-01-20,81.620003,81.750000,80.339996,81.220001,81.220001,468200
2021-01-21,81.419998,81.620003,76.639999,76.660004,76.660004,456500
2021-01-22,77.010002,78.070000,76.449997,77.680000,77.680000,482600
2021-01-25,77.919998,79.169998,76.750000,78.000000,78.000000,312700
2021-01-26,78.559998,78.559998,75.809998,76.360001,76.360001,430600
2021-01-27,76.000000,77.449997,72.000000,74.680000,74.680000,700500
2021-01-28,76.300003,78.089996,75.000000,77.500000,77.500000,484000
2021-01-29,77.440002,78.800003,74.099998,74.239998,74.239998,611000
2021-02-01,74.949997,77.230003,72.660004,76.989998,76.989998,460400
2021-02-02,77.879997,80.010002,77.519997,79.339996,79.339996,577000
2021-02-03,78.949997,81.099998,78.870003,79.970001,79.970001,410700
2021-02-04,80.209999,80.709999,78.879997,80.500000,80.500000,359300
2021-02-05,80.889999,81.900002,79.199997,81.180000,81.180000,504500
2021-02-08,80.930000,82.250000,80.510002,81.970001,81.970001,393700
2021-02-09,81.900002,83.309998,81.120003,81.570000,81.570000,432200
2021-02-10,81.989998,83.550003,80.410004,81.930000,81.930000,515500
2021-02-11,82.790001,83.480003,81.180000,83.129997,83.129997,480200
2021-02-12,82.870003,84.410004,81.699997,83.949997,83.949997,523500
2021-02-16,84.540001,85.000000,81.639999,83.290001,83.290001,538800
2021-02-17,82.610001,83.379997,81.199997,81.699997,81.699997,324700
2021-02-18,81.519997,81.519997,80.000000,80.470001,80.470001,272100
2021-02-19,80.730003,83.889999,80.190002,81.110001,81.110001,430100
2021-02-22,81.139999,81.570000,78.459999,78.650002,78.650002,388200
2021-02-23,77.220001,78.989998,75.239998,76.559998,76.559998,515800
2021-02-24,75.970001,82.250000,75.970001,80.099998,80.099998,725600
2021-02-25,79.419998,80.800003,78.059998,79.489998,79.489998,323900
2021-02-26,80.430000,81.370003,77.519997,80.349998,80.349998,529000
2021-03-01,81.570000,81.839996,79.959999,80.080002,80.080002,420100
2021-03-02,80.529999,80.529999,75.889999,76.809998,76.809998,675200
2021-03-03,71.120003,74.080002,68.919998,73.260002,73.260002,1395600
2021-03-04,73.129997,74.559998,70.860001,71.510002,71.510002,1079300
2021-03-05,71.910004,73.830002,69.019997,73.570000,73.570000,640300
2021-03-08,73.750000,74.440002,71.010002,71.459999,71.459999,544500
2021-03-09,72.970001,75.779999,72.510002,75.419998,75.419998,465800
2021-03-10,76.730003,77.699997,73.430000,73.790001,73.790001,407900
2021-03-11,75.220001,75.910004,73.000000,75.660004,75.660004,579800
2021-03-12,74.620003,77.379997,73.500000,77.070000,77.070000,353000
2021-03-15,77.000000,77.739998,75.459999,77.580002,77.580002,319700
2021-03-16,77.970001,78.870003,75.250000,76.099998,76.099998,227500
2021-03-17,75.000000,77.839996,75.000000,77.300003,77.300003,422700
2021-03-18,76.589996,77.389999,72.440002,72.879997,72.879997,648300
2021-03-19,73.330002,76.750000,72.529999,75.919998,75.919998,1563100
2021-03-22,76.160004,77.580002,75.199997,76.510002,76.510002,515000
2021-03-23,75.839996,76.320000,72.440002,72.959999,72.959999,386000
2021-03-24,73.820000,73.820000,70.199997,70.309998,70.309998,409800
2021-03-25,69.550003,70.949997,68.480003,70.610001,70.610001,436900
2021-03-26,72.940002,72.940002,68.650002,69.900002,69.900002,405500
2021-03-29,70.000000,70.000000,66.790001,67.160004,67.160004,495700
2021-03-30,66.989998,67.849998,65.089996,67.220001,67.220001,670400
2021-03-31,67.809998,70.480003,67.620003,69.389999,69.389999,562600
2021-04-01,70.120003,71.769997,67.830002,68.480003,68.480003,688000
2021-04-05,68.949997,69.400002,67.730003,68.550003,68.550003,404600
2021-04-06,68.070000,68.970001,66.790001,66.930000,66.930000,380600
2021-04-07,66.910004,68.000000,66.239998,66.290001,66.290001,288300
2021-04-08,66.589996,68.129997,65.820000,66.489998,66.489998,370800
2021-04-09,66.150002,67.610001,66.040001,66.290001,66.290001,389400
2021-04-12,65.900002,66.959999,64.300003,64.760002,64.760002,375700
2021-04-13,65.410004,66.680000,64.489998,66.400002,66.400002,312100
2021-04-14,66.930000,69.379997,66.809998,67.639999,67.639999,269900
2021-04-15,67.940002,69.720001,67.669998,67.989998,67.989998,287800
2021-04-16,68.769997,68.900002,65.690002,65.900002,65.900002,684200
2021-04-19,65.019997,67.000000,64.279999,65.370003,65.370003,635300
2021-04-20,64.800003,66.849998,64.629997,66.760002,66.760002,719900
2021-04-21,66.760002,68.019997,66.750000,67.739998,67.739998,605100
2021-04-22,67.260002,68.680000,66.059998,66.809998,66.809998,701000
2021-04-23,67.790001,68.110001,66.180000,66.919998,66.919998,462200
2021-04-26,68.000000,69.629997,66.500000,68.750000,68.750000,571000
2021-04-27,69.930000,69.930000,67.580002,67.860001,67.860001,507600
2021-04-28,67.529999,69.489998,66.349998,68.529999,68.529999,380100
2021-04-29,69.029999,69.500000,66.809998,68.589996,68.589996,407000
2021-04-30,68.250000,69.169998,67.779999,68.629997,68.629997,350700
2021-05-03,69.500000,69.540001,66.239998,66.459999,66.459999,494400
2021-05-04,65.889999,65.889999,63.500000,64.000000,64.000000,467600
2021-05-05,64.480003,65.699997,63.080002,64.300003,64.300003,487100
2021-05-06,63.840000,65.430000,61.980000,63.070000,63.070000,612900
2021-05-07,64.519997,66.000000,62.759998,64.790001,64.790001,507900
2021-05-10,64.050003,64.629997,63.000000,63.270000,63.270000,328200
2021-05-11,61.930000,64.349998,61.650002,62.680000,62.680000,344500
2021-05-12,62.139999,63.720001,61.029999,61.230000,61.230000,425500
2021-05-13,61.470001,61.849998,59.549999,60.480000,60.480000,488400
2021-05-14,61.189999,62.380001,60.250000,61.459999,61.459999,403900
2021-05-17,61.490002,61.900002,60.090000,60.889999,60.889999,302000
2021-05-18,61.799999,63.150002,61.299999,61.570000,61.570000,431600
2021-05-19,60.360001,61.570000,60.009998,61.130001,61.130001,361100
2021-05-20,61.070000,63.000000,60.439999,62.959999,62.959999,376500
2021-05-21,62.959999,63.900002,62.450001,62.790001,62.790001,378400
2021-05-24,63.119999,63.369999,62.240002,62.810001,62.810001,294700
2021-05-25,62.810001,63.639999,62.119999,62.139999,62.139999,326700
2021-05-26,62.650002,62.700001,61.099998,61.750000,61.750000,215200
2021-05-27,62.060001,62.680000,61.220001,61.919998,61.919998,218900
2021-05-28,62.009998,62.970001,60.790001,61.110001,61.110001,544200
2021-06-01,61.599998,63.470001,61.139999,62.580002,62.580002,460800
2021-06-02,62.549999,63.070000,60.689999,61.689999,61.689999,558200
2021-06-03,60.990002,61.830002,60.590000,61.279999,61.279999,292800
2021-06-04,61.279999,61.660000,60.490002,60.599998,60.599998,293000
2021-06-07,60.509998,62.720001,60.259998,61.049999,61.049999,653600
2021-06-08,61.340000,62.400002,59.900002,60.860001,60.860001,340700
2021-06-09,61.110001,62.369999,60.720001,62.279999,62.279999,451600
2021-06-10,62.169998,65.449997,61.650002,64.660004,64.660004,448200
2021-06-11,64.709999,65.680000,63.590000,65.190002,65.190002,405600
2021-06-14,64.989998,67.089996,64.529999,66.779999,66.779999,615700
2021-06-15,66.360001,66.989998,65.129997,65.599998,65.599998,328300
2021-06-16,65.410004,65.889999,63.599998,64.639999,64.639999,412400
2021-06-17,64.500000,66.650002,64.059998,66.400002,66.400002,306200
2021-06-18,65.580002,67.489998,65.349998,67.040001,67.040001,695000
2021-06-21,67.500000,68.570000,66.269997,68.139999,68.139999,385700
2021-06-22,67.889999,67.889999,65.290001,66.879997,66.879997,379400
2021-06-23,67.129997,67.570000,65.500000,67.209999,67.209999,369300
2021-06-24,67.820000,69.029999,67.790001,68.699997,68.699997,564200
2021-06-25,68.720001,74.000000,68.720001,73.339996,73.339996,1307900
2021-06-28,73.879997,73.910004,71.120003,71.290001,71.290001,546800
2021-06-29,71.029999,71.669998,69.250000,69.930000,69.930000,290100
2021-06-30,69.830002,70.180000,67.980003,68.199997,68.199997,307700
2021-07-01,68.019997,71.250000,67.540001,71.239998,71.239998,383400
2021-07-02,70.910004,71.830002,70.129997,70.559998,70.559998,375700
2021-07-06,70.559998,71.199997,69.680000,69.690002,69.690002,278300
2021-07-07,69.760002,70.349998,67.480003,68.120003,68.120003,315100
2021-07-08,67.059998,68.800003,66.470001,67.889999,67.889999,245400
2021-07-09,68.440002,68.459999,67.050003,68.010002,68.010002,220200
2021-07-12,67.779999,68.519997,66.959999,68.040001,68.040001,279700
2021-07-13,67.620003,67.620003,66.349998,66.760002,66.760002,183100
2021-07-14,67.269997,67.269997,65.400002,65.489998,65.489998,282200
2021-07-15,65.199997,65.860001,62.509998,64.099998,64.099998,292400
2021-07-16,64.669998,65.250000,63.869999,64.330002,64.330002,250800
2021-07-19,63.430000,64.330002,62.509998,63.119999,63.119999,241400
2021-07-20,63.340000,64.500000,63.000000,64.239998,64.239998,327400
2021-07-21,64.389999,65.190002,63.290001,65.110001,65.110001,241800
2021-07-22,64.849998,65.220001,63.439999,64.529999,64.529999,160700
2021-07-23,64.580002,65.790001,63.779999,65.300003,65.300003,197500
2021-07-26,65.300003,65.330002,63.320000,63.799999,63.799999,233000
2021-07-27,63.500000,64.110001,61.250000,61.320000,61.320000,393400
2021-07-28,61.130001,64.750000,61.130001,63.820000,63.820000,597800
2021-07-29,63.750000,64.680000,62.240002,62.340000,62.340000,349700
2021-07-30,62.070000,63.490002,61.669998,61.860001,61.860001,287000
2021-08-02,62.439999,62.439999,60.250000,60.490002,60.490002,683300
2021-08-03,60.500000,61.200001,59.459999,60.430000,60.430000,536900
2021-08-04,60.029999,60.790001,59.009998,59.369999,59.369999,704900
2021-08-05,59.570000,62.689999,59.189999,62.099998,62.099998,713900
2021-08-06,62.080002,62.080002,53.509998,55.160000,55.160000,1428500
2021-08-09,55.049999,55.060001,53.090000,53.090000,53.090000,601800
2021-08-10,53.580002,53.580002,51.400002,51.480000,51.480000,699600
2021-08-11,52.290001,52.540001,49.820000,50.970001,50.970001,494200
2021-08-12,50.900002,51.619999,49.520000,49.630001,49.630001,549500
2021-08-13,50.230000,50.230000,48.040001,48.119999,48.119999,680800
2021-08-16,47.840000,48.279999,46.959999,47.770000,47.770000,603800
2021-08-17,47.610001,48.270000,46.810001,48.070000,48.070000,724800
2021-08-18,48.009998,48.009998,45.750000,46.650002,46.650002,794800
2021-08-19,46.180000,46.709999,45.500000,45.799999,45.799999,506200
2021-08-20,45.730000,47.779999,45.630001,46.900002,46.900002,450800
2021-08-23,47.419998,51.570000,47.360001,51.209999,51.209999,982200
2021-08-24,50.980000,51.209999,49.400002,50.590000,50.590000,383300
2021-08-25,50.470001,51.110001,49.889999,51.060001,51.060001,364700
2021-08-26,51.000000,52.560001,50.619999,50.759998,50.759998,489000
2021-08-27,50.880001,53.820000,50.529999,52.430000,52.430000,983900
2021-08-30,52.459999,53.119999,51.490002,51.750000,51.750000,409600