Date,Open,High,Low,Close,Adj Close,Volume
2021-01-04,30.330000,30.639999,27.799999,27.870001,27.870001,726800
2021-01-05,27.719999,29.070000,27.719999,28.950001,28.950001,621200
2021-01-06,29.639999,30.790001,29.510000,30.110001,30.110001,1104300
2021-01-07,30.350000,31.590000,29.059999,29.379999,29.379999,939000
2021-01-08,29.459999,30.410000,28.799999,29.570000,29.570000,755700
2021-01-11,28.830000,29.520000,28.750000,29.240000,29.240000,387100
2021-01-12,29.410000,30.170000,29.070000,29.799999,29.799999,1144200
2021-01-13,30.030001,30.350000,29.440001,29.610001,29.610001,418000
2021-01-14,30.000000,30.940001,29.850000,30.330000,30.330000,739000
2021-01-15,29.450001,30.320000,29.010000,30.290001,30.290001,795400
2021-01-19,30.549999,31.190001,29.370001,30.010000,30.010000,1322300
2021-01-20,30.070000,30.540001,29.430000,29.820000,29.820000,479900
2021-01-21,29.450001,29.700001,28.580000,28.820000,28.820000,731100
2021-01-22,28.290001,28.799999,27.959999,28.129999,28.129999,600500
2021-01-25,27.889999,28.190001,26.040001,27.500000,27.500000,649600
2021-01-26,27.910000,28.000000,26.270000,26.440001,26.440001,586900
2021-01-27,25.680000,25.680000,24.110001,24.680000,24.680000,983700
2021-01-28,25.309999,26.090000,25.000000,25.740000,25.740000,691000
2021-01-29,25.590000,25.840000,24.430000,25.200001,25.200001,852300
2021-02-01,25.420000,26.309999,24.670000,26.160000,26.160000,557000
2021-02-02,26.690001,27.219999,26.400000,26.670000,26.670000,537900
2021-02-03,26.430000,27.150000,26.059999,26.719999,26.719999,488300
2021-02-04,26.750000,27.430000,26.459999,26.600000,26.600000,1054400
2021-02-05,26.920000,27.110001,25.709999,26.160000,26.160000,997400
2021-02-08,26.450001,27.090000,25.950001,26.620001,26.620001,695700
2021-02-09,26.480000,26.799999,25.700001,26.469999,26.469999,2715800
2021-02-10,26.520000,27.309999,25.450001,25.490000,25.490000,914700
2021-02-11,25.530001,26.309999,25.410000,25.500000,25.500000,1329000
2021-02-12,25.330000,26.030001,25.139999,25.900000,25.900000,569600
2021-02-16,26.420000,26.660000,25.290001,25.580000,25.580000,914500
2021-02-17,25.510000,26.480000,25.389999,25.980000,25.980000,800600
2021-02-18,25.770000,25.980000,24.900000,25.030001,25.030001,836100
2021-02-19,25.219999,26.150000,25.219999,25.740000,25.740000,754300
2021-02-22,25.650000,26.170000,25.350000,25.730000,25.730000,1359300
2021-02-23,24.500000,25.000000,22.219999,22.830000,22.830000,1985600
2021-02-24,23.030001,23.340000,22.280001,23.049999,23.049999,2693300
2021-02-25,23.049999,23.160000,22.299999,22.850000,22.850000,2051100
2021-02-26,22.870001,23.250000,21.799999,21.920000,21.920000,1961600
2021-03-01,22.260000,24.000000,22.260000,23.990000,23.990000,1088500
2021-03-02,24.480000,25.709999,24.480000,24.820000,24.820000,1339700
2021-03-03,24.879999,25.850000,24.309999,25.090000,25.090000,1136500
2021-03-04,24.590000,25.670000,23.309999,24.059999,24.059999,1582800
2021-03-05,24.510000,25.379999,23.860001,25.270000,25.270000,1131500
2021-03-08,25.389999,26.870001,25.049999,26.820000,26.820000,1271900
2021-03-09,27.000000,28.570000,26.660000,28.230000,28.230000,1889500
2021-03-10,28.350000,29.879999,28.290001,29.700001,29.700001,1565400
2021-03-11,29.940001,31.139999,29.850000,31.049999,31.049999,2526700
2021-03-12,30.990000,31.850000,29.830000,29.950001,29.950001,1454400
2021-03-15,29.600000,30.370001,28.760000,29.070000,29.070000,1360200
2021-03-16,28.990000,29.660000,28.290001,28.389999,28.389999,841300
2021-03-17,28.200001,29.250000,27.959999,29.160000,29.160000,746400
2021-03-18,29.160000,29.950001,27.379999,27.570000,27.570000,1314800
2021-03-19,27.959999,28.129999,27.150000,27.219999,27.219999,2706000
2021-03-22,27.219999,27.639999,26.680000,26.870001,26.870001,727300
2021-03-23,26.309999,26.660000,24.850000,25.080000,25.080000,829900
2021-03-24,25.629999,26.000000,24.730000,24.809999,24.809999,818800
2021-03-25,24.500000,25.750000,23.860001,25.420000,25.420000,1413600
2021-03-26,25.980000,26.540001,25.059999,25.790001,25.790001,874200
2021-03-29,25.719999,26.129999,25.280001,25.299999,25.299999,782400
2021-03-30,25.270000,26.000000,25.219999,25.660000,25.660000,683600
2021-03-31,25.889999,26.379999,25.150000,25.389999,25.389999,934800
2021-04-01,25.580000,26.330000,25.379999,26.059999,26.059999,791600
2021-04-05,26.379999,27.150000,25.930000,26.760000,26.760000,717600
2021-04-06,26.670000,27.040001,26.190001,26.340000,26.340000,582300
2021-04-07,26.270000,26.520000,25.969999,26.080000,26.080000,440600
2021-04-08,26.180000,26.299999,25.379999,26.260000,26.260000,499200
2021-04-09,26.299999,26.299999,25.570000,25.930000,25.930000,498800
2021-04-12,25.860001,26.670000,25.500000,26.450001,26.450001,1385300
2021-04-13,26.480000,26.580000,25.590000,26.350000,26.350000,498000
2021-04-14,26.650000,28.129999,26.610001,27.600000,27.600000,542900
2021-04-15,27.830000,27.959999,27.120001,27.450001,27.450001,324600
2021-04-16,27.840000,27.900000,27.389999,27.700001,27.700001,408100
2021-04-19,27.430000,27.600000,25.830000,26.020000,26.020000,1172600
2021-04-20,26.020000,26.139999,24.870001,25.010000,25.010000,670700
2021-04-21,24.629999,26.580000,24.160000,26.459999,26.459999,843100
2021-04-22,26.160000,27.600000,26.000000,27.440001,27.440001,874100
2021-04-23,27.820000,28.180000,27.100000,27.850000,27.850000,1430400
2021-04-26,28.059999,28.799999,27.660000,27.680000,27.680000,543400
2021-04-27,27.580000,29.080000,27.410000,29.059999,29.059999,601900
2021-04-28,29.000000,30.020000,28.760000,29.920000,29.920000,605100
2021-04-29,30.100000,30.100000,28.799999,29.490000,29.490000,881500
2021-04-30,28.969999,29.719999,28.520000,28.600000,28.600000,1037700
2021-05-03,29.100000,29.930000,28.680000,29.360001,29.360001,1872900
2021-05-04,30.000000,35.000000,29.969999,35.000000,35.000000,2979700
2021-05-05,35.180000,36.180000,34.549999,36.160000,36.160000,1474600
2021-05-06,36.230000,36.740002,35.599998,36.200001,36.200001,1191000
2021-05-07,35.889999,36.349998,35.520000,35.869999,35.869999,650800
2021-05-10,36.689999,36.980000,35.340000,35.400002,35.400002,702100
2021-05-11,34.439999,36.740002,34.020000,36.439999,36.439999,1076200
2021-05-12,36.080002,36.450001,34.919998,35.240002,35.240002,1174800
2021-05-13,35.169998,36.150002,35.020000,35.619999,35.619999,591900
2021-05-14,35.680000,36.000000,35.240002,35.959999,35.959999,474600
2021-05-17,35.639999,36.509998,35.360001,36.110001,36.110001,599500
2021-05-18,36.230000,36.490002,35.439999,35.560001,35.560001,494700
2021-05-19,34.720001,35.029999,34.090000,34.599998,34.599998,630400
2021-05-20,34.599998,35.250000,34.169998,35.020000,35.020000,683600
2021-05-21,35.080002,35.849998,34.849998,34.849998,34.849998,976200
2021-05-24,35.279999,35.630001,34.639999,35.279999,35.279999,681100
2021-05-25,35.209999,35.590000,34.439999,34.930000,34.930000,618500
2021-05-26,35.020000,35.750000,34.709999,35.340000,35.340000,935500
2021-05-27,35.959999,36.799999,35.820000,35.860001,35.860001,1669400
2021-05-28,35.869999,36.400002,34.939999,36.169998,36.169998,600000
2021-06-01,36.520000,38.080002,36.250000,37.680000,37.680000,1304800
2021-06-02,37.500000,37.680000,36.349998,37.230000,37.230000,698900
2021-06-03,36.630001,37.599998,35.639999,37.090000,37.090000,644400
2021-06-04,37.470001,37.680000,36.840000,37.340000,37.340000,891300
2021-06-07,37.490002,37.880001,36.869999,37.400002,37.400002,1152600
2021-06-08,37.430000,38.349998,36.810001,37.720001,37.720001,963700
2021-06-09,37.709999,38.090000,37.230000,37.389999,37.389999,548100
2021-06-10,37.639999,37.990002,36.430000,37.029999,37.029999,823700
2021-06-11,37.680000,38.490002,37.060001,38.000000,38.000000,574300
2021-06-14,37.540001,37.889999,36.970001,37.130001,37.130001,826800
2021-06-15,36.820000,37.849998,36.750000,37.799999,37.799999,776100
2021-06-16,37.419998,37.750000,37.009998,37.020000,37.020000,1352400
2021-06-17,36.689999,36.950001,34.810001,35.910000,35.910000,1739900
2021-06-18,35.310001,35.650002,33.820000,34.310001,34.310001,2427700
2021-06-21,34.709999,35.950001,34.709999,35.389999,35.389999,1424200
2021-06-22,35.220001,35.490002,34.529999,35.250000,35.250000,1231300
2021-06-23,35.779999,36.240002,35.259998,35.419998,35.419998,1118100
2021-06-24,35.720001,36.930000,35.450001,36.720001,36.720001,665400
2021-06-25,36.970001,37.049999,36.000000,36.259998,36.259998,2158100
2021-06-28,36.180000,36.630001,35.599998,35.750000,35.750000,639500
2021-06-29,36.169998,37.520000,35.919998,35.959999,35.959999,549300
2021-06-30,35.560001,36.500000,35.560001,35.619999,35.619999,518500
2021-07-01,36.110001,36.160000,35.360001,35.599998,35.599998,389500
2021-07-02,35.830002,36.049999,35.169998,35.700001,35.700001,433500
2021-07-06,35.869999,35.869999,34.040001,34.730000,34.730000,798100
2021-07-07,34.630001,35.509998,34.279999,34.980000,34.980000,587500
2021-07-08,33.919998,35.090000,33.639999,34.259998,34.259998,536300
2021-07-09,35.090000,36.610001,35.000000,35.939999,35.939999,459700
2021-07-12,35.209999,36.450001,35.150002,35.950001,35.950001,464600
2021-07-13,35.509998,35.939999,34.009998,34.279999,34.279999,866800
2021-07-14,34.599998,35.090000,33.639999,33.849998,33.849998,790200
2021-07-15,33.580002,34.480000,33.110001,33.270000,33.270000,826200
2021-07-16,33.790001,33.880001,32.700001,32.990002,32.990002,515200
2021-07-19,31.780001,32.099998,30.700001,31.490000,31.490000,1083300
2021-07-20,31.629999,33.080002,31.250000,32.520000,32.520000,1200500
2021-07-21,33.160000,34.029999,33.040001,33.840000,33.840000,354300
2021-07-22,33.439999,33.590000,32.180000,32.730000,32.730000,497500
2021-07-23,33.240002,33.450001,32.529999,33.340000,33.340000,284100
2021-07-26,33.709999,34.430000,33.330002,34.340000,34.340000,308100
2021-07-27,33.759998,34.540001,33.389999,33.869999,33.869999,345400
2021-07-28,34.619999,35.480000,34.029999,34.919998,34.919998,477300
2021-07-29,35.610001,37.230000,35.570000,36.919998,36.919998,575200
2021-07-30,36.580002,37.630001,35.709999,35.939999,35.939999,615800
2021-08-02,36.130001,37.020000,35.009998,35.419998,35.419998,725400
2021-08-03,33.709999,35.049999,32.709999,34.590000,34.590000,874800
2021-08-04,33.709999,34.419998,31.740000,31.750000,31.750000,695300
2021-08-05,31.770000,33.290001,31.530001,32.990002,32.990002,773900
2021-08-06,33.299999,34.169998,33.169998,33.930000,33.930000,755400
2021-08-09,33.459999,34.610001,33.090000,34.310001,34.310001,535000
2021-08-10,35.000000,36.450001,34.299999,36.099998,36.099998,900100
2021-08-11,36.119999,36.770000,35.310001,36.599998,36.599998,705000
2021-08-12,36.470001,36.560001,35.000000,35.220001,35.220001,523400
2021-08-13,35.200001,36.009998,35.000000,35.529999,35.529999,516600
2021-08-16,34.820000,35.130001,34.099998,34.490002,34.490002,528700
2021-08-17,33.910000,35.130001,33.730000,35.110001,35.110001,654300
2021-08-18,34.590000,35.349998,34.439999,34.889999,34.889999,478600
2021-08-19,33.880001,34.779999,33.740002,34.310001,34.310001,591500
2021-08-20,34.490002,35.220001,34.000000,34.650002,34.650002,622200
2021-08-23,35.299999,35.349998,34.299999,34.459999,34.459999,631400
2021-08-24,34.820000,35.480000,34.820000,35.189999,35.189999,503600
2021-08-25,35.220001,35.570000,34.910000,34.950001,34.950001,361400
2021-08-26,34.750000,35.389999,34.310001,34.320000,34.320000,576300
2021-08-27,34.509998,36.549999,34.509998,35.980000,35.980000,698800
2021-08-30,36.380001,36.490002,35.639999,35.970001,35.970001,353100