Date,Open,High,Low,Close,Adj Close,Volume
2021-01-04,84.949997,86.529999,79.570000,83.839996,83.839996,898200
2021-01-05,84.099998,85.830002,80.510002,82.209999,82.209999,674700
2021-01-06,83.230003,85.370003,81.790001,83.260002,83.260002,557700
2021-01-07,83.339996,88.419998,80.800003,84.070000,84.070000,1041100
2021-01-08,83.910004,86.150002,77.709999,80.440002,80.440002,898100
2021-01-11,79.930000,82.680000,79.000000,80.879997,80.879997,524700
2021-01-12,80.870003,82.699997,79.860001,81.830002,81.830002,399300
2021-01-13,82.000000,84.480003,79.900002,82.410004,82.410004,595600
2021-01-14,82.419998,88.730003,81.290001,87.709999,87.709999,898800
2021-01-15,86.940002,92.459999,85.730003,90.599998,90.599998,649800
2021-01-19,92.610001,92.769997,90.070000,91.370003,91.370003,410400
2021-01-20,91.339996,92.330002,88.300003,88.500000,88.500000,523700
2021-01-21,88.269997,88.500000,83.029999,84.330002,84.330002,494400
2021-01-22,84.339996,85.309998,82.330002,84.089996,84.089996,471100
2021-01-25,83.400002,85.589996,77.220001,82.510002,82.510002,597100
2021-01-26,81.449997,81.449997,73.089996,74.029999,74.029999,594100
2021-01-27,73.029999,73.029999,68.050003,68.699997,68.699997,794200
2021-01-28,69.430000,74.750000,69.070000,73.910004,73.910004,638400
2021-01-29,73.000000,76.529999,70.519997,75.440002,75.440002,617300
2021-02-01,76.000000,78.739998,74.610001,77.339996,77.339996,620300
2021-02-02,78.190002,81.309998,76.279999,80.680000,80.680000,283000
2021-02-03,80.220001,83.730003,80.160004,82.449997,82.449997,427300
2021-02-04,82.690002,84.739998,80.980003,81.870003,81.870003,389300
2021-02-05,82.000000,84.089996,81.209999,83.139999,83.139999,378100
2021-02-08,83.150002,84.879997,81.739998,82.550003,82.550003,394000
2021-02-09,82.209999,84.699997,82.000000,82.300003,82.300003,264500
2021-02-10,82.900002,84.320000,80.230003,81.120003,81.120003,437700
2021-02-11,81.290001,82.559998,79.019997,79.099998,79.099998,268900
2021-02-12,78.250000,82.709999,77.949997,81.089996,81.089996,227400
2021-02-16,80.419998,82.029999,76.919998,79.629997,79.629997,542600
2021-02-17,79.379997,80.029999,76.010002,79.760002,79.760002,347500
2021-02-18,78.459999,81.120003,77.639999,79.199997,79.199997,398600
2021-02-19,78.870003,80.820000,77.760002,79.160004,79.160004,347700
2021-02-22,79.000000,81.430000,72.279999,72.629997,72.629997,822600
2021-02-23,71.489998,74.919998,66.480003,74.269997,74.269997,533600
2021-02-24,74.570000,77.989998,74.190002,76.139999,76.139999,290000
2021-02-25,76.160004,78.300003,72.989998,73.940002,73.940002,225800
2021-02-26,74.500000,79.660004,71.879997,78.300003,78.300003,479300
2021-03-01,78.540001,79.970001,76.570000,77.300003,77.300003,413300
2021-03-02,77.379997,80.500000,75.550003,77.510002,77.510002,484800
2021-03-03,76.790001,78.320000,74.860001,75.980003,75.980003,433100
2021-03-04,75.500000,76.790001,69.500000,71.080002,71.080002,566600
2021-03-05,71.349998,72.389999,66.180000,72.040001,72.040001,572500
2021-03-08,71.839996,73.459999,68.300003,69.129997,69.129997,491200
2021-03-09,71.320000,76.120003,70.849998,72.309998,72.309998,387300
2021-03-10,73.430000,76.269997,73.430000,74.180000,74.180000,301500
2021-03-11,74.290001,78.099998,74.150002,77.870003,77.870003,515700
2021-03-12,76.809998,78.029999,74.620003,76.860001,76.860001,310200
2021-03-15,75.220001,78.879997,75.139999,77.470001,77.470001,301400
2021-03-16,78.290001,79.269997,71.720001,72.690002,72.690002,342100
2021-03-17,71.449997,73.379997,70.690002,72.300003,72.300003,475100
2021-03-18,71.040001,73.739998,66.550003,66.680000,66.680000,497000
2021-03-19,67.309998,71.690002,66.260002,66.940002,66.940002,812500
2021-03-22,67.050003,69.260002,65.300003,66.680000,66.680000,540300
2021-03-23,65.570000,67.290001,62.410000,63.009998,63.009998,531800
2021-03-24,63.869999,64.599998,61.099998,61.990002,61.990002,781100
2021-03-25,61.139999,63.029999,59.130001,62.820000,62.820000,411600
2021-03-26,63.439999,64.099998,58.330002,59.980000,59.980000,280500
2021-03-29,59.720001,59.720001,56.590000,58.189999,58.189999,490300
2021-03-30,58.459999,63.090000,57.810001,62.549999,62.549999,657300
2021-03-31,63.509998,67.059998,62.669998,66.099998,66.099998,864700
2021-04-01,65.919998,69.690002,64.599998,65.800003,65.800003,323600
2021-04-05,66.120003,68.269997,65.300003,66.820000,66.820000,283600
2021-04-06,66.879997,67.930000,64.029999,64.540001,64.540001,287800
2021-04-07,64.260002,65.779999,63.130001,64.360001,64.360001,251300
2021-04-08,64.419998,66.070000,63.200001,64.430000,64.430000,287100
2021-04-09,64.660004,64.989998,61.330002,63.490002,63.490002,337000
2021-04-12,63.619999,63.619999,59.290001,60.450001,60.450001,460300
2021-04-13,60.450001,62.080002,58.990002,61.340000,61.340000,358400
2021-04-14,61.599998,65.389999,60.250000,62.889999,62.889999,280100
2021-04-15,64.269997,64.699997,62.220001,63.000000,63.000000,264300
2021-04-16,63.470001,65.349998,61.990002,64.690002,64.690002,521200
2021-04-19,64.470001,65.940002,61.820000,62.180000,62.180000,411700
2021-04-20,61.820000,63.950001,60.360001,61.910000,61.910000,211500
2021-04-21,63.770000,66.790001,62.549999,65.720001,65.720001,258100
2021-04-22,66.529999,68.089996,64.110001,66.260002,66.260002,406100
2021-04-23,66.000000,67.900002,64.669998,64.809998,64.809998,368100
2021-04-26,64.540001,66.790001,63.150002,66.089996,66.089996,310500
2021-04-27,66.459999,68.610001,65.440002,67.849998,67.849998,254900
2021-04-28,67.930000,70.580002,66.449997,69.540001,69.540001,334900
2021-04-29,68.879997,70.099998,67.070000,69.820000,69.820000,245500
2021-04-30,68.940002,73.300003,68.000000,68.940002,68.940002,323000
2021-05-03,69.500000,71.300003,66.709999,69.989998,69.989998,273200
2021-05-04,69.309998,69.989998,63.779999,68.010002,68.010002,300600
2021-05-05,68.169998,70.430000,65.580002,67.160004,67.160004,329700
2021-05-06,67.059998,67.059998,61.709999,63.150002,63.150002,351700
2021-05-07,63.580002,65.239998,63.189999,63.630001,63.630001,375400
2021-05-10,63.619999,64.559998,61.360001,61.389999,61.389999,590000
2021-05-11,59.509998,62.799999,56.639999,61.290001,61.290001,218800
2021-05-12,60.320000,64.110001,59.869999,63.009998,63.009998,296600
2021-05-13,63.430000,65.010002,62.320000,63.840000,63.840000,266500
2021-05-14,64.059998,67.699997,63.830002,66.910004,66.910004,222300
2021-05-17,66.449997,67.980003,66.279999,67.239998,67.239998,156500
2021-05-18,67.949997,68.500000,67.040001,67.180000,67.180000,302500
2021-05-19,65.769997,65.769997,62.389999,63.790001,63.790001,397900
2021-05-20,64.120003,65.180000,62.910000,63.950001,63.950001,352400
2021-05-21,67.000000,68.279999,66.250000,66.500000,66.500000,438600
2021-05-24,66.629997,67.339996,65.239998,65.959999,65.959999,273500
2021-05-25,66.650002,66.709999,64.639999,65.209999,65.209999,360700
2021-05-26,65.529999,66.379997,64.820000,65.690002,65.690002,390100
2021-05-27,66.330002,69.440002,64.989998,68.889999,68.889999,414400
2021-05-28,69.360001,73.040001,68.989998,72.739998,72.739998,1018500
2021-06-01,72.800003,73.339996,68.279999,71.510002,71.510002,411200
2021-06-02,71.809998,72.820000,69.129997,69.529999,69.529999,549900
2021-06-03,69.349998,69.800003,67.480003,68.809998,68.809998,232200
2021-06-04,69.620003,71.309998,68.400002,70.440002,70.440002,254500
2021-06-07,71.120003,75.690002,70.029999,74.570000,74.570000,579300
2021-06-08,75.220001,79.209999,74.320000,78.529999,78.529999,619500
2021-06-09,79.059998,80.459999,77.900002,78.589996,78.589996,332300
2021-06-10,78.949997,82.800003,78.349998,82.779999,82.779999,563200
2021-06-11,82.129997,82.599998,79.220001,81.639999,81.639999,606100
2021-06-14,81.919998,84.900002,81.919998,84.260002,84.260002,327500
2021-06-15,83.980003,84.660004,80.410004,80.980003,80.980003,406300
2021-06-16,80.989998,83.470001,80.559998,82.019997,82.019997,661900
2021-06-17,81.820000,81.820000,76.000000,78.650002,78.650002,755100
2021-06-18,77.180000,79.680000,77.110001,79.169998,79.169998,609300
2021-06-21,79.349998,81.199997,78.269997,79.110001,79.110001,580000
2021-06-22,78.419998,78.559998,72.809998,74.339996,74.339996,2157200
2021-06-23,74.529999,76.150002,74.199997,75.949997,75.949997,472100
2021-06-24,76.650002,78.550003,75.480003,75.970001,75.970001,440400
2021-06-25,75.959999,77.279999,74.059998,76.209999,76.209999,1166000
2021-06-28,76.470001,77.410004,75.470001,76.779999,76.779999,331700
2021-06-29,77.389999,79.279999,75.739998,76.209999,76.209999,394700
2021-06-30,75.580002,77.790001,74.339996,77.000000,77.000000,513000
2021-07-01,77.209999,81.540001,77.099998,81.239998,81.239998,293300
2021-07-02,81.410004,82.389999,79.790001,79.879997,79.879997,264300
2021-07-06,79.360001,79.970001,75.519997,77.720001,77.720001,302000
2021-07-07,78.099998,80.599998,76.279999,79.830002,79.830002,300100
2021-07-08,78.519997,81.839996,78.269997,81.540001,81.540001,227000
2021-07-09,81.680000,83.669998,81.169998,82.570000,82.570000,245800
2021-07-12,83.150002,84.489998,80.480003,80.669998,80.669998,374500
2021-07-13,79.900002,81.930000,79.080002,80.320000,80.320000,282900
2021-07-14,80.510002,81.089996,75.000000,76.349998,76.349998,397700
2021-07-15,76.050003,76.250000,72.070000,73.199997,73.199997,322300
2021-07-16,73.889999,75.120003,72.120003,74.529999,74.529999,212000
2021-07-19,73.010002,76.650002,73.010002,74.919998,74.919998,290100
2021-07-20,75.059998,78.000000,73.849998,77.279999,77.279999,364600
2021-07-21,77.430000,78.389999,75.690002,77.550003,77.550003,256900
2021-07-22,83.750000,90.220001,83.089996,84.510002,84.510002,2787700
2021-07-23,86.910004,96.779999,85.570000,95.470001,95.470001,1666500
2021-07-26,95.910004,98.529999,94.470001,94.879997,94.879997,718800
2021-07-27,93.739998,94.510002,92.040001,94.050003,94.050003,579800
2021-07-28,95.300003,105.610001,94.540001,103.849998,103.849998,969300
2021-07-29,104.029999,108.470001,102.040001,107.870003,107.870003,654100
2021-07-30,103.779999,104.900002,99.500000,101.099998,101.099998,735000
2021-08-02,101.230003,101.589996,96.180000,97.669998,97.669998,650100
2021-08-03,97.540001,101.160004,96.199997,100.400002,100.400002,372500
2021-08-04,99.690002,103.500000,98.250000,99.230003,99.230003,281300
2021-08-05,95.730003,102.889999,95.250000,101.400002,101.400002,484800
2021-08-06,102.360001,103.529999,94.199997,95.000000,95.000000,510300
2021-08-09,94.650002,97.220001,91.730003,92.720001,92.720001,467800
2021-08-10,93.860001,94.000000,89.620003,90.370003,90.370003,382300
2021-08-11,90.180000,90.669998,88.589996,89.910004,89.910004,304300
2021-08-12,89.480003,91.320000,89.300003,90.040001,90.040001,173200
2021-08-13,90.040001,91.279999,87.089996,91.209999,91.209999,290700
2021-08-16,90.019997,90.980003,86.099998,86.900002,86.900002,397000
2021-08-17,86.139999,87.879997,84.349998,86.930000,86.930000,348500
2021-08-18,87.389999,90.730003,83.680000,84.320000,84.320000,628800
2021-08-19,82.820000,84.980003,81.050003,82.000000,82.000000,366800
2021-08-20,82.199997,86.099998,81.989998,85.830002,85.830002,244000
2021-08-23,87.320000,91.370003,86.739998,87.250000,87.250000,311700
2021-08-24,87.339996,87.779999,82.260002,85.110001,85.110001,367400
2021-08-25,85.000000,86.000000,83.209999,84.709999,84.709999,319800
2021-08-26,84.709999,85.989998,82.059998,83.449997,83.449997,497300
2021-08-27,83.959999,86.230003,83.860001,85.419998,85.419998,472600
2021-08-30,85.129997,88.330002,84.099998,85.190002,85.190002,364900