Date,Open,High,Low,Close,Adj Close,Volume
2021-01-04,76.070000,77.110001,74.519997,74.830002,74.830002,1164100
2021-01-05,74.570000,74.570000,70.449997,72.629997,72.629997,1268600
2021-01-06,71.620003,74.739998,70.110001,74.379997,74.379997,1720700
2021-01-07,75.000000,79.489998,75.000000,79.470001,79.470001,989400
2021-01-08,78.848000,82.250000,78.099998,79.879997,79.879997,937600
2021-01-11,79.000000,81.220001,78.029999,80.110001,80.110001,833200
2021-01-12,80.419998,82.930000,80.010002,82.690002,82.690002,550400
2021-01-13,82.110001,84.550003,80.889999,81.000000,81.000000,709400
2021-01-14,80.949997,84.120003,80.400002,82.860001,82.860001,482600
2021-01-15,81.900002,84.349998,80.519997,80.739998,80.739998,650600
2021-01-19,80.610001,83.454002,80.610001,82.150002,82.150002,538600
2021-01-20,82.589996,84.980003,82.400002,83.440002,83.440002,659100
2021-01-21,83.580002,84.120003,79.489998,80.019997,80.019997,559000
2021-01-22,79.809998,82.239998,79.500000,82.070000,82.070000,822000
2021-01-25,81.849998,84.669998,80.285004,84.129997,84.129997,696500
2021-01-26,84.290001,85.879997,80.860001,81.139999,81.139999,677600
2021-01-27,79.550003,81.930000,75.029999,76.820000,76.820000,1005100
2021-01-28,78.160004,79.290001,76.500000,77.750000,77.750000,719600
2021-01-29,78.389999,80.889999,76.309998,77.169998,77.169998,986200
2021-02-01,78.029999,80.394997,77.281998,79.760002,79.760002,543600
2021-02-02,80.779999,82.000000,79.949997,80.519997,80.519997,715400
2021-02-03,79.919998,81.889999,79.449997,80.330002,80.330002,568400
2021-02-04,81.610001,84.887001,79.769997,83.919998,83.919998,921000
2021-02-05,82.500000,91.696999,78.550003,90.470001,90.470001,1490300
2021-02-08,89.639999,90.470001,86.120003,88.410004,88.410004,1156400
2021-02-09,88.410004,91.100998,87.660004,89.800003,89.800003,552600
2021-02-10,90.000000,92.599998,87.012001,87.480003,87.480003,941500
2021-02-11,88.949997,90.419998,86.660004,88.339996,88.339996,610700
2021-02-12,88.459999,89.908997,86.699997,88.199997,88.199997,489200
2021-02-16,89.029999,89.360001,85.370003,87.400002,87.400002,565800
2021-02-17,86.709999,87.820000,84.586998,86.699997,86.699997,850900
2021-02-18,84.690002,86.970001,83.000000,86.459999,86.459999,749000
2021-02-19,87.300003,90.400002,86.064003,89.510002,89.510002,679100
2021-02-22,88.290001,89.373001,84.709999,85.000000,85.000000,791600
2021-02-23,82.820000,83.000000,78.010002,81.750000,81.750000,1327300
2021-02-24,82.480003,85.481003,80.419998,85.029999,85.029999,697500
2021-02-25,84.160004,86.440002,81.099998,82.199997,82.199997,615100
2021-02-26,83.010002,84.489998,78.910004,79.660004,79.660004,1061700
2021-03-01,81.139999,84.449997,81.059998,83.779999,83.779999,567600
2021-03-02,83.250000,83.889999,80.320000,80.629997,80.629997,722700
2021-03-03,80.610001,80.970001,75.169998,75.480003,75.480003,900300
2021-03-04,77.078003,77.078003,68.070000,69.559998,69.559998,1767600
2021-03-05,70.000000,70.495003,62.990002,69.000000,69.000000,1614000
2021-03-08,69.099998,71.080002,64.300003,64.580002,64.580002,1191200
2021-03-09,65.820000,71.500000,65.809998,69.870003,69.870003,913200
2021-03-10,71.440002,73.480003,69.199997,69.629997,69.629997,732300
2021-03-11,71.610001,73.639999,70.870003,73.180000,73.180000,659000
2021-03-12,72.110001,72.839996,70.315002,72.739998,72.739998,513200
2021-03-15,72.900002,73.209999,70.480003,71.849998,71.849998,802300
2021-03-16,73.400002,74.459000,70.440002,71.970001,71.970001,525100
2021-03-17,70.470001,73.379997,69.500000,72.570000,72.570000,461200
2021-03-18,71.010002,71.750999,67.690002,67.839996,67.839996,692600
2021-03-19,67.860001,68.849998,65.584999,67.400002,67.400002,2059000
2021-03-22,68.769997,71.099998,68.260002,70.500000,70.500000,803500
2021-03-23,69.129997,69.730003,65.779999,66.070000,66.070000,730500
2021-03-24,66.230003,67.250000,62.430000,62.820000,62.820000,810200
2021-03-25,61.540001,65.605003,61.029999,65.209999,65.209999,1204100
2021-03-26,65.459999,65.709999,61.320000,62.950001,62.950001,883900
2021-03-29,62.570000,64.029999,60.660000,61.349998,61.349998,700900
2021-03-30,61.580002,64.410004,60.639999,63.689999,63.689999,638800
2021-03-31,64.500000,69.389999,64.360001,66.309998,66.309998,982400
2021-04-01,67.230003,69.500000,66.410004,67.070000,67.070000,530800
2021-04-05,68.410004,69.110001,65.870003,67.220001,67.220001,461500
2021-04-06,66.000000,67.559998,65.029999,65.150002,65.150002,414400
2021-04-07,64.790001,65.449997,63.160000,63.389999,63.389999,526900
2021-04-08,64.959999,65.739998,63.400002,63.709999,63.709999,399100
2021-04-09,63.200001,63.250000,61.290001,62.150002,62.150002,783300
2021-04-12,62.009998,62.900002,60.520000,62.779999,62.779999,493400
2021-04-13,63.650002,64.699997,62.119999,63.930000,63.930000,406900
2021-04-14,64.570000,68.220001,64.449997,67.169998,67.169998,648700
2021-04-15,69.650002,69.699997,66.239998,67.980003,67.980003,720700
2021-04-16,68.489998,69.470001,67.230003,67.650002,67.650002,636200
2021-04-19,66.489998,68.449997,65.910004,67.000000,67.000000,538000
2021-04-20,66.910004,68.860001,65.430000,68.120003,68.120003,466600
2021-04-21,67.839996,69.239998,66.680000,69.029999,69.029999,554600
2021-04-22,69.599998,72.150002,68.419998,70.989998,70.989998,712600
2021-04-23,71.580002,72.349998,70.495003,71.589996,71.589996,559000
2021-04-26,72.000000,74.930000,71.589996,74.500000,74.500000,653900
2021-04-27,75.000000,75.410004,73.660004,74.519997,74.519997,663500
2021-04-28,74.529999,76.709999,74.519997,75.959999,75.959999,721600
2021-04-29,77.120003,77.120003,73.470001,75.760002,75.760002,607400
2021-04-30,75.000000,77.279999,71.970001,72.760002,72.760002,926700
2021-05-03,73.000000,73.980003,70.209999,70.239998,70.239998,559600
2021-05-04,68.040001,70.059998,66.129997,66.480003,66.480003,835900
2021-05-05,66.059998,68.650002,65.190002,66.470001,66.470001,930500
2021-05-06,65.500000,66.040001,61.910000,65.660004,65.660004,915600
2021-05-07,66.709999,67.500000,65.160004,66.379997,66.379997,641700
2021-05-10,65.949997,67.290001,64.419998,66.099998,66.099998,817800
2021-05-11,64.150002,71.110001,63.500000,69.809998,69.809998,781800
2021-05-12,68.440002,70.510002,68.220001,68.699997,68.699997,636800
2021-05-13,69.389999,69.904999,65.916000,67.879997,67.879997,688900
2021-05-14,68.430000,74.125999,68.000000,72.830002,72.830002,695600
2021-05-17,72.320000,73.949997,70.559998,73.050003,73.050003,591200
2021-05-18,73.930000,75.254997,72.125000,72.260002,72.260002,521500
2021-05-19,70.449997,72.359001,70.059998,71.419998,71.419998,729600
2021-05-20,72.110001,76.014999,71.989998,74.739998,74.739998,721400
2021-05-21,75.589996,75.989998,73.820000,74.230003,74.230003,370600
2021-05-24,75.169998,75.260002,74.099998,74.839996,74.839996,451400
2021-05-25,75.230003,76.639999,73.485001,73.870003,73.870003,581000
2021-05-26,74.660004,74.660004,72.599998,73.470001,73.470001,418400
2021-05-27,74.059998,74.059998,72.410004,72.769997,72.769997,1149500
2021-05-28,73.190002,74.400002,72.360001,72.599998,72.599998,961500
2021-06-01,72.510002,73.510002,71.592003,71.910004,71.910004,904000
2021-06-02,71.750000,72.330002,71.214996,72.239998,72.239998,1251100
2021-06-03,72.370003,72.842003,71.029999,72.519997,72.519997,848500
2021-06-04,72.930000,76.370003,72.760002,76.139999,76.139999,724100
2021-06-07,76.290001,81.514999,76.190002,80.680000,80.680000,882900
2021-06-08,80.709999,81.824997,78.419998,81.089996,81.089996,685400
2021-06-09,81.860001,82.860001,81.099998,81.809998,81.809998,779600
2021-06-10,81.699997,84.410004,80.800003,83.720001,83.720001,718800
2021-06-11,86.720001,90.639999,86.400002,88.709999,88.709999,1568300
2021-06-14,88.000000,89.769997,87.519997,88.410004,88.410004,685100
2021-06-15,88.589996,89.169998,85.720001,86.629997,86.629997,741800
2021-06-16,86.650002,87.362999,83.889999,85.839996,85.839996,623000
2021-06-17,85.440002,86.930000,84.930000,85.980003,85.980003,532700
2021-06-18,85.029999,86.709999,84.510002,85.639999,85.639999,1264600
2021-06-21,85.940002,90.599998,85.809998,89.809998,89.809998,856500
2021-06-22,89.220001,89.629997,87.519997,88.830002,88.830002,723300
2021-06-23,90.000000,93.660004,87.349998,88.089996,88.089996,1052300
2021-06-24,88.690002,90.404999,88.480003,89.510002,89.510002,705800
2021-06-25,89.339996,90.435997,88.300003,90.320000,90.320000,1632900
2021-06-28,89.406998,91.000000,85.930000,86.220001,86.220001,776000
2021-06-29,86.000000,86.480003,81.470001,81.500000,81.500000,1119900
2021-06-30,81.010002,84.309998,81.000000,82.820000,82.820000,646000
2021-07-01,82.709999,86.010002,82.199997,84.959999,84.959999,685600
2021-07-02,67.040001,69.250000,60.000000,63.130001,63.130001,7343100
2021-07-06,65.010002,67.439003,62.189999,63.070000,63.070000,2710100
2021-07-07,62.680000,64.305000,61.532001,63.730000,63.730000,1517500
2021-07-08,62.349998,66.010002,61.505001,65.320000,65.320000,923600
2021-07-09,65.809998,67.459999,64.730003,67.139999,67.139999,799300
2021-07-12,67.139999,68.730003,65.639999,65.779999,65.779999,491900
2021-07-13,65.010002,65.599998,63.320000,63.410000,63.410000,570800
2021-07-14,63.919998,63.919998,61.689999,62.540001,62.540001,741600
2021-07-15,62.560001,63.340000,61.590000,63.150002,63.150002,478700
2021-07-16,63.730000,64.599998,62.259998,63.430000,63.430000,516700
2021-07-19,62.349998,66.150002,62.110001,65.550003,65.550003,854400
2021-07-20,65.660004,68.110001,65.510002,67.910004,67.910004,906300
2021-07-21,67.919998,68.750000,65.972000,68.080002,68.080002,536000
2021-07-22,68.250000,69.160004,66.510002,67.919998,67.919998,456600
2021-07-23,67.970001,68.629997,66.559998,68.370003,68.370003,408300
2021-07-26,68.199997,68.750000,66.239998,66.730003,66.730003,855600
2021-07-27,66.580002,66.580002,64.070000,65.949997,65.949997,485100
2021-07-28,66.309998,68.589996,65.379997,68.370003,68.370003,671400
2021-07-29,69.699997,70.970001,68.019997,68.320000,68.320000,629000
2021-07-30,67.830002,69.540001,67.589996,69.290001,69.290001,537900
2021-08-02,69.540001,71.000000,67.949997,68.010002,68.010002,528100
2021-08-03,68.180000,68.800003,66.070000,66.750000,66.750000,558600
2021-08-04,66.290001,67.930000,65.823997,66.120003,66.120003,608300
2021-08-05,65.940002,69.010002,65.639999,68.050003,68.050003,714500
2021-08-06,66.360001,67.570000,62.500000,64.790001,64.790001,1177700
2021-08-09,65.000000,65.815002,61.777000,62.779999,62.779999,954000
2021-08-10,63.619999,63.939999,60.950001,61.209999,61.209999,674900
2021-08-11,61.209999,61.990002,57.919998,58.950001,58.950001,1338200
2021-08-12,58.840000,60.270000,58.500000,59.790001,59.790001,671100
2021-08-13,59.820000,61.796001,58.959999,60.520000,60.520000,554800
2021-08-16,60.020000,61.709999,60.020000,60.730000,60.730000,402400
2021-08-17,60.090000,60.980000,58.990002,60.669998,60.669998,495700
2021-08-18,60.540001,61.259998,59.250000,59.770000,59.770000,306200
2021-08-19,59.299999,60.099998,58.259998,58.380001,58.380001,440200
2021-08-20,58.389999,61.020000,58.130001,59.930000,59.930000,491100
2021-08-23,60.900002,62.910000,60.549999,62.150002,62.150002,585400
2021-08-24,62.040001,63.000000,61.259998,62.939999,62.939999,375100
2021-08-25,62.599998,64.500000,62.070000,64.129997,64.129997,402400
2021-08-26,63.770000,65.430000,63.674999,64.160004,64.160004,476800
2021-08-27,64.389999,67.930000,64.199997,66.070000,66.070000,707000
2021-08-30,66.070000,68.400002,66.000000,66.839996,66.839996,567000