Date,Open,High,Low,Close,Adj Close,Volume
2021-01-04,17.270000,17.379999,16.870001,17.200001,16.916883,1303900
2021-01-05,17.240000,17.990000,17.219999,17.680000,17.388983,1183300
2021-01-06,18.170000,19.280001,18.170000,18.900000,18.588902,2067100
2021-01-07,19.400000,19.680000,19.230000,19.420000,19.100340,1290100
2021-01-08,19.469999,19.469999,18.809999,19.170000,18.854458,810700
2021-01-11,18.940001,19.629999,18.840000,19.590000,19.267542,865100
2021-01-12,19.750000,20.129999,19.520000,19.920000,19.592112,764600
2021-01-13,20.000000,20.059999,19.590000,19.910000,19.582275,987500
2021-01-14,20.070000,20.350000,19.889999,20.309999,19.975691,746400
2021-01-15,19.920000,20.250000,19.770000,20.110001,19.778984,1119700
2021-01-19,20.080000,20.250000,19.860001,20.139999,19.808489,1086900
2021-01-20,20.139999,20.200001,19.680000,19.900000,19.572441,936900
2021-01-21,19.900000,19.950001,19.139999,19.170000,18.854458,1477700
2021-01-22,19.160000,19.540001,19.010000,19.320000,19.001986,1326000
2021-01-25,19.040001,19.309999,18.490000,19.200001,18.883963,1483200
2021-01-26,19.320000,19.389999,18.809999,18.840000,18.529888,1760800
2021-01-27,18.420000,18.680000,18.030001,18.040001,17.743057,1451100
2021-01-28,18.379999,18.530001,18.110001,18.309999,18.008612,1607100
2021-01-29,18.350000,18.480000,17.750000,17.940001,17.644703,1947200
2021-02-01,17.990000,18.090000,17.750000,18.059999,17.762726,857200
2021-02-02,18.309999,18.490000,18.049999,18.340000,18.038118,1129000
2021-02-03,18.270000,18.590000,18.160000,18.580000,18.274168,1344000
2021-02-04,18.840000,19.309999,18.690001,19.200001,18.883963,959800
2021-02-05,19.309999,19.420000,19.000000,19.170000,18.854458,1015900
2021-02-08,19.209999,19.420000,19.150000,19.360001,19.041330,674200
2021-02-09,19.290001,19.510000,19.049999,19.440001,19.120012,658800
2021-02-10,19.549999,19.750000,19.240000,19.240000,18.923304,970300
2021-02-11,19.209999,19.430000,18.750000,18.889999,18.579065,1058400
2021-02-12,18.809999,19.200001,18.809999,18.990000,18.677420,682600
2021-02-16,19.010000,19.590000,19.010000,19.520000,19.198696,1288500
2021-02-17,19.459999,19.660000,19.290001,19.480000,19.159353,1174500
2021-02-18,19.360001,19.500000,19.020000,19.100000,18.785608,1185100
2021-02-19,19.260000,19.629999,19.260000,19.600000,19.277378,1079000
2021-02-22,19.570000,20.090000,19.570000,19.980000,19.651123,1267000
2021-02-23,20.100000,20.330000,19.820000,20.309999,19.975691,3252800
2021-02-24,20.530001,21.190001,20.490000,21.170000,20.821535,1816100
2021-02-25,21.430000,21.459999,20.410000,20.620001,20.280590,2081600
2021-02-26,20.290001,20.580000,19.910000,20.150000,19.992851,2080000
2021-03-01,20.620001,20.940001,20.340000,20.780001,20.617939,1472500
2021-03-02,20.670000,20.910000,20.480000,20.600000,20.439342,1099200
2021-03-03,20.820000,21.309999,20.780001,20.790001,20.627861,1705700
2021-03-04,20.799999,21.139999,20.270000,20.660000,20.498873,1328000
2021-03-05,21.170000,21.490000,20.480000,21.480000,21.312477,1251400
2021-03-08,21.809999,22.790001,21.680000,22.420000,22.245148,1795900
2021-03-09,22.280001,22.330000,21.570000,21.879999,21.709358,1831500
2021-03-10,21.889999,22.340000,21.580000,22.250000,22.076473,1957000
2021-03-11,22.000000,22.600000,21.969999,22.309999,22.136005,1576700
2021-03-12,22.700001,23.139999,22.490000,23.139999,22.959532,1939000
2021-03-15,23.370001,23.420000,22.700001,22.920000,22.741247,3249800
2021-03-16,22.629999,22.750000,22.320000,22.549999,22.374132,1604500
2021-03-17,22.879999,23.059999,22.610001,22.930000,22.751169,1612900
2021-03-18,23.260000,23.950001,22.959999,23.049999,22.870234,1866700
2021-03-19,22.719999,23.209999,22.490000,22.830000,22.651949,3242000
2021-03-22,22.600000,22.650000,21.740000,21.900000,21.729202,1086100
2021-03-23,21.709999,21.860001,20.980000,21.160000,20.994974,1411900
2021-03-24,21.389999,21.850000,20.980000,20.980000,20.816378,1477400
2021-03-25,20.950001,21.820000,20.740000,21.660000,21.491074,1139300
2021-03-26,22.020000,22.270000,21.830000,22.200001,22.026863,1039700
2021-03-29,21.770000,22.080000,21.230000,21.430000,21.262869,1085700
2021-03-30,21.540001,21.940001,21.510000,21.760000,21.590294,1358100
2021-03-31,21.680000,21.840000,21.340000,21.340000,21.173571,1410700
2021-04-01,21.320000,21.639999,21.230000,21.639999,21.471230,875100
2021-04-05,21.950001,21.980000,21.270000,21.430000,21.262869,1530300
2021-04-06,21.350000,21.680000,21.299999,21.520000,21.352167,1516800
2021-04-07,21.670000,21.730000,21.330000,21.620001,21.451387,1264700
2021-04-08,21.430000,21.629999,21.120001,21.430000,21.262869,1527400
2021-04-09,21.719999,21.799999,21.520000,21.760000,21.590294,1083900
2021-04-12,21.900000,22.110001,21.770000,21.959999,21.788734,1036100
2021-04-13,21.790001,21.799999,21.230000,21.350000,21.183493,1126600
2021-04-14,21.450001,22.070000,21.350000,21.820000,21.649826,995000
2021-04-15,21.850000,21.969999,21.340000,21.740000,21.570450,903800
2021-04-16,22.010000,22.209999,21.850000,22.080000,21.907799,1049500
2021-04-19,22.150000,22.330000,21.760000,21.879999,21.709358,883900
2021-04-20,21.670000,21.670000,20.709999,20.860001,20.697313,1339500
2021-04-21,20.809999,21.389999,20.730000,21.270000,21.104116,1363600
2021-04-22,21.250000,21.370001,20.830000,20.830000,20.667547,1248700
2021-04-23,20.790001,21.620001,20.520000,21.400000,21.233101,1981000
2021-04-26,21.639999,21.860001,21.430000,21.500000,21.332323,1444200
2021-04-27,21.540001,21.889999,21.360001,21.889999,21.719280,1306000
2021-04-28,21.879999,22.049999,21.700001,21.780001,21.610140,1153900
2021-04-29,22.059999,22.350000,22.030001,22.290001,22.116161,1278400
2021-04-30,22.110001,22.389999,21.879999,21.889999,21.719280,1859000
2021-05-03,22.219999,22.450001,21.920000,22.280001,22.106239,1696800
2021-05-04,22.230000,22.830000,21.969999,22.820000,22.642027,2010100
2021-05-05,22.770000,22.950001,22.430000,22.799999,22.622183,1401200
2021-05-06,22.879999,23.129999,22.690001,23.120001,22.939688,1987400
2021-05-07,22.670000,23.200001,22.580000,23.120001,22.939688,1277600
2021-05-10,23.360001,23.709999,22.860001,22.889999,22.711481,1561300
2021-05-11,22.650000,23.170000,22.580000,22.790001,22.612263,1398600
2021-05-12,23.100000,23.219999,22.299999,22.350000,22.175694,1338200
2021-05-13,22.290001,23.080000,22.150000,22.980000,22.800779,1658800
2021-05-14,23.059999,23.260000,22.870001,23.240000,23.058752,1270100
2021-05-17,23.120001,23.430000,22.940001,23.330000,23.148050,1852000
2021-05-18,23.270000,23.459999,22.930000,22.940001,22.761091,790900
2021-05-19,22.570000,22.860001,22.219999,22.840000,22.661871,1181400
2021-05-20,22.740000,22.840000,22.400000,22.760000,22.582495,1147800
2021-05-21,22.879999,23.430000,22.879999,23.180000,22.999220,1164600
2021-05-24,23.240000,23.240000,22.870001,22.969999,22.790857,994500
2021-05-25,22.980000,23.219999,22.299999,22.320000,22.145927,1487300
2021-05-26,22.360001,22.610001,22.100000,22.520000,22.344368,1860300
2021-05-27,22.910000,23.120001,22.799999,23.080000,22.900000,1557000
2021-05-28,22.930000,23.059999,22.600000,22.990000,22.990000,861600
2021-06-01,23.160000,23.290001,23.070000,23.120001,23.120001,1743300
2021-06-02,23.160000,23.200001,22.770000,22.870001,22.870001,1105500
2021-06-03,22.920000,23.219999,22.799999,23.129999,23.129999,1198700
2021-06-04,22.940001,23.049999,22.510000,22.809999,22.809999,1347200
2021-06-07,22.930000,23.160000,22.820000,22.980000,22.980000,1275200
2021-06-08,22.740000,23.049999,22.570000,22.959999,22.959999,968200
2021-06-09,22.700001,22.719999,22.469999,22.490000,22.490000,858600
2021-06-10,22.840000,22.879999,22.139999,22.139999,22.139999,968900
2021-06-11,22.240000,22.500000,22.160000,22.290001,22.290001,1026800
2021-06-14,22.400000,22.450001,21.639999,21.760000,21.760000,1344000
2021-06-15,21.870001,22.299999,21.680000,22.170000,22.170000,1441200
2021-06-16,21.969999,22.510000,21.740000,22.350000,22.350000,2050100
2021-06-17,22.520000,22.520000,21.049999,21.059999,21.059999,1780100
2021-06-18,20.670000,20.860001,20.350000,20.360001,20.360001,4392700
2021-06-21,20.660000,21.330000,20.660000,21.299999,21.299999,1818500
2021-06-22,21.230000,21.389999,20.990000,21.180000,21.180000,1543200
2021-06-23,21.290001,21.430000,21.120001,21.129999,21.129999,1541200
2021-06-24,21.250000,21.559999,21.049999,21.469999,21.469999,1598400
2021-06-25,21.500000,21.799999,21.360001,21.520000,21.520000,19851500
2021-06-28,21.309999,21.360001,20.520000,20.570000,20.570000,2210900
2021-06-29,20.750000,20.910000,20.309999,20.480000,20.480000,1690800
2021-06-30,20.370001,20.629999,20.340000,20.480000,20.480000,1174400
2021-07-01,20.670000,20.780001,20.469999,20.660000,20.660000,1742700
2021-07-02,20.559999,20.610001,20.330000,20.420000,20.420000,1041600
2021-07-06,20.290001,20.400000,19.660000,19.870001,19.870001,2724300
2021-07-07,19.610001,19.980000,19.610001,19.760000,19.760000,1097800
2021-07-08,19.389999,19.680000,19.180000,19.420000,19.420000,1372300
2021-07-09,19.910000,20.190001,19.799999,20.150000,20.150000,1354500
2021-07-12,19.709999,20.260000,19.530001,20.209999,20.209999,1468000
2021-07-13,20.070000,20.170000,19.639999,19.750000,19.750000,1868600
2021-07-14,19.740000,20.150000,19.410000,19.750000,19.750000,1329200
2021-07-15,19.610001,20.080000,19.490000,19.950001,19.950001,1244700
2021-07-16,20.129999,20.129999,19.299999,19.410000,19.410000,1269900
2021-07-19,18.860001,19.049999,18.400000,18.559999,18.559999,1768900
2021-07-20,18.450001,19.500000,18.400000,19.080000,19.080000,2339300
2021-07-21,19.320000,19.650000,19.190001,19.430000,19.430000,1479500
2021-07-22,19.340000,19.410000,18.830000,18.830000,18.830000,1332100
2021-07-23,19.100000,19.520000,19.090000,19.430000,19.430000,1585800
2021-07-26,19.580000,19.809999,19.250000,19.379999,19.379999,1135100
2021-07-27,19.110001,19.480000,18.980000,19.309999,19.309999,1020800
2021-07-28,19.650000,19.770000,19.170000,19.600000,19.600000,1594100
2021-07-29,19.809999,20.070000,19.600000,19.930000,19.930000,1781000
2021-07-30,19.809999,20.139999,19.760000,19.799999,19.799999,1660900
2021-08-02,19.920000,20.440001,19.639999,19.650000,19.650000,1562300
2021-08-03,19.719999,20.110001,19.370001,20.010000,20.010000,1493200
2021-08-04,19.650000,20.120001,19.580000,19.840000,19.840000,1315900
2021-08-05,20.040001,20.260000,19.950001,20.200001,20.200001,1226900
2021-08-06,20.600000,20.940001,20.540001,20.719999,20.719999,1504600
2021-08-09,20.570000,20.910000,20.360001,20.660000,20.660000,1734300
2021-08-10,20.590000,21.059999,20.559999,20.980000,20.980000,1217700
2021-08-11,21.000000,21.320000,20.660000,21.309999,21.309999,1311300
2021-08-12,21.299999,21.379999,21.030001,21.209999,21.209999,1099100
2021-08-13,21.209999,21.209999,20.850000,21.040001,21.040001,793300
2021-08-16,20.879999,21.219999,20.709999,21.049999,21.049999,1370800
2021-08-17,20.820000,21.059999,20.530001,20.780001,20.780001,1324400
2021-08-18,20.719999,21.049999,20.549999,20.740000,20.740000,1110600
2021-08-19,20.450001,20.760000,20.290001,20.440001,20.440001,1162000
2021-08-20,20.389999,20.790001,20.309999,20.740000,20.740000,1053000
2021-08-23,20.860001,21.020000,20.730000,20.740000,20.740000,1107100
2021-08-24,20.740000,20.940001,20.719999,20.820000,20.820000,954300
2021-08-25,20.959999,21.240000,20.799999,20.969999,20.969999,954800
2021-08-26,21.010000,21.090000,20.540001,20.540001,20.540001,1200300
2021-08-27,20.559999,21.180000,20.559999,21.129999,21.129999,1309500
2021-08-30,21.190001,21.190001,20.520000,20.520000,20.520000,834400