Date,Open,High,Low,Close,Adj Close,Volume
2021-01-04,84.220001,84.220001,79.989998,80.559998,80.559998,217900
2021-01-05,80.720001,83.040001,80.720001,82.419998,82.419998,209300
2021-01-06,83.559998,87.989998,83.559998,87.389999,87.389999,273000
2021-01-07,87.349998,89.139999,86.900002,89.010002,89.010002,179300
2021-01-08,89.209999,90.250000,88.510002,89.629997,89.629997,272800
2021-01-11,88.309998,90.089996,88.309998,88.930000,88.930000,175400
2021-01-12,89.080002,91.580002,88.580002,91.470001,91.470001,157100
2021-01-13,91.209999,91.250000,89.400002,90.279999,90.279999,251800
2021-01-14,90.750000,92.000000,90.290001,90.879997,90.879997,162900
2021-01-15,89.559998,89.760002,85.690002,85.839996,85.839996,216400
2021-01-19,86.540001,87.669998,85.750000,87.589996,87.589996,200400
2021-01-20,88.029999,90.820000,88.029999,90.290001,90.290001,231900
2021-01-21,90.610001,90.769997,89.089996,89.379997,89.379997,157400
2021-01-22,88.220001,90.540001,87.849998,90.410004,90.410004,150600
2021-01-25,89.529999,91.029999,88.199997,90.300003,90.300003,155400
2021-01-26,91.040001,91.040001,88.510002,88.750000,88.750000,117400
2021-01-27,86.709999,86.709999,83.639999,84.370003,84.370003,199900
2021-01-28,85.900002,87.400002,85.000000,86.669998,86.669998,227100
2021-01-29,86.389999,86.389999,82.690002,82.910004,82.910004,193700
2021-02-01,84.010002,86.470001,82.980003,85.970001,85.970001,197300
2021-02-02,87.489998,87.760002,85.440002,87.199997,87.199997,127200
2021-02-03,86.720001,88.339996,86.389999,88.150002,88.150002,160300
2021-02-04,88.339996,90.209999,87.290001,89.660004,89.660004,108700
2021-02-05,90.940002,90.940002,87.930000,89.199997,89.199997,139000
2021-02-08,89.739998,92.830002,89.180000,92.820000,92.820000,180300
2021-02-09,92.000000,93.180000,90.620003,93.070000,93.070000,172400
2021-02-10,93.820000,95.360001,93.070000,94.419998,94.419998,287300
2021-02-11,97.550003,100.970001,89.580002,93.260002,93.260002,455900
2021-02-12,92.550003,93.370003,91.260002,93.070000,93.070000,231200
2021-02-16,93.500000,95.139999,92.510002,94.339996,94.339996,210400
2021-02-17,93.040001,95.949997,92.860001,95.250000,95.250000,173500
2021-02-18,94.209999,95.239998,92.519997,92.550003,92.550003,147900
2021-02-19,92.830002,94.750000,92.800003,94.160004,94.160004,168500
2021-02-22,93.150002,96.010002,93.150002,95.800003,95.800003,186600
2021-02-23,94.830002,97.849998,94.760002,97.580002,97.580002,355000
2021-02-24,97.000000,98.410004,95.260002,97.949997,97.949997,255800
2021-02-25,98.239998,98.239998,93.769997,93.870003,93.870003,182500
2021-02-26,93.980003,95.129997,91.309998,92.970001,92.970001,257400
2021-03-01,94.930000,95.820000,93.129997,95.639999,95.639999,253600
2021-03-02,95.300003,95.300003,92.209999,92.309998,92.309998,169300
2021-03-03,92.800003,95.300003,92.360001,93.139999,93.139999,234200
2021-03-04,93.019997,93.860001,89.330002,90.519997,90.519997,207800
2021-03-05,92.620003,93.449997,89.989998,93.010002,93.010002,310400
2021-03-08,93.720001,95.790001,93.120003,93.680000,93.680000,220300
2021-03-09,94.599998,94.599998,93.080002,93.410004,93.410004,224100
2021-03-10,93.870003,96.489998,92.349998,95.690002,95.690002,210300
2021-03-11,96.199997,97.190002,94.849998,97.029999,97.029999,132700
2021-03-12,97.040001,99.970001,97.040001,99.709999,99.709999,213100
2021-03-15,98.949997,99.589996,97.620003,98.650002,98.650002,149000
2021-03-16,98.279999,99.110001,96.669998,98.610001,98.610001,173600
2021-03-17,98.949997,99.169998,96.860001,99.089996,99.089996,175300
2021-03-18,99.400002,102.779999,98.370003,100.480003,100.480003,349300
2021-03-19,100.290001,100.959999,98.580002,100.040001,100.040001,588400
2021-03-22,99.400002,100.230003,97.190002,98.940002,98.940002,211300
2021-03-23,97.150002,98.230003,95.610001,96.480003,96.480003,207600
2021-03-24,97.269997,98.739998,94.739998,94.779999,94.779999,213300
2021-03-25,94.370003,96.489998,92.419998,95.879997,95.879997,189000
2021-03-26,97.239998,97.239998,94.610001,96.519997,96.519997,207600
2021-03-29,95.699997,96.169998,92.180000,92.320000,92.320000,213500
2021-03-30,92.650002,95.110001,91.339996,94.470001,94.470001,283600
2021-03-31,94.800003,96.470001,94.230003,95.440002,95.440002,219600
2021-04-01,95.680000,98.690002,95.680000,98.559998,98.559998,178200
2021-04-05,99.250000,99.730003,98.070000,99.629997,99.629997,171500
2021-04-06,99.209999,100.860001,99.209999,100.620003,100.620003,188200
2021-04-07,100.500000,100.809998,99.900002,100.580002,100.580002,194200
2021-04-08,100.970001,103.529999,100.000000,103.360001,103.360001,157400
2021-04-09,103.250000,105.820000,103.250000,105.730003,105.730003,226600
2021-04-12,105.430000,105.540001,103.559998,104.839996,104.839996,245900
2021-04-13,104.290001,106.529999,103.989998,106.220001,106.220001,228700
2021-04-14,105.870003,109.480003,105.669998,108.040001,108.040001,197300
2021-04-15,108.970001,109.000000,107.120003,107.879997,107.879997,188500
2021-04-16,109.260002,109.860001,108.489998,109.400002,109.400002,209900
2021-04-19,109.040001,109.589996,108.019997,109.029999,109.029999,249800
2021-04-20,108.720001,109.029999,103.849998,105.269997,105.269997,230800
2021-04-21,104.879997,107.510002,104.879997,105.989998,105.989998,165900
2021-04-22,106.559998,106.559998,103.300003,103.410004,103.410004,278800
2021-04-23,104.019997,107.440002,104.000000,106.519997,106.519997,156500
2021-04-26,107.440002,107.699997,105.760002,105.930000,105.930000,144700
2021-04-27,106.089996,107.589996,106.029999,107.360001,107.360001,145500
2021-04-28,107.300003,109.230003,106.959999,108.370003,108.370003,180000
2021-04-29,109.529999,110.519997,102.919998,104.680000,104.680000,342700
2021-04-30,103.970001,105.680000,103.470001,105.180000,105.180000,229600
2021-05-03,105.949997,106.480003,104.349998,104.589996,104.589996,201600
2021-05-04,104.110001,104.330002,102.930000,103.180000,103.180000,188000
2021-05-05,103.089996,104.199997,100.910004,103.650002,103.650002,202100
2021-05-06,103.949997,104.339996,102.120003,104.339996,104.339996,128700
2021-05-07,103.870003,107.339996,103.870003,107.040001,107.040001,272600
2021-05-10,106.879997,107.260002,105.040001,105.139999,105.139999,207800
2021-05-11,102.860001,104.660004,101.589996,102.190002,102.190002,139900
2021-05-12,101.349998,102.199997,99.309998,99.690002,99.690002,259600
2021-05-13,100.180000,102.000000,99.269997,100.849998,100.849998,375300
2021-05-14,101.959999,102.930000,100.870003,102.800003,102.800003,266500
2021-05-17,101.620003,103.410004,101.000000,103.279999,103.279999,193900
2021-05-18,103.300003,103.500000,100.989998,101.059998,101.059998,190300
2021-05-19,99.040001,100.709999,97.400002,100.669998,100.669998,134800
2021-05-20,100.470001,101.260002,99.470001,100.919998,100.919998,109700
2021-05-21,102.320000,102.949997,100.910004,101.339996,101.339996,117200
2021-05-24,101.750000,103.230003,101.449997,102.879997,102.879997,89600
2021-05-25,103.160004,103.570000,101.940002,101.949997,101.949997,177400
2021-05-26,102.290001,102.970001,101.410004,102.040001,102.040001,180300
2021-05-27,103.559998,104.680000,103.029999,104.129997,104.129997,250800
2021-05-28,104.559998,104.559998,102.620003,103.089996,103.089996,208000
2021-06-01,103.910004,104.839996,102.900002,103.900002,103.900002,264500
2021-06-02,104.190002,104.190002,99.260002,99.839996,99.839996,264300
2021-06-03,99.360001,100.500000,98.169998,100.029999,100.029999,142500
2021-06-04,100.769997,101.260002,99.300003,99.839996,99.839996,132800
2021-06-07,99.720001,99.720001,97.849998,97.940002,97.940002,220300
2021-06-08,98.080002,101.000000,97.529999,100.559998,100.559998,119400
2021-06-09,100.389999,100.900002,99.830002,100.230003,100.230003,141200
2021-06-10,100.839996,100.839996,99.250000,99.900002,99.900002,197100
2021-06-11,100.300003,101.519997,100.239998,101.459999,101.459999,99600
2021-06-14,101.720001,101.730003,100.730003,101.209999,101.209999,96700
2021-06-15,101.589996,103.040001,100.620003,102.410004,102.410004,173300
2021-06-16,101.860001,101.860001,100.010002,100.970001,100.970001,163700
2021-06-17,100.680000,100.680000,97.279999,97.970001,97.970001,125900
2021-06-18,96.580002,96.580002,92.970001,93.180000,93.180000,472800
2021-06-21,94.440002,96.059998,93.809998,95.980003,95.980003,211500
2021-06-22,96.269997,97.570000,94.720001,97.400002,97.400002,116500
2021-06-23,97.110001,97.739998,96.110001,96.260002,96.260002,205500
2021-06-24,96.940002,97.790001,95.910004,97.739998,97.739998,134500
2021-06-25,97.889999,99.230003,97.639999,98.400002,98.400002,438600
2021-06-28,98.260002,98.410004,96.160004,96.500000,96.500000,253500
2021-06-29,96.620003,98.000000,96.620003,97.089996,97.089996,112900
2021-06-30,96.330002,97.449997,96.330002,96.930000,96.930000,184900
2021-07-01,99.209999,99.230003,97.500000,98.220001,98.220001,233200
2021-07-02,97.510002,98.160004,93.989998,94.570000,94.570000,194600
2021-07-06,94.250000,94.980003,91.610001,93.180000,93.180000,200400
2021-07-07,92.989998,95.099998,92.459999,94.379997,94.379997,230800
2021-07-08,92.709999,95.519997,92.449997,93.370003,93.370003,202800
2021-07-09,95.029999,96.620003,95.029999,96.250000,96.250000,141600
2021-07-12,95.239998,97.070000,95.239998,96.879997,96.879997,127800
2021-07-13,96.250000,96.779999,95.650002,96.519997,96.519997,179500
2021-07-14,97.300003,98.239998,96.730003,97.120003,97.120003,170700
2021-07-15,96.480003,97.550003,95.930000,96.190002,96.190002,136100
2021-07-16,97.220001,97.269997,94.959999,95.059998,95.059998,145200
2021-07-19,92.940002,95.160004,92.809998,93.360001,93.360001,213100
2021-07-20,93.370003,97.720001,93.370003,96.790001,96.790001,294000
2021-07-21,97.800003,98.900002,96.959999,97.570000,97.570000,168100
2021-07-22,96.919998,97.650002,95.419998,95.510002,95.510002,164700
2021-07-23,96.809998,97.860001,96.430000,97.239998,97.239998,156500
2021-07-26,97.870003,98.199997,96.930000,97.559998,97.559998,151100
2021-07-27,96.470001,98.080002,96.470001,97.199997,97.199997,199000
2021-07-28,98.000000,98.739998,96.029999,97.440002,97.440002,312300
2021-07-29,98.029999,102.730003,97.680000,101.269997,101.269997,171600
2021-07-30,100.769997,101.599998,99.730003,101.129997,101.129997,197100
2021-08-02,101.419998,103.459999,100.559998,100.669998,100.669998,185700
2021-08-03,100.980003,103.120003,99.639999,102.690002,102.690002,242400
2021-08-04,100.900002,102.639999,99.389999,99.529999,99.529999,223300
2021-08-05,100.239998,103.139999,100.199997,102.879997,102.879997,143500
2021-08-06,103.040001,104.360001,102.519997,104.239998,104.239998,168900
2021-08-09,104.230003,104.250000,102.279999,102.400002,102.400002,177700
2021-08-10,102.000000,104.599998,101.610001,104.489998,104.489998,151000
2021-08-11,104.089996,107.000000,103.940002,106.940002,106.940002,221700
2021-08-12,107.000000,108.199997,106.529999,106.930000,106.930000,203600
2021-08-13,106.709999,106.889999,105.709999,106.309998,106.309998,105900
2021-08-16,105.750000,107.639999,104.419998,107.040001,107.040001,172800
2021-08-17,106.389999,106.720001,104.279999,104.989998,104.989998,176900
2021-08-18,104.500000,105.739998,102.889999,103.050003,103.050003,166500
2021-08-19,101.650002,103.269997,101.650002,102.730003,102.730003,194900
2021-08-20,102.379997,105.620003,102.019997,105.540001,105.540001,298300
2021-08-23,105.000000,107.739998,104.870003,107.160004,107.160004,243500
2021-08-24,108.080002,109.080002,107.720001,108.430000,108.430000,192800
2021-08-25,108.360001,111.830002,108.269997,110.599998,110.599998,221900
2021-08-26,110.709999,111.389999,109.610001,109.900002,109.900002,196900
2021-08-27,110.070000,114.220001,110.070000,113.330002,113.330002,215400
2021-08-30,113.529999,113.529999,112.239998,112.400002,112.400002,161700