Date,Open,High,Low,Close,Adj Close,Volume
2021-01-04,42.700001,43.990002,42.119999,42.360001,42.360001,432800
2021-01-05,42.070000,44.415001,42.070000,44.090000,44.090000,295300
2021-01-06,45.310001,47.610001,44.959999,47.230000,47.230000,325500
2021-01-07,47.840000,48.099998,46.200001,46.240002,46.240002,369700
2021-01-08,46.759998,46.785000,45.209999,45.830002,45.830002,373300
2021-01-11,45.049999,46.223999,45.049999,46.099998,46.099998,375000
2021-01-12,46.320000,48.410000,46.070000,48.130001,48.130001,334100
2021-01-13,48.180000,48.279999,46.945000,47.290001,47.290001,421100
2021-01-14,47.939999,49.259998,47.380001,49.000000,49.000000,384700
2021-01-15,47.939999,48.900002,46.480000,48.730000,48.730000,479400
2021-01-19,49.380001,50.500000,48.580002,49.689999,49.689999,550500
2021-01-20,49.689999,50.310001,48.794998,49.740002,49.740002,474000
2021-01-21,49.740002,50.150002,48.189999,48.200001,48.200001,299900
2021-01-22,47.459999,48.404999,47.110001,48.380001,48.380001,258900
2021-01-25,47.790001,48.080002,46.459999,46.939999,46.939999,259600
2021-01-26,47.689999,48.040001,46.040001,46.099998,46.099998,323600
2021-01-27,45.000000,45.529999,43.189999,44.680000,44.680000,483400
2021-01-28,45.779999,46.820000,44.709999,46.209999,46.209999,241100
2021-01-29,45.889999,46.000000,44.310001,44.360001,44.360001,294500
2021-02-01,44.919998,46.349998,44.389999,46.110001,46.110001,274100
2021-02-02,52.169998,54.910000,50.299999,53.689999,53.689999,1265600
2021-02-03,54.250000,54.813000,52.439999,53.980000,53.980000,502800
2021-02-04,54.459999,55.869999,54.080002,55.099998,55.099998,567600
2021-02-05,55.939999,58.570000,55.160000,58.540001,58.540001,627100
2021-02-08,60.000000,62.814999,58.430000,62.610001,62.610001,671000
2021-02-09,62.150002,62.779999,60.410000,61.759998,61.759998,540700
2021-02-10,62.240002,62.500000,60.619999,62.060001,62.060001,408300
2021-02-11,62.220001,62.983002,60.849998,61.720001,61.720001,328900
2021-02-12,61.529999,62.797001,61.412998,62.240002,62.240002,335900
2021-02-16,62.869999,64.000000,61.790001,63.270000,63.270000,2022500
2021-02-17,62.630001,63.500000,61.270000,62.970001,62.970001,410200
2021-02-18,62.049999,62.599998,61.200001,61.299999,61.299999,452100
2021-02-19,61.340000,63.840000,61.150002,63.840000,63.840000,410900
2021-02-22,63.630001,69.419998,63.200001,67.730003,67.730003,1978200
2021-02-23,65.870003,67.650002,64.360001,66.160004,66.160004,920900
2021-02-24,66.440002,68.739998,66.360001,67.900002,67.900002,792800
2021-02-25,67.900002,70.519997,65.480003,67.279999,67.279999,1289600
2021-02-26,67.470001,69.050003,64.250000,67.650002,67.650002,562500
2021-03-01,68.949997,70.849998,68.150002,69.949997,69.949997,444100
2021-03-02,69.230003,69.769997,68.440002,69.169998,69.169998,516900
2021-03-03,69.910004,71.290001,68.809998,69.180000,69.180000,649000
2021-03-04,68.900002,69.870003,65.473000,68.169998,68.169998,881200
2021-03-05,69.019997,69.980003,65.517998,69.250000,69.250000,872300
2021-03-08,70.000000,74.330002,69.550003,72.959999,72.959999,742900
2021-03-09,73.910004,74.627998,70.879997,70.919998,70.919998,659800
2021-03-10,71.279999,75.029999,70.910004,74.000000,74.000000,598100
2021-03-11,74.879997,75.599998,73.459999,73.769997,73.769997,660300
2021-03-12,74.150002,75.199997,73.269997,73.800003,73.800003,401600
2021-03-15,73.500000,74.320000,71.389999,74.279999,74.279999,406100
2021-03-16,74.279999,74.279999,71.839996,72.260002,72.260002,323500
2021-03-17,72.160004,73.379997,71.180000,73.379997,73.379997,319700
2021-03-18,73.940002,74.849998,71.809998,72.160004,72.160004,353700
2021-03-19,72.099998,72.959999,69.620003,72.190002,72.190002,918400
2021-03-22,72.309998,72.690002,70.709999,71.470001,71.470001,401900
2021-03-23,70.309998,71.209999,66.230003,66.959999,66.959999,683900
2021-03-24,68.379997,70.379997,66.820000,66.919998,66.919998,407900
2021-03-25,65.459999,69.195999,64.349998,68.660004,68.660004,567900
2021-03-26,70.260002,72.300003,69.500000,72.190002,72.190002,482300
2021-03-29,71.480003,73.040001,66.839996,68.489998,68.489998,1064100
2021-03-30,68.709999,71.129997,68.000000,70.720001,70.720001,371600
2021-03-31,71.239998,73.000000,70.000000,71.900002,71.900002,524900
2021-04-01,72.190002,73.900002,71.019997,73.860001,73.860001,506000
2021-04-05,75.040001,75.495003,72.639999,73.919998,73.919998,377800
2021-04-06,73.900002,75.010002,72.550003,72.580002,72.580002,369400
2021-04-07,72.510002,72.998001,70.785004,71.500000,71.500000,370500
2021-04-08,71.709999,71.709999,69.642998,70.099998,70.099998,440300
2021-04-09,70.300003,71.930000,69.849998,71.800003,71.800003,504500
2021-04-12,71.910004,72.709999,70.650002,72.529999,72.529999,397300
2021-04-13,72.209999,72.769997,70.129997,71.980003,71.980003,363300
2021-04-14,72.580002,74.379997,72.440002,72.860001,72.860001,247100
2021-04-15,74.080002,74.080002,71.570000,72.790001,72.790001,547300
2021-04-16,73.660004,74.000000,71.860001,72.900002,72.900002,331500
2021-04-19,72.599998,73.220001,70.860001,72.989998,72.989998,363000
2021-04-20,73.500000,73.578003,69.330002,70.360001,70.360001,476300
2021-04-21,69.129997,73.406998,68.650002,73.320000,73.320000,443900
2021-04-22,73.690002,76.419998,72.129997,74.750000,74.750000,733400
2021-04-23,75.059998,76.860001,74.199997,76.230003,76.230003,568000
2021-04-26,77.279999,78.699997,76.410004,77.269997,77.269997,364900
2021-04-27,77.269997,78.310997,76.500000,78.239998,78.239998,286400
2021-04-28,78.010002,78.889999,76.849998,76.879997,76.879997,421200
2021-04-29,80.750000,81.000000,74.650002,78.339996,78.339996,785700
2021-04-30,78.190002,79.233002,76.345001,78.279999,78.279999,875500
2021-05-03,79.650002,85.360001,79.620003,83.580002,83.580002,933700
2021-05-04,82.879997,84.570000,81.713997,84.209999,84.209999,733500
2021-05-05,84.559998,86.769997,83.040001,86.370003,86.370003,471800
2021-05-06,86.529999,87.220001,84.269997,86.690002,86.690002,402000
2021-05-07,86.800003,89.300003,86.110001,89.110001,89.110001,538600
2021-05-10,89.879997,90.080002,87.070000,87.190002,87.190002,606400
2021-05-11,85.190002,86.669998,83.169998,84.750000,84.750000,751500
2021-05-12,84.250000,84.500000,79.580002,80.080002,80.080002,584500
2021-05-13,80.000000,82.945000,80.000000,82.129997,82.129997,539600
2021-05-14,83.220001,83.400002,80.610001,82.089996,82.089996,508200
2021-05-17,81.110001,82.480003,79.190002,82.279999,82.279999,340900
2021-05-18,82.949997,83.004997,79.014000,79.080002,79.080002,479800
2021-05-19,77.000000,78.099998,75.080002,75.900002,75.900002,568900
2021-05-20,76.320000,76.550003,73.150002,74.540001,74.540001,693000
2021-05-21,75.540001,78.309998,75.540001,76.870003,76.870003,492700
2021-05-24,77.000000,77.489998,76.300003,76.660004,76.660004,329600
2021-05-25,76.349998,78.000000,74.871002,75.070000,75.070000,439000
2021-05-26,75.309998,77.375000,75.120003,77.139999,77.139999,362400
2021-05-27,78.139999,79.230003,77.280998,77.959999,77.959999,424800
2021-05-28,77.940002,78.129997,76.320000,77.199997,77.199997,231800
2021-06-01,79.160004,79.930000,78.564003,79.699997,79.699997,340200
2021-06-02,79.559998,79.745003,77.084999,77.379997,77.379997,268100
2021-06-03,77.389999,77.989998,75.720001,77.059998,77.059998,233100
2021-06-04,77.730003,78.139999,75.559998,77.949997,77.949997,337900
2021-06-07,78.279999,79.669998,77.389999,78.080002,78.080002,333800
2021-06-08,78.330002,79.610001,76.791000,79.139999,79.139999,290900
2021-06-09,79.300003,79.300003,77.379997,77.720001,77.720001,200300
2021-06-10,78.080002,78.500000,74.410004,74.660004,74.660004,394900
2021-06-11,75.300003,76.300003,73.620003,74.080002,74.080002,371300
2021-06-14,73.760002,74.500000,72.129997,73.070000,73.070000,346200
2021-06-15,73.320000,73.989998,72.470001,73.570000,73.570000,325500
2021-06-16,73.099998,74.059998,71.945000,73.860001,73.860001,381700
2021-06-17,73.669998,73.750000,69.320000,70.440002,70.440002,411600
2021-06-18,68.760002,69.654999,67.250000,67.510002,67.510002,576700
2021-06-21,68.059998,70.239998,67.870003,70.190002,70.190002,463700
2021-06-22,69.720001,71.190002,68.750000,70.550003,70.550003,324400
2021-06-23,71.089996,72.070000,70.565002,71.470001,71.470001,227500
2021-06-24,71.989998,73.559998,71.195000,73.459999,73.459999,322600
2021-06-25,74.000000,75.000000,71.949997,71.949997,71.949997,828500
2021-06-28,71.809998,71.823997,70.290001,70.970001,70.970001,262600
2021-06-29,71.779999,72.269997,70.580002,70.680000,70.680000,182300
2021-06-30,70.440002,71.419998,70.050003,71.000000,71.000000,631300
2021-07-01,71.930000,72.650002,70.964996,71.910004,71.910004,244800
2021-07-02,71.760002,71.760002,69.900002,69.959999,69.959999,341500
2021-07-06,69.970001,70.059998,66.680000,68.050003,68.050003,617300
2021-07-07,67.610001,69.550003,67.320000,69.330002,69.330002,554300
2021-07-08,67.559998,69.089996,67.285004,67.930000,67.930000,352700
2021-07-09,69.370003,70.330002,68.839996,69.690002,69.690002,273600
2021-07-12,69.040001,69.839996,68.529999,69.570000,69.570000,562700
2021-07-13,68.989998,69.510002,67.300003,68.690002,68.690002,303900
2021-07-14,69.480003,70.389999,67.824997,68.830002,68.830002,213200
2021-07-15,67.940002,69.129997,67.940002,68.980003,68.980003,194300
2021-07-16,69.480003,69.543999,67.709999,68.230003,68.230003,319400
2021-07-19,66.720001,68.739998,65.802002,67.070000,67.070000,354300
2021-07-20,67.540001,70.915001,66.919998,70.190002,70.190002,453400
2021-07-21,71.110001,72.400002,70.800003,71.889999,71.889999,266000
2021-07-22,71.989998,71.989998,70.120003,70.459999,70.459999,163200
2021-07-23,71.519997,72.379997,70.580002,71.849998,71.849998,243400
2021-07-26,72.500000,73.290001,71.230003,71.910004,71.910004,218700
2021-07-27,70.790001,71.404999,70.040001,71.250000,71.250000,209700
2021-07-28,71.910004,73.599998,70.339996,73.019997,73.019997,241000
2021-07-29,73.699997,75.220001,73.190002,74.449997,74.449997,260400
2021-07-30,73.750000,75.940002,73.519997,75.110001,75.110001,429300
2021-08-02,76.970001,77.790001,74.139999,74.139999,74.139999,472700
2021-08-03,77.930000,84.339996,76.550003,83.930000,83.930000,1147400
2021-08-04,84.000000,85.699997,82.704002,83.790001,83.790001,515600
2021-08-05,84.849998,86.330002,83.820000,85.209999,85.209999,344100
2021-08-06,86.250000,86.889999,84.639999,86.029999,86.029999,294100
2021-08-09,86.000000,86.510002,84.610001,86.510002,86.510002,294600
2021-08-10,86.650002,91.309998,86.519997,91.180000,91.180000,605100
2021-08-11,92.570000,97.209999,90.330002,97.169998,97.169998,1339300
2021-08-12,97.699997,98.000000,92.440002,96.279999,96.279999,719400
2021-08-13,95.900002,96.279999,94.120003,94.230003,94.230003,420900
2021-08-16,93.449997,94.050003,91.519997,93.370003,93.370003,478900
2021-08-17,93.000000,93.000000,88.559998,90.080002,90.080002,667200
2021-08-18,89.809998,90.910004,88.949997,89.019997,89.019997,474400
2021-08-19,87.379997,88.415001,84.709999,85.559998,85.559998,488800
2021-08-20,85.599998,86.639999,83.470001,86.449997,86.449997,445800
2021-08-23,87.059998,87.849998,84.669998,86.320000,86.320000,613200
2021-08-24,86.669998,90.690002,86.669998,89.110001,89.110001,537000
2021-08-25,88.580002,90.434998,88.370003,90.209999,90.209999,333100
2021-08-26,90.500000,91.089996,87.389999,87.529999,87.529999,290900
2021-08-27,87.809998,91.790001,87.809998,91.190002,91.190002,308900
2021-08-30,91.500000,93.800003,90.247002,92.589996,92.589996,410700