Date,Open,High,Low,Close,Adj Close,Volume
2021-01-04,55.650002,56.080002,52.540001,53.790001,53.790001,276100
2021-01-05,53.889999,55.389999,53.549999,54.970001,54.970001,244800
2021-01-06,55.549999,57.029999,54.990002,56.160000,56.160000,242300
2021-01-07,56.310001,56.959999,55.889999,56.110001,56.110001,248200
2021-01-08,56.070000,57.419998,56.070000,56.919998,56.919998,258700
2021-01-11,55.910000,59.730000,55.360001,59.520000,59.520000,560800
2021-01-12,59.150002,59.799999,58.410000,58.660000,58.660000,342400
2021-01-13,58.959999,59.099998,58.020000,58.689999,58.689999,259900
2021-01-14,58.419998,59.090000,56.889999,58.139999,58.139999,558200
2021-01-15,57.369999,57.369999,52.810001,56.599998,56.599998,625000
2021-01-19,55.770000,57.419998,55.770000,56.360001,56.360001,304600
2021-01-20,56.849998,57.700001,55.980000,57.200001,57.200001,336700
2021-01-21,57.869999,57.880001,56.820000,57.150002,57.150002,185000
2021-01-22,57.150002,59.290001,57.070000,59.070000,59.070000,351400
2021-01-25,58.730000,59.259998,57.520000,58.299999,58.299999,344500
2021-01-26,58.549999,58.950001,57.849998,58.500000,58.500000,214600
2021-01-27,57.500000,59.889999,56.570000,57.500000,57.500000,511000
2021-01-28,57.720001,58.930000,56.209999,57.500000,57.500000,393800
2021-01-29,57.869999,58.619999,56.689999,58.230000,58.230000,407800
2021-02-01,58.060001,59.200001,58.029999,58.970001,58.970001,192000
2021-02-02,59.610001,60.959999,59.470001,60.730000,60.730000,434100
2021-02-03,60.590000,60.720001,58.080002,58.419998,58.419998,214800
2021-02-04,58.430000,59.540001,57.110001,58.419998,58.419998,173500
2021-02-05,59.000000,60.619999,58.029999,59.740002,59.740002,250100
2021-02-08,60.419998,61.580002,60.020000,60.540001,60.540001,286500
2021-02-09,60.830002,62.410000,60.770000,62.150002,62.150002,275800
2021-02-10,62.320000,63.549999,61.740002,62.900002,62.900002,246400
2021-02-11,63.389999,64.709999,63.209999,64.309998,64.309998,737200
2021-02-12,64.430000,67.010002,63.380001,66.599998,66.599998,474900
2021-02-16,66.769997,66.779999,64.139999,65.160004,65.160004,601700
2021-02-17,64.779999,66.080002,63.689999,66.029999,66.029999,470200
2021-02-18,65.940002,66.160004,63.869999,64.919998,64.919998,601700
2021-02-19,64.930000,66.629997,63.709999,65.480003,65.480003,318200
2021-02-22,64.980003,65.790001,63.650002,65.209999,65.209999,329600
2021-02-23,64.370003,64.370003,61.349998,62.240002,62.240002,714400
2021-02-24,60.330002,63.000000,58.410000,62.410000,62.410000,918100
2021-02-25,62.410000,65.349998,62.410000,64.779999,64.779999,543000
2021-02-26,65.029999,66.209999,63.930000,65.269997,65.269997,494000
2021-03-01,66.669998,67.610001,65.239998,66.309998,66.309998,397200
2021-03-02,66.129997,67.300003,65.019997,66.730003,66.730003,421800
2021-03-03,65.970001,67.209999,65.230003,66.980003,66.980003,369800
2021-03-04,66.639999,68.000000,61.029999,62.650002,62.650002,549100
2021-03-05,63.009998,63.840000,59.759998,63.730000,63.730000,362600
2021-03-08,64.309998,64.669998,62.240002,62.549999,62.549999,271200
2021-03-09,63.650002,64.690002,62.770000,62.810001,62.810001,387100
2021-03-10,63.799999,63.799999,62.150002,63.160000,63.160000,504500
2021-03-11,63.750000,66.320000,63.750000,65.099998,65.099998,390200
2021-03-12,65.050003,66.320000,63.970001,65.809998,65.809998,271500
2021-03-15,65.250000,67.459999,65.250000,66.809998,66.809998,213000
2021-03-16,66.639999,67.040001,64.980003,66.099998,66.099998,226800
2021-03-17,66.290001,66.580002,64.389999,65.959999,65.959999,473000
2021-03-18,65.209999,65.559998,61.080002,61.939999,61.939999,537900
2021-03-19,61.660000,63.200001,60.439999,62.459999,62.459999,701500
2021-03-22,62.560001,64.070000,62.200001,62.740002,62.740002,404700
2021-03-23,62.139999,63.270000,62.009998,63.070000,63.070000,478900
2021-03-24,63.330002,63.580002,60.959999,61.250000,61.250000,296100
2021-03-25,60.450001,62.860001,59.730000,62.389999,62.389999,292600
2021-03-26,62.680000,63.500000,62.060001,63.400002,63.400002,223700
2021-03-29,63.419998,63.419998,58.470001,62.259998,62.259998,279600
2021-03-30,62.259998,64.290001,61.169998,63.259998,63.259998,311400
2021-03-31,63.790001,66.709999,63.009998,65.519997,65.519997,684800
2021-04-01,65.580002,66.260002,63.349998,64.129997,64.129997,219600
2021-04-05,64.220001,65.010002,62.669998,64.889999,64.889999,172500
2021-04-06,64.959999,65.839996,64.760002,65.680000,65.680000,374400
2021-04-07,65.919998,66.519997,64.489998,64.910004,64.910004,232000
2021-04-08,65.629997,66.730003,64.910004,66.529999,66.529999,272100
2021-04-09,66.629997,66.839996,64.599998,65.900002,65.900002,215800
2021-04-12,66.239998,67.279999,65.370003,65.830002,65.830002,418600
2021-04-13,66.070000,66.750000,64.730003,65.959999,65.959999,366700
2021-04-14,66.239998,67.480003,65.379997,66.300003,66.300003,197700
2021-04-15,66.879997,67.660004,66.370003,67.589996,67.589996,311000
2021-04-16,67.400002,68.300003,65.970001,68.000000,68.000000,254500
2021-04-19,67.510002,69.680000,67.510002,69.610001,69.610001,446800
2021-04-20,69.790001,70.830002,67.790001,68.000000,68.000000,407200
2021-04-21,67.790001,70.050003,66.930000,69.910004,69.910004,413800
2021-04-22,69.790001,71.379997,69.730003,70.019997,70.019997,377600
2021-04-23,70.550003,72.070000,68.940002,69.000000,69.000000,362300
2021-04-26,68.699997,68.699997,65.519997,66.000000,66.000000,843600
2021-04-27,66.900002,66.900002,64.379997,64.910004,64.910004,966000
2021-04-28,65.540001,70.639999,63.340000,69.849998,69.849998,640700
2021-04-29,71.900002,79.540001,71.639999,76.000000,76.000000,1230700
2021-04-30,76.230003,77.510002,74.889999,77.070000,77.070000,843900
2021-05-03,77.019997,78.989998,76.510002,77.430000,77.430000,408400
2021-05-04,77.169998,79.160004,75.940002,77.330002,77.330002,446000
2021-05-05,76.900002,77.989998,75.279999,77.029999,77.029999,298300
2021-05-06,77.099998,77.730003,75.000000,77.709999,77.709999,437500
2021-05-07,77.010002,80.440002,77.010002,77.669998,77.669998,246600
2021-05-10,76.690002,77.529999,73.250000,73.459999,73.459999,266300
2021-05-11,71.870003,74.510002,70.980003,73.910004,73.910004,304300
2021-05-12,73.070000,73.139999,70.379997,70.580002,70.580002,301300
2021-05-13,70.860001,72.449997,70.440002,70.459999,70.459999,299400
2021-05-14,71.419998,72.059998,70.699997,72.000000,72.000000,230200
2021-05-17,71.839996,74.809998,70.809998,72.599998,72.599998,294200
2021-05-18,73.290001,75.160004,72.690002,72.709999,72.709999,291900
2021-05-19,71.720001,72.260002,70.209999,71.129997,71.129997,275100
2021-05-20,71.489998,71.769997,70.099998,71.440002,71.440002,283300
2021-05-21,72.169998,72.910004,71.559998,72.050003,72.050003,318600
2021-05-24,72.500000,72.779999,71.080002,72.430000,72.430000,159300
2021-05-25,72.989998,72.989998,71.419998,71.580002,71.580002,502800
2021-05-26,72.180000,74.010002,70.260002,72.949997,72.949997,445300
2021-05-27,73.000000,74.129997,72.349998,73.620003,73.620003,328600
2021-05-28,74.279999,75.800003,73.720001,74.730003,74.730003,135900
2021-06-01,74.820000,76.510002,74.000000,75.400002,75.400002,249100
2021-06-02,75.660004,75.660004,73.070000,73.389999,73.389999,318500
2021-06-03,73.379997,74.639999,71.070000,74.050003,74.050003,234600
2021-06-04,74.470001,75.449997,73.860001,74.580002,74.580002,332700
2021-06-07,74.849998,75.889999,74.150002,74.769997,74.769997,287000
2021-06-08,75.019997,75.639999,73.239998,73.769997,73.769997,414800
2021-06-09,73.949997,76.309998,73.809998,73.959999,73.959999,217700
2021-06-10,74.300003,75.540001,73.199997,75.300003,75.300003,200800
2021-06-11,75.099998,76.110001,72.690002,75.919998,75.919998,204500
2021-06-14,76.190002,76.989998,75.559998,76.860001,76.860001,189000
2021-06-15,77.610001,79.199997,77.019997,77.930000,77.930000,366500
2021-06-16,77.480003,77.480003,75.330002,75.879997,75.879997,563600
2021-06-17,75.290001,77.860001,75.279999,77.379997,77.379997,480000
2021-06-18,76.400002,77.029999,74.209999,74.540001,74.540001,499000
2021-06-21,74.500000,77.129997,73.879997,76.529999,76.529999,422900
2021-06-22,76.150002,76.820000,75.199997,76.120003,76.120003,337400
2021-06-23,75.919998,77.750000,75.480003,77.449997,77.449997,196800
2021-06-24,78.139999,78.750000,77.669998,78.570000,78.570000,124000
2021-06-25,78.849998,80.669998,78.570000,80.180000,80.180000,529900
2021-06-28,80.550003,80.980003,79.379997,79.830002,79.830002,174500
2021-06-29,79.680000,79.680000,78.879997,79.300003,79.300003,128800
2021-06-30,79.169998,80.000000,78.750000,79.330002,79.330002,218500
2021-07-01,79.529999,81.209999,79.089996,81.029999,81.029999,144000
2021-07-02,81.430000,81.550003,79.830002,81.099998,81.099998,239000
2021-07-06,81.000000,81.320000,78.320000,79.820000,79.820000,161300
2021-07-07,79.879997,81.570000,79.019997,81.419998,81.419998,165000
2021-07-08,79.970001,81.940002,78.570000,81.500000,81.500000,160000
2021-07-09,81.769997,83.050003,81.290001,82.239998,82.239998,119600
2021-07-12,82.250000,84.430000,81.360001,83.919998,83.919998,200500
2021-07-13,83.849998,83.849998,80.970001,81.800003,81.800003,228200
2021-07-14,82.129997,82.949997,78.070000,79.059998,79.059998,341700
2021-07-15,78.440002,79.050003,77.059998,77.389999,77.389999,217700
2021-07-16,78.029999,78.489998,77.070000,77.580002,77.580002,210600
2021-07-19,76.300003,78.260002,76.019997,77.220001,77.220001,297800
2021-07-20,77.779999,80.349998,77.559998,79.410004,79.410004,260000
2021-07-21,80.070000,80.930000,78.970001,79.980003,79.980003,265600
2021-07-22,79.970001,80.269997,79.000000,80.250000,80.250000,320000
2021-07-23,80.570000,80.570000,78.269997,80.169998,80.169998,280900
2021-07-26,80.500000,81.440002,79.500000,80.680000,80.680000,484100
2021-07-27,80.820000,81.269997,79.410004,79.989998,79.989998,229400
2021-07-28,80.209999,83.139999,80.209999,82.220001,82.220001,211800
2021-07-29,82.269997,84.360001,82.269997,83.639999,83.639999,122600
2021-07-30,83.639999,85.269997,83.639999,84.459999,84.459999,148300
2021-08-02,84.620003,85.370003,83.570000,84.250000,84.250000,190200
2021-08-03,84.180000,84.470001,82.959999,83.519997,83.519997,164300
2021-08-04,83.660004,84.160004,81.260002,81.879997,81.879997,528600
2021-08-05,81.410004,85.500000,78.529999,81.470001,81.470001,869800
2021-08-06,81.500000,83.790001,78.519997,83.750000,83.750000,238300
2021-08-09,83.879997,83.919998,78.910004,79.000000,79.000000,206700
2021-08-10,78.790001,79.570000,72.639999,73.099998,73.099998,386500
2021-08-11,73.059998,73.769997,69.910004,72.099998,72.099998,363900
2021-08-12,71.889999,74.220001,71.570000,73.559998,73.559998,334800
2021-08-13,73.309998,73.980003,72.779999,73.239998,73.239998,171300
2021-08-16,73.000000,73.769997,71.779999,72.820000,72.820000,201700
2021-08-17,72.089996,74.510002,71.510002,73.610001,73.610001,272500
2021-08-18,73.480003,74.349998,72.500000,72.970001,72.970001,223500
2021-08-19,72.709999,74.220001,71.919998,72.610001,72.610001,256300
2021-08-20,72.779999,75.070000,72.339996,74.760002,74.760002,333900
2021-08-23,75.000000,76.580002,73.989998,75.290001,75.290001,302900
2021-08-24,75.660004,76.430000,74.279999,75.919998,75.919998,120500
2021-08-25,75.790001,76.180000,73.620003,74.089996,74.089996,193500
2021-08-26,74.000000,74.500000,72.430000,72.550003,72.550003,166700
2021-08-27,72.980003,75.190002,72.010002,74.480003,74.480003,180400
2021-08-30,74.589996,75.120003,73.239998,73.830002,73.830002,187300