Date,Open,High,Low,Close,Adj Close,Volume
2021-01-04,33.029999,33.459999,31.750000,32.400002,31.722816,351100
2021-01-05,32.590000,33.259998,32.139999,32.939999,32.251530,223000
2021-01-06,33.910000,37.090000,33.910000,36.380001,35.619629,458100
2021-01-07,36.630001,37.490002,36.520000,36.959999,36.187508,320600
2021-01-08,37.150002,37.150002,35.220001,35.830002,35.081127,252600
2021-01-11,35.160000,36.500000,35.160000,36.419998,35.658791,183200
2021-01-12,36.840000,37.779999,36.200001,36.990002,36.216885,153700
2021-01-13,36.689999,37.230000,36.040001,36.599998,35.835030,105300
2021-01-14,37.240002,37.820000,36.990002,37.230000,36.451862,259800
2021-01-15,36.599998,37.090000,36.270000,36.480000,35.717541,239100
2021-01-19,36.910000,37.230000,36.490002,36.770000,36.001476,163700
2021-01-20,36.610001,36.990002,36.279999,36.630001,35.864403,116500
2021-01-21,36.840000,36.840000,35.540001,35.779999,35.032169,137300
2021-01-22,35.180000,36.900002,35.160000,36.849998,36.079803,392000
2021-01-25,36.540001,36.750000,35.419998,36.259998,35.502136,253600
2021-01-26,38.000000,38.000000,34.320000,34.459999,33.739758,222100
2021-01-27,33.529999,34.099998,32.849998,33.470001,32.770454,277300
2021-01-28,34.230000,36.180000,33.450001,33.590000,32.887943,218400
2021-01-29,33.570000,33.770000,32.270000,32.840000,32.153622,324900
2021-02-01,33.070000,33.889999,32.560001,33.599998,32.897736,171300
2021-02-02,33.849998,34.259998,33.259998,33.990002,33.279587,251300
2021-02-03,33.709999,34.220001,33.119999,33.540001,32.838993,144600
2021-02-04,33.830002,35.160000,33.549999,35.049999,34.317429,244200
2021-02-05,35.000000,35.369999,34.250000,34.980000,34.248890,175600
2021-02-08,35.000000,35.880001,34.860001,35.880001,35.130081,139200
2021-02-09,35.549999,36.540001,35.299999,36.540001,35.776287,124400
2021-02-10,36.470001,37.090000,36.240002,36.380001,35.619629,132400
2021-02-11,36.189999,36.900002,35.279999,35.709999,35.205563,177100
2021-02-12,35.389999,36.160000,35.349998,35.500000,34.998531,192600
2021-02-16,35.500000,36.060001,35.230000,35.840000,35.333725,297900
2021-02-17,35.459999,36.000000,35.459999,35.630001,35.126694,165200
2021-02-18,35.730000,35.950001,35.189999,35.369999,34.870361,623300
2021-02-19,35.330002,36.660000,35.180000,36.439999,35.925251,247300
2021-02-22,36.410000,37.400002,36.410000,37.090000,36.566067,200000
2021-02-23,37.029999,38.209999,36.580002,37.570000,37.039284,215400
2021-02-24,38.020000,38.680000,37.029999,38.320000,37.778694,261900
2021-02-25,38.419998,38.720001,37.169998,37.310001,36.782963,254000
2021-02-26,37.320000,37.950001,36.310001,36.730000,36.211151,303600
2021-03-01,37.580002,37.930000,37.080002,37.830002,37.295616,200800
2021-03-02,37.720001,37.849998,37.090000,37.169998,36.644936,181900
2021-03-03,37.500000,38.950001,37.500000,38.020000,37.482933,312500
2021-03-04,38.000000,39.070000,37.340000,37.939999,37.404060,222300
2021-03-05,38.500000,39.049999,37.930000,38.869999,38.320923,328800
2021-03-08,39.450001,40.560001,38.930000,39.650002,39.089905,418400
2021-03-09,39.310001,40.119999,38.099998,38.900002,38.350502,271900
2021-03-10,39.049999,39.860001,38.840000,39.570000,39.011032,566300
2021-03-11,39.509998,40.250000,38.990002,40.070000,39.503971,278200
2021-03-12,40.009998,41.320000,40.009998,41.230000,40.647587,225900
2021-03-15,41.209999,41.209999,39.730000,40.209999,39.641994,267100
2021-03-16,39.930000,40.009998,39.080002,39.910000,39.346233,219200
2021-03-17,40.160000,40.740002,39.060001,40.049999,39.484257,191000
2021-03-18,40.619999,41.840000,39.650002,40.080002,39.513832,340300
2021-03-19,39.759998,40.459999,38.930000,39.939999,39.375809,1404100
2021-03-22,39.509998,39.689999,38.270000,38.509998,37.966007,239300
2021-03-23,38.099998,38.389999,36.830002,37.130001,36.605503,353800
2021-03-24,37.580002,38.680000,36.770000,36.779999,36.260445,242800
2021-03-25,36.779999,38.169998,36.290001,37.919998,37.384342,192700
2021-03-26,38.639999,39.560001,38.099998,39.500000,38.942024,218900
2021-03-29,38.759998,39.320000,37.830002,37.919998,37.384342,246800
2021-03-30,38.430000,39.029999,38.189999,38.580002,38.035023,147400
2021-03-31,38.480000,39.029999,37.980000,38.360001,37.818130,290700
2021-04-01,38.040001,38.669998,37.930000,38.580002,38.035023,137500
2021-04-05,39.139999,39.250000,38.439999,38.860001,38.311066,148100
2021-04-06,38.770000,39.099998,38.290001,38.419998,37.877277,121800
2021-04-07,38.740002,38.869999,37.910000,38.070000,37.532223,158100
2021-04-08,38.090000,38.330002,37.099998,38.139999,37.601234,131800
2021-04-09,38.299999,39.119999,38.090000,38.930000,38.380077,168400
2021-04-12,39.049999,39.540001,38.980000,39.139999,38.587109,105900
2021-04-13,38.720001,38.790001,37.900002,38.119999,37.581516,168300
2021-04-14,38.189999,39.360001,38.090000,38.849998,38.301205,172000
2021-04-15,38.700001,38.900002,37.720001,38.689999,38.143467,113200
2021-04-16,39.259998,39.259998,36.770000,38.959999,38.409653,112800
2021-04-19,38.900002,39.290001,38.369999,38.849998,38.301205,179200
2021-04-20,38.590000,39.000000,37.080002,37.349998,36.822395,187600
2021-04-21,37.650002,38.270000,37.400002,38.259998,37.719540,140600
2021-04-22,38.180000,38.369999,37.279999,37.340000,36.812538,193300
2021-04-23,37.669998,39.660000,37.650002,39.150002,38.596970,206900
2021-04-26,38.830002,40.020000,38.619999,38.770000,38.222336,235000
2021-04-27,38.990002,39.029999,38.509998,39.000000,38.449089,243500
2021-04-28,38.930000,39.430000,38.410000,38.700001,38.153324,102700
2021-04-29,39.189999,39.560001,38.849998,38.970001,38.419514,157500
2021-04-30,38.660000,39.410000,38.480000,38.669998,38.123749,295400
2021-05-03,39.200001,39.759998,38.650002,39.570000,39.011032,211700
2021-05-04,39.250000,39.950001,38.820000,39.619999,39.060329,243600
2021-05-05,40.320000,40.340000,39.230000,40.110001,39.543407,265300
2021-05-06,40.220001,40.790001,39.730000,40.790001,40.213806,165900
2021-05-07,40.189999,40.759998,40.020000,40.740002,40.164509,115400
2021-05-10,40.730000,41.279999,39.849998,39.849998,39.287079,202900
2021-05-11,39.400002,40.639999,39.369999,40.160000,39.592705,252100
2021-05-12,40.470001,40.759998,39.680000,39.869999,39.306797,459500
2021-05-13,39.660000,41.759998,39.560001,41.470001,40.884197,334800
2021-05-14,41.799999,41.970001,41.330002,41.889999,41.298264,147600
2021-05-17,41.680000,42.099998,41.279999,42.070000,41.475719,192000
2021-05-18,41.930000,42.450001,41.459999,41.470001,40.884197,512400
2021-05-19,41.020000,41.150002,40.150002,41.060001,40.479988,287100
2021-05-20,40.639999,41.349998,40.130001,41.130001,40.827415,255500
2021-05-21,41.549999,42.220001,41.259998,42.020000,41.710865,250900
2021-05-24,42.000000,42.009998,41.450001,41.480000,41.174839,152700
2021-05-25,41.459999,41.830002,39.540001,39.560001,39.268967,447000
2021-05-26,39.799999,40.430000,39.400002,40.290001,39.993595,175900
2021-05-27,40.529999,41.189999,40.529999,41.070000,40.767857,168900
2021-05-28,41.020000,41.220001,40.189999,41.020000,40.718224,137600
2021-06-01,41.430000,41.619999,40.639999,41.340000,41.035870,330500
2021-06-02,41.299999,41.549999,40.459999,40.639999,40.341019,307100
2021-06-03,40.650002,40.970001,40.310001,40.490002,40.192123,216500
2021-06-04,40.459999,40.959999,40.169998,40.419998,40.122635,172300
2021-06-07,40.560001,40.880001,40.290001,40.500000,40.202049,227100
2021-06-08,40.270000,40.720001,40.009998,40.459999,40.162342,187400
2021-06-09,40.209999,40.209999,39.580002,39.630001,39.338451,250500
2021-06-10,40.099998,40.259998,38.770000,38.790001,38.504631,286900
2021-06-11,39.040001,39.700001,38.700001,38.950001,38.663452,265800
2021-06-14,39.160000,39.349998,38.279999,38.590000,38.306099,357300
2021-06-15,38.680000,39.459999,38.490002,39.060001,38.772644,363600
2021-06-16,38.810001,39.639999,38.389999,39.330002,39.040657,322500
2021-06-17,39.250000,39.400002,37.279999,37.349998,37.075222,366100
2021-06-18,35.889999,36.990002,35.470001,35.520000,35.258686,706500
2021-06-21,35.950001,37.160000,35.950001,36.970001,36.698021,453400
2021-06-22,36.930000,37.430000,36.430000,37.270000,36.995811,359400
2021-06-23,37.470001,37.540001,36.959999,37.009998,36.737720,377800
2021-06-24,37.110001,37.880001,36.830002,37.669998,37.392868,374500
2021-06-25,37.759998,38.040001,37.040001,37.230000,36.956104,1138300
2021-06-28,35.849998,37.279999,35.849998,36.590000,36.320812,410400
2021-06-29,36.869999,37.029999,36.130001,36.189999,35.923756,269500
2021-06-30,35.919998,36.480000,35.740002,36.220001,35.953537,416200
2021-07-01,36.570000,37.139999,36.279999,36.709999,36.439930,243700
2021-07-02,36.459999,36.770000,36.119999,36.200001,35.933685,238100
2021-07-06,36.029999,36.029999,35.029999,35.330002,35.070084,301800
2021-07-07,35.040001,36.009998,35.040001,35.520000,35.258686,359900
2021-07-08,34.720001,35.540001,34.650002,35.130001,34.871555,325300
2021-07-09,35.869999,36.500000,35.689999,36.480000,36.211624,230200
2021-07-12,36.020000,36.740002,35.709999,36.700001,36.430004,179900
2021-07-13,36.599998,36.599998,35.900002,36.000000,35.735153,283900
2021-07-14,36.099998,36.720001,35.540001,35.860001,35.596184,458200
2021-07-15,35.540001,36.480000,35.540001,36.410000,36.142139,539600
2021-07-16,36.750000,36.750000,35.340000,35.400002,35.139568,305600
2021-07-19,34.610001,34.869999,33.959999,34.220001,33.968250,665000
2021-07-20,34.259998,36.180000,34.250000,35.340000,35.080009,480000
2021-07-21,35.860001,36.380001,35.150002,35.939999,35.675594,320800
2021-07-22,35.590000,36.950001,34.369999,34.459999,34.206482,392200
2021-07-23,35.000000,35.529999,34.720001,35.160000,34.901333,433100
2021-07-26,35.230000,36.049999,35.150002,35.610001,35.348022,303000
2021-07-27,35.209999,35.939999,35.209999,35.650002,35.387730,335900
2021-07-28,35.740002,36.150002,35.139999,35.770000,35.506847,403700
2021-07-29,36.060001,36.320000,35.810001,36.060001,35.794716,193000
2021-07-30,35.779999,36.410000,35.459999,35.470001,35.209053,301500
2021-08-02,35.709999,36.400002,35.000000,35.049999,34.792141,316400
2021-08-03,35.340000,35.750000,34.689999,35.680000,35.417507,311100
2021-08-04,35.119999,35.700001,35.000000,35.320000,35.060158,266300
2021-08-05,35.549999,36.080002,35.549999,35.970001,35.705376,134300
2021-08-06,36.650002,37.360001,36.450001,37.189999,36.916397,248300
2021-08-09,37.020000,37.430000,36.639999,36.790001,36.519344,289500
2021-08-10,36.770000,37.419998,36.770000,37.389999,37.114929,152100
2021-08-11,37.439999,38.090000,37.090000,38.060001,37.780003,243900
2021-08-12,37.889999,38.110001,37.680000,37.990002,37.990002,264600
2021-08-13,38.020000,38.200001,37.590000,37.669998,37.669998,233800
2021-08-16,37.439999,37.849998,37.240002,37.529999,37.529999,205500
2021-08-17,37.150002,37.639999,36.849998,37.209999,37.209999,196000
2021-08-18,37.049999,37.680000,36.869999,36.950001,36.950001,228000
2021-08-19,36.439999,36.900002,36.419998,36.790001,36.790001,230600
2021-08-20,36.639999,37.570000,36.389999,37.490002,37.490002,228200
2021-08-23,37.650002,38.020000,37.419998,37.509998,37.509998,215300
2021-08-24,37.590000,37.779999,37.410000,37.599998,37.599998,166000
2021-08-25,37.540001,37.959999,37.529999,37.580002,37.580002,182200
2021-08-26,37.590000,37.590000,36.660000,36.709999,36.709999,210900
2021-08-27,36.889999,37.990002,36.889999,37.980000,37.980000,286500
2021-08-30,37.910000,37.910000,36.709999,36.799999,36.799999,201100