Date,Open,High,Low,Close,Adj Close,Volume
2021-01-04,40.680000,41.400002,39.139999,39.450001,39.118656,532600
2021-01-05,39.750000,41.450001,39.630001,40.660000,40.318489,555500
2021-01-06,41.990002,44.540001,41.799999,43.759998,43.392452,985200
2021-01-07,45.000000,46.380001,44.240002,45.700001,45.316158,1125500
2021-01-08,45.610001,45.619999,43.880001,45.060001,44.681538,654400
2021-01-11,44.029999,44.830002,44.009998,44.660000,44.284893,402200
2021-01-12,44.820000,45.889999,44.439999,45.770000,45.385574,375200
2021-01-13,45.380001,45.740002,44.209999,44.349998,43.977497,458000
2021-01-14,44.709999,45.130001,44.049999,44.330002,43.957668,375700
2021-01-15,43.520000,43.799999,42.599998,42.830002,42.470268,383300
2021-01-19,43.439999,43.639999,42.450001,42.840000,42.480183,364000
2021-01-20,42.830002,43.230000,41.770000,42.330002,41.974468,437300
2021-01-21,42.419998,42.419998,41.419998,41.580002,41.230766,369700
2021-01-22,40.910000,42.520000,40.730000,42.520000,42.162868,390100
2021-01-25,42.160000,42.759998,41.029999,41.270000,40.923370,522500
2021-01-26,41.750000,41.779999,39.740002,39.910000,39.574791,486100
2021-01-27,38.840000,39.500000,36.689999,38.389999,38.067554,680600
2021-01-28,38.849998,39.919998,38.570000,39.700001,39.366558,490400
2021-01-29,39.360001,39.889999,38.369999,38.430000,38.107224,541700
2021-02-01,38.689999,40.869999,38.610001,40.669998,40.328403,652800
2021-02-02,41.310001,41.529999,40.270000,40.709999,40.368073,521700
2021-02-03,40.509998,41.099998,40.040001,40.450001,40.110256,432200
2021-02-04,40.320000,40.770000,40.040001,40.310001,39.971432,398200
2021-02-05,41.060001,41.220001,40.230000,40.970001,40.625889,388300
2021-02-08,41.119999,42.279999,40.560001,42.270000,41.914970,479200
2021-02-09,41.830002,42.959999,40.799999,42.599998,42.242195,598500
2021-02-10,43.320000,43.959999,41.580002,42.049999,41.696815,568300
2021-02-11,42.970001,43.930000,42.450001,43.320000,42.956146,712300
2021-02-12,43.200001,44.709999,43.200001,44.169998,43.799011,383700
2021-02-16,44.520000,44.709999,43.130001,43.770000,43.402370,449900
2021-02-17,43.200001,44.090000,42.770000,43.730000,43.362705,437800
2021-02-18,43.529999,43.950001,42.869999,43.090000,42.728081,409400
2021-02-19,43.340000,44.700001,43.340000,44.490002,44.116325,310300
2021-02-22,44.240002,45.349998,44.240002,44.520000,44.146072,440800
2021-02-23,44.099998,44.259998,42.919998,44.070000,43.699852,319500
2021-02-24,44.470001,45.419998,43.759998,45.290001,44.909607,275800
2021-02-25,45.070000,45.070000,43.070000,43.450001,43.085060,363300
2021-02-26,43.480000,44.250000,42.570000,43.220001,42.856995,457200
2021-03-01,44.349998,45.209999,43.770000,45.020000,44.641872,363400
2021-03-02,45.400002,46.320000,44.930000,44.970001,44.592293,563100
2021-03-03,46.540001,48.680000,46.310001,47.220001,46.823395,1462400
2021-03-04,47.580002,47.840000,42.869999,45.189999,44.810444,1221200
2021-03-05,46.150002,47.230000,43.770000,46.939999,46.545742,1014800
2021-03-08,46.270000,47.910000,46.020000,47.509998,47.110954,920500
2021-03-09,47.970001,48.540001,47.080002,47.139999,46.744064,844200
2021-03-10,47.459999,48.750000,47.369999,48.520000,48.112476,504200
2021-03-11,49.119999,49.790001,48.520000,49.220001,48.806595,519400
2021-03-12,49.459999,50.349998,49.250000,50.279999,49.857689,577900
2021-03-15,49.750000,49.939999,48.700001,49.919998,49.711304,627700
2021-03-16,49.610001,49.750000,48.599998,49.439999,49.233311,341500
2021-03-17,49.349998,50.799999,49.020000,50.779999,50.567711,563700
2021-03-18,50.680000,51.939999,50.430000,51.209999,50.995914,1043900
2021-03-19,51.700001,51.740002,50.599998,50.849998,50.637417,1663500
2021-03-22,50.520000,50.799999,48.259998,48.910000,48.705528,622000
2021-03-23,48.020000,48.340000,44.310001,44.610001,44.423508,886900
2021-03-24,45.200001,46.990002,45.200001,45.470001,45.279911,526300
2021-03-25,45.439999,48.119999,44.799999,48.009998,47.809292,733100
2021-03-26,48.900002,49.770000,48.169998,49.110001,48.904694,666600
2021-03-29,49.000000,49.250000,47.410000,47.430000,47.231716,605500
2021-03-30,47.230000,48.240002,47.220001,47.720001,47.520504,504700
2021-03-31,47.820000,48.419998,46.919998,47.270000,47.072388,547400
2021-04-01,47.730000,47.950001,47.029999,47.950001,47.749542,426000
2021-04-05,48.599998,49.270000,48.360001,49.139999,48.934566,494100
2021-04-06,49.200001,50.230000,48.799999,48.889999,48.685612,350900
2021-04-07,48.990002,49.009998,47.689999,48.169998,47.968620,333600
2021-04-08,47.950001,48.540001,46.849998,48.279999,48.078163,573200
2021-04-09,48.720001,49.099998,48.299999,48.930000,48.725445,357500
2021-04-12,48.939999,49.180000,48.439999,49.180000,48.974400,272400
2021-04-13,49.340000,49.340000,47.840000,48.419998,48.217575,396000
2021-04-14,48.139999,49.990002,48.139999,49.369999,49.163605,287700
2021-04-15,49.389999,49.549999,48.630001,49.410000,49.203438,225900
2021-04-16,50.299999,51.189999,49.990002,50.480000,50.268967,325000
2021-04-19,49.889999,50.360001,49.419998,49.840000,49.631641,335500
2021-04-20,49.610001,49.860001,48.040001,48.770000,48.566116,409100
2021-04-21,48.889999,50.049999,48.889999,49.709999,49.502186,318100
2021-04-22,50.060001,50.060001,48.709999,48.740002,48.536243,329200
2021-04-23,48.990002,50.330002,48.860001,50.090000,49.880596,214400
2021-04-26,50.669998,51.310001,50.419998,50.540001,50.328716,270500
2021-04-27,50.299999,50.549999,49.700001,50.320000,50.109634,222400
2021-04-28,49.970001,50.599998,49.750000,50.509998,50.298840,254200
2021-04-29,50.990002,51.049999,49.950001,50.209999,50.000095,453100
2021-04-30,49.910000,50.919998,49.090000,50.770000,50.557755,543600
2021-05-03,51.389999,52.770000,50.889999,52.009998,51.792568,570000
2021-05-04,51.799999,52.279999,50.619999,51.619999,51.404198,417000
2021-05-05,52.000000,53.220001,51.279999,53.189999,52.967636,386200
2021-05-06,53.570000,53.570000,52.029999,53.310001,53.087135,336900
2021-05-07,52.950001,53.919998,52.250000,53.740002,53.515339,259600
2021-05-10,54.209999,54.209999,52.680000,52.730000,52.509560,572000
2021-05-11,51.950001,53.520000,51.310001,53.389999,53.166801,429300
2021-05-12,53.389999,53.869999,51.130001,51.220001,51.005875,440900
2021-05-13,51.139999,53.080002,51.139999,52.770000,52.549393,354600
2021-05-14,53.099998,53.750000,52.860001,53.660000,53.435673,275300
2021-05-17,53.259998,53.480000,52.380001,53.410000,53.186718,211800
2021-05-18,53.380001,53.639999,52.230000,52.250000,52.031567,219800
2021-05-19,51.480000,51.610001,50.590000,51.560001,51.344452,353100
2021-05-20,51.560001,51.939999,51.049999,51.430000,51.214996,306000
2021-05-21,52.500000,52.700001,51.500000,51.619999,51.404198,258900
2021-05-24,51.889999,52.189999,51.209999,52.099998,51.882191,239000
2021-05-25,51.930000,52.560001,50.720001,50.759998,50.547794,311400
2021-05-26,50.740002,51.740002,50.389999,51.410000,51.195076,326200
2021-05-27,52.270000,52.470001,51.630001,51.959999,51.742779,267500
2021-05-28,51.990002,52.169998,51.099998,51.980000,51.762695,218100
2021-06-01,52.770000,53.060001,52.160000,52.910000,52.688808,280400
2021-06-02,53.049999,53.049999,51.720001,51.830002,51.613323,298100
2021-06-03,51.680000,52.000000,51.020000,51.939999,51.722862,263900
2021-06-04,51.959999,52.220001,51.509998,51.959999,51.742779,203000
2021-06-07,52.070000,52.380001,51.310001,51.580002,51.364368,312900
2021-06-08,51.389999,51.820000,50.700001,51.599998,51.384281,358800
2021-06-09,51.450001,51.459999,50.959999,50.980000,50.766876,259100
2021-06-10,51.480000,51.580002,50.259998,50.299999,50.089718,182000
2021-06-11,50.689999,51.380001,50.419998,51.169998,50.956078,248800
2021-06-14,51.169998,51.169998,49.779999,50.150002,49.940346,316400
2021-06-15,50.380001,51.099998,49.910000,51.090000,50.876415,313500
2021-06-16,50.939999,51.250000,50.299999,50.950001,50.737003,447500
2021-06-17,50.689999,50.950001,47.660000,48.570000,48.570000,507200
2021-06-18,47.580002,48.270000,47.230000,47.230000,47.230000,1009200
2021-06-21,47.880001,48.980000,47.750000,48.830002,48.830002,353300
2021-06-22,48.619999,49.110001,48.009998,48.730000,48.730000,310200
2021-06-23,49.070000,49.639999,48.770000,49.180000,49.180000,365300
2021-06-24,49.759998,49.759998,48.450001,48.730000,48.730000,352100
2021-06-25,49.200001,49.889999,48.959999,48.980000,48.980000,1487700
2021-06-28,48.770000,48.880001,47.639999,48.369999,48.369999,418200
2021-06-29,48.750000,49.230000,48.020000,48.240002,48.240002,313100
2021-06-30,47.889999,49.320000,47.889999,49.160000,49.160000,460300
2021-07-01,49.410000,49.709999,48.880001,49.250000,49.250000,524100
2021-07-02,49.310001,49.310001,48.410000,48.560001,48.560001,268400
2021-07-06,48.400002,48.619999,46.459999,46.660000,46.660000,512600
2021-07-07,46.470001,47.610001,46.389999,47.500000,47.500000,316700
2021-07-08,46.570000,47.220001,46.000000,46.389999,46.389999,353700
2021-07-09,47.490002,48.380001,47.250000,47.970001,47.970001,335500
2021-07-12,47.290001,48.340000,46.970001,48.240002,48.240002,294300
2021-07-13,48.020000,48.349998,47.169998,47.490002,47.490002,376600
2021-07-14,47.750000,48.500000,47.080002,47.279999,47.279999,261900
2021-07-15,46.810001,47.750000,46.490002,47.549999,47.549999,311000
2021-07-16,48.009998,48.009998,46.200001,46.259998,46.259998,401800
2021-07-19,45.000000,45.740002,44.610001,45.060001,45.060001,376000
2021-07-20,44.900002,46.810001,44.830002,46.560001,46.560001,493000
2021-07-21,47.230000,47.830002,47.110001,47.250000,47.250000,542800
2021-07-22,47.270000,47.849998,46.900002,47.160000,47.160000,370300
2021-07-23,47.660000,47.990002,47.240002,47.950001,47.950001,203800
2021-07-26,48.000000,48.889999,47.869999,48.090000,48.090000,375800
2021-07-27,47.509998,48.310001,47.349998,47.849998,47.849998,253100
2021-07-28,47.880001,48.189999,47.049999,47.939999,47.939999,447300
2021-07-29,48.630001,49.020000,48.270000,48.720001,48.720001,362900
2021-07-30,48.730000,49.459999,47.610001,48.520000,48.520000,488800
2021-08-02,49.099998,49.700001,47.369999,47.439999,47.439999,317300
2021-08-03,47.709999,48.119999,46.650002,48.029999,48.029999,324900
2021-08-04,47.400002,47.779999,46.130001,46.160000,46.160000,268400
2021-08-05,46.709999,47.340000,46.389999,46.810001,46.810001,239500
2021-08-06,47.529999,48.139999,47.340000,47.900002,47.900002,216200
2021-08-09,47.529999,47.799999,47.119999,47.450001,47.450001,169000
2021-08-10,47.540001,48.459999,47.430000,48.430000,48.430000,226000
2021-08-11,48.500000,48.970001,48.070000,48.919998,48.919998,277400
2021-08-12,49.000000,49.529999,48.700001,49.380001,49.380001,314700
2021-08-13,49.660000,49.970001,49.259998,49.900002,49.900002,234000
2021-08-16,49.400002,49.840000,48.750000,49.480000,49.480000,346200
2021-08-17,48.980000,49.380001,48.180000,49.139999,49.139999,417300
2021-08-18,49.049999,50.139999,48.759998,49.430000,49.430000,468600
2021-08-19,48.529999,49.270000,47.330002,47.590000,47.590000,468400
2021-08-20,47.520000,48.570000,47.520000,48.540001,48.540001,276200
2021-08-23,49.029999,49.669998,48.700001,49.509998,49.509998,246700
2021-08-24,49.799999,50.189999,49.500000,50.000000,50.000000,215600
2021-08-25,50.200001,50.950001,49.779999,50.459999,50.459999,260600
2021-08-26,50.299999,51.080002,50.009998,50.849998,50.849998,425700
2021-08-27,51.200001,52.799999,51.119999,52.490002,52.490002,426300
2021-08-30,52.700001,52.820000,51.939999,52.180000,52.180000,276300