Date,Open,High,Low,Close,Adj Close,Volume
2021-01-04,79.510002,79.599998,77.480003,78.190002,77.219124,145800
2021-01-05,78.430000,78.959999,77.500000,78.489998,77.515396,155600
2021-01-06,79.250000,82.470001,79.250000,81.769997,80.754662,275000
2021-01-07,81.889999,82.070000,79.750000,80.089996,79.095520,127200
2021-01-08,80.570000,80.980003,79.830002,80.980003,79.974472,113000
2021-01-11,80.660004,81.099998,79.879997,80.699997,79.697952,99500
2021-01-12,80.650002,81.120003,80.040001,80.709999,79.707825,83700
2021-01-13,81.000000,81.820000,80.419998,80.830002,79.826340,108800
2021-01-14,81.519997,81.550003,80.180000,80.519997,79.520180,135200
2021-01-15,80.120003,81.470001,80.040001,81.370003,80.359642,152400
2021-01-19,81.620003,82.040001,80.919998,81.559998,80.547279,227300
2021-01-20,81.180000,81.720001,80.180000,81.070000,80.063354,157900
2021-01-21,81.519997,81.519997,79.559998,79.820000,78.828880,153400
2021-01-22,79.500000,80.589996,78.879997,80.510002,79.510315,158700
2021-01-25,79.860001,81.400002,79.510002,80.709999,79.707825,149100
2021-01-26,80.459999,80.650002,79.660004,80.449997,79.451050,161900
2021-01-27,79.339996,79.820000,77.839996,78.459999,77.485771,253800
2021-01-28,78.949997,81.019997,78.110001,78.330002,77.357376,182400
2021-01-29,78.059998,79.849998,77.209999,77.260002,76.300674,440500
2021-02-01,77.209999,79.669998,76.870003,79.330002,78.344963,226000
2021-02-02,79.839996,81.300003,79.680000,80.540001,79.539932,135000
2021-02-03,80.000000,80.290001,78.580002,79.739998,78.749870,123700
2021-02-04,79.279999,80.440002,79.040001,79.800003,78.809128,125300
2021-02-05,80.510002,81.419998,80.000000,81.349998,80.339882,94200
2021-02-08,81.519997,81.519997,80.050003,80.980003,79.974472,107300
2021-02-09,80.980003,82.309998,80.750000,82.169998,81.149704,132800
2021-02-10,82.500000,83.050003,81.449997,81.889999,80.873177,153500
2021-02-11,82.220001,82.930000,81.029999,81.620003,80.606529,111400
2021-02-12,80.830002,81.010002,78.870003,79.510002,78.846344,110200
2021-02-16,79.599998,79.599998,78.389999,78.489998,77.834854,116900
2021-02-17,78.230003,78.410004,77.779999,78.379997,77.725769,143700
2021-02-18,78.389999,79.330002,78.110001,78.330002,77.676193,146400
2021-02-19,78.389999,78.910004,77.760002,77.970001,77.319199,123600
2021-02-22,78.040001,78.040001,75.720001,76.900002,76.258133,123900
2021-02-23,78.760002,81.570000,76.269997,76.279999,75.643303,209600
2021-02-24,76.199997,77.190002,75.830002,76.070000,75.435059,237500
2021-02-25,75.769997,76.949997,73.940002,74.110001,73.491417,231400
2021-02-26,74.169998,74.889999,73.029999,73.050003,72.440269,315000
2021-03-01,73.739998,74.099998,72.760002,73.419998,72.807167,145700
2021-03-02,73.669998,73.779999,71.570000,71.650002,71.051956,174700
2021-03-03,71.410004,71.879997,70.300003,70.790001,70.199127,225700
2021-03-04,70.480003,72.750000,70.120003,70.639999,70.050377,209700
2021-03-05,71.150002,71.779999,70.070000,70.940002,70.347878,285200
2021-03-08,71.739998,72.410004,70.949997,71.519997,70.923035,185200
2021-03-09,71.360001,72.580002,71.260002,72.160004,71.557701,176700
2021-03-10,72.300003,73.110001,71.400002,71.919998,71.319695,195000
2021-03-11,72.080002,72.360001,71.019997,71.779999,71.180862,170400
2021-03-12,72.209999,73.000000,71.750000,72.160004,71.557701,288300
2021-03-15,71.949997,72.500000,70.930000,72.379997,71.775848,206900
2021-03-16,72.440002,73.209999,72.279999,73.070000,72.460098,138300
2021-03-17,72.720001,73.080002,72.059998,72.239998,71.637024,169500
2021-03-18,72.150002,73.220001,72.120003,73.010002,72.400597,175500
2021-03-19,72.900002,73.690002,72.239998,73.690002,73.074928,901100
2021-03-22,73.690002,74.000000,72.220001,73.360001,72.747681,201300
2021-03-23,73.279999,75.430000,73.010002,74.400002,73.778999,175400
2021-03-24,74.239998,75.250000,73.620003,74.239998,73.620323,340500
2021-03-25,74.250000,74.639999,73.510002,74.279999,73.659996,167800
2021-03-26,74.220001,75.599998,74.040001,75.430000,74.800400,283600
2021-03-29,75.370003,76.620003,75.150002,75.910004,75.276398,219100
2021-03-30,75.839996,76.190002,74.860001,75.230003,74.602074,140100
2021-03-31,75.209999,76.040001,74.919998,75.620003,74.988815,227600
2021-04-01,75.620003,76.260002,75.339996,75.889999,75.256561,123000
2021-04-05,75.940002,76.639999,75.730003,76.250000,75.613556,226600
2021-04-06,76.300003,77.629997,76.089996,77.250000,76.605202,253300
2021-04-07,77.410004,77.769997,76.430000,76.849998,76.208542,121800
2021-04-08,77.169998,77.410004,76.489998,77.050003,76.406876,145200
2021-04-09,77.309998,77.389999,76.639999,77.099998,76.456459,112400
2021-04-12,77.260002,78.570000,77.199997,78.180000,77.527443,145000
2021-04-13,77.900002,79.029999,77.779999,78.680000,78.023270,160200
2021-04-14,78.620003,79.519997,78.570000,79.279999,78.618263,86900
2021-04-15,79.500000,80.629997,79.500000,80.589996,79.917328,115600
2021-04-16,81.000000,81.669998,80.660004,80.709999,80.036331,275200
2021-04-19,80.519997,80.949997,79.199997,80.110001,79.441330,166900
2021-04-20,80.000000,81.379997,80.000000,81.080002,80.403236,133700
2021-04-21,81.410004,81.970001,80.930000,81.820000,81.137062,187800
2021-04-22,81.989998,82.660004,81.349998,81.620003,80.938736,150500
2021-04-23,81.739998,83.309998,81.410004,82.379997,81.692383,195400
2021-04-26,82.379997,82.379997,79.940002,80.419998,79.748741,170200
2021-04-27,80.559998,80.970001,78.389999,78.739998,78.082771,151200
2021-04-28,78.730003,78.949997,78.309998,78.480003,77.824944,145800
2021-04-29,78.760002,79.870003,78.500000,78.930000,78.271187,145800
2021-04-30,78.820000,79.480003,78.129997,79.190002,78.529015,724000
2021-05-03,79.190002,80.150002,78.580002,79.279999,78.618263,318900
2021-05-04,79.279999,80.430000,78.970001,79.970001,79.302505,189200
2021-05-05,80.269997,80.269997,77.400002,78.970001,78.310852,146700
2021-05-06,79.580002,80.269997,79.250000,79.900002,79.233093,202800
2021-05-07,79.940002,80.849998,79.430000,79.500000,78.836426,176600
2021-05-10,79.500000,80.040001,78.820000,78.930000,78.271187,246600
2021-05-11,78.599998,79.480003,77.699997,78.650002,77.993530,194200
2021-05-12,78.290001,78.290001,76.790001,76.970001,76.327545,162100
2021-05-13,76.919998,79.019997,76.919998,78.809998,78.152184,215300
2021-05-14,78.800003,79.260002,78.199997,78.470001,78.147209,135500
2021-05-17,78.360001,79.059998,77.379997,77.480003,77.161278,138400
2021-05-18,76.820000,77.160004,76.529999,76.660004,76.344650,323500
2021-05-19,76.199997,77.110001,76.110001,76.910004,76.593628,158000
2021-05-20,77.000000,78.720001,76.989998,78.309998,77.987862,304500
2021-05-21,78.309998,78.980003,77.510002,78.639999,78.316505,275800
2021-05-24,78.779999,80.019997,78.510002,79.169998,78.844322,166400
2021-05-25,79.500000,79.500000,78.430000,78.989998,78.665062,242400
2021-05-26,79.220001,80.750000,78.739998,80.370003,80.039391,232000
2021-05-27,80.610001,80.610001,79.260002,79.300003,78.973793,185100
2021-05-28,79.650002,80.430000,79.260002,79.370003,79.043503,120500
2021-06-01,79.529999,79.849998,78.889999,79.120003,78.794533,160300
2021-06-02,79.260002,79.400002,78.470001,78.849998,78.525642,189900
2021-06-03,78.750000,79.580002,78.459999,79.449997,79.123169,150300
2021-06-04,79.629997,79.930000,78.830002,78.910004,78.585396,190200
2021-06-07,79.000000,79.919998,79.000000,79.809998,79.481689,121900
2021-06-08,80.029999,80.029999,79.250000,79.760002,79.431900,134600
2021-06-09,79.930000,80.720001,79.930000,80.529999,80.198730,100400
2021-06-10,80.550003,81.300003,80.169998,81.139999,80.806221,97000
2021-06-11,81.320000,82.480003,80.910004,82.449997,82.110832,129000
2021-06-14,82.500000,82.690002,81.400002,82.230003,81.891739,145000
2021-06-15,82.470001,83.279999,82.010002,83.089996,82.748199,173300
2021-06-16,83.430000,83.750000,82.000000,82.430000,82.090912,148200
2021-06-17,82.410004,83.669998,81.959999,82.839996,82.499222,169100
2021-06-18,82.459999,82.610001,80.199997,80.209999,79.880043,278500
2021-06-21,80.279999,81.800003,79.730003,81.669998,81.334038,125800
2021-06-22,81.970001,81.970001,80.790001,81.540001,81.204575,176000
2021-06-23,81.269997,81.269997,79.540001,79.540001,79.212807,293000
2021-06-24,80.019997,80.160004,79.000000,80.080002,79.750580,155900
2021-06-25,79.870003,81.279999,79.669998,81.180000,80.846054,954500
2021-06-28,81.320000,82.349998,80.839996,81.010002,80.676758,149800
2021-06-29,80.800003,81.419998,79.550003,79.690002,79.362190,101400
2021-06-30,79.669998,80.239998,79.550003,79.559998,79.232719,144400
2021-07-01,79.680000,80.629997,79.570000,80.279999,79.949760,134900
2021-07-02,80.400002,81.220001,80.029999,80.849998,80.517410,128700
2021-07-06,80.949997,81.489998,79.629997,81.389999,81.055191,163200
2021-07-07,81.099998,82.820000,81.019997,82.750000,82.409599,197300
2021-07-08,82.639999,83.209999,81.889999,82.160004,81.822029,148100
2021-07-09,82.480003,82.900002,81.750000,82.510002,82.170586,96800
2021-07-12,82.639999,82.980003,82.220001,82.769997,82.429512,99900
2021-07-13,82.400002,83.169998,82.330002,82.389999,82.051079,105000
2021-07-14,82.559998,82.970001,81.910004,82.500000,82.160629,89900
2021-07-15,81.889999,83.610001,81.889999,83.599998,83.256104,96800
2021-07-16,84.139999,86.400002,84.099998,85.820000,85.466972,249700
2021-07-19,85.400002,86.129997,84.129997,85.250000,84.899315,200000
2021-07-20,85.190002,87.379997,85.139999,86.239998,85.885239,304100
2021-07-21,86.300003,87.010002,85.099998,85.300003,84.949112,114900
2021-07-22,85.139999,85.750000,85.050003,85.120003,84.769852,93100
2021-07-23,85.040001,86.680000,85.040001,86.540001,86.184006,89200
2021-07-26,86.720001,86.879997,85.889999,86.400002,86.044586,143300
2021-07-27,86.000000,87.269997,85.449997,87.220001,86.861214,209600
2021-07-28,87.510002,87.709999,86.449997,87.570000,87.209770,168500
2021-07-29,88.070000,88.500000,87.400002,88.250000,87.886971,148400
2021-07-30,88.480003,89.709999,88.300003,88.320000,87.956688,422500
2021-08-02,88.629997,89.190002,87.699997,88.680000,88.315208,171500
2021-08-03,88.849998,89.779999,88.529999,89.129997,88.763351,185900
2021-08-04,88.949997,90.389999,88.389999,90.250000,89.878746,209800
2021-08-05,90.750000,91.550003,90.000000,91.480003,91.103691,125600
2021-08-06,91.529999,92.070000,90.660004,90.709999,90.336853,147500
2021-08-09,90.709999,91.290001,89.099998,89.790001,89.420639,115900
2021-08-10,90.080002,90.080002,88.709999,89.180000,88.813148,148400
2021-08-11,89.519997,89.849998,87.910004,88.269997,87.906891,84300
2021-08-12,88.610001,89.070000,88.190002,88.730003,88.365005,111700
2021-08-13,88.660004,89.589996,88.610001,89.489998,89.489998,134200
2021-08-16,89.709999,90.589996,89.580002,90.510002,90.510002,187800
2021-08-17,90.089996,90.559998,89.160004,90.209999,90.209999,190900
2021-08-18,90.589996,90.779999,89.040001,89.260002,89.260002,109800
2021-08-19,89.129997,90.320000,89.129997,90.089996,90.089996,145200
2021-08-20,90.160004,91.599998,90.000000,91.400002,91.400002,201000
2021-08-23,91.160004,91.300003,90.260002,90.589996,90.589996,167200
2021-08-24,90.300003,90.930000,88.900002,89.320000,89.320000,143100
2021-08-25,89.209999,89.970001,88.629997,89.089996,89.089996,161200
2021-08-26,89.129997,90.110001,88.510002,89.809998,89.809998,120100
2021-08-27,90.300003,91.320000,89.949997,90.440002,90.440002,182700
2021-08-30,90.879997,92.120003,90.879997,92.099998,92.099998,123300