Date,Open,High,Low,Close,Adj Close,Volume
2021-01-04,50.060001,50.950001,47.599998,49.139999,49.139999,483600
2021-01-05,49.160000,51.139999,48.910000,50.430000,50.430000,748600
2021-01-06,50.250000,52.430000,49.250000,51.480000,51.480000,512100
2021-01-07,52.000000,53.240002,51.060001,52.490002,52.490002,543200
2021-01-08,52.029999,53.070000,50.310001,51.830002,51.830002,470500
2021-01-11,51.459999,52.529999,50.470001,52.169998,52.169998,318400
2021-01-12,52.000000,52.900002,50.029999,51.650002,51.650002,303000
2021-01-13,51.730000,52.480000,50.880001,51.830002,51.830002,297300
2021-01-14,51.869999,53.860001,51.630001,52.750000,52.750000,462500
2021-01-15,52.070000,52.500000,51.020000,51.700001,51.700001,386600
2021-01-19,52.000000,53.029999,51.639999,51.650002,51.650002,584000
2021-01-20,51.849998,52.500000,50.349998,50.799999,50.799999,312900
2021-01-21,51.639999,54.650002,51.119999,54.310001,54.310001,999600
2021-01-22,53.730000,56.669998,52.020000,56.549999,56.549999,734700
2021-01-25,57.009998,58.770000,54.680000,55.349998,55.349998,537200
2021-01-26,55.259998,55.650002,52.860001,53.150002,53.150002,981200
2021-01-27,52.529999,56.009998,51.869999,54.029999,54.029999,1869400
2021-01-28,54.029999,54.790001,49.849998,53.430000,53.430000,979900
2021-01-29,52.259998,53.020000,48.439999,51.700001,51.700001,910500
2021-02-01,52.490002,53.430000,51.040001,51.230000,51.230000,599900
2021-02-02,52.080002,53.360001,51.240002,51.540001,51.540001,375000
2021-02-03,51.799999,52.240002,50.840000,52.160000,52.160000,295900
2021-02-04,52.500000,53.669998,52.299999,53.130001,53.130001,348300
2021-02-05,53.750000,53.889999,52.150002,53.779999,53.779999,344300
2021-02-08,53.910000,55.020000,53.130001,54.299999,54.299999,378800
2021-02-09,54.330002,54.790001,53.029999,54.759998,54.759998,391100
2021-02-10,54.849998,55.380001,53.580002,55.060001,55.060001,337400
2021-02-11,55.009998,55.599998,54.290001,54.770000,54.770000,475600
2021-02-12,54.880001,55.570000,53.950001,54.540001,54.540001,279000
2021-02-16,56.250000,56.549999,54.220001,55.169998,55.169998,493600
2021-02-17,55.000000,55.000000,53.419998,54.419998,54.419998,346000
2021-02-18,54.310001,54.910000,53.560001,53.639999,53.639999,204800
2021-02-19,54.189999,55.330002,53.040001,54.279999,54.279999,297600
2021-02-22,53.970001,55.299999,53.250000,54.049999,54.049999,255600
2021-02-23,53.080002,53.270000,50.270000,52.369999,52.369999,621400
2021-02-24,52.130001,53.459999,51.209999,52.869999,52.869999,588700
2021-02-25,52.830002,52.830002,49.759998,50.820000,50.820000,910800
2021-02-26,51.000000,52.450001,48.099998,50.310001,50.310001,1165100
2021-03-01,51.750000,54.070000,51.410000,53.470001,53.470001,1070900
2021-03-02,54.040001,54.799999,52.610001,54.459999,54.459999,478000
2021-03-03,54.610001,58.310001,54.529999,56.450001,56.450001,1133900
2021-03-04,55.720001,56.750000,52.860001,55.680000,55.680000,807600
2021-03-05,55.770000,56.939999,53.340000,56.560001,56.560001,935700
2021-03-08,56.560001,59.180000,55.700001,55.880001,55.880001,746200
2021-03-09,56.639999,59.639999,56.259998,56.549999,56.549999,667600
2021-03-10,57.000000,59.259998,56.509998,58.560001,58.560001,678000
2021-03-11,59.029999,60.000000,58.000000,58.560001,58.560001,647300
2021-03-12,58.500000,58.840000,57.099998,58.119999,58.119999,477300
2021-03-15,58.040001,58.419998,56.820000,57.509998,57.509998,543100
2021-03-16,57.310001,57.849998,54.889999,55.980000,55.980000,574100
2021-03-17,56.000000,58.669998,54.889999,58.000000,58.000000,544200
2021-03-18,57.889999,58.000000,54.930000,55.439999,55.439999,501700
2021-03-19,54.770000,58.049999,54.009998,57.139999,57.139999,576800
2021-03-22,57.730000,59.869999,57.650002,58.880001,58.880001,362200
2021-03-23,58.560001,59.619999,57.630001,58.160000,58.160000,563400
2021-03-24,58.910000,58.919998,54.540001,54.619999,54.619999,539100
2021-03-25,53.880001,56.320000,53.000000,55.900002,55.900002,509700
2021-03-26,56.470001,56.830002,54.209999,56.549999,56.549999,429800
2021-03-29,56.150002,58.880001,56.150002,57.070000,57.070000,398800
2021-03-30,56.740002,58.500000,54.439999,57.650002,57.650002,568400
2021-03-31,57.599998,61.160000,57.599998,59.889999,59.889999,1148400
2021-04-01,59.450001,59.619999,57.290001,58.610001,58.610001,460900
2021-04-05,59.459999,60.410000,58.880001,59.299999,59.299999,410300
2021-04-06,58.869999,60.389999,58.830002,59.830002,59.830002,415800
2021-04-07,59.730000,60.380001,58.930000,59.900002,59.900002,321400
2021-04-08,60.110001,60.310001,59.549999,60.000000,60.000000,401300
2021-04-09,59.790001,60.400002,58.080002,60.130001,60.130001,369000
2021-04-12,59.980000,59.980000,58.000000,59.250000,59.250000,163800
2021-04-13,59.320000,59.810001,57.270000,58.500000,58.500000,385400
2021-04-14,58.709999,60.240002,58.380001,59.939999,59.939999,316800
2021-04-15,60.299999,60.500000,57.889999,59.860001,59.860001,481400
2021-04-16,60.410000,60.410000,58.250000,59.830002,59.830002,326500
2021-04-19,59.680000,59.810001,57.869999,58.669998,58.669998,363100
2021-04-20,58.180000,59.169998,57.500000,58.619999,58.619999,357700
2021-04-21,58.820000,62.490002,57.419998,61.950001,61.950001,779000
2021-04-22,61.380001,63.490002,60.980000,61.520000,61.520000,548100
2021-04-23,61.450001,63.150002,61.450001,61.930000,61.930000,457400
2021-04-26,61.939999,63.250000,61.320000,62.630001,62.630001,317800
2021-04-27,62.889999,62.980000,61.500000,61.660000,61.660000,251100
2021-04-28,61.419998,63.590000,61.080002,63.259998,63.259998,380000
2021-04-29,63.970001,64.360001,61.840000,62.360001,62.360001,382300
2021-04-30,62.130001,63.619999,61.630001,62.930000,62.930000,567300
2021-05-03,63.500000,63.919998,61.889999,62.570000,62.570000,513800
2021-05-04,61.950001,62.669998,57.340000,57.869999,57.869999,495800
2021-05-05,57.689999,58.090000,55.560001,56.310001,56.310001,385400
2021-05-06,55.450001,56.169998,53.490002,56.000000,56.000000,479500
2021-05-07,58.230000,60.119999,56.700001,56.919998,56.919998,755800
2021-05-10,56.630001,56.660000,52.570000,53.080002,53.080002,440100
2021-05-11,52.650002,54.990002,52.049999,52.740002,52.740002,353100
2021-05-12,50.500000,52.709999,50.099998,52.060001,52.060001,2511100
2021-05-13,52.080002,52.750000,50.689999,51.389999,51.389999,1115700
2021-05-14,50.110001,54.259998,49.950001,54.029999,54.029999,769300
2021-05-17,53.869999,55.000000,53.230000,54.410000,54.410000,586800
2021-05-18,54.720001,56.110001,52.980000,53.139999,53.139999,701200
2021-05-19,52.189999,54.880001,51.099998,54.200001,54.200001,472800
2021-05-20,54.360001,55.279999,53.830002,54.450001,54.450001,466500
2021-05-21,55.119999,57.000000,54.720001,55.250000,55.250000,491900
2021-05-24,55.900002,57.169998,54.669998,54.880001,54.880001,552200
2021-05-25,54.830002,56.320000,53.970001,55.980000,55.980000,457900
2021-05-26,55.849998,57.169998,55.070000,56.720001,56.720001,518800
2021-05-27,56.849998,58.340000,56.849998,57.840000,57.840000,591000
2021-05-28,57.930000,59.410000,57.590000,57.689999,57.689999,476700
2021-06-01,57.990002,59.119999,54.770000,55.250000,55.250000,516600
2021-06-02,55.369999,56.139999,54.470001,54.770000,54.770000,325000
2021-06-03,54.750000,56.320000,53.480000,56.160000,56.160000,547800
2021-06-04,56.599998,58.889999,54.209999,58.410000,58.410000,424300
2021-06-07,58.590000,59.900002,57.740002,59.580002,59.580002,405900
2021-06-08,59.410000,60.369999,57.900002,58.750000,58.750000,567100
2021-06-09,59.160000,59.770000,58.849998,59.599998,59.599998,306800
2021-06-10,59.849998,60.130001,58.529999,59.900002,59.900002,295300
2021-06-11,59.779999,60.730000,59.450001,60.389999,60.389999,525000
2021-06-14,60.750000,60.830002,58.049999,59.200001,59.200001,371000
2021-06-15,59.220001,60.000000,58.110001,58.279999,58.279999,327800
2021-06-16,58.509998,59.750000,58.340000,59.740002,59.740002,413400
2021-06-17,59.799999,61.720001,59.060001,60.869999,60.869999,638200
2021-06-18,60.770000,63.410000,58.189999,62.939999,62.939999,1656300
2021-06-21,63.259998,64.360001,61.860001,63.340000,63.340000,711900
2021-06-22,63.240002,65.080002,63.060001,64.790001,64.790001,428300
2021-06-23,64.980003,65.269997,63.360001,64.879997,64.879997,507800
2021-06-24,65.110001,66.410004,65.040001,65.639999,65.639999,485900
2021-06-25,66.129997,67.730003,65.529999,66.900002,66.900002,1806700
2021-06-28,67.699997,68.190002,64.570000,64.709999,64.709999,537200
2021-06-29,64.889999,65.199997,63.049999,63.209999,63.209999,472100
2021-06-30,62.860001,64.610001,62.380001,63.410000,63.410000,473000
2021-07-01,63.770000,66.209999,63.060001,65.269997,65.269997,441200
2021-07-02,65.269997,66.089996,64.379997,65.459999,65.459999,264400
2021-07-06,65.110001,65.169998,63.430000,63.669998,63.669998,435600
2021-07-07,64.029999,65.220001,62.419998,62.720001,62.720001,363100
2021-07-08,61.849998,63.630001,60.599998,63.419998,63.419998,318600
2021-07-09,63.549999,64.389999,62.490002,62.919998,62.919998,217700
2021-07-12,63.759998,65.410004,62.520000,64.639999,64.639999,371100
2021-07-13,64.389999,65.250000,63.500000,63.990002,63.990002,191500
2021-07-14,63.950001,64.169998,60.240002,60.820000,60.820000,304700
2021-07-15,60.910000,61.439999,58.779999,59.700001,59.700001,440800
2021-07-16,60.230000,62.320000,58.700001,59.770000,59.770000,494100
2021-07-19,58.930000,61.189999,58.590000,59.209999,59.209999,590000
2021-07-20,59.509998,61.529999,58.270000,61.180000,61.180000,376700
2021-07-21,61.660000,65.000000,61.080002,64.709999,64.709999,389900
2021-07-22,64.930000,66.760002,62.360001,65.360001,65.360001,632500
2021-07-23,65.610001,66.510002,64.610001,66.250000,66.250000,286500
2021-07-26,66.379997,66.720001,64.330002,64.940002,64.940002,391800
2021-07-27,64.730003,65.400002,63.419998,64.029999,64.029999,247400
2021-07-28,64.529999,67.500000,63.349998,66.839996,66.839996,445600
2021-07-29,66.550003,68.660004,66.550003,68.379997,68.379997,311200
2021-07-30,68.489998,69.660004,67.610001,67.949997,67.949997,335900
2021-08-02,67.570000,70.379997,66.839996,68.879997,68.879997,375700
2021-08-03,68.690002,69.599998,66.309998,66.650002,66.650002,545900
2021-08-04,66.160004,68.169998,66.120003,66.300003,66.300003,324900
2021-08-05,66.089996,66.540001,62.669998,63.000000,63.000000,1129700
2021-08-06,64.709999,69.930000,63.070000,69.580002,69.580002,959700
2021-08-09,69.699997,70.459999,68.660004,69.230003,69.230003,670800
2021-08-10,69.690002,69.760002,65.570000,65.870003,65.870003,671600
2021-08-11,65.610001,65.610001,61.900002,62.779999,62.779999,638000
2021-08-12,62.910000,67.089996,62.910000,65.339996,65.339996,437700
2021-08-13,65.269997,67.250000,64.720001,66.339996,66.339996,222000
2021-08-16,66.330002,67.769997,65.379997,67.070000,67.070000,284700
2021-08-17,68.839996,72.480003,65.459999,69.139999,69.139999,408500
2021-08-18,69.680000,70.970001,67.669998,69.489998,69.489998,474900
2021-08-19,69.400002,72.239998,69.080002,71.790001,71.790001,1132600
2021-08-20,71.540001,72.059998,70.669998,72.000000,72.000000,836700
2021-08-23,73.769997,74.000000,70.900002,71.639999,71.639999,433000
2021-08-24,71.510002,74.000000,70.480003,72.680000,72.680000,399100
2021-08-25,72.419998,73.050003,71.180000,71.970001,71.970001,310000
2021-08-26,72.059998,73.139999,71.139999,72.360001,72.360001,279500
2021-08-27,72.690002,74.000000,72.059998,73.570000,73.570000,456800
2021-08-30,73.480003,74.610001,72.629997,73.250000,73.250000,365200