Date,Open,High,Low,Close,Adj Close,Volume
2021-01-04,71.120003,71.839996,63.080002,63.639999,63.639999,992700
2021-01-05,63.220001,65.879997,62.737999,65.050003,65.050003,727100
2021-01-06,64.669998,65.945000,63.389999,64.230003,64.230003,565800
2021-01-07,64.870003,65.800003,64.305000,64.809998,64.809998,787200
2021-01-08,65.139999,66.629997,62.939999,65.510002,65.510002,600800
2021-01-11,66.000000,68.930000,65.089996,68.580002,68.580002,578100
2021-01-12,68.889999,69.589996,67.570000,68.639999,68.639999,511800
2021-01-13,68.639999,69.114998,65.400002,65.680000,65.680000,1052400
2021-01-14,65.000000,70.010002,64.694000,69.730003,69.730003,847600
2021-01-15,69.070000,70.000000,66.900002,68.610001,68.610001,435500
2021-01-19,69.809998,69.879997,68.394997,69.379997,69.379997,510000
2021-01-20,69.529999,71.400002,67.480003,67.709999,67.709999,627100
2021-01-21,68.290001,68.379997,65.879997,66.440002,66.440002,446000
2021-01-22,65.489998,69.580002,64.699997,69.480003,69.480003,587500
2021-01-25,67.459999,68.504997,62.810001,65.790001,65.790001,2424700
2021-01-26,65.480003,65.910004,60.279999,62.330002,62.330002,4700800
2021-01-27,60.529999,60.869999,55.189999,55.470001,55.470001,3013000
2021-01-28,56.840000,57.259998,55.340000,56.299999,56.299999,1400500
2021-01-29,56.639999,57.439999,54.349998,56.759998,56.759998,1332700
2021-02-01,57.009998,57.970001,55.230000,57.430000,57.430000,1177100
2021-02-02,58.939999,63.450001,58.619999,63.009998,63.009998,1227900
2021-02-03,63.500000,64.199997,62.320000,62.980000,62.980000,973000
2021-02-04,63.470001,64.750000,62.529999,64.510002,64.510002,591000
2021-02-05,65.000000,68.320000,64.470001,68.279999,68.279999,1509300
2021-02-08,68.930000,72.730003,67.809998,72.349998,72.349998,1578500
2021-02-09,72.820000,73.500000,70.660004,70.849998,70.849998,726900
2021-02-10,71.279999,72.389999,68.250000,68.870003,68.870003,953900
2021-02-11,69.699997,69.989998,66.330002,67.269997,67.269997,446100
2021-02-12,68.480003,71.250000,66.739998,67.360001,67.360001,1722500
2021-02-16,67.660004,69.209999,64.510002,64.980003,64.980003,874500
2021-02-17,64.349998,65.476997,63.615002,64.720001,64.720001,847600
2021-02-18,63.650002,64.480003,62.020000,63.849998,63.849998,897200
2021-02-19,66.000000,69.260002,64.849998,66.680000,66.680000,1050300
2021-02-22,66.680000,68.669998,64.860001,65.669998,65.669998,644600
2021-02-23,64.910004,66.500000,62.660000,65.940002,65.940002,1150900
2021-02-24,65.849998,68.300003,65.029999,67.410004,67.410004,1081400
2021-02-25,67.860001,69.485001,64.099998,65.129997,65.129997,2175800
2021-02-26,65.400002,71.760002,64.410004,70.680000,70.680000,3058000
2021-03-01,72.470001,72.820000,69.199997,71.910004,71.910004,1166000
2021-03-02,69.279999,71.010002,66.080002,66.169998,66.169998,829600
2021-03-03,65.720001,67.379997,63.740002,63.900002,63.900002,1103000
2021-03-04,63.480000,65.019997,59.650002,62.520000,62.520000,1028900
2021-03-05,63.000000,63.000000,57.709999,62.220001,62.220001,865900
2021-03-08,62.889999,64.290001,59.285000,59.480000,59.480000,876700
2021-03-09,60.810001,65.500000,60.040001,64.900002,64.900002,1113900
2021-03-10,65.500000,69.900002,65.500000,69.720001,69.720001,1215100
2021-03-11,70.709999,72.970001,69.080002,71.220001,71.220001,777500
2021-03-12,70.379997,72.074997,69.000000,70.940002,70.940002,346300
2021-03-15,70.279999,71.639999,69.250000,69.889999,69.889999,461300
2021-03-16,70.040001,70.709999,67.220001,68.050003,68.050003,841000
2021-03-17,67.139999,68.989998,66.279999,68.620003,68.620003,709500
2021-03-18,68.599998,68.668999,63.310001,63.470001,63.470001,579800
2021-03-19,64.019997,68.000000,63.340000,67.660004,67.660004,2232700
2021-03-22,70.410004,71.000000,66.160004,69.110001,69.110001,994900
2021-03-23,68.120003,69.190002,65.339996,65.790001,65.790001,813700
2021-03-24,66.339996,66.930000,61.270000,61.270000,61.270000,629900
2021-03-25,60.349998,63.470001,60.200001,63.139999,63.139999,372400
2021-03-26,63.299999,63.689999,60.259998,60.820000,60.820000,851500
2021-03-29,60.220001,60.485001,57.000000,57.099998,57.099998,672400
2021-03-30,56.849998,60.110001,56.310001,59.119999,59.119999,772100
2021-03-31,59.369999,62.000000,59.220001,61.599998,61.599998,554800
2021-04-01,62.490002,63.130001,59.040001,59.360001,59.360001,782700
2021-04-05,60.220001,60.500000,58.009998,58.990002,58.990002,403200
2021-04-06,57.310001,59.689999,57.310001,57.750000,57.750000,645300
2021-04-07,57.509998,59.139999,55.880001,56.060001,56.060001,786100
2021-04-08,57.040001,58.459999,56.384998,58.119999,58.119999,347100
2021-04-09,57.540001,58.080002,54.014999,54.490002,54.490002,1544500
2021-04-12,54.320000,54.549999,53.560001,53.959999,53.959999,546900
2021-04-13,54.189999,55.500000,52.959999,54.599998,54.599998,998100
2021-04-14,54.930000,58.340000,54.930000,55.750000,55.750000,1362800
2021-04-15,55.759998,57.070000,54.230000,54.950001,54.950001,814500
2021-04-16,55.869999,56.119999,53.990002,55.119999,55.119999,510900
2021-04-19,54.389999,56.209999,54.130001,55.509998,55.509998,685300
2021-04-20,55.009998,56.474998,53.400002,54.119999,54.119999,397500
2021-04-21,53.419998,55.419998,53.110001,55.310001,55.310001,376300
2021-04-22,55.270000,57.139999,54.230000,55.900002,55.900002,426100
2021-04-23,56.160000,56.505001,53.945000,54.470001,54.470001,651400
2021-04-26,55.139999,56.009998,54.490002,55.820000,55.820000,370500
2021-04-27,55.849998,56.154999,54.320000,55.320000,55.320000,369200
2021-04-28,55.049999,56.770000,54.549999,56.230000,56.230000,411700
2021-04-29,56.349998,56.365002,54.384998,55.270000,55.270000,326300
2021-04-30,54.610001,56.549999,54.610001,55.919998,55.919998,684200
2021-05-03,56.500000,56.549999,53.810001,55.369999,55.369999,600200
2021-05-04,55.349998,55.349998,53.009998,54.000000,54.000000,593300
2021-05-05,53.799999,54.860001,52.279999,52.939999,52.939999,955100
2021-05-06,52.560001,52.610001,48.680000,49.590000,49.590000,1678900
2021-05-07,49.209999,50.650002,47.639999,48.029999,48.029999,729200
2021-05-10,47.470001,47.630001,45.770000,46.470001,46.470001,928500
2021-05-11,44.939999,49.930000,44.939999,49.130001,49.130001,761200
2021-05-12,48.730000,51.279999,48.415001,49.480000,49.480000,867400
2021-05-13,49.669998,51.860001,49.650002,50.720001,50.720001,923000
2021-05-14,50.880001,53.939999,50.880001,53.660000,53.660000,708600
2021-05-17,53.150002,54.380001,51.799999,54.130001,54.130001,729300
2021-05-18,54.330002,56.290001,54.084999,55.730000,55.730000,1180300
2021-05-19,55.000000,55.910000,53.740002,54.970001,54.970001,687100
2021-05-20,55.119999,57.599998,53.980000,57.220001,57.220001,592300
2021-05-21,58.799999,59.610001,57.570000,57.900002,57.900002,929800
2021-05-24,58.189999,58.314999,55.799999,56.959999,56.959999,622900
2021-05-25,57.540001,58.230000,56.619999,57.680000,57.680000,490600
2021-05-26,58.110001,59.279999,57.430000,58.630001,58.630001,492500
2021-05-27,58.919998,58.919998,56.540001,57.990002,57.990002,1029700
2021-05-28,58.160000,59.660000,57.040001,59.200001,59.200001,444000
2021-06-01,59.720001,60.680000,58.599998,60.369999,60.369999,910900
2021-06-02,60.500000,60.886002,58.013000,59.410000,59.410000,865900
2021-06-03,59.200001,59.720001,57.139999,58.810001,58.810001,557700
2021-06-04,59.200001,59.810001,57.450001,57.959999,57.959999,525800
2021-06-07,58.250000,63.189999,57.680000,61.950001,61.950001,1844800
2021-06-08,62.000000,63.320000,60.639999,62.330002,62.330002,896800
2021-06-09,62.680000,63.189999,60.639999,61.349998,61.349998,703200
2021-06-10,61.599998,63.259998,60.840000,62.299999,62.299999,1088300
2021-06-11,61.599998,64.139999,61.349998,63.930000,63.930000,556000
2021-06-14,64.059998,64.180000,61.730000,63.740002,63.740002,1106000
2021-06-15,63.599998,63.680000,61.299999,62.470001,62.470001,826500
2021-06-16,61.919998,64.610001,61.880001,63.180000,63.180000,1676400
2021-06-17,62.610001,64.029999,61.000000,62.630001,62.630001,2229600
2021-06-18,61.369999,62.695000,59.830002,61.330002,61.330002,2194100
2021-06-21,61.720001,63.779999,61.290001,63.130001,63.130001,1476500
2021-06-22,62.869999,63.349998,60.000000,60.340000,60.340000,1296600
2021-06-23,60.130001,60.625000,58.959999,59.349998,59.349998,1099900
2021-06-24,59.810001,60.799999,58.380001,59.500000,59.500000,669000
2021-06-25,59.560001,60.630001,58.580002,60.450001,60.450001,2769100
2021-06-28,60.000000,60.459999,57.349998,59.389999,59.389999,864700
2021-06-29,59.660000,60.560001,58.630001,60.119999,60.119999,879300
2021-06-30,61.044998,61.799999,59.639999,60.959999,60.959999,447900
2021-07-01,61.389999,64.050003,60.959999,63.610001,63.610001,531700
2021-07-02,63.900002,64.529999,62.799999,63.849998,63.849998,492000
2021-07-06,64.110001,64.400002,62.889999,64.239998,64.239998,451500
2021-07-07,64.029999,65.330002,63.490002,64.110001,64.110001,1024600
2021-07-08,63.000000,64.370003,62.700001,63.950001,63.950001,494300
2021-07-09,64.300003,64.709999,63.669998,64.169998,64.169998,627200
2021-07-12,63.619999,65.089996,63.610001,63.779999,63.779999,370900
2021-07-13,62.830002,64.209999,62.279999,62.730000,62.730000,357400
2021-07-14,62.869999,63.220001,58.580002,58.730000,58.730000,1223300
2021-07-15,58.529999,59.970001,57.520000,59.340000,59.340000,1938600
2021-07-16,60.020000,61.270000,58.910000,59.180000,59.180000,1205800
2021-07-19,57.939999,59.220001,57.380001,57.410000,57.410000,710700
2021-07-20,57.599998,61.320000,57.575001,61.110001,61.110001,933100
2021-07-21,61.360001,61.919998,59.150002,61.599998,61.599998,343900
2021-07-22,61.430000,62.709999,60.549999,61.650002,61.650002,816300
2021-07-23,62.070000,62.070000,60.299999,60.599998,60.599998,276700
2021-07-26,60.560001,60.950001,56.119999,56.310001,56.310001,883100
2021-07-27,55.910000,56.410000,53.299999,53.740002,53.740002,968100
2021-07-28,54.060001,56.134998,53.380001,55.369999,55.369999,753400
2021-07-29,55.470001,55.985001,54.349998,54.380001,54.380001,459400
2021-07-30,54.209999,54.209999,52.950001,53.450001,53.450001,1238100
2021-08-02,53.639999,53.959999,52.160000,52.330002,52.330002,783400
2021-08-03,51.514999,53.299999,51.514999,52.790001,52.790001,982300
2021-08-04,52.419998,54.080002,52.419998,52.830002,52.830002,458500
2021-08-05,53.720001,57.439999,52.575001,56.130001,56.130001,828600
2021-08-06,56.189999,56.189999,53.790001,54.099998,54.099998,474100
2021-08-09,53.900002,55.160000,53.240002,53.389999,53.389999,304100
2021-08-10,53.459999,53.459999,52.099998,52.230000,52.230000,756100
2021-08-11,52.560001,53.330002,51.270000,52.130001,52.130001,583800
2021-08-12,51.980000,52.220001,50.310001,50.840000,50.840000,416700
2021-08-13,50.700001,52.110001,49.950001,50.119999,50.119999,317800
2021-08-16,49.669998,50.650002,48.525002,49.480000,49.480000,567400
2021-08-17,49.040001,49.730000,48.180000,49.540001,49.540001,1401000
2021-08-18,49.770000,50.439999,48.050999,48.630001,48.630001,803400
2021-08-19,48.310001,48.950001,46.970001,47.080002,47.080002,726000
2021-08-20,47.639999,49.720001,46.680000,49.029999,49.029999,735700
2021-08-23,49.700001,50.320000,49.174999,49.279999,49.279999,795800
2021-08-24,49.279999,50.009998,48.630001,49.849998,49.849998,678800
2021-08-25,49.900002,50.570000,49.369999,50.320000,50.320000,495600
2021-08-26,50.470001,50.939999,48.630001,49.209999,49.209999,803800
2021-08-27,49.250000,51.049999,49.009998,50.480000,50.480000,989800
2021-08-30,50.790001,51.639999,48.240002,48.590000,48.590000,497100