Date,Open,High,Low,Close,Adj Close,Volume
2021-01-04,72.449997,72.629997,67.529999,69.769997,69.259636,677400
2021-01-05,69.440002,71.930000,69.180000,70.599998,70.083565,492400
2021-01-06,71.599998,73.699997,70.790001,72.769997,72.237686,418800
2021-01-07,73.250000,73.750000,71.449997,72.699997,72.168198,287900
2021-01-08,72.779999,73.370003,70.260002,70.959999,70.440933,360500
2021-01-11,69.949997,70.610001,68.959999,69.470001,68.961838,296300
2021-01-12,70.080002,72.559998,69.610001,72.260002,71.731422,285800
2021-01-13,72.480003,72.650002,71.000000,71.779999,71.254929,201500
2021-01-14,72.470001,74.410004,71.639999,74.080002,73.538109,294400
2021-01-15,73.489998,73.970001,71.190002,72.989998,72.456078,313100
2021-01-19,73.550003,73.550003,72.220001,73.320000,72.783669,266800
2021-01-20,73.440002,75.540001,72.599998,72.820000,72.287331,293900
2021-01-21,73.570000,75.500000,71.980003,74.260002,73.716797,407000
2021-01-22,73.150002,73.970001,70.290001,71.330002,70.808228,382700
2021-01-25,70.669998,72.510002,68.879997,71.889999,71.364128,500400
2021-01-26,72.750000,72.750000,69.449997,69.739998,69.229851,367100
2021-01-27,68.750000,71.019997,67.169998,69.169998,68.664017,494500
2021-01-28,69.919998,71.050003,68.790001,69.889999,69.378761,264700
2021-01-29,69.709999,69.739998,66.589996,68.129997,67.631630,531800
2021-02-01,68.320000,69.529999,67.370003,69.410004,68.902275,382900
2021-02-02,70.349998,71.680000,69.839996,71.379997,70.857857,245300
2021-02-03,70.919998,71.349998,68.550003,68.760002,68.257027,339900
2021-02-04,68.900002,72.250000,68.769997,72.180000,71.652008,276000
2021-02-05,73.000000,73.070000,71.070000,71.519997,71.144676,198500
2021-02-08,71.980003,73.430000,71.199997,73.330002,72.945183,263700
2021-02-09,73.400002,75.110001,73.320000,74.790001,74.397522,266000
2021-02-10,75.220001,75.769997,73.550003,74.370003,73.979736,271600
2021-02-11,74.730003,75.309998,72.400002,73.449997,73.064552,219800
2021-02-12,73.070000,74.360001,72.580002,73.419998,73.034706,116500
2021-02-16,73.900002,74.830002,72.330002,73.430000,73.044662,222800
2021-02-17,72.620003,73.570000,72.529999,72.830002,72.447807,202300
2021-02-18,72.769997,72.940002,70.940002,71.879997,71.502792,224900
2021-02-19,72.510002,73.540001,71.739998,72.760002,72.378174,245600
2021-02-22,72.650002,76.040001,72.500000,76.000000,75.601173,400100
2021-02-23,76.639999,81.589996,76.160004,80.860001,80.435669,836300
2021-02-24,81.389999,81.580002,78.889999,80.400002,79.978088,486900
2021-02-25,79.639999,81.059998,76.820000,76.970001,76.566086,248500
2021-02-26,78.120003,78.559998,75.269997,76.830002,76.426819,364200
2021-03-01,78.889999,81.150002,78.050003,79.690002,79.271812,257800
2021-03-02,78.440002,78.849998,76.739998,77.510002,77.103256,276200
2021-03-03,76.500000,78.650002,75.250000,77.260002,76.854568,277900
2021-03-04,77.599998,79.379997,75.629997,76.239998,75.839905,278900
2021-03-05,77.260002,80.410004,76.570000,79.919998,79.500595,432300
2021-03-08,79.779999,83.669998,78.959999,81.790001,81.360786,430200
2021-03-09,82.360001,82.870003,81.680000,82.610001,82.176491,375100
2021-03-10,82.250000,84.720001,81.860001,82.809998,82.375435,423600
2021-03-11,83.349998,83.709999,82.019997,82.989998,82.554482,246400
2021-03-12,83.199997,83.500000,81.269997,82.160004,81.728851,221100
2021-03-15,81.559998,83.220001,80.110001,83.199997,82.763390,183800
2021-03-16,83.349998,83.599998,82.000000,83.169998,82.733543,213300
2021-03-17,83.639999,83.639999,81.269997,82.800003,82.365494,240800
2021-03-18,82.739998,84.300003,82.139999,82.480003,82.047173,208100
2021-03-19,82.470001,83.540001,80.989998,82.580002,82.146645,750000
2021-03-22,82.580002,82.820000,80.699997,81.209999,80.783836,463300
2021-03-23,80.330002,80.660004,76.820000,77.750000,77.341988,639200
2021-03-24,78.620003,79.199997,75.709999,75.750000,75.352486,313200
2021-03-25,75.150002,79.650002,74.589996,78.949997,78.535683,354500
2021-03-26,79.500000,80.290001,78.360001,79.430000,79.013176,206800
2021-03-29,78.620003,80.139999,76.779999,77.120003,76.715294,362900
2021-03-30,77.279999,80.089996,77.010002,79.209999,78.794327,393800
2021-03-31,79.690002,80.250000,77.690002,79.230003,78.814224,274400
2021-04-01,79.720001,80.610001,79.000000,79.239998,78.824165,375100
2021-04-05,79.839996,80.370003,78.500000,80.290001,79.868660,267100
2021-04-06,81.070000,82.620003,80.769997,81.400002,80.972839,369300
2021-04-07,81.239998,81.239998,79.099998,79.959999,79.540390,156500
2021-04-08,80.029999,80.669998,79.019997,79.889999,79.470757,215000
2021-04-09,79.980003,80.239998,79.139999,79.739998,79.321541,261100
2021-04-12,79.739998,80.279999,79.449997,79.750000,79.331497,292700
2021-04-13,79.690002,79.940002,78.620003,79.000000,78.585434,192600
2021-04-14,78.970001,81.040001,78.970001,80.180000,79.759239,483300
2021-04-15,80.650002,80.650002,79.269997,79.379997,78.963432,246300
2021-04-16,80.220001,81.410004,79.489998,80.010002,79.590126,308200
2021-04-19,79.639999,80.050003,77.900002,79.059998,78.645111,449400
2021-04-20,78.559998,79.349998,76.000000,77.120003,76.715294,362800
2021-04-21,77.000000,77.919998,76.000000,77.550003,77.143036,253300
2021-04-22,77.860001,78.559998,76.070000,76.150002,75.750381,192300
2021-04-23,76.599998,77.790001,76.010002,77.220001,76.814774,324000
2021-04-26,78.000000,78.680000,76.269997,76.830002,76.426819,300200
2021-04-27,76.529999,77.680000,76.529999,76.910004,76.506401,196700
2021-04-28,76.400002,78.290001,74.330002,77.930000,77.521042,425100
2021-04-29,78.910004,80.510002,78.540001,80.209999,79.789078,366700
2021-04-30,79.209999,79.970001,79.080002,79.919998,79.500595,366000
2021-05-03,80.360001,81.360001,79.610001,79.720001,79.301659,393600
2021-05-04,79.209999,79.620003,77.970001,78.690002,78.277061,224000
2021-05-05,78.720001,79.169998,77.430000,78.629997,78.217369,155900
2021-05-06,78.620003,78.839996,77.000000,78.730003,78.316849,193200
2021-05-07,78.620003,80.599998,78.360001,80.550003,80.127296,138000
2021-05-10,80.550003,81.139999,79.550003,79.910004,79.490654,188200
2021-05-11,78.440002,79.570000,77.790001,78.940002,78.525749,257500
2021-05-12,78.610001,78.970001,76.589996,76.970001,76.566086,328900
2021-05-13,76.930000,78.879997,76.099998,78.709999,78.296951,250300
2021-05-14,79.160004,79.769997,78.589996,79.639999,79.423882,196800
2021-05-17,79.110001,79.779999,77.849998,79.669998,79.453796,147500
2021-05-18,79.750000,80.790001,79.019997,79.550003,79.334129,334800
2021-05-19,78.320000,79.139999,76.599998,78.650002,78.436569,447000
2021-05-20,78.169998,78.370003,76.989998,77.519997,77.309631,172800
2021-05-21,77.870003,78.190002,76.779999,76.910004,76.701294,218100
2021-05-24,77.330002,77.650002,76.370003,77.120003,76.910721,144700
2021-05-25,77.339996,77.900002,74.980003,75.029999,74.826393,221600
2021-05-26,75.220001,76.099998,74.629997,76.050003,75.843628,168800
2021-05-27,76.930000,77.260002,76.139999,76.139999,75.933380,148400
2021-05-28,76.199997,76.199997,74.959999,75.410004,75.205368,184700
2021-06-01,75.959999,76.830002,74.370003,75.290001,75.085686,451800
2021-06-02,75.510002,75.510002,73.000000,73.379997,73.180870,321400
2021-06-03,73.080002,74.410004,72.760002,74.059998,73.859024,263700
2021-06-04,74.419998,74.419998,72.709999,73.320000,73.121033,162700
2021-06-07,73.739998,73.739998,72.699997,73.239998,73.041245,156000
2021-06-08,73.769997,76.250000,73.769997,76.080002,75.873543,212100
2021-06-09,76.000000,76.000000,75.199997,75.480003,75.275177,156200
2021-06-10,76.000000,76.639999,73.879997,74.629997,74.427475,256500
2021-06-11,75.360001,76.570000,75.360001,76.500000,76.292404,168300
2021-06-14,76.989998,77.430000,76.029999,76.489998,76.282425,371400
2021-06-15,76.449997,76.559998,75.230003,76.500000,76.292404,127500
2021-06-16,76.269997,76.809998,75.470001,76.559998,76.352242,186200
2021-06-17,76.660004,76.660004,74.440002,75.559998,75.354950,209100
2021-06-18,74.500000,75.019997,73.410004,74.599998,74.397560,467900
2021-06-21,75.360001,77.360001,74.830002,77.059998,76.850883,191600
2021-06-22,76.690002,78.680000,75.760002,78.169998,77.957870,256100
2021-06-23,78.190002,78.470001,77.580002,77.690002,77.479179,231800
2021-06-24,78.000000,78.699997,77.290001,78.230003,78.017715,156900
2021-06-25,78.550003,80.029999,78.089996,79.779999,79.563499,758900
2021-06-28,79.779999,79.779999,77.419998,78.339996,78.127403,225000
2021-06-29,78.629997,78.720001,76.650002,76.860001,76.651428,433500
2021-06-30,76.650002,77.449997,76.349998,76.839996,76.631477,213200
2021-07-01,77.589996,78.769997,76.629997,78.639999,78.426598,266900
2021-07-02,78.930000,78.930000,78.070000,78.370003,78.157333,219400
2021-07-06,77.889999,77.889999,75.050003,75.089996,74.886223,191400
2021-07-07,74.370003,75.739998,74.059998,75.089996,74.886223,163700
2021-07-08,73.669998,74.949997,73.070000,74.760002,74.557129,187400
2021-07-09,75.930000,77.790001,75.930000,77.570000,77.359497,164900
2021-07-12,77.010002,78.919998,76.870003,78.760002,78.546272,177900
2021-07-13,78.430000,79.660004,78.430000,78.970001,78.755699,246300
2021-07-14,79.510002,80.220001,77.599998,78.349998,78.137383,241500
2021-07-15,77.870003,78.800003,76.510002,77.570000,77.359497,223000
2021-07-16,78.349998,78.459999,75.730003,76.040001,75.833656,222700
2021-07-19,74.320000,74.669998,71.580002,73.599998,73.400269,366200
2021-07-20,73.709999,76.419998,73.709999,75.750000,75.544441,283000
2021-07-21,76.589996,78.070000,76.419998,77.830002,77.618797,269200
2021-07-22,77.120003,78.000000,72.800003,73.699997,73.500000,461600
2021-07-23,74.000000,74.959999,72.500000,74.860001,74.860001,461300
2021-07-26,75.349998,75.800003,73.809998,75.160004,75.160004,166100
2021-07-27,74.160004,75.239998,73.500000,74.220001,74.220001,226200
2021-07-28,74.599998,76.919998,74.440002,76.150002,76.150002,257700
2021-07-29,77.199997,78.379997,76.199997,77.489998,77.489998,378400
2021-07-30,77.400002,78.449997,76.139999,76.959999,76.959999,158900
2021-08-02,77.760002,79.699997,77.559998,78.019997,78.019997,368100
2021-08-03,78.070000,78.489998,76.000000,77.500000,77.500000,353800
2021-08-04,76.559998,78.169998,76.260002,76.290001,76.290001,231800
2021-08-05,77.470001,79.190002,76.860001,79.110001,79.110001,259500
2021-08-06,80.000000,80.430000,79.010002,79.239998,79.239998,216500
2021-08-09,78.660004,78.660004,76.989998,77.040001,77.040001,137400
2021-08-10,76.790001,78.010002,76.339996,77.709999,77.709999,135900
2021-08-11,77.629997,79.580002,77.260002,79.529999,79.529999,182700
2021-08-12,79.459999,80.050003,78.720001,79.870003,79.870003,208300
2021-08-13,80.169998,80.169998,77.889999,78.190002,78.190002,111200
2021-08-16,77.779999,78.910004,76.620003,78.830002,78.830002,168800
2021-08-17,78.029999,79.000000,77.589996,78.180000,78.180000,189800
2021-08-18,78.000000,78.970001,76.389999,76.410004,76.410004,205300
2021-08-19,75.449997,76.529999,75.059998,76.169998,76.169998,147500
2021-08-20,76.059998,76.989998,75.529999,76.750000,76.750000,162400
2021-08-23,77.099998,77.910004,76.610001,77.330002,77.330002,146200
2021-08-24,77.730003,78.540001,77.250000,77.510002,77.510002,114700
2021-08-25,77.459999,78.650002,77.459999,77.839996,77.839996,114700
2021-08-26,77.559998,78.000000,76.239998,76.370003,76.370003,161300
2021-08-27,76.370003,79.610001,76.339996,78.860001,78.860001,176100
2021-08-30,79.430000,79.430000,77.349998,77.750000,77.750000,147200