Date,Open,High,Low,Close,Adj Close,Volume
2021-01-04,116.279999,117.720001,114.110001,115.339996,115.339996,111700
2021-01-05,114.879997,118.570000,114.709999,117.510002,117.510002,137800
2021-01-06,118.900002,128.270004,118.900002,127.379997,127.379997,323000
2021-01-07,127.209999,130.529999,125.680000,129.860001,129.860001,188500
2021-01-08,129.500000,130.339996,124.489998,129.809998,129.809998,177800
2021-01-11,128.889999,129.919998,127.070000,129.479996,129.479996,89500
2021-01-12,129.470001,131.789993,128.070007,131.529999,131.529999,103100
2021-01-13,131.000000,132.500000,124.129997,124.660004,124.660004,187600
2021-01-14,125.139999,125.470001,123.339996,123.690002,123.690002,119300
2021-01-15,122.370003,123.870003,121.099998,122.150002,122.150002,370000
2021-01-19,122.139999,124.650002,118.040001,118.599998,118.599998,464700
2021-01-20,118.970001,120.220001,116.709999,118.320000,118.320000,175300
2021-01-21,118.860001,118.910004,116.959999,118.110001,118.110001,140000
2021-01-22,116.559998,118.809998,116.410004,117.830002,117.830002,107900
2021-01-25,117.379997,119.849998,116.629997,117.949997,117.949997,76100
2021-01-26,118.779999,118.779999,114.660004,114.750000,114.750000,67900
2021-01-27,112.449997,113.750000,107.470001,111.129997,111.129997,345300
2021-01-28,112.669998,112.669998,107.790001,108.820000,108.820000,128100
2021-01-29,108.260002,109.889999,106.860001,107.029999,107.029999,109800
2021-02-01,107.879997,111.250000,106.290001,110.440002,110.440002,93800
2021-02-02,111.410004,113.120003,109.750000,112.309998,112.309998,78800
2021-02-03,111.809998,112.220001,109.779999,112.019997,112.019997,74500
2021-02-04,111.620003,114.180000,111.620003,113.589996,113.589996,63600
2021-02-05,114.449997,115.580002,112.860001,115.559998,115.559998,80400
2021-02-08,117.150002,118.959999,114.940002,118.959999,118.959999,81300
2021-02-09,118.690002,122.000000,118.690002,121.750000,121.750000,88300
2021-02-10,121.370003,122.330002,117.699997,117.849998,117.849998,91200
2021-02-11,118.699997,120.099998,117.300003,119.129997,119.129997,99000
2021-02-12,118.449997,120.199997,118.449997,120.029999,120.029999,67900
2021-02-16,120.010002,120.010002,116.110001,116.230003,116.230003,99600
2021-02-17,115.639999,117.519997,114.660004,116.320000,116.320000,74200
2021-02-18,116.459999,116.849998,114.699997,115.309998,115.309998,56600
2021-02-19,109.879997,116.489998,109.879997,114.550003,114.550003,114400
2021-02-22,120.360001,122.180000,116.559998,121.570000,121.570000,193700
2021-02-23,121.879997,125.000000,119.989998,120.760002,120.760002,131600
2021-02-24,121.000000,123.349998,119.970001,122.669998,122.669998,94600
2021-02-25,122.599998,123.750000,119.989998,120.080002,120.080002,70200
2021-02-26,120.370003,121.459999,118.419998,119.360001,119.360001,106100
2021-03-01,121.230003,122.620003,118.839996,119.529999,119.529999,76300
2021-03-02,119.040001,122.989998,118.699997,118.970001,118.970001,63900
2021-03-03,119.589996,122.180000,118.629997,121.019997,121.019997,84000
2021-03-04,121.449997,122.720001,120.209999,121.709999,121.709999,146900
2021-03-05,123.209999,123.510002,121.050003,123.489998,123.489998,106200
2021-03-08,124.360001,126.160004,123.169998,125.459999,125.459999,104200
2021-03-09,125.949997,128.740005,125.900002,127.529999,127.529999,134500
2021-03-10,127.820000,131.979996,127.330002,131.250000,131.250000,109300
2021-03-11,131.910004,132.089996,127.389999,129.190002,129.190002,120800
2021-03-12,128.729996,131.020004,128.029999,130.699997,130.699997,96500
2021-03-15,129.880005,130.399994,127.739998,128.250000,128.250000,85600
2021-03-16,127.540001,129.639999,126.730003,128.809998,128.809998,73200
2021-03-17,128.770004,128.770004,126.570000,128.570007,128.570007,200300
2021-03-18,127.860001,128.809998,126.889999,128.179993,128.179993,90500
2021-03-19,127.559998,128.809998,126.699997,127.650002,127.650002,423100
2021-03-22,128.410004,128.699997,125.930000,126.570000,126.570000,63700
2021-03-23,125.980003,126.050003,123.099998,123.639999,123.639999,70700
2021-03-24,123.690002,126.370003,123.690002,124.919998,124.919998,105900
2021-03-25,123.720001,126.760002,123.370003,125.970001,125.970001,64800
2021-03-26,126.949997,128.770004,126.080002,128.279999,128.279999,57100
2021-03-29,127.400002,129.750000,125.459999,126.220001,126.220001,122400
2021-03-30,125.489998,126.959999,125.290001,126.580002,126.580002,92100
2021-03-31,126.419998,127.169998,124.470001,125.410004,125.410004,129200
2021-04-01,126.260002,127.040001,124.449997,126.370003,126.370003,99100
2021-04-05,126.820000,128.660004,125.699997,126.500000,126.500000,121500
2021-04-06,126.889999,127.000000,124.739998,125.410004,125.410004,108100
2021-04-07,125.279999,125.279999,120.820000,120.870003,120.870003,147100
2021-04-08,121.260002,121.330002,120.019997,120.599998,120.599998,151900
2021-04-09,120.739998,122.510002,119.769997,121.269997,121.269997,175300
2021-04-12,121.370003,122.489998,120.900002,121.190002,121.190002,108600
2021-04-13,121.379997,122.540001,119.370003,122.150002,122.150002,221700
2021-04-14,121.959999,123.730003,121.330002,121.779999,121.779999,104000
2021-04-15,122.629997,122.769997,121.110001,122.099998,122.099998,109900
2021-04-16,123.180000,123.559998,122.309998,122.839996,122.839996,121000
2021-04-19,123.029999,124.300003,121.400002,122.080002,122.080002,77200
2021-04-20,121.379997,122.879997,120.400002,121.040001,121.040001,81700
2021-04-21,121.180000,122.849998,120.870003,121.519997,121.519997,114300
2021-04-22,121.739998,121.739998,119.709999,119.870003,119.870003,116400
2021-04-23,120.220001,124.730003,119.589996,124.209999,124.209999,111900
2021-04-26,125.360001,125.360001,123.690002,124.209999,124.209999,105200
2021-04-27,124.209999,124.209999,122.570000,124.010002,124.010002,88600
2021-04-28,124.230003,125.120003,123.690002,124.970001,124.970001,95900
2021-04-29,125.110001,125.110001,122.830002,124.620003,124.620003,82000
2021-04-30,123.580002,128.429993,123.580002,127.190002,127.190002,180100
2021-05-03,127.559998,131.179993,126.419998,130.440002,130.440002,359600
2021-05-04,130.350006,133.699997,130.000000,133.600006,133.600006,159600
2021-05-05,134.000000,134.000000,130.279999,132.630005,132.630005,86900
2021-05-06,132.000000,133.509995,126.949997,132.910004,132.910004,126200
2021-05-07,133.130005,133.130005,131.009995,131.580002,131.580002,77100
2021-05-10,131.089996,132.250000,129.440002,129.460007,129.460007,96400
2021-05-11,128.089996,131.300003,128.089996,130.399994,130.399994,47900
2021-05-12,129.800003,131.190002,128.119995,128.270004,128.270004,85200
2021-05-13,128.690002,133.410004,128.690002,133.199997,133.199997,143800
2021-05-14,133.509995,134.580002,132.020004,133.250000,133.250000,72800
2021-05-17,132.619995,133.979996,130.779999,131.009995,131.009995,83500
2021-05-18,131.130005,132.179993,130.050003,131.559998,131.559998,167600
2021-05-19,130.899994,132.729996,130.899994,131.720001,131.720001,137000
2021-05-20,131.429993,131.779999,128.490005,129.479996,129.479996,117700
2021-05-21,130.460007,130.460007,128.289993,129.330002,129.330002,104500
2021-05-24,129.330002,130.229996,128.440002,129.350006,129.350006,86000
2021-05-25,129.169998,129.889999,127.959999,128.360001,128.360001,72900
2021-05-26,128.179993,130.789993,128.009995,130.350006,130.350006,127900
2021-05-27,130.800003,132.089996,130.000000,131.080002,131.080002,148800
2021-05-28,130.940002,131.100006,129.990005,131.000000,131.000000,67000
2021-06-01,132.009995,133.679993,130.020004,133.270004,133.270004,125600
2021-06-02,133.820007,133.820007,130.699997,131.889999,131.889999,125700
2021-06-03,131.830002,132.309998,130.169998,132.029999,132.029999,66700
2021-06-04,132.580002,133.479996,131.710007,132.809998,132.809998,65000
2021-06-07,133.289993,133.500000,131.050003,132.300003,132.300003,216800
2021-06-08,132.089996,133.009995,130.889999,132.940002,132.940002,93400
2021-06-09,132.720001,133.570007,132.160004,133.369995,133.369995,149500
2021-06-10,133.970001,134.139999,132.330002,132.460007,132.460007,100500
2021-06-11,132.339996,132.869995,130.070007,132.139999,132.139999,67500
2021-06-14,132.289993,132.479996,130.809998,132.300003,132.300003,89200
2021-06-15,132.389999,133.320007,131.570007,133.320007,133.320007,92300
2021-06-16,132.889999,134.110001,132.360001,133.919998,133.919998,131300
2021-06-17,133.399994,133.460007,130.339996,131.679993,131.679993,109600
2021-06-18,130.360001,131.220001,129.539993,129.759995,129.759995,184400
2021-06-21,130.139999,132.479996,130.139999,131.869995,131.869995,139900
2021-06-22,131.860001,132.100006,130.710007,131.539993,131.539993,65100
2021-06-23,131.240005,131.240005,129.889999,130.229996,130.229996,115900
2021-06-24,130.440002,132.139999,130.429993,131.610001,131.610001,210500
2021-06-25,131.360001,132.839996,130.910004,131.800003,131.800003,408700
2021-06-28,132.119995,132.119995,130.899994,131.220001,131.220001,82800
2021-06-29,131.039993,131.139999,130.360001,130.830002,130.830002,56800
2021-06-30,130.369995,131.660004,130.369995,131.259995,131.259995,56900
2021-07-01,131.630005,133.070007,130.940002,132.809998,132.809998,72600
2021-07-02,133.330002,133.330002,131.080002,131.289993,131.289993,131300
2021-07-06,131.470001,131.619995,129.000000,131.020004,131.020004,120900
2021-07-07,130.940002,133.339996,130.639999,133.020004,133.020004,125100
2021-07-08,131.759995,132.729996,129.589996,130.020004,130.020004,71400
2021-07-09,130.979996,131.830002,130.330002,130.970001,130.970001,71800
2021-07-12,130.809998,131.979996,129.479996,131.830002,131.830002,99300
2021-07-13,131.059998,132.020004,129.759995,129.770004,129.770004,60000
2021-07-14,129.990005,130.550003,129.360001,129.729996,129.729996,52200
2021-07-15,129.050003,130.559998,128.740005,130.389999,130.389999,74800
2021-07-16,131.050003,131.169998,129.740005,129.889999,129.889999,82000
2021-07-19,128.529999,129.919998,128.339996,129.199997,129.199997,101200
2021-07-20,129.419998,132.740005,128.899994,130.789993,130.789993,139900
2021-07-21,131.419998,131.919998,130.000000,130.179993,130.179993,80300
2021-07-22,129.860001,130.929993,129.559998,129.750000,129.750000,69700
2021-07-23,130.080002,131.940002,129.419998,131.869995,131.869995,58000
2021-07-26,132.149994,132.899994,130.639999,132.410004,132.410004,36400
2021-07-27,131.529999,133.029999,131.270004,132.449997,132.449997,44300
2021-07-28,132.729996,132.759995,130.850006,132.070007,132.070007,45000
2021-07-29,132.279999,134.800003,132.279999,134.220001,134.220001,43400
2021-07-30,133.429993,139.589996,133.339996,134.889999,134.889999,106900
2021-08-02,134.889999,135.279999,132.320007,133.130005,133.130005,92100
2021-08-03,132.869995,132.869995,131.259995,132.059998,132.059998,123300
2021-08-04,131.210007,132.070007,130.339996,130.919998,130.919998,71000
2021-08-05,131.619995,132.800003,130.369995,132.539993,132.539993,49300
2021-08-06,133.580002,134.600006,132.899994,133.789993,133.789993,70300
2021-08-09,133.479996,133.800003,130.820007,131.080002,131.080002,77000
2021-08-10,130.759995,132.149994,130.600006,130.830002,130.830002,122700
2021-08-11,130.830002,132.679993,129.869995,130.490005,130.490005,98800
2021-08-12,130.679993,131.399994,128.679993,129.240005,129.240005,109500
2021-08-13,129.350006,131.070007,128.520004,130.559998,130.559998,54300
2021-08-16,130.080002,132.220001,129.410004,131.320007,131.320007,34000
2021-08-17,130.449997,131.539993,129.570007,130.589996,130.589996,51900
2021-08-18,130.289993,132.839996,130.000000,130.320007,130.320007,84100
2021-08-19,129.839996,131.550003,129.699997,131.199997,131.199997,83700
2021-08-20,130.800003,134.490005,130.419998,133.960007,133.960007,120500
2021-08-23,134.820007,135.949997,133.910004,135.949997,135.949997,99700
2021-08-24,136.070007,136.559998,133.119995,133.520004,133.520004,51300
2021-08-25,133.149994,134.339996,131.990005,133.699997,133.699997,47800
2021-08-26,133.860001,135.500000,133.679993,134.149994,134.149994,71900
2021-08-27,134.190002,138.179993,133.020004,137.869995,137.869995,128400
2021-08-30,138.399994,140.369995,138.000000,139.369995,139.369995,146500