Date,Open,High,Low,Close,Adj Close,Volume
2021-01-04,29.139999,29.379999,27.049999,27.290001,27.290001,4449200
2021-01-05,27.010000,29.020000,27.000000,28.360001,28.360001,3576800
2021-01-06,29.840000,31.990000,29.510000,30.420000,30.420000,5860600
2021-01-07,33.720001,35.740002,32.500000,33.560001,33.560001,9003600
2021-01-08,34.930000,37.389999,34.110001,34.790001,34.790001,7804600
2021-01-11,33.799999,35.299999,32.820000,34.580002,34.580002,4165100
2021-01-12,34.799999,36.880001,33.730000,35.660000,35.660000,5500000
2021-01-13,36.919998,38.950001,34.369999,38.709999,38.709999,6821100
2021-01-14,38.709999,39.380001,36.419998,38.860001,38.860001,6486300
2021-01-15,38.009998,38.580002,35.099998,36.470001,36.470001,4872200
2021-01-19,37.660000,40.240002,36.660000,39.930000,39.930000,4709800
2021-01-20,38.169998,39.980000,36.810001,38.580002,38.580002,7139300
2021-01-21,38.680000,39.080002,36.250000,37.599998,37.599998,4433400
2021-01-22,37.000000,40.250000,36.900002,40.180000,40.180000,3593400
2021-01-25,40.000000,42.191002,38.349998,38.500000,38.500000,4221200
2021-01-26,38.930000,41.580002,38.029999,41.480000,41.480000,5877300
2021-01-27,39.580002,41.750000,37.240002,39.349998,39.349998,5360700
2021-01-28,39.000000,39.860001,35.160000,36.330002,36.330002,5035000
2021-01-29,36.419998,37.849998,34.669998,34.910000,34.910000,3447500
2021-02-01,35.830002,37.400002,34.200001,37.250000,37.250000,3441600
2021-02-02,38.110001,38.790001,36.430000,38.340000,38.340000,2893100
2021-02-03,38.639999,41.119999,37.759998,40.959999,40.959999,3749000
2021-02-04,40.820000,42.560001,40.389999,41.750000,41.750000,4111900
2021-02-05,42.900002,43.200001,40.570000,42.360001,42.360001,2517200
2021-02-08,43.000000,44.950001,42.233002,42.650002,42.650002,2766000
2021-02-09,42.570000,43.020000,41.410000,41.820000,41.820000,2991200
2021-02-10,42.200001,43.919998,40.110001,41.410000,41.410000,3681400
2021-02-11,39.980000,41.540001,37.882000,40.049999,40.049999,4240900
2021-02-12,40.220001,41.380001,38.619999,40.439999,40.439999,2206400
2021-02-16,40.000000,40.049999,35.209999,35.349998,35.349998,8195600
2021-02-17,35.419998,35.419998,31.660000,33.000000,33.000000,7315100
2021-02-18,31.059999,32.200001,29.750000,30.530001,30.530001,8843000
2021-02-19,32.180000,33.650002,31.570000,32.040001,32.040001,5487100
2021-02-22,31.320000,31.611000,28.330999,28.620001,28.620001,4656700
2021-02-23,26.660000,28.530001,24.750000,28.299999,28.299999,6314600
2021-02-24,29.000000,30.290001,27.750000,30.070000,30.070000,3722200
2021-02-25,29.549999,30.000000,27.059999,27.330000,27.330000,3400700
2021-02-26,27.510000,28.889999,26.110001,28.530001,28.530001,4401700
2021-03-01,30.000000,30.780001,29.459999,30.370001,30.370001,3483300
2021-03-02,30.370001,30.980000,28.190001,28.639999,28.639999,5549300
2021-03-03,28.930000,29.389999,26.410000,26.610001,26.610001,3399800
2021-03-04,26.360001,27.900000,25.045000,26.610001,26.610001,6765100
2021-03-05,26.629999,26.865000,22.728001,25.610001,25.610001,6994900
2021-03-08,26.600000,27.389999,24.805000,25.330000,25.330000,4070200
2021-03-09,27.299999,28.270000,26.840000,27.180000,27.180000,6267000
2021-03-10,28.290001,29.101999,26.790001,27.709999,27.709999,3523300
2021-03-11,29.559999,30.230000,28.350000,29.930000,29.930000,3359500
2021-03-12,28.780001,29.730000,28.129999,29.549999,29.549999,2332200
2021-03-15,29.430000,30.070000,28.889999,29.780001,29.780001,1769000
2021-03-16,29.760000,29.760000,27.549999,28.000000,28.000000,3248000
2021-03-17,26.100000,28.719999,25.799999,28.490000,28.490000,3607400
2021-03-18,27.719999,27.830000,25.590000,25.639999,25.639999,2919700
2021-03-19,25.260000,27.219999,24.799999,27.070000,27.070000,3836300
2021-03-22,27.520000,28.129999,26.590000,27.610001,27.610001,1919500
2021-03-23,26.920000,28.030001,26.260000,26.580000,26.580000,2335100
2021-03-24,26.799999,26.900000,24.400000,24.459999,24.459999,3231900
2021-03-25,23.500000,25.920000,23.156000,25.600000,25.600000,3775200
2021-03-26,26.230000,26.860001,25.000000,26.350000,26.350000,2064900
2021-03-29,25.690001,25.980000,23.219999,23.400000,23.400000,3776200
2021-03-30,23.809999,25.389999,23.230000,25.260000,25.260000,2899400
2021-03-31,26.600000,27.490000,26.090000,27.049999,27.049999,4197700
2021-04-01,28.000000,28.230000,26.280001,26.350000,26.350000,3674800
2021-04-05,27.780001,27.780001,26.170000,26.200001,26.200001,4011900
2021-04-06,26.070000,26.250000,25.410000,25.700001,25.700001,2415300
2021-04-07,25.490000,26.240000,24.330000,24.709999,24.709999,2672400
2021-04-08,24.879999,25.995001,24.799999,25.559999,25.559999,1924100
2021-04-09,25.219999,25.480000,24.430000,24.840000,24.840000,2132100
2021-04-12,24.280001,24.600000,23.340000,24.110001,24.110001,1926500
2021-04-13,24.180000,24.660000,23.440001,24.129999,24.129999,2453300
2021-04-14,24.360001,25.320000,23.860001,24.059999,24.059999,2511200
2021-04-15,24.500000,24.500000,21.950001,23.090000,23.090000,3993300
2021-04-16,24.090000,24.969999,23.100000,24.730000,24.730000,8967800
2021-04-19,24.570000,24.750000,22.115000,22.290001,22.290001,3878000
2021-04-20,22.879999,23.670000,21.985001,22.580000,22.580000,3961400
2021-04-21,21.950001,24.090000,21.070000,23.740000,23.740000,4085200
2021-04-22,24.950001,25.500000,23.750000,24.129999,24.129999,4494000
2021-04-23,24.400000,25.760000,23.950001,25.629999,25.629999,3776100
2021-04-26,26.030001,27.610001,25.780001,27.450001,27.450001,5225200
2021-04-27,27.450001,28.350000,27.020000,27.610001,27.610001,3649700
2021-04-28,27.440001,28.139999,26.891001,27.770000,27.770000,2649100
2021-04-29,28.200001,28.219999,25.670000,26.520000,26.520000,3164100
2021-04-30,25.780001,26.920000,25.500000,25.969999,25.969999,2480400
2021-05-03,26.230000,26.330000,24.629999,24.830000,24.830000,2622100
2021-05-04,23.670000,23.782000,22.510000,23.150000,23.150000,4218600
2021-05-05,23.410000,23.510000,21.580000,21.629999,21.629999,4450700
2021-05-06,21.100000,22.389999,19.879999,22.240000,22.240000,6003500
2021-05-07,22.740000,23.490000,22.379999,23.230000,23.230000,3612900
2021-05-10,22.180000,22.500000,19.990000,20.090000,20.090000,6688000
2021-05-11,19.000000,21.309999,18.500000,20.750000,20.750000,6334100
2021-05-12,20.120001,20.420000,19.100000,19.309999,19.309999,4047200
2021-05-13,19.500000,20.375000,18.400000,18.790001,18.790001,5077100
2021-05-14,19.670000,20.410000,19.500000,20.299999,20.299999,3137600
2021-05-17,19.990000,20.320000,19.333000,19.610001,19.610001,3127400
2021-05-18,19.879999,20.770000,19.340000,20.430000,20.430000,4633300
2021-05-19,19.450001,21.059999,19.389999,20.889999,20.889999,2713100
2021-05-20,21.959999,22.469999,21.330000,21.910000,21.910000,3596100
2021-05-21,22.090000,22.799999,21.570000,22.290001,22.290001,2957800
2021-05-24,22.410000,22.709999,21.629999,21.850000,21.850000,2168600
2021-05-25,21.799999,22.190001,21.420000,21.580000,21.580000,2184800
2021-05-26,21.709999,23.110001,21.570000,23.040001,23.040001,3362700
2021-05-27,23.100000,23.870001,22.620001,23.820000,23.820000,2471700
2021-05-28,24.340000,24.809999,23.930000,24.170000,24.170000,2133800
2021-06-01,24.809999,24.830000,23.610001,24.440001,24.440001,1878600
2021-06-02,24.480000,24.670000,23.809999,24.660000,24.660000,2278900
2021-06-03,24.709999,25.400000,24.299999,24.730000,24.730000,3520000
2021-06-04,24.530001,25.424999,24.459999,24.590000,24.590000,2203900
2021-06-07,24.270000,25.990000,23.850000,25.629999,25.629999,2441100
2021-06-08,26.010000,26.719999,25.580000,26.459999,26.459999,2157200
2021-06-09,26.719999,26.980000,25.309999,25.360001,25.360001,2220100
2021-06-10,24.959999,25.670000,24.770000,25.120001,25.120001,2391500
2021-06-11,25.360001,25.910000,25.200001,25.540001,25.540001,1370400
2021-06-14,25.559999,25.969999,25.020000,25.270000,25.270000,1722800
2021-06-15,25.209999,25.559999,24.170000,24.290001,24.290001,2012900
2021-06-16,24.170000,24.469999,23.520000,24.230000,24.230000,2751100
2021-06-17,24.000000,25.290001,24.000000,24.889999,24.889999,2175100
2021-06-18,24.340000,25.110001,24.219999,24.650000,24.650000,2305000
2021-06-21,24.709999,25.549999,24.115000,25.440001,25.440001,2823000
2021-06-22,25.500000,27.000000,25.280001,26.520000,26.520000,2835400
2021-06-23,26.379999,28.040001,26.129999,27.850000,27.850000,3499200
2021-06-24,28.350000,28.440001,27.270000,27.420000,27.420000,2548600
2021-06-25,27.900000,28.139999,27.240000,27.379999,27.379999,7828500
2021-06-28,27.389999,28.490000,27.350000,28.389999,28.389999,2010400
2021-06-29,28.650000,28.990000,27.030001,27.150000,27.150000,2948800
2021-06-30,27.250000,27.420000,26.610001,26.870001,26.870001,2208300
2021-07-01,27.010000,27.209999,26.000000,26.620001,26.620001,1819300
2021-07-02,26.490000,26.780001,25.836000,26.350000,26.350000,1382800
2021-07-06,26.379999,26.719999,25.639999,25.990000,25.990000,2148300
2021-07-07,26.020000,26.100000,23.510000,23.520000,23.520000,4209400
2021-07-08,22.719999,23.500000,22.309999,23.209999,23.209999,2256000
2021-07-09,23.450001,23.530001,22.820000,23.110001,23.110001,1565700
2021-07-12,23.309999,23.490000,22.420000,22.809999,22.809999,2062800
2021-07-13,22.450001,22.728001,21.959999,22.049999,22.049999,2201400
2021-07-14,22.440001,22.540001,20.950001,21.090000,21.090000,3043300
2021-07-15,20.950001,21.730000,20.110001,20.639999,20.639999,3346200
2021-07-16,20.760000,20.860001,20.030001,20.240000,20.240000,2103500
2021-07-19,19.709999,20.719999,19.469999,20.260000,20.260000,2832900
2021-07-20,20.240000,21.170000,19.750000,20.879999,20.879999,2237500
2021-07-21,21.500000,22.690001,21.440001,22.549999,22.549999,3090000
2021-07-22,22.420000,22.639999,21.680000,21.809999,21.809999,1885100
2021-07-23,21.900000,21.910000,20.900000,21.490000,21.490000,2022300
2021-07-26,21.379999,21.870001,20.860001,21.160000,21.160000,1595500
2021-07-27,21.059999,21.110001,20.010000,20.770000,20.770000,2207900
2021-07-28,21.110001,22.459999,20.680000,22.100000,22.100000,2301500
2021-07-29,22.440001,22.459999,21.511000,21.650000,21.650000,1567200
2021-07-30,21.330000,22.160000,21.280001,21.799999,21.799999,1718900
2021-08-02,22.000000,22.270000,21.309999,21.340000,21.340000,1494000
2021-08-03,21.379999,21.480000,20.820000,21.430000,21.430000,1717900
2021-08-04,21.500000,21.510000,20.430000,20.620001,20.620001,3212100
2021-08-05,19.959999,21.430000,19.570000,21.340000,21.340000,4209000
2021-08-06,21.840000,22.379999,21.520000,21.680000,21.680000,2755900
2021-08-09,21.549999,23.666000,21.549999,23.100000,23.100000,2324900
2021-08-10,23.770000,24.233000,22.889999,23.110001,23.110001,2757200
2021-08-11,23.129999,23.245001,21.480000,21.969999,21.969999,2222500
2021-08-12,22.020000,22.389999,21.410000,22.320000,22.320000,1859700
2021-08-13,22.240000,22.250000,21.090000,21.240000,21.240000,1523500
2021-08-16,20.940001,21.040001,20.225000,20.260000,20.260000,2310600
2021-08-17,20.080000,20.709999,19.750000,20.309999,20.309999,1976100
2021-08-18,20.400000,21.000000,19.910000,20.450001,20.450001,1863800
2021-08-19,20.010000,20.299999,19.362000,19.559999,19.559999,2035200
2021-08-20,19.500000,20.139999,19.450001,20.000000,20.000000,1592700
2021-08-23,20.090000,21.000000,20.080000,20.790001,20.790001,1771500
2021-08-24,21.000000,21.280001,20.580000,21.219999,21.219999,2000400
2021-08-25,21.280001,21.709999,20.820000,21.280001,21.280001,1429300
2021-08-26,21.110001,21.879999,20.950001,21.030001,21.030001,1079600
2021-08-27,21.040001,22.030001,20.879999,21.420000,21.420000,1601700
2021-08-30,21.520000,21.690001,20.959999,21.469999,21.469999,1512700