Date,Open,High,Low,Close,Adj Close,Volume
2021-01-04,81.639999,84.010002,76.620003,83.139999,83.139999,994500
2021-01-05,80.209999,86.599998,80.000000,84.070000,84.070000,703700
2021-01-06,81.849998,88.709999,79.209999,85.000000,85.000000,691400
2021-01-07,86.360001,98.870003,86.360001,98.629997,98.629997,981000
2021-01-08,98.500000,117.000000,98.075996,101.669998,101.669998,1768800
2021-01-11,101.769997,101.989998,90.459999,94.080002,94.080002,790700
2021-01-12,96.440002,97.879997,92.778000,97.059998,97.059998,588300
2021-01-13,97.099998,101.309998,96.739998,97.940002,97.940002,660600
2021-01-14,97.550003,111.419998,97.269997,111.320000,111.320000,926200
2021-01-15,114.440002,122.809998,105.849998,113.040001,113.040001,1203100
2021-01-19,117.449997,119.099998,105.599998,108.889999,108.889999,1449900
2021-01-20,109.989998,111.989998,100.294998,102.269997,102.269997,1094000
2021-01-21,101.309998,102.879997,91.000000,92.629997,92.629997,2226800
2021-01-22,96.000000,100.000000,92.680000,99.510002,99.510002,970900
2021-01-25,101.269997,105.360001,98.750000,102.500000,102.500000,789600
2021-01-26,102.360001,103.290001,89.000000,89.769997,89.769997,1400200
2021-01-27,90.000000,97.510002,78.300003,92.010002,92.010002,1764400
2021-01-28,92.779999,101.650002,92.663002,99.889999,99.889999,1218700
2021-01-29,95.239998,99.199997,93.019997,96.430000,96.430000,849700
2021-02-01,99.709999,100.010002,94.019997,98.349998,98.349998,713900
2021-02-02,100.000000,100.959999,96.379997,99.000000,99.000000,757300
2021-02-03,102.730003,109.379997,98.019997,99.500000,99.500000,1280300
2021-02-04,100.190002,105.000000,97.070000,104.320000,104.320000,659700
2021-02-05,105.769997,120.639999,100.620003,116.160004,116.160004,1470900
2021-02-08,118.500000,126.900002,116.330002,120.750000,120.750000,1187200
2021-02-09,120.290001,122.625000,114.110001,115.400002,115.400002,826300
2021-02-10,115.830002,118.120003,103.080002,108.559998,108.559998,811900
2021-02-11,113.250000,113.653000,103.169998,104.660004,104.660004,536000
2021-02-12,103.830002,105.417000,100.349998,105.000000,105.000000,544400
2021-02-16,107.599998,109.250000,101.930000,105.250000,105.250000,789900
2021-02-17,104.500000,106.959999,99.000000,106.449997,106.449997,1021200
2021-02-18,102.180000,105.010002,99.010002,103.300003,103.300003,1009200
2021-02-19,102.860001,113.949997,102.239998,106.910004,106.910004,1235600
2021-02-22,104.360001,119.230003,103.000000,110.410004,110.410004,1020600
2021-02-23,102.309998,103.320000,82.589996,96.480003,96.480003,2695400
2021-02-24,96.300003,101.849998,92.209999,97.029999,97.029999,1315700
2021-02-25,97.400002,99.449997,86.940002,88.519997,88.519997,1659400
2021-02-26,90.000000,92.980003,84.129997,89.129997,89.129997,1247700
2021-03-01,92.536003,97.330002,89.750000,95.580002,95.580002,662900
2021-03-02,95.580002,98.000000,92.250000,92.300003,92.300003,720900
2021-03-03,89.919998,92.000000,83.519997,83.760002,83.760002,1476900
2021-03-04,83.000000,85.629997,69.089996,73.489998,73.489998,2384600
2021-03-05,74.900002,75.489998,62.869999,72.599998,72.599998,2270600
2021-03-08,72.010002,79.300003,70.589996,71.279999,71.279999,1425000
2021-03-09,75.309998,86.750000,75.309998,84.019997,84.019997,1364900
2021-03-10,87.680000,90.389999,82.650002,84.320000,84.320000,1172400
2021-03-11,88.209999,95.620003,88.209999,94.660004,94.660004,1167100
2021-03-12,91.129997,98.650002,89.416000,98.419998,98.419998,936200
2021-03-15,98.260002,100.000000,93.379997,94.820000,94.820000,756600
2021-03-16,95.110001,97.489998,90.370003,94.129997,94.129997,747400
2021-03-17,90.160004,98.580002,87.660004,97.800003,97.800003,739200
2021-03-18,93.849998,95.589996,88.570000,88.860001,88.860001,1118900
2021-03-19,88.480003,94.489998,88.480003,92.889999,92.889999,1228300
2021-03-22,94.660004,97.139999,91.760002,94.760002,94.760002,688600
2021-03-23,93.029999,93.809998,87.519997,88.370003,88.370003,869900
2021-03-24,89.150002,90.780998,80.510002,80.849998,80.849998,857800
2021-03-25,79.000000,85.940002,78.110001,83.339996,83.339996,1065500
2021-03-26,84.167000,85.489998,77.675003,81.330002,81.330002,789600
2021-03-29,80.500000,81.462997,73.529999,74.589996,74.589996,1223000
2021-03-30,73.440002,76.150002,70.760002,75.760002,75.760002,1748600
2021-03-31,79.599998,82.669998,77.639999,80.040001,80.040001,1778100
2021-04-01,81.709999,86.739998,79.330002,79.739998,79.739998,832000
2021-04-05,81.410004,83.745003,78.879997,80.599998,80.599998,659300
2021-04-06,80.000000,82.110001,76.099998,76.839996,76.839996,936300
2021-04-07,76.349998,79.309998,73.589996,74.370003,74.370003,695200
2021-04-08,75.660004,78.269997,73.440002,74.820000,74.820000,679200
2021-04-09,73.459999,73.610001,68.599998,70.230003,70.230003,1144300
2021-04-12,70.279999,70.320000,66.269997,68.820000,68.820000,1401700
2021-04-13,69.260002,74.959999,69.191002,74.800003,74.800003,1097600
2021-04-14,72.480003,79.980003,72.480003,76.449997,76.449997,1060400
2021-04-15,79.279999,79.300003,72.779999,73.779999,73.779999,787600
2021-04-16,73.260002,74.339996,70.779999,72.690002,72.690002,588800
2021-04-19,70.699997,74.500000,69.790001,70.889999,70.889999,793700
2021-04-20,70.349998,73.315002,67.239998,71.059998,71.059998,781000
2021-04-21,68.000000,75.250000,67.400002,74.209999,74.209999,831800
2021-04-22,74.339996,75.010002,72.050003,74.510002,74.510002,1000100
2021-04-23,74.839996,77.070000,74.500000,76.769997,76.769997,696000
2021-04-26,77.000000,82.599998,76.800003,81.860001,81.860001,653300
2021-04-27,82.419998,83.750000,80.430000,81.559998,81.559998,558500
2021-04-28,80.500000,83.470001,79.000000,81.949997,81.949997,454300
2021-04-29,82.260002,82.790001,76.379997,78.099998,78.099998,503700
2021-04-30,80.250000,84.330002,79.440002,82.000000,82.000000,768700
2021-05-03,82.949997,83.160004,74.459999,75.190002,75.190002,808900
2021-05-04,73.699997,75.129997,70.300003,72.750000,72.750000,862100
2021-05-05,73.400002,77.309998,71.430000,73.099998,73.099998,622500
2021-05-06,72.330002,72.809998,66.209999,70.110001,70.110001,1182600
2021-05-07,72.480003,75.555000,70.099998,70.820000,70.820000,515300
2021-05-10,70.000000,70.010002,63.700001,64.120003,64.120003,1654400
2021-05-11,57.389000,71.019997,56.340000,66.199997,66.199997,2292500
2021-05-12,64.260002,71.180000,64.004997,66.879997,66.879997,1268900
2021-05-13,67.900002,72.099998,64.000000,66.139999,66.139999,981100
2021-05-14,66.793999,72.860001,66.010002,71.919998,71.919998,805100
2021-05-17,70.629997,72.860001,66.830002,69.150002,69.150002,642400
2021-05-18,69.629997,77.680000,68.150002,73.260002,73.260002,819200
2021-05-19,68.033997,72.529999,68.000000,70.559998,70.559998,717200
2021-05-20,72.680000,75.489998,71.230003,71.720001,71.720001,629100
2021-05-21,73.029999,75.870003,71.889999,72.620003,72.620003,526700
2021-05-24,73.339996,76.790001,72.250000,74.279999,74.279999,442800
2021-05-25,75.099998,78.199997,73.065002,75.599998,75.599998,683200
2021-05-26,75.870003,80.000000,73.510002,79.669998,79.669998,787900
2021-05-27,79.610001,79.989998,75.500000,79.889999,79.889999,929300
2021-05-28,80.000000,86.000000,77.930000,78.230003,78.230003,896300
2021-06-01,78.750000,80.269997,74.290001,77.739998,77.739998,565900
2021-06-02,75.199997,79.699997,74.800003,79.629997,79.629997,525000
2021-06-03,78.800003,81.250000,75.879997,79.779999,79.779999,681400
2021-06-04,80.500000,84.449997,80.500000,82.610001,82.610001,567300
2021-06-07,83.389999,86.510002,82.330002,85.389999,85.389999,704800
2021-06-08,86.900002,88.660004,80.720001,85.599998,85.599998,537900
2021-06-09,86.699997,87.970001,84.608002,85.800003,85.800003,460400
2021-06-10,84.949997,88.269997,84.080002,87.910004,87.910004,389200
2021-06-11,89.209999,91.150002,86.788002,88.760002,88.760002,397600
2021-06-14,89.459999,92.750000,88.613998,91.959999,91.959999,493300
2021-06-15,90.379997,92.480003,86.669998,88.459999,88.459999,418800
2021-06-16,86.190002,86.480003,79.510002,83.459999,83.459999,721100
2021-06-17,82.540001,86.234001,82.250000,85.000000,85.000000,601900
2021-06-18,84.209999,85.989998,82.620003,85.000000,85.000000,855800
2021-06-21,84.980003,88.214996,82.554001,85.919998,85.919998,614800
2021-06-22,85.160004,86.900002,83.519997,85.989998,85.989998,505300
2021-06-23,85.820000,87.620003,85.680000,86.110001,86.110001,720300
2021-06-24,87.000000,94.598000,86.419998,94.000000,94.000000,1198700
2021-06-25,94.470001,94.599998,92.180000,93.849998,93.849998,1384300
2021-06-28,110.497002,113.239998,103.720001,108.849998,108.849998,2802700
2021-06-29,109.529999,112.099998,106.033997,110.790001,110.790001,1636300
2021-06-30,110.779999,134.556000,108.660004,128.710007,128.710007,3895700
2021-07-01,129.460007,136.789993,123.435997,133.600006,133.600006,1569800
2021-07-02,132.880005,138.522003,128.675003,130.210007,130.210007,1136600
2021-07-06,129.380005,129.500000,112.699997,112.970001,112.970001,1460300
2021-07-07,112.989998,113.245003,97.570000,98.139999,98.139999,1738400
2021-07-08,95.459999,101.889999,92.639999,98.050003,98.050003,1237500
2021-07-09,100.639999,103.460999,93.190002,100.989998,100.989998,913900
2021-07-12,100.510002,102.790001,95.970001,98.389999,98.389999,417700
2021-07-13,98.160004,98.209999,90.320000,90.690002,90.690002,892800
2021-07-14,92.289001,92.289001,85.480003,85.720001,85.720001,754900
2021-07-15,85.099998,89.948997,82.614998,85.550003,85.550003,633100
2021-07-16,86.300003,91.070000,85.010002,88.010002,88.010002,540200
2021-07-19,85.209999,92.250000,84.680000,90.279999,90.279999,575500
2021-07-20,90.410004,95.099998,89.989998,94.870003,94.870003,645700
2021-07-21,95.400002,99.379997,93.500000,98.559998,98.559998,449800
2021-07-22,99.430000,101.224998,94.199997,95.169998,95.169998,423700
2021-07-23,94.739998,95.889999,90.250000,92.360001,92.360001,470400
2021-07-26,92.160004,93.769997,88.550003,89.459999,89.459999,448800
2021-07-27,89.459999,91.220001,82.370003,84.370003,84.370003,803800
2021-07-28,84.489998,89.000000,84.480003,88.610001,88.610001,442400
2021-07-29,89.629997,92.959999,88.110001,90.370003,90.370003,481100
2021-07-30,89.750000,93.879997,89.329002,92.000000,92.000000,475100
2021-08-02,92.860001,92.949997,89.620003,90.599998,90.599998,497400
2021-08-03,90.660004,92.500000,87.629997,92.309998,92.309998,467600
2021-08-04,93.000000,97.974998,91.024002,95.570000,95.570000,452100
2021-08-05,97.739998,111.029999,96.500000,110.660004,110.660004,1298300
2021-08-06,109.190002,109.989998,102.099998,108.389999,108.389999,981900
2021-08-09,109.220001,110.680000,102.339996,106.959999,106.959999,713800
2021-08-10,108.000000,108.039001,99.389999,104.279999,104.279999,739700
2021-08-11,106.120003,108.400002,101.400002,108.000000,108.000000,583400
2021-08-12,107.559998,111.610001,103.050003,105.680000,105.680000,499000
2021-08-13,105.889999,106.500000,100.209999,101.019997,101.019997,743300
2021-08-16,99.269997,103.419998,94.279999,101.940002,101.940002,823800
2021-08-17,100.239998,102.589996,97.010002,102.089996,102.089996,622900
2021-08-18,102.709999,104.949997,99.010002,101.500000,101.500000,311700
2021-08-19,99.699997,102.220001,95.809998,97.779999,97.779999,478800
2021-08-20,96.680000,102.650002,96.680000,101.949997,101.949997,440200
2021-08-23,105.000000,109.589996,103.989998,106.480003,106.480003,727000
2021-08-24,107.199997,108.315002,103.150002,107.349998,107.349998,432800
2021-08-25,107.559998,108.400002,102.000000,102.010002,102.010002,447000
2021-08-26,101.900002,105.000000,99.930000,101.580002,101.580002,434000
2021-08-27,102.430000,109.470001,101.000000,106.580002,106.580002,630100
2021-08-30,108.014999,108.830002,103.750000,106.889999,106.889999,641600