Date,Open,High,Low,Close,Adj Close,Volume
2021-01-04,40.680000,40.980000,39.490002,39.740002,39.740002,539200
2021-01-05,39.520000,40.880001,38.770000,40.590000,40.590000,329300
2021-01-06,41.000000,42.599998,40.919998,42.180000,42.180000,412600
2021-01-07,42.240002,43.459999,42.240002,43.270000,43.270000,291500
2021-01-08,43.150002,43.520000,41.529999,42.209999,42.209999,381700
2021-01-11,41.480000,43.250000,40.020000,43.009998,43.009998,288800
2021-01-12,43.230000,44.189999,42.320000,43.950001,43.950001,302500
2021-01-13,43.259998,44.330002,41.840000,42.919998,42.919998,345000
2021-01-14,42.889999,43.709999,41.669998,43.209999,43.209999,391600
2021-01-15,42.509998,42.889999,41.369999,42.509998,42.509998,326900
2021-01-19,42.810001,43.259998,42.560001,43.049999,43.049999,290000
2021-01-20,43.549999,44.310001,43.189999,43.369999,43.369999,345200
2021-01-21,43.400002,43.560001,42.740002,43.180000,43.180000,208500
2021-01-22,42.700001,42.990002,42.230000,42.599998,42.599998,433400
2021-01-25,42.380001,42.740002,40.959999,41.570000,41.570000,441200
2021-01-26,42.779999,43.000000,41.340000,41.490002,41.490002,470700
2021-01-27,40.520000,40.570000,38.790001,39.240002,39.240002,572000
2021-01-28,39.860001,41.029999,39.349998,40.549999,40.549999,448900
2021-01-29,40.509998,40.630001,39.139999,39.770000,39.770000,400100
2021-02-01,40.250000,40.910000,39.400002,40.669998,40.669998,387900
2021-02-02,41.470001,41.549999,40.270000,40.709999,40.709999,296500
2021-02-03,40.709999,41.099998,40.150002,40.820000,40.820000,212000
2021-02-04,40.820000,41.549999,40.630001,41.540001,41.540001,343800
2021-02-05,41.570000,42.470001,41.230000,42.259998,42.259998,339800
2021-02-08,43.000000,44.130001,42.259998,43.689999,43.689999,534400
2021-02-09,46.639999,48.480000,45.279999,45.959999,45.959999,951800
2021-02-10,46.430000,46.849998,44.740002,45.590000,45.590000,545900
2021-02-11,45.590000,46.799999,45.330002,46.630001,46.630001,368100
2021-02-12,46.340000,47.849998,46.230000,47.820000,47.820000,470100
2021-02-16,47.820000,47.820000,46.650002,46.970001,46.970001,403000
2021-02-17,46.970001,47.049999,45.869999,46.619999,46.619999,253700
2021-02-18,46.439999,46.779999,45.590000,46.560001,46.560001,307600
2021-02-19,46.720001,47.860001,46.720001,47.220001,47.220001,273000
2021-02-22,46.970001,47.750000,46.450001,47.090000,47.090000,255300
2021-02-23,46.680000,47.110001,45.270000,46.959999,46.959999,333400
2021-02-24,46.880001,49.000000,46.880001,48.990002,48.990002,438700
2021-02-25,48.930000,49.360001,46.770000,47.419998,47.419998,472700
2021-02-26,47.500000,48.770000,46.910000,47.830002,47.830002,562700
2021-03-01,49.020000,49.840000,48.029999,49.779999,49.779999,400600
2021-03-02,49.840000,49.840000,48.500000,49.320000,49.320000,378200
2021-03-03,48.980000,50.250000,48.980000,49.459999,49.459999,742300
2021-03-04,49.369999,49.730000,46.410000,47.509998,47.509998,421000
2021-03-05,48.470001,49.509998,46.630001,49.349998,49.349998,328600
2021-03-08,49.740002,51.099998,49.610001,50.689999,50.689999,531600
2021-03-09,51.410000,51.590000,50.549999,50.910000,50.910000,325800
2021-03-10,51.689999,53.270000,51.160000,53.000000,53.000000,356700
2021-03-11,53.040001,54.220001,52.509998,53.619999,53.619999,543900
2021-03-12,53.240002,54.400002,53.240002,54.310001,54.310001,383300
2021-03-15,54.189999,54.689999,53.130001,54.580002,54.580002,445900
2021-03-16,54.389999,55.139999,53.610001,54.060001,54.060001,404800
2021-03-17,53.599998,54.970001,52.419998,54.849998,54.849998,583800
2021-03-18,54.570000,55.639999,53.009998,53.090000,53.090000,443200
2021-03-19,52.509998,53.820000,51.430000,53.250000,53.250000,767700
2021-03-22,53.639999,54.029999,51.619999,52.709999,52.709999,198200
2021-03-23,52.110001,52.750000,49.090000,49.630001,49.630001,525200
2021-03-24,50.160000,51.400002,50.160000,50.389999,50.389999,502700
2021-03-25,49.939999,51.139999,48.709999,50.709999,50.709999,546600
2021-03-26,51.369999,52.330002,50.900002,52.029999,52.029999,467400
2021-03-29,51.700001,52.230000,49.849998,50.049999,50.049999,543300
2021-03-30,50.279999,52.220001,49.770000,51.680000,51.680000,541000
2021-03-31,51.849998,53.049999,51.779999,52.320000,52.320000,411800
2021-04-01,52.770000,53.639999,52.410000,53.610001,53.610001,284700
2021-04-05,53.900002,54.439999,53.490002,54.160000,54.160000,220100
2021-04-06,54.310001,55.400002,54.080002,54.270000,54.270000,200900
2021-04-07,54.020000,54.639999,53.189999,53.549999,53.549999,264800
2021-04-08,53.700001,54.049999,52.860001,53.980000,53.980000,362300
2021-04-09,54.099998,55.570000,53.950001,55.320000,55.320000,333100
2021-04-12,56.020000,56.310001,55.020000,56.230000,56.230000,408400
2021-04-13,55.910000,56.439999,54.959999,55.570000,55.570000,326700
2021-04-14,55.830002,56.990002,55.830002,55.889999,55.889999,339700
2021-04-15,55.400002,56.209999,54.799999,55.830002,55.830002,485700
2021-04-16,56.820000,57.430000,56.130001,56.779999,56.779999,319800
2021-04-19,56.599998,56.599998,55.150002,56.139999,56.139999,460200
2021-04-20,56.360001,56.360001,54.189999,55.049999,55.049999,649700
2021-04-21,54.500000,56.220001,54.290001,55.750000,55.750000,341600
2021-04-22,56.299999,56.299999,54.580002,54.650002,54.650002,368500
2021-04-23,54.770000,56.759998,54.639999,56.360001,56.360001,337500
2021-04-26,56.689999,56.950001,55.750000,56.270000,56.270000,340100
2021-04-27,56.080002,57.320000,56.009998,56.790001,56.790001,257000
2021-04-28,57.029999,57.070000,55.770000,56.009998,56.009998,191100
2021-04-29,56.630001,56.900002,56.070000,56.650002,56.650002,261300
2021-04-30,56.650002,57.669998,56.250000,56.330002,56.330002,466900
2021-05-03,57.049999,57.779999,56.910000,57.240002,57.240002,361200
2021-05-04,56.709999,57.630001,55.959999,57.310001,57.310001,256700
2021-05-05,57.660000,57.759998,56.259998,57.169998,57.169998,270300
2021-05-06,58.400002,59.090000,57.049999,59.009998,59.009998,584700
2021-05-07,57.740002,60.869999,56.349998,60.250000,60.250000,645900
2021-05-10,60.220001,60.930000,59.299999,59.470001,59.470001,625700
2021-05-11,58.299999,59.189999,57.779999,58.970001,58.970001,381300
2021-05-12,58.310001,59.410000,56.180000,56.650002,56.650002,580300
2021-05-13,56.889999,58.720001,56.889999,57.540001,57.540001,360900
2021-05-14,58.270000,58.470001,57.660000,58.459999,58.459999,308300
2021-05-17,58.410000,58.439999,56.849998,58.410000,58.410000,292800
2021-05-18,59.320000,59.470001,56.770000,57.099998,57.099998,328000
2021-05-19,56.060001,56.730000,55.070000,55.939999,55.939999,480400
2021-05-20,55.810001,56.360001,55.160000,56.180000,56.180000,352100
2021-05-21,56.720001,57.419998,56.230000,56.490002,56.490002,251400
2021-05-24,56.630001,56.990002,55.860001,56.590000,56.590000,150900
2021-05-25,56.730000,57.320000,55.840000,55.840000,55.840000,207600
2021-05-26,55.959999,56.910000,55.490002,56.639999,56.639999,182000
2021-05-27,57.380001,57.490002,56.410000,56.410000,56.410000,228400
2021-05-28,56.650002,57.070000,55.689999,56.639999,56.639999,182400
2021-06-01,57.340000,57.910000,57.000000,57.500000,57.500000,253500
2021-06-02,57.820000,57.849998,56.380001,56.630001,56.630001,389900
2021-06-03,56.529999,57.189999,55.650002,56.730000,56.730000,299500
2021-06-04,56.990002,57.279999,56.099998,56.980000,56.980000,236700
2021-06-07,57.000000,57.230000,56.310001,56.560001,56.560001,241700
2021-06-08,56.639999,57.540001,56.110001,57.310001,57.310001,329100
2021-06-09,57.330002,57.500000,55.439999,55.650002,55.650002,349100
2021-06-10,55.779999,56.380001,54.950001,55.139999,55.139999,363300
2021-06-11,55.480000,55.939999,54.660000,54.990002,54.990002,253100
2021-06-14,54.750000,55.650002,53.200001,53.860001,53.860001,391500
2021-06-15,54.119999,55.500000,53.540001,55.160000,55.160000,260600
2021-06-16,54.959999,54.959999,53.939999,54.520000,54.520000,212100
2021-06-17,54.610001,54.610001,51.840000,52.939999,52.939999,258800
2021-06-18,51.849998,52.669998,51.430000,51.950001,51.950001,490900
2021-06-21,52.520000,53.880001,52.310001,53.439999,53.439999,216600
2021-06-22,53.630001,53.750000,52.560001,53.320000,53.320000,233200
2021-06-23,53.560001,53.990002,53.000000,53.169998,53.169998,199500
2021-06-24,55.009998,55.009998,52.880001,54.270000,54.270000,294200
2021-06-25,54.549999,55.360001,54.380001,54.549999,54.549999,2072700
2021-06-28,54.599998,54.740002,53.400002,53.759998,53.759998,223000
2021-06-29,53.849998,54.599998,53.209999,53.230000,53.230000,150300
2021-06-30,53.009998,53.660000,52.509998,53.250000,53.250000,249900
2021-07-01,53.840000,54.840000,53.540001,54.320000,54.320000,241600
2021-07-02,54.700001,54.700001,53.040001,53.660000,53.660000,198000
2021-07-06,53.500000,53.630001,51.910000,52.869999,52.869999,192300
2021-07-07,52.590000,53.830002,52.500000,53.400002,53.400002,187000
2021-07-08,52.160000,53.410000,51.049999,52.169998,52.169998,332700
2021-07-09,52.939999,54.310001,52.810001,54.230000,54.230000,290200
2021-07-12,53.889999,55.009998,53.450001,54.860001,54.860001,278800
2021-07-13,54.660000,55.020000,53.009998,53.070000,53.070000,250200
2021-07-14,53.599998,54.680000,53.259998,53.340000,53.340000,222200
2021-07-15,53.040001,53.689999,52.869999,53.290001,53.290001,132900
2021-07-16,53.630001,53.840000,51.849998,51.950001,51.950001,238300
2021-07-19,50.610001,51.250000,49.650002,50.480000,50.480000,249400
2021-07-20,50.540001,53.180000,50.209999,52.700001,52.700001,339100
2021-07-21,53.200001,54.230000,53.180000,53.490002,53.490002,199500
2021-07-22,53.279999,53.439999,52.099998,52.400002,52.400002,190600
2021-07-23,52.750000,53.660000,52.389999,53.450001,53.450001,148200
2021-07-26,53.840000,54.029999,53.180000,53.380001,53.380001,237300
2021-07-27,53.029999,53.410000,52.410000,52.939999,52.939999,152300
2021-07-28,53.209999,53.610001,51.790001,52.889999,52.889999,167800
2021-07-29,53.580002,54.389999,53.349998,54.099998,54.099998,243900
2021-07-30,54.070000,54.630001,53.090000,53.480000,53.480000,241100
2021-08-02,54.680000,55.389999,53.250000,53.369999,53.369999,581400
2021-08-03,53.500000,54.430000,52.540001,54.250000,54.250000,331100
2021-08-04,53.970001,54.320000,53.240002,53.270000,53.270000,196900
2021-08-05,53.380001,55.599998,53.310001,54.349998,54.349998,359200
2021-08-06,53.740002,55.080002,52.450001,54.580002,54.580002,748900
2021-08-09,54.270000,54.500000,52.709999,53.400002,53.400002,405500
2021-08-10,52.830002,52.950001,50.730000,52.650002,52.650002,779900
2021-08-11,52.790001,52.959999,52.080002,52.959999,52.959999,419700
2021-08-12,52.599998,53.439999,51.540001,51.770000,51.770000,405800
2021-08-13,51.619999,51.980000,49.830002,50.290001,50.290001,399400
2021-08-16,50.259998,51.020000,49.480000,50.080002,50.080002,450900
2021-08-17,49.509998,49.869999,48.730000,48.990002,48.990002,389100
2021-08-18,48.740002,50.009998,48.209999,48.619999,48.619999,343400
2021-08-19,47.549999,48.700001,47.520000,47.730000,47.730000,265200
2021-08-20,47.919998,49.400002,47.810001,49.369999,49.369999,436400
2021-08-23,49.439999,50.160000,48.689999,49.950001,49.950001,456400
2021-08-24,50.259998,51.000000,50.080002,50.500000,50.500000,214800
2021-08-25,50.840000,52.230000,50.840000,52.099998,52.099998,284500
2021-08-26,53.450001,53.450001,51.630001,51.990002,51.990002,313800
2021-08-27,49.889999,54.150002,49.889999,53.849998,53.849998,418200
2021-08-30,54.599998,54.599998,52.570000,52.660000,52.660000,381000