Date,Open,High,Low,Close,Adj Close,Volume
2021-01-04,85.699997,86.720001,80.320000,81.910004,81.910004,592600
2021-01-05,82.230003,82.410004,80.790001,81.690002,81.690002,397000
2021-01-06,81.320000,85.035004,80.769997,83.379997,83.379997,440500
2021-01-07,83.489998,87.820000,83.430000,86.269997,86.269997,413400
2021-01-08,86.500000,89.959999,85.294998,85.720001,85.720001,482800
2021-01-11,85.500000,86.820000,84.019997,86.309998,86.309998,432900
2021-01-12,86.919998,90.595001,86.919998,90.220001,90.220001,576500
2021-01-13,90.260002,92.400002,89.639999,90.400002,90.400002,383500
2021-01-14,90.459999,92.220001,89.470001,91.750000,91.750000,383000
2021-01-15,91.239998,92.389999,84.470001,84.910004,84.910004,580500
2021-01-19,76.349998,85.980003,75.000000,77.830002,77.830002,2341800
2021-01-20,77.800003,78.279999,75.220001,76.040001,76.040001,1044300
2021-01-21,77.339996,80.000000,75.860001,77.839996,77.839996,661700
2021-01-22,76.459999,81.370003,75.997002,79.669998,79.669998,609300
2021-01-25,84.360001,87.930000,83.000000,86.459999,86.459999,1395600
2021-01-26,87.000000,88.949997,84.480003,88.779999,88.779999,832500
2021-01-27,86.570000,93.539001,85.038002,87.489998,87.489998,944100
2021-01-28,88.110001,88.970001,84.919998,86.430000,86.430000,484000
2021-01-29,86.769997,88.029999,83.110001,85.220001,85.220001,611200
2021-02-01,86.360001,86.730003,83.019997,84.430000,84.430000,570200
2021-02-02,85.169998,86.959999,83.769997,85.029999,85.029999,403000
2021-02-03,85.589996,86.722000,84.099998,84.839996,84.839996,308200
2021-02-04,85.180000,87.830002,84.559998,85.370003,85.370003,330400
2021-02-05,86.370003,87.260002,85.230003,87.129997,87.129997,424000
2021-02-08,87.889999,88.889999,86.800003,88.739998,88.739998,646400
2021-02-09,88.750000,89.779999,87.099998,87.809998,87.809998,374800
2021-02-10,87.870003,89.010002,84.680000,86.570000,86.570000,372100
2021-02-11,87.059998,87.779999,85.150002,85.419998,85.419998,302100
2021-02-12,85.300003,85.629997,83.349998,83.860001,83.860001,398200
2021-02-16,84.250000,84.500000,82.294998,82.720001,82.720001,622100
2021-02-17,82.209999,82.730003,80.160004,81.199997,81.199997,379700
2021-02-18,81.150002,82.919998,79.250000,82.129997,82.129997,339500
2021-02-19,82.540001,84.129997,82.410004,82.889999,82.889999,388800
2021-02-22,85.000000,85.000000,78.059998,78.620003,78.620003,621800
2021-02-23,77.540001,82.610001,76.639999,80.900002,80.900002,643200
2021-02-24,80.610001,86.370003,79.620003,85.750000,85.750000,650600
2021-02-25,85.750000,88.279999,81.739998,83.150002,83.150002,435100
2021-02-26,83.599998,86.334999,81.860001,84.980003,84.980003,546600
2021-03-01,85.379997,88.089996,83.419998,86.379997,86.379997,432900
2021-03-02,85.099998,86.510002,81.290001,82.669998,82.669998,488600
2021-03-03,82.769997,82.849998,77.500000,79.250000,79.250000,579600
2021-03-04,80.589996,81.089996,75.860001,77.870003,77.870003,871000
2021-03-05,78.620003,84.330002,77.000000,84.029999,84.029999,933300
2021-03-08,83.230003,83.875000,78.949997,79.239998,79.239998,865900
2021-03-09,81.040001,82.172997,79.910004,80.639999,80.639999,357000
2021-03-10,81.879997,82.660004,75.720001,75.940002,75.940002,659800
2021-03-11,77.750000,81.000000,77.110001,79.830002,79.830002,684400
2021-03-12,79.629997,81.849998,77.379997,81.540001,81.540001,429000
2021-03-15,80.519997,83.489998,80.220001,81.510002,81.510002,338200
2021-03-16,77.639999,80.500000,74.110001,75.830002,75.830002,2154700
2021-03-17,75.010002,77.879997,74.559998,77.190002,77.190002,759100
2021-03-18,76.910004,76.910004,70.529999,71.349998,71.349998,904600
2021-03-19,71.690002,72.959999,68.839996,70.470001,70.470001,1504900
2021-03-22,70.309998,73.400002,70.000000,72.209999,72.209999,887600
2021-03-23,72.820000,74.589996,69.900002,70.040001,70.040001,894100
2021-03-24,70.949997,70.949997,65.110001,65.790001,65.790001,1365000
2021-03-25,65.000000,67.970001,64.500000,67.379997,67.379997,765400
2021-03-26,68.000000,68.669998,64.500000,66.550003,66.550003,577600
2021-03-29,65.540001,66.080002,63.259998,64.070000,64.070000,599200
2021-03-30,64.620003,66.720001,62.570000,65.489998,65.489998,504800
2021-03-31,65.519997,68.879997,65.519997,68.349998,68.349998,472500
2021-04-01,68.949997,69.730003,67.320000,68.260002,68.260002,439300
2021-04-05,69.389999,69.959999,65.709999,66.279999,66.279999,443200
2021-04-06,65.959999,68.839996,65.529999,65.779999,65.779999,727500
2021-04-07,70.379997,74.610001,70.160004,71.349998,71.349998,1362300
2021-04-08,72.099998,72.720001,69.970001,70.919998,70.919998,685700
2021-04-09,70.220001,70.500000,68.769997,69.389999,69.389999,439800
2021-04-12,69.470001,71.190002,67.827003,70.769997,70.769997,623900
2021-04-13,70.769997,73.120003,70.080002,72.779999,72.779999,663000
2021-04-14,73.629997,76.910004,73.010002,74.800003,74.800003,506700
2021-04-15,75.120003,76.834999,74.870003,75.830002,75.830002,459500
2021-04-16,76.279999,76.839996,73.959999,74.400002,74.400002,321000
2021-04-19,73.320000,74.139999,71.989998,72.330002,72.330002,484600
2021-04-20,72.589996,74.690002,71.510002,73.650002,73.650002,536400
2021-04-21,73.080002,75.199997,72.529999,75.080002,75.080002,285100
2021-04-22,74.779999,76.290001,74.160004,75.209999,75.209999,441400
2021-04-23,75.680000,76.320000,73.860001,74.830002,74.830002,338200
2021-04-26,74.629997,76.220001,73.599998,75.330002,75.330002,508900
2021-04-27,76.000000,76.279999,74.519997,74.910004,74.910004,229900
2021-04-28,74.089996,75.500000,72.749001,75.010002,75.010002,192500
2021-04-29,75.940002,76.544998,74.334999,76.139999,76.139999,310600
2021-04-30,75.230003,77.000000,74.730003,75.099998,75.099998,399400
2021-05-03,75.449997,77.000000,74.930000,75.510002,75.510002,433500
2021-05-04,74.690002,75.459999,70.669998,71.110001,71.110001,562600
2021-05-05,71.459999,73.750000,71.000000,71.940002,71.940002,379500
2021-05-06,71.410004,72.059998,69.180000,70.790001,70.790001,329400
2021-05-07,71.919998,73.629997,69.565002,71.440002,71.440002,728100
2021-05-10,69.800003,74.150002,69.290001,69.339996,69.339996,791800
2021-05-11,66.610001,71.129997,66.000000,70.470001,70.470001,722700
2021-05-12,70.870003,72.599998,68.220001,68.269997,68.269997,344700
2021-05-13,68.830002,69.459999,65.239998,66.050003,66.050003,471900
2021-05-14,66.559998,69.889999,65.680000,69.849998,69.849998,426800
2021-05-17,69.620003,70.750000,68.070000,70.269997,70.269997,275500
2021-05-18,70.620003,73.764999,70.489998,71.360001,71.360001,453900
2021-05-19,70.349998,73.095001,69.510002,72.489998,72.489998,634400
2021-05-20,72.489998,75.730003,72.099998,75.599998,75.599998,431400
2021-05-21,75.750000,79.830002,75.379997,79.150002,79.150002,1004000
2021-05-24,80.000000,80.973999,76.834999,78.169998,78.169998,778100
2021-05-25,78.209999,79.584999,77.629997,79.550003,79.550003,466500
2021-05-26,80.000000,81.279999,79.309998,80.930000,80.930000,696900
2021-05-27,80.919998,82.989998,80.139999,82.540001,82.540001,534400
2021-05-28,84.489998,87.820000,84.000000,87.000000,87.000000,920300
2021-06-01,87.820000,88.629997,84.180000,84.769997,84.769997,871100
2021-06-02,84.959999,89.949997,84.959999,89.930000,89.930000,710900
2021-06-03,89.730003,91.440002,86.900002,89.540001,89.540001,372300
2021-06-04,90.000000,90.190002,88.410004,90.029999,90.029999,302400
2021-06-07,90.750000,93.794998,90.750000,92.570000,92.570000,725400
2021-06-08,93.620003,95.889999,92.550003,95.360001,95.360001,530200
2021-06-09,98.199997,98.910004,94.500000,97.660004,97.660004,873000
2021-06-10,97.580002,103.830002,97.559998,103.459999,103.459999,822400
2021-06-11,102.889999,106.565002,102.703003,105.019997,105.019997,786300
2021-06-14,104.790001,106.500000,100.169998,100.400002,100.400002,1075100
2021-06-15,100.029999,100.760002,92.440002,93.209999,93.209999,1185600
2021-06-16,93.440002,94.709999,90.900002,92.980003,92.980003,1473200
2021-06-17,92.879997,95.095001,92.565002,94.269997,94.269997,674800
2021-06-18,94.500000,97.190002,93.489998,94.989998,94.989998,2998900
2021-06-21,95.169998,98.629997,93.209999,97.000000,97.000000,943200
2021-06-22,96.419998,99.089996,95.379997,97.199997,97.199997,951700
2021-06-23,97.480003,99.309998,96.514999,97.720001,97.720001,541700
2021-06-24,98.529999,99.400002,97.099998,97.269997,97.269997,544700
2021-06-25,97.445000,100.110001,97.160004,98.360001,98.360001,1760200
2021-06-28,98.779999,99.529999,94.930000,96.489998,96.489998,350400
2021-06-29,95.970001,98.239998,95.375000,97.800003,97.800003,539200
2021-06-30,97.370003,100.150002,96.699997,97.080002,97.080002,548800
2021-07-01,97.260002,100.245003,96.540001,99.699997,99.699997,329500
2021-07-02,99.379997,100.750000,99.050003,99.779999,99.779999,386900
2021-07-06,99.949997,100.385002,98.199997,98.849998,98.849998,321400
2021-07-07,114.750000,117.330002,104.120003,112.250000,112.250000,3416500
2021-07-08,111.300003,119.139999,109.919998,114.769997,114.769997,1218100
2021-07-09,114.519997,119.269997,114.000000,117.529999,117.529999,677000
2021-07-12,119.040001,119.040001,115.137001,117.910004,117.910004,429600
2021-07-13,117.160004,123.410004,117.160004,121.050003,121.050003,984400
2021-07-14,120.550003,123.410004,119.059998,120.489998,120.489998,503000
2021-07-15,120.769997,121.559998,117.570000,120.360001,120.360001,589400
2021-07-16,122.250000,126.650002,121.000000,125.830002,125.830002,581600
2021-07-19,125.180000,125.379997,119.260002,122.870003,122.870003,560800
2021-07-20,123.620003,127.800003,122.029999,127.099998,127.099998,614500
2021-07-21,127.989998,128.369995,125.110001,125.309998,125.309998,476200
2021-07-22,125.110001,126.849998,122.459999,122.919998,122.919998,377300
2021-07-23,125.010002,127.169998,121.800003,126.510002,126.510002,438500
2021-07-26,126.150002,126.889999,121.750000,122.339996,122.339996,373700
2021-07-27,122.709999,123.910004,119.019997,123.559998,123.559998,366000
2021-07-28,123.260002,127.839996,122.484001,127.360001,127.360001,354700
2021-07-29,128.289993,129.669998,125.720001,126.139999,126.139999,363200
2021-07-30,125.650002,132.910004,124.580002,126.010002,126.010002,922700
2021-08-02,126.010002,126.500000,118.499001,118.830002,118.830002,995900
2021-08-03,121.129997,122.000000,116.870003,118.779999,118.779999,547700
2021-08-04,118.339996,125.400002,118.339996,123.360001,123.360001,542500
2021-08-05,122.089996,126.800003,122.089996,126.620003,126.620003,342400
2021-08-06,126.029999,127.160004,123.546997,124.540001,124.540001,542700
2021-08-09,123.690002,124.014999,114.480003,117.769997,117.769997,676100
2021-08-10,113.680000,114.730003,109.269997,109.699997,109.699997,809100
2021-08-11,109.709999,111.504997,107.650002,111.080002,111.080002,530400
2021-08-12,111.279999,113.730003,110.074997,112.949997,112.949997,369600
2021-08-13,112.500000,118.879997,112.500000,116.589996,116.589996,731000
2021-08-16,116.000000,116.419998,113.000000,115.239998,115.239998,332700
2021-08-17,114.500000,119.860001,113.150002,119.209999,119.209999,454400
2021-08-18,118.970001,119.410004,116.000000,116.250000,116.250000,389300
2021-08-19,115.750000,119.375000,114.930000,118.110001,118.110001,334300
2021-08-20,118.470001,124.989998,117.980003,122.839996,122.839996,520600
2021-08-23,124.559998,126.910004,122.940002,126.080002,126.080002,322300
2021-08-24,126.300003,126.449997,123.765999,125.449997,125.449997,305000
2021-08-25,124.370003,128.259995,123.769997,128.169998,128.169998,220000
2021-08-26,128.960007,132.149994,124.900002,125.430000,125.430000,399300
2021-08-27,125.660004,132.389999,125.660004,130.179993,130.179993,408500
2021-08-30,129.949997,131.820007,128.414001,131.740005,131.740005,337900