Date,Open,High,Low,Close,Adj Close,Volume
2021-01-04,37.369999,38.169998,37.040001,37.340000,37.340000,1928700
2021-01-05,37.250000,38.099998,37.180000,37.240002,37.240002,2133700
2021-01-06,37.180000,38.779999,37.150002,38.189999,38.189999,1892500
2021-01-07,38.150002,39.270000,37.740002,38.849998,38.849998,2268800
2021-01-08,38.990002,39.174999,37.770000,38.220001,38.220001,1748000
2021-01-11,38.070000,38.900002,38.070000,38.209999,38.209999,1229800
2021-01-12,38.450001,39.049999,37.930000,38.130001,38.130001,1900800
2021-01-13,38.099998,38.349998,37.610001,38.220001,38.220001,1515600
2021-01-14,38.549999,40.320000,38.500000,40.310001,40.310001,2513700
2021-01-15,40.180000,42.631001,39.410000,39.919998,39.919998,5699800
2021-01-19,40.000000,40.830002,38.779999,40.459999,40.459999,2565400
2021-01-20,41.000000,41.669998,40.529999,41.660000,41.660000,2508300
2021-01-21,41.549999,42.770000,41.220001,41.959999,41.959999,2421000
2021-01-22,41.959999,42.389999,41.320000,42.250000,42.250000,1559000
2021-01-25,42.500000,45.430000,42.400002,43.490002,43.490002,3764500
2021-01-26,43.279999,45.759998,43.099998,45.669998,45.669998,2362800
2021-01-27,45.509998,50.180000,45.250000,48.810001,48.810001,9053200
2021-01-28,47.529999,49.709999,43.520000,43.650002,43.650002,5377400
2021-01-29,44.340000,45.500000,42.055000,42.070000,42.070000,3924200
2021-02-01,42.349998,42.895000,40.299999,42.480000,42.480000,2803000
2021-02-02,42.369999,42.980000,40.919998,42.770000,42.770000,2327400
2021-02-03,42.959999,43.150002,41.830002,42.680000,42.680000,1434100
2021-02-04,42.580002,42.790001,41.889999,42.049999,42.049999,1407600
2021-02-05,42.150002,42.428001,41.650002,41.889999,41.889999,1300800
2021-02-08,41.810001,43.520000,41.619999,43.389999,43.389999,1606500
2021-02-09,43.330002,44.349998,43.330002,43.720001,43.720001,865800
2021-02-10,43.790001,44.077000,42.759998,43.689999,43.689999,1032500
2021-02-11,43.700001,44.200001,42.810001,42.860001,42.860001,1202800
2021-02-12,42.930000,43.380001,42.540001,43.000000,43.000000,783400
2021-02-16,43.220001,43.709999,42.904999,43.459999,43.459999,842100
2021-02-17,43.500000,43.959999,42.660000,43.810001,43.810001,1008800
2021-02-18,43.470001,45.000000,43.200001,44.770000,44.770000,1572100
2021-02-19,44.540001,45.240002,44.110001,44.660000,44.660000,2155600
2021-02-22,44.869999,44.980000,42.389999,43.130001,43.130001,1939500
2021-02-23,42.590000,42.669998,40.889999,41.840000,41.840000,2030300
2021-02-24,42.110001,42.595001,41.349998,42.529999,42.529999,1654500
2021-02-25,42.060001,42.790001,40.860001,40.910000,40.910000,1625900
2021-02-26,41.070000,41.950001,40.119999,40.180000,40.180000,1998700
2021-03-01,40.720001,40.959999,39.689999,39.799999,39.799999,2471500
2021-03-02,39.689999,40.270000,38.470001,38.830002,38.830002,2786800
2021-03-03,38.790001,39.029999,37.919998,38.599998,38.599998,3816400
2021-03-04,37.820000,38.930000,37.150002,38.180000,38.180000,4853200
2021-03-05,37.779999,39.250000,37.570000,39.099998,39.099998,3211200
2021-03-08,39.169998,41.889999,39.169998,40.639999,40.639999,3827400
2021-03-09,41.270000,42.880001,40.959999,42.380001,42.380001,2565700
2021-03-10,42.869999,44.279999,42.099998,43.540001,43.540001,2393200
2021-03-11,43.910000,43.910000,42.090000,42.160000,42.160000,3748500
2021-03-12,41.950001,42.730000,40.980000,42.320000,42.320000,2257500
2021-03-15,42.450001,43.119999,41.860001,43.000000,43.000000,1589300
2021-03-16,42.790001,43.480000,42.029999,42.049999,42.049999,1418700
2021-03-17,41.849998,42.240002,41.080002,42.220001,42.220001,1744600
2021-03-18,41.939999,42.189999,40.349998,40.480000,40.480000,1615500
2021-03-19,40.590000,42.220001,40.549999,42.029999,42.029999,3139500
2021-03-22,41.570000,44.389999,41.570000,44.049999,44.049999,1972200
2021-03-23,43.669998,45.110001,43.610001,43.889999,43.889999,2271900
2021-03-24,44.209999,44.509998,42.509998,43.009998,43.009998,1752500
2021-03-25,42.779999,43.590000,42.330002,43.320000,43.320000,1806600
2021-03-26,43.669998,45.700001,43.330002,45.689999,45.689999,1562200
2021-03-29,45.480000,45.779999,44.900002,45.230000,45.230000,1591100
2021-03-30,45.090000,45.570000,44.660000,44.880001,44.880001,1176900
2021-03-31,45.000000,45.900002,44.659000,44.860001,44.860001,1621400
2021-04-01,44.919998,45.000000,43.799999,44.450001,44.450001,2205000
2021-04-05,44.720001,46.830002,44.470001,46.740002,46.740002,2040900
2021-04-06,46.380001,46.650002,45.049999,45.480000,45.480000,1937000
2021-04-07,45.599998,46.060001,45.119999,46.020000,46.020000,1411600
2021-04-08,46.220001,46.330002,44.479000,44.799999,44.799999,1264400
2021-04-09,44.480000,44.700001,43.325001,44.349998,44.349998,1371300
2021-04-12,44.570000,45.009998,44.049999,44.779999,44.779999,1149000
2021-04-13,45.049999,45.610001,44.200001,44.389999,44.389999,1009300
2021-04-14,44.720001,44.740002,44.099998,44.470001,44.470001,1144700
2021-04-15,44.630001,45.099998,44.130001,44.700001,44.700001,1023400
2021-04-16,45.070000,45.939999,44.869999,45.200001,45.200001,1222100
2021-04-19,44.980000,45.099998,44.349998,44.430000,44.430000,915900
2021-04-20,44.580002,44.950001,43.860001,44.040001,44.040001,1054200
2021-04-21,44.040001,44.549999,43.799999,43.970001,43.970001,1330900
2021-04-22,44.000000,44.049999,43.160000,43.320000,43.320000,1281100
2021-04-23,43.310001,44.185001,43.080002,43.980000,43.980000,1319400
2021-04-26,43.860001,43.910000,42.619999,43.279999,43.279999,879500
2021-04-27,43.200001,43.730000,42.919998,43.189999,43.189999,819200
2021-04-28,43.080002,44.520000,42.869999,44.320000,44.320000,983700
2021-04-29,44.689999,45.049999,44.259998,44.689999,44.689999,1140200
2021-04-30,44.490002,45.029999,44.439999,44.669998,44.669998,956200
2021-05-03,44.820000,45.779999,44.525002,45.509998,45.509998,1222300
2021-05-04,45.459999,45.459999,44.660000,44.830002,44.830002,1183800
2021-05-05,45.169998,45.709999,44.880001,45.639999,45.639999,684100
2021-05-06,45.740002,47.129002,45.360001,46.689999,46.689999,1643900
2021-05-07,46.590000,46.590000,45.270000,45.860001,45.860001,1361800
2021-05-10,45.950001,47.040001,45.549999,46.599998,46.599998,1186300
2021-05-11,46.290001,46.709999,45.480000,46.500000,46.500000,1018300
2021-05-12,46.130001,46.480000,43.080002,43.490002,43.490002,2345900
2021-05-13,45.630001,46.880001,45.150002,45.990002,45.990002,2208700
2021-05-14,46.139999,47.396999,46.139999,47.250000,47.250000,1813300
2021-05-17,47.770000,49.439999,47.189999,47.720001,47.720001,3290200
2021-05-18,47.980000,49.279999,47.959999,48.770000,48.770000,2159500
2021-05-19,48.259998,49.389999,47.959999,48.580002,48.580002,3209800
2021-05-20,43.480000,47.185001,43.250000,46.160000,46.160000,8367500
2021-05-21,46.259998,46.389999,44.230000,45.669998,45.669998,3507600
2021-05-24,45.540001,45.700001,44.500000,44.540001,44.540001,1527700
2021-05-25,44.500000,44.759998,43.950001,44.180000,44.180000,1747500
2021-05-26,44.000000,45.220001,43.810001,44.740002,44.740002,1198200
2021-05-27,44.799999,45.060001,44.250000,44.400002,44.400002,1087000
2021-05-28,44.410000,45.400002,44.165001,44.790001,44.790001,1107500
2021-06-01,45.049999,45.779999,44.689999,45.750000,45.750000,1186100
2021-06-02,45.980000,46.700001,45.599998,46.700001,46.700001,1162400
2021-06-03,46.610001,47.480000,46.299999,46.880001,46.880001,1145300
2021-06-04,46.990002,47.000000,46.139999,46.750000,46.750000,797000
2021-06-07,46.880001,47.500000,46.720001,47.160000,47.160000,1058700
2021-06-08,47.180000,47.779999,46.931999,47.680000,47.680000,695100
2021-06-09,47.599998,47.680000,47.169998,47.230000,47.230000,762900
2021-06-10,47.490002,47.855000,47.250000,47.380001,47.380001,815100
2021-06-11,47.369999,47.790001,47.220001,47.669998,47.669998,695100
2021-06-14,47.730000,48.299999,47.549999,48.259998,48.259998,735900
2021-06-15,48.180000,48.299999,47.259998,47.349998,47.349998,738000
2021-06-16,47.099998,47.330002,46.369999,46.580002,46.580002,873500
2021-06-17,46.349998,47.020000,46.203999,46.820000,46.820000,873100
2021-06-18,46.509998,46.660000,45.240002,45.529999,45.529999,1486500
2021-06-21,45.930000,46.490002,45.540001,46.040001,46.040001,996000
2021-06-22,45.810001,46.599998,45.689999,46.330002,46.330002,940100
2021-06-23,46.270000,46.500000,45.669998,45.799999,45.799999,815900
2021-06-24,46.070000,46.830002,45.599998,46.639999,46.639999,939100
2021-06-25,46.880001,47.535000,46.820000,47.160000,47.160000,2931300
2021-06-28,47.160000,47.270000,46.349998,46.869999,46.869999,871200
2021-06-29,46.900002,47.570000,46.779999,47.369999,47.369999,738600
2021-06-30,47.520000,48.169998,47.240002,47.580002,47.580002,860300
2021-07-01,47.290001,47.674999,46.799999,46.860001,46.860001,725900
2021-07-02,46.919998,47.560001,46.919998,47.189999,47.189999,661800
2021-07-06,46.919998,47.330002,45.849998,46.080002,46.080002,1039900
2021-07-07,46.020000,47.340000,45.950001,47.150002,47.150002,821600
2021-07-08,46.709999,48.000000,46.660000,47.650002,47.650002,865900
2021-07-09,47.970001,48.810001,47.778000,48.549999,48.549999,718500
2021-07-12,48.349998,48.529999,47.737000,48.189999,48.189999,442400
2021-07-13,47.930000,48.435001,47.560001,47.820000,47.820000,524700
2021-07-14,47.889999,48.340000,47.560001,47.689999,47.689999,657300
2021-07-15,47.639999,48.080002,47.410000,47.779999,47.779999,774800
2021-07-16,48.080002,48.169998,47.139999,47.250000,47.250000,645300
2021-07-19,46.750000,48.139999,46.500999,47.660000,47.660000,1434500
2021-07-20,47.610001,49.169998,47.520000,49.049999,49.049999,2196300
2021-07-21,49.299999,50.160000,49.060001,49.860001,49.860001,1772000
2021-07-22,49.750000,50.029999,49.410000,49.990002,49.990002,1442400
2021-07-23,49.939999,50.650002,49.450001,50.599998,50.599998,1689300
2021-07-26,50.700001,50.930000,49.889999,49.889999,49.889999,1382200
2021-07-27,49.759998,49.910000,49.029999,49.869999,49.869999,739600
2021-07-28,49.990002,50.459999,49.529999,49.820000,49.820000,606900
2021-07-29,50.279999,50.919998,50.115002,50.389999,50.389999,828400
2021-07-30,50.369999,50.919998,50.224998,50.639999,50.639999,847500
2021-08-02,50.840000,50.980000,49.950001,50.130001,50.130001,504900
2021-08-03,50.240002,52.810001,50.049999,52.759998,52.759998,1181400
2021-08-04,52.130001,52.959999,51.599998,51.730000,51.730000,999300
2021-08-05,52.220001,52.380001,51.669998,51.959999,51.959999,911500
2021-08-06,52.209999,52.299999,50.549999,51.810001,51.810001,1282200
2021-08-09,52.110001,52.310001,51.419998,52.250000,52.250000,706000
2021-08-10,52.619999,53.154999,52.224998,52.869999,52.869999,1199500
2021-08-11,53.360001,53.360001,51.974998,52.480000,52.480000,882700
2021-08-12,52.450001,52.610001,51.580002,51.590000,51.590000,1190700
2021-08-13,51.700001,51.755001,50.180000,50.290001,50.290001,890200
2021-08-16,50.470001,52.509998,50.389999,52.470001,52.470001,1653800
2021-08-17,52.070000,53.189999,51.709999,52.770000,52.770000,1708000
2021-08-18,52.919998,53.650002,51.930000,51.930000,51.930000,1806400
2021-08-19,52.000000,54.619999,52.000000,54.020000,54.020000,2452800
2021-08-20,54.882000,57.169998,54.730000,56.900002,56.900002,1814700
2021-08-23,57.009998,57.009998,54.849998,54.900002,54.900002,1660700
2021-08-24,55.020000,55.439999,53.919998,55.400002,55.400002,1136800
2021-08-25,55.709999,57.009998,55.330002,56.660000,56.660000,1006500
2021-08-26,56.220001,56.410000,55.209999,56.139999,56.139999,739300
2021-08-27,56.080002,56.650002,55.610001,56.590000,56.590000,720200
2021-08-30,56.389999,57.410000,56.130001,56.750000,56.750000,1026400