Date,Open,High,Low,Close,Adj Close,Volume
2021-01-04,61.610001,61.720001,59.400002,60.040001,58.535065,408900
2021-01-05,60.119999,60.529999,58.849998,59.549999,58.057343,357900
2021-01-06,60.310001,62.240002,60.310001,61.889999,60.338692,624800
2021-01-07,61.900002,62.110001,59.790001,59.959999,58.457069,330000
2021-01-08,60.009998,60.009998,58.360001,59.380001,57.891609,403200
2021-01-11,58.980000,59.830002,58.980000,59.450001,57.959854,370000
2021-01-12,59.400002,60.230000,59.200001,60.099998,58.593563,252800
2021-01-13,60.020000,60.779999,59.790001,60.529999,59.012783,265300
2021-01-14,60.830002,61.660000,60.299999,61.230000,59.695236,280900
2021-01-15,60.939999,62.310001,60.419998,61.970001,60.416691,333000
2021-01-19,62.500000,62.500000,60.950001,60.990002,59.461254,446600
2021-01-20,60.840000,61.410000,60.070000,60.980000,59.451504,283800
2021-01-21,60.700001,60.700001,59.980000,60.259998,58.749550,234300
2021-01-22,59.880001,60.150002,58.520000,59.160000,57.677120,565500
2021-01-25,59.009998,61.099998,59.009998,61.099998,59.568493,440600
2021-01-26,61.430000,61.430000,60.009998,60.049999,58.544811,275600
2021-01-27,59.130001,60.009998,58.220001,58.970001,57.491886,484300
2021-01-28,59.389999,60.400002,58.790001,59.599998,58.106094,510000
2021-01-29,59.490002,59.990002,58.639999,59.119999,57.638123,1209800
2021-02-01,59.270000,60.410000,58.720001,60.290001,58.778801,353600
2021-02-02,60.639999,61.590000,60.490002,60.910000,59.383255,254900
2021-02-03,60.500000,60.889999,59.430000,60.209999,58.700802,333400
2021-02-04,60.380001,61.230000,60.000000,61.009998,59.480747,262100
2021-02-05,61.500000,62.040001,60.990002,61.930000,60.377693,284400
2021-02-08,62.000000,62.250000,60.549999,61.680000,60.133957,417300
2021-02-09,61.820000,62.580002,61.419998,62.480000,60.913906,348700
2021-02-10,62.880001,63.910000,60.919998,61.980000,60.426437,418000
2021-02-11,61.610001,61.990002,60.930000,61.860001,60.864273,385400
2021-02-12,61.680000,62.029999,61.110001,61.619999,60.628136,221500
2021-02-16,61.619999,61.619999,60.619999,61.130001,60.146023,269100
2021-02-17,61.410000,61.580002,60.650002,61.209999,60.224735,414900
2021-02-18,61.189999,61.790001,60.950001,61.220001,60.234577,322400
2021-02-19,61.220001,61.860001,60.990002,61.349998,60.362480,284500
2021-02-22,61.320000,61.400002,58.430000,59.380001,58.424194,609400
2021-02-23,59.910000,61.639999,59.630001,61.240002,60.254253,513700
2021-02-24,61.349998,61.500000,60.369999,60.790001,59.811497,351500
2021-02-25,60.459999,61.049999,59.639999,60.209999,59.240833,355400
2021-02-26,60.560001,60.630001,59.060001,59.160000,58.207733,565700
2021-03-01,60.130001,60.990002,59.740002,59.860001,58.896465,512000
2021-03-02,59.950001,60.200001,58.889999,59.959999,58.994854,368500
2021-03-03,59.000000,59.880001,58.529999,59.450001,58.493069,497300
2021-03-04,59.830002,61.040001,59.599998,59.900002,58.935825,421100
2021-03-05,60.500000,62.799999,60.500000,62.549999,61.543163,432800
2021-03-08,62.970001,64.660004,62.759998,64.150002,63.117413,343200
2021-03-09,64.169998,64.330002,63.259998,63.570000,62.546749,308600
2021-03-10,63.570000,65.610001,63.419998,65.110001,64.061966,337500
2021-03-11,64.919998,65.220001,63.840000,64.050003,63.019024,313600
2021-03-12,64.650002,65.980003,64.650002,65.790001,64.731018,339600
2021-03-15,65.650002,66.410004,65.099998,66.400002,65.331200,277100
2021-03-16,66.080002,66.849998,66.059998,66.669998,65.596848,200500
2021-03-17,66.910004,66.910004,65.739998,65.959999,64.898277,281600
2021-03-18,66.000000,66.480003,65.059998,65.940002,64.878609,267900
2021-03-19,65.949997,67.080002,64.660004,67.080002,66.000252,1699800
2021-03-22,66.959999,67.290001,65.129997,65.199997,64.150505,399000
2021-03-23,65.110001,65.730003,64.699997,65.029999,63.983242,405700
2021-03-24,64.849998,66.629997,64.849998,65.889999,64.829399,348600
2021-03-25,65.900002,67.330002,65.800003,66.790001,65.714920,292400
2021-03-26,67.360001,67.360001,66.199997,66.690002,65.616531,274800
2021-03-29,66.459999,67.470001,66.430000,67.209999,66.128151,256500
2021-03-30,66.800003,67.459999,66.339996,66.779999,65.705070,201100
2021-03-31,66.529999,67.320000,66.370003,66.769997,65.695236,362900
2021-04-01,66.620003,66.800003,65.959999,66.699997,65.626366,259000
2021-04-05,66.790001,68.209999,66.790001,67.809998,66.718498,184000
2021-04-06,67.989998,68.470001,67.300003,67.790001,66.698822,332200
2021-04-07,67.849998,68.169998,67.300003,67.360001,66.275742,269000
2021-04-08,67.529999,68.139999,66.809998,67.379997,66.295418,387000
2021-04-09,67.400002,67.930000,67.389999,67.680000,66.590591,373200
2021-04-12,68.099998,69.070000,67.949997,68.849998,67.741760,270100
2021-04-13,68.599998,69.080002,68.220001,68.669998,67.564651,235000
2021-04-14,68.510002,69.660004,68.510002,69.500000,68.381294,183800
2021-04-15,69.639999,70.250000,69.010002,70.230003,69.099556,237700
2021-04-16,70.720001,71.209999,70.269997,70.589996,69.453743,278500
2021-04-19,70.750000,70.989998,70.099998,70.470001,69.335686,349500
2021-04-20,70.349998,71.339996,70.110001,71.089996,69.945702,241400
2021-04-21,71.029999,71.080002,70.230003,70.410004,69.276649,289400
2021-04-22,70.480003,70.489998,69.650002,69.860001,68.735504,224700
2021-04-23,69.790001,70.160004,69.260002,69.559998,68.440323,285500
2021-04-26,69.690002,69.690002,69.089996,69.230003,68.115646,220100
2021-04-27,69.129997,69.360001,68.070000,68.120003,67.023514,201200
2021-04-28,68.410004,68.660004,67.709999,68.160004,67.062866,322000
2021-04-29,68.430000,69.330002,68.430000,68.790001,67.682724,191800
2021-04-30,68.660004,68.980003,68.419998,68.980003,67.869675,366000
2021-05-03,69.330002,69.940002,68.790001,68.989998,67.879501,313100
2021-05-04,69.099998,69.370003,68.440002,68.650002,67.544975,253000
2021-05-05,68.709999,68.709999,66.300003,67.419998,66.334770,415500
2021-05-06,67.769997,68.400002,67.379997,68.400002,67.299004,290700
2021-05-07,68.129997,69.029999,67.889999,68.610001,67.505623,198800
2021-05-10,68.639999,69.650002,68.620003,68.860001,67.751595,218200
2021-05-11,68.500000,68.500000,66.820000,67.230003,66.147842,435700
2021-05-12,67.129997,67.349998,65.260002,65.320000,64.268585,268200
2021-05-13,65.300003,67.440002,65.080002,67.010002,65.931381,354900
2021-05-14,67.260002,67.949997,66.839996,67.610001,66.521713,436400
2021-05-17,67.089996,67.110001,65.739998,66.040001,65.524567,288600
2021-05-18,66.040001,66.129997,65.550003,65.589996,65.078072,253800
2021-05-19,65.230003,65.370003,64.709999,65.250000,64.740730,360800
2021-05-20,65.309998,66.470001,65.260002,66.209999,65.693237,386900
2021-05-21,66.290001,66.720001,65.830002,66.169998,65.653549,991800
2021-05-24,66.260002,66.480003,65.610001,66.040001,65.524567,288100
2021-05-25,65.900002,66.099998,65.110001,65.779999,65.266594,391200
2021-05-26,65.519997,66.199997,65.379997,65.650002,65.137611,378400
2021-05-27,65.870003,66.000000,65.320000,65.349998,64.839943,296400
2021-05-28,65.519997,65.820000,65.279999,65.790001,65.276512,273000
2021-06-01,65.970001,66.040001,65.330002,65.970001,65.455109,293600
2021-06-02,66.199997,66.870003,65.599998,66.680000,66.159569,502800
2021-06-03,66.309998,68.040001,66.010002,67.900002,67.370049,537300
2021-06-04,68.180000,68.680000,67.989998,68.470001,67.935600,663100
2021-06-07,68.620003,69.070000,68.400002,68.739998,68.203484,377500
2021-06-08,68.930000,68.930000,68.300003,68.769997,68.233253,246600
2021-06-09,68.970001,69.129997,68.400002,69.050003,68.511070,259700
2021-06-10,69.150002,69.320000,68.750000,69.150002,68.610291,253600
2021-06-11,69.199997,69.669998,68.809998,69.669998,69.126228,343300
2021-06-14,69.699997,69.930000,68.970001,69.440002,68.898026,399500
2021-06-15,69.279999,70.059998,69.239998,69.820000,69.275063,296200
2021-06-16,70.050003,70.199997,69.129997,69.949997,69.404045,656000
2021-06-17,69.930000,70.300003,69.529999,69.930000,69.384201,539000
2021-06-18,69.559998,69.559998,67.570000,67.589996,67.062462,1078200
2021-06-21,67.750000,69.769997,67.669998,69.550003,69.007172,498400
2021-06-22,69.440002,69.610001,68.510002,68.580002,68.044739,383100
2021-06-23,68.529999,68.529999,67.089996,67.129997,66.606049,464000
2021-06-24,67.220001,67.750000,66.599998,67.589996,67.062462,448000
2021-06-25,67.529999,68.250000,67.389999,67.980003,67.449425,844100
2021-06-28,67.839996,68.139999,67.360001,67.459999,66.933479,327600
2021-06-29,67.279999,67.419998,65.580002,65.629997,65.117760,340600
2021-06-30,65.550003,65.970001,64.879997,65.629997,65.117760,332500
2021-07-01,65.910004,66.660004,65.589996,66.209999,65.693237,258500
2021-07-02,66.430000,66.519997,65.690002,65.769997,65.256668,171100
2021-07-06,65.800003,66.040001,64.260002,65.489998,64.978851,383300
2021-07-07,65.220001,66.129997,65.180000,66.000000,65.484871,201800
2021-07-08,65.489998,66.089996,65.300003,65.610001,65.097916,211900
2021-07-09,65.959999,66.750000,65.800003,66.660004,66.139725,236000
2021-07-12,66.430000,66.879997,66.010002,66.809998,66.288551,211900
2021-07-13,66.570000,66.709999,65.970001,66.089996,65.574165,222100
2021-07-14,66.160004,67.040001,65.839996,66.459999,65.941284,219600
2021-07-15,66.279999,67.970001,66.150002,67.870003,67.340279,322500
2021-07-16,68.080002,69.040001,68.070000,68.480003,67.945518,314500
2021-07-19,67.900002,68.160004,65.650002,66.370003,65.851990,346500
2021-07-20,66.320000,68.379997,66.320000,67.919998,67.389885,353600
2021-07-21,68.250000,68.599998,67.070000,67.120003,66.596138,203700
2021-07-22,66.830002,67.129997,66.150002,66.330002,65.812302,309200
2021-07-23,66.769997,67.730003,66.500000,67.660004,67.131920,154400
2021-07-26,67.849998,68.120003,67.279999,67.489998,66.963242,207500
2021-07-27,67.360001,68.489998,67.080002,68.059998,67.528793,205100
2021-07-28,68.250000,68.730003,67.550003,68.370003,67.836380,207500
2021-07-29,68.589996,68.889999,67.809998,68.239998,67.707390,196200
2021-07-30,68.209999,68.849998,67.360001,67.650002,67.122002,496500
2021-08-02,67.980003,68.760002,67.699997,68.029999,67.499031,227100
2021-08-03,68.389999,69.930000,67.860001,69.930000,69.384201,418200
2021-08-04,69.160004,70.070000,68.650002,69.959999,69.413963,313800
2021-08-05,70.000000,70.690002,69.320000,70.589996,70.039047,204000
2021-08-06,71.000000,71.559998,70.250000,70.250000,69.701706,381300
2021-08-09,70.550003,70.860001,69.739998,69.910004,69.364365,219400
2021-08-10,70.110001,70.510002,69.570000,70.239998,69.691780,230700
2021-08-11,70.360001,71.419998,70.199997,71.389999,70.832802,190000
2021-08-12,71.650002,71.820000,70.989998,71.209999,70.654213,188600
2021-08-13,71.180000,72.089996,71.120003,72.050003,71.487656,127800
2021-08-16,72.250000,72.629997,71.629997,72.389999,71.824997,216400
2021-08-17,71.430000,72.419998,71.129997,72.349998,72.349998,227300
2021-08-18,72.279999,72.279999,71.400002,71.839996,71.839996,193100
2021-08-19,71.610001,72.349998,71.440002,71.760002,71.760002,230400
2021-08-20,71.669998,72.779999,71.660004,72.589996,72.589996,213900
2021-08-23,72.620003,72.769997,71.419998,71.580002,71.580002,137200
2021-08-24,71.639999,71.639999,70.510002,70.839996,70.839996,193500
2021-08-25,71.080002,71.199997,70.150002,70.930000,70.930000,246800
2021-08-26,70.739998,71.150002,70.169998,70.209999,70.209999,172800
2021-08-27,70.209999,71.070000,70.029999,70.709999,70.709999,245400
2021-08-30,70.839996,70.839996,70.129997,70.660004,70.660004,128200