Date,Open,High,Low,Close,Adj Close,Volume
2021-01-04,35.220001,35.340000,33.740002,34.330002,33.761868,806100
2021-01-05,34.750000,35.419998,34.290001,35.169998,34.587967,622400
2021-01-06,36.320000,38.340000,36.310001,37.740002,37.115440,1189200
2021-01-07,38.689999,39.900002,38.389999,39.529999,38.875813,647700
2021-01-08,39.090000,39.680000,37.720001,38.759998,38.118553,520200
2021-01-11,38.320000,39.110001,38.189999,39.029999,38.384083,542400
2021-01-12,39.480000,40.310001,39.099998,39.990002,39.328205,512100
2021-01-13,39.549999,39.700001,38.750000,39.259998,38.833630,448700
2021-01-14,39.750000,40.169998,39.400002,39.660000,39.229290,650100
2021-01-15,38.720001,39.360001,38.480000,38.830002,38.408302,535800
2021-01-19,39.029999,39.200001,38.439999,38.939999,38.517101,492900
2021-01-20,38.720001,38.900002,37.959999,38.500000,38.081882,492600
2021-01-21,38.680000,38.950001,36.680000,36.720001,36.321217,665100
2021-01-22,36.369999,37.570000,36.150002,37.410000,37.003723,479200
2021-01-25,36.919998,37.189999,35.980000,37.110001,36.706982,409300
2021-01-26,37.509998,37.619999,35.660000,35.720001,35.332077,416700
2021-01-27,34.840000,35.360001,34.020000,34.290001,33.917606,601600
2021-01-28,34.930000,36.000000,34.529999,35.680000,35.292511,597800
2021-01-29,35.490002,36.000000,34.439999,34.650002,34.273697,572100
2021-02-01,35.110001,35.820000,34.549999,35.720001,35.332077,481100
2021-02-02,36.110001,36.630001,35.720001,36.220001,35.826649,392900
2021-02-03,36.049999,36.599998,35.669998,36.049999,35.658489,590600
2021-02-04,36.220001,37.799999,36.220001,37.540001,37.132313,498100
2021-02-05,38.110001,38.160000,36.750000,37.490002,37.082855,314800
2021-02-08,37.560001,38.330002,37.320000,38.320000,37.903839,360200
2021-02-09,38.230000,38.919998,37.669998,38.599998,38.180798,386000
2021-02-10,38.680000,39.639999,38.540001,39.209999,38.784172,547400
2021-02-11,39.110001,39.490002,38.110001,38.750000,38.329170,438900
2021-02-12,38.549999,39.580002,38.450001,39.509998,39.080914,393500
2021-02-16,40.000000,40.459999,39.529999,40.189999,39.753532,511200
2021-02-17,39.900002,40.759998,39.900002,40.349998,39.911789,297200
2021-02-18,39.990002,40.380001,39.529999,39.650002,39.219395,249000
2021-02-19,39.270000,40.820000,39.270000,40.639999,40.198643,545400
2021-02-22,40.500000,41.779999,40.439999,41.400002,40.950394,489300
2021-02-23,41.630001,42.130001,40.770000,41.650002,41.197678,767500
2021-02-24,42.310001,43.110001,41.939999,42.799999,42.335182,604400
2021-02-25,43.430000,43.470001,40.990002,41.360001,40.910824,542000
2021-02-26,41.029999,41.380001,39.939999,40.189999,39.753532,608600
2021-03-01,41.110001,42.410000,40.799999,42.009998,41.553764,535100
2021-03-02,41.790001,42.660000,41.689999,42.029999,41.573547,609400
2021-03-03,41.910000,44.130001,41.910000,42.970001,42.503342,674200
2021-03-04,42.970001,44.110001,42.060001,42.799999,42.335182,952300
2021-03-05,43.689999,44.160000,41.700001,43.910000,43.433132,1074400
2021-03-08,44.959999,46.639999,44.689999,45.959999,45.460865,704500
2021-03-09,45.150002,46.220001,43.950001,45.490002,44.995975,666300
2021-03-10,45.340000,48.130001,45.340000,47.990002,47.468822,936600
2021-03-11,47.299999,49.090000,47.270000,48.990002,48.457962,931100
2021-03-12,49.840000,50.709999,48.980000,49.919998,49.377861,887100
2021-03-15,49.730000,49.950001,48.889999,49.900002,49.358082,713000
2021-03-16,49.360001,49.360001,48.310001,49.119999,48.586548,522400
2021-03-17,49.549999,50.009998,47.830002,48.340000,47.815022,829700
2021-03-18,49.130001,50.299999,47.950001,48.230000,47.706215,763900
2021-03-19,47.939999,49.020000,46.590000,47.860001,47.340233,1870200
2021-03-22,47.169998,47.340000,44.919998,45.529999,45.035538,574900
2021-03-23,44.790001,45.099998,42.950001,43.340000,42.869324,666800
2021-03-24,44.209999,45.200001,42.360001,42.480000,42.018661,1024800
2021-03-25,42.070000,44.209999,41.410000,43.849998,43.373783,921000
2021-03-26,44.790001,45.439999,44.180000,45.180000,44.689339,538500
2021-03-29,44.169998,44.950001,43.139999,43.450001,42.978130,533600
2021-03-30,44.169998,45.000000,44.040001,44.459999,43.977158,540500
2021-03-31,44.340000,44.799999,43.709999,43.950001,43.472698,608700
2021-04-01,43.869999,44.849998,43.400002,44.470001,43.987053,529900
2021-04-05,45.230000,45.430000,43.599998,44.160000,43.680416,624200
2021-04-06,44.160000,44.549999,43.150002,43.590000,43.116608,629700
2021-04-07,43.720001,44.130001,43.020000,43.529999,43.057255,412000
2021-04-08,43.119999,43.959999,42.439999,43.869999,43.393566,421200
2021-04-09,44.099998,44.529999,43.810001,44.430000,43.947483,467600
2021-04-12,44.680000,44.799999,44.230000,44.330002,43.848572,388300
2021-04-13,43.849998,44.009998,43.070000,43.369999,42.898994,323700
2021-04-14,43.110001,44.660000,43.099998,44.099998,43.853630,327700
2021-04-15,44.200001,44.410000,42.720001,43.630001,43.386261,307900
2021-04-16,44.380001,44.419998,43.520000,44.230000,43.982906,350800
2021-04-19,44.220001,44.529999,43.540001,43.970001,43.724361,258900
2021-04-20,43.500000,43.700001,41.480000,41.959999,41.725586,592300
2021-04-21,41.770000,43.419998,41.570000,43.200001,42.958660,431300
2021-04-22,43.180000,44.009998,42.709999,42.869999,42.630505,685000
2021-04-23,43.259998,46.220001,42.779999,45.889999,45.633633,634000
2021-04-26,46.340000,47.049999,45.189999,45.430000,45.176201,559400
2021-04-27,45.540001,46.380001,45.119999,46.380001,46.120895,373000
2021-04-28,46.360001,46.759998,45.700001,46.470001,46.210392,383000
2021-04-29,47.139999,47.700001,46.529999,47.049999,46.787151,503600
2021-04-30,46.689999,47.540001,46.500000,46.610001,46.349609,521600
2021-05-03,47.310001,47.680000,46.369999,47.320000,47.055645,584500
2021-05-04,46.759998,48.099998,46.310001,48.099998,47.831284,481100
2021-05-05,48.130001,48.799999,47.400002,48.040001,47.771622,409100
2021-05-06,48.380001,48.889999,47.689999,48.759998,48.487598,521900
2021-05-07,47.720001,48.830002,47.259998,48.680000,48.408047,406500
2021-05-10,49.000000,49.549999,47.480000,47.480000,47.214748,473200
2021-05-11,46.790001,47.720001,46.220001,46.980000,46.717545,419500
2021-05-12,47.570000,47.860001,45.410000,45.740002,45.484470,536000
2021-05-13,45.660000,47.389999,45.660000,47.049999,46.787151,678600
2021-05-14,47.400002,47.959999,47.080002,47.869999,47.602570,532200
2021-05-17,47.709999,48.009998,46.930000,47.919998,47.652290,488800
2021-05-18,48.060001,48.279999,46.380001,46.419998,46.160671,444900
2021-05-19,45.610001,46.560001,44.950001,46.450001,46.190506,631400
2021-05-20,46.389999,46.869999,45.680000,46.590000,46.329723,370000
2021-05-21,47.070000,47.889999,46.439999,47.639999,47.373856,454900
2021-05-24,47.939999,47.939999,47.070000,47.380001,47.115311,343800
2021-05-25,47.680000,48.220001,46.209999,46.240002,45.981678,437600
2021-05-26,46.240002,47.389999,46.049999,47.250000,46.986034,439700
2021-05-27,48.139999,48.340000,47.580002,47.820000,47.552849,500800
2021-05-28,47.740002,47.900002,46.990002,47.790001,47.523018,375800
2021-06-01,48.360001,48.740002,47.820000,48.200001,47.930729,556000
2021-06-02,48.299999,48.299999,47.279999,47.380001,47.115311,337700
2021-06-03,47.230000,47.689999,46.889999,47.349998,47.085476,449100
2021-06-04,47.560001,47.869999,46.980000,47.639999,47.373856,388000
2021-06-07,47.869999,48.330002,47.639999,48.150002,47.881008,586900
2021-06-08,47.619999,48.720001,47.250000,48.410000,48.139553,629700
2021-06-09,47.990002,47.990002,47.400002,47.520000,47.254528,450900
2021-06-10,48.250000,48.380001,45.910000,45.959999,45.703239,418400
2021-06-11,46.279999,46.799999,45.939999,46.180000,45.922012,365800
2021-06-14,46.189999,46.500000,44.570000,45.009998,44.758549,524600
2021-06-15,44.970001,46.270000,44.970001,45.650002,45.394974,719200
2021-06-16,45.299999,47.240002,44.770000,46.709999,46.449051,637200
2021-06-17,46.980000,46.980000,43.570000,43.580002,43.336540,684300
2021-06-18,42.869999,43.320000,41.619999,41.630001,41.397434,1543900
2021-06-21,42.139999,43.869999,42.139999,43.660000,43.416092,520600
2021-06-22,43.509998,43.740002,42.919998,43.470001,43.227154,405500
2021-06-23,43.630001,43.919998,43.189999,43.200001,42.958660,525600
2021-06-24,43.529999,44.279999,43.000000,44.150002,43.903355,470600
2021-06-25,44.060001,44.919998,43.889999,44.590000,44.340897,829100
2021-06-28,44.139999,44.150002,42.599998,42.730000,42.491287,688400
2021-06-29,43.279999,43.830002,42.560001,42.580002,42.342125,408300
2021-06-30,42.590000,42.980000,42.419998,42.689999,42.451508,465800
2021-07-01,43.250000,43.549999,42.880001,43.430000,43.187374,365200
2021-07-02,43.389999,43.389999,42.689999,42.830002,42.590729,252400
2021-07-06,42.520000,42.520000,41.110001,41.270000,41.039444,468800
2021-07-07,40.689999,41.639999,40.689999,41.250000,41.019554,575800
2021-07-08,40.180000,41.029999,39.599998,40.549999,40.323463,753900
2021-07-09,41.680000,42.700001,41.139999,42.680000,42.441566,523700
2021-07-12,41.810001,42.779999,41.509998,42.740002,42.501232,542400
2021-07-13,42.389999,42.619999,41.099998,41.169998,40.939999,764500
2021-07-14,41.070000,41.990002,40.139999,40.400002,40.400002,487500
2021-07-15,39.889999,41.049999,39.610001,40.669998,40.669998,882300
2021-07-16,41.090000,41.090000,39.090000,39.220001,39.220001,381700
2021-07-19,37.810001,38.180000,37.080002,37.459999,37.459999,786400
2021-07-20,37.529999,39.500000,37.360001,38.470001,38.470001,785300
2021-07-21,39.160000,39.970001,39.150002,39.599998,39.599998,413400
2021-07-22,39.610001,40.279999,37.759998,38.080002,38.080002,671200
2021-07-23,38.599998,38.990002,38.130001,38.650002,38.650002,496000
2021-07-26,38.869999,39.750000,38.790001,39.099998,39.099998,450000
2021-07-27,38.330002,39.540001,38.209999,39.209999,39.209999,571500
2021-07-28,39.470001,40.389999,38.730000,39.849998,39.849998,593800
2021-07-29,40.430000,40.570000,39.770000,39.959999,39.959999,358500
2021-07-30,39.799999,40.689999,39.529999,39.580002,39.580002,574000
2021-08-02,39.910000,41.099998,39.169998,39.209999,39.209999,536700
2021-08-03,39.549999,40.240002,38.599998,40.130001,40.130001,629200
2021-08-04,39.070000,40.439999,39.020000,39.919998,39.919998,664900
2021-08-05,40.330002,41.150002,40.330002,40.950001,40.950001,415600
2021-08-06,41.680000,42.820000,41.680000,42.400002,42.400002,484400
2021-08-09,41.930000,42.459999,41.439999,41.720001,41.720001,478100
2021-08-10,41.889999,42.419998,41.369999,42.119999,42.119999,577400
2021-08-11,42.119999,42.939999,41.669998,42.939999,42.939999,449800
2021-08-12,43.160000,43.160000,42.130001,42.549999,42.549999,305500
2021-08-13,42.610001,42.759998,41.970001,42.080002,42.080002,201900
2021-08-16,41.560001,42.330002,41.180000,42.180000,42.180000,327700
2021-08-17,41.529999,42.080002,40.770000,41.270000,41.270000,350400
2021-08-18,41.009998,41.709999,40.680000,40.849998,40.849998,516800
2021-08-19,40.139999,40.900002,40.000000,40.259998,40.259998,624500
2021-08-20,40.259998,41.150002,40.020000,41.020000,41.020000,565300
2021-08-23,41.299999,41.720001,41.189999,41.560001,41.560001,542800
2021-08-24,41.529999,42.160000,41.529999,41.950001,41.950001,568400
2021-08-25,42.209999,42.889999,41.880001,42.180000,42.180000,514300
2021-08-26,42.360001,42.439999,41.480000,41.490002,41.490002,465500
2021-08-27,41.540001,42.910000,41.540001,42.869999,42.869999,449200
2021-08-30,43.000000,43.000000,41.759998,41.779999,41.779999,344200