Date,Open,High,Low,Close,Adj Close,Volume
2021-01-04,133.550003,134.000000,124.474998,127.360001,127.360001,713800
2021-01-05,127.010002,131.000000,126.040001,130.320007,130.320007,438500
2021-01-06,128.800003,128.820007,123.623001,126.650002,126.650002,729800
2021-01-07,127.739998,129.490005,126.589996,127.459999,127.459999,969200
2021-01-08,128.119995,132.509995,127.228996,129.690002,129.690002,1742800
2021-01-11,128.509995,130.839996,126.230003,127.839996,127.839996,325400
2021-01-12,128.050003,128.759995,124.430000,127.070000,127.070000,456000
2021-01-13,127.500000,129.960007,126.860001,127.180000,127.180000,318400
2021-01-14,127.849998,130.820007,127.849998,129.389999,129.389999,378800
2021-01-15,129.990005,132.179993,124.599998,125.739998,125.739998,402800
2021-01-19,127.970001,130.759995,125.925003,130.240005,130.240005,389500
2021-01-20,132.139999,136.110001,132.139999,133.369995,133.369995,462400
2021-01-21,133.990005,134.250000,129.639999,132.380005,132.380005,290200
2021-01-22,132.169998,135.554993,130.710007,135.020004,135.020004,293600
2021-01-25,136.750000,140.279999,132.960007,135.350006,135.350006,441200
2021-01-26,135.350006,135.789993,130.445007,130.899994,130.899994,330500
2021-01-27,127.339996,132.389999,122.103996,128.979996,128.979996,563900
2021-01-28,129.389999,133.520004,125.879997,130.770004,130.770004,404900
2021-01-29,129.880005,130.740005,126.209999,129.619995,129.619995,341900
2021-02-01,131.910004,135.350006,129.529999,133.720001,133.720001,310000
2021-02-02,137.100006,141.630005,136.250000,138.789993,138.789993,401000
2021-02-03,139.500000,139.955994,136.100006,137.250000,137.250000,386400
2021-02-04,137.949997,145.125000,137.000000,142.889999,142.889999,931900
2021-02-05,144.860001,148.669998,141.529999,148.509995,148.509995,630700
2021-02-08,152.000000,154.610001,146.009995,148.100006,148.100006,569600
2021-02-09,148.000000,149.660004,144.914993,148.570007,148.570007,436500
2021-02-10,149.580002,150.899994,144.320007,148.000000,148.000000,1054600
2021-02-11,149.589996,152.442001,146.024994,150.369995,150.369995,872500
2021-02-12,141.690002,143.509995,127.199997,133.470001,133.470001,2705400
2021-02-16,134.380005,136.320007,128.199997,128.774994,128.774994,1076100
2021-02-17,128.000000,130.330002,126.265999,129.899994,129.899994,668200
2021-02-18,128.880005,129.669998,126.010002,129.470001,129.470001,554300
2021-02-19,130.320007,132.539993,128.259995,132.059998,132.059998,555800
2021-02-22,129.649994,129.800003,122.290001,123.639999,123.639999,725300
2021-02-23,120.099998,123.860001,114.040001,123.000000,123.000000,889200
2021-02-24,121.709999,125.000000,116.660004,124.580002,124.580002,458100
2021-02-25,123.879997,126.989998,119.489998,121.510002,121.510002,1028100
2021-02-26,122.180000,126.300003,118.670998,124.019997,124.019997,645300
2021-03-01,125.410004,127.989998,123.959999,127.599998,127.599998,363400
2021-03-02,128.809998,129.050003,122.940002,124.059998,124.059998,575100
2021-03-03,124.190002,124.639999,117.010002,117.760002,117.760002,854600
2021-03-04,115.940002,118.459999,108.504997,112.419998,112.419998,1206700
2021-03-05,113.940002,113.940002,104.404999,111.529999,111.529999,1009300
2021-03-08,111.540001,112.110001,103.260002,103.680000,103.680000,863600
2021-03-09,108.989998,111.644997,107.809998,110.129997,110.129997,820600
2021-03-10,115.010002,121.919998,110.250000,114.330002,114.330002,5148100
2021-03-11,116.790001,118.519997,113.760002,115.089996,115.089996,2056600
2021-03-12,111.889999,113.739998,109.830002,112.910004,112.910004,1310800
2021-03-15,112.779999,114.639999,111.160004,113.769997,113.769997,429000
2021-03-16,114.330002,114.851997,110.300003,112.360001,112.360001,595500
2021-03-17,110.879997,115.989998,109.150002,114.330002,114.330002,670400
2021-03-18,112.059998,112.430000,109.040001,109.800003,109.800003,527500
2021-03-19,109.699997,112.150002,108.599998,111.339996,111.339996,1111900
2021-03-22,112.599998,115.000000,111.660004,112.190002,112.190002,422400
2021-03-23,113.000000,114.085999,110.730003,113.070000,113.070000,460300
2021-03-24,113.750000,113.750000,106.199997,106.570000,106.570000,420700
2021-03-25,104.889999,108.089996,103.705002,107.070000,107.070000,719900
2021-03-26,107.500000,109.290001,104.089996,108.650002,108.650002,465400
2021-03-29,108.440002,108.650002,103.339996,104.150002,104.150002,402400
2021-03-30,103.720001,104.848000,100.580002,104.580002,104.580002,722900
2021-03-31,106.220001,110.370003,106.220001,108.400002,108.400002,861500
2021-04-01,110.589996,112.330002,109.629997,111.300003,111.300003,508700
2021-04-05,113.440002,113.440002,110.290001,112.089996,112.089996,399900
2021-04-06,112.010002,114.519997,110.580002,112.260002,112.260002,400300
2021-04-07,111.559998,112.680000,110.220001,111.010002,111.010002,308500
2021-04-08,113.400002,114.040001,111.279999,113.290001,113.290001,662200
2021-04-09,113.000000,113.279999,109.665001,112.879997,112.879997,279900
2021-04-12,111.800003,114.230003,110.489998,113.269997,113.269997,287800
2021-04-13,115.000000,116.889999,113.330002,115.330002,115.330002,410900
2021-04-14,116.419998,117.669998,114.870003,116.040001,116.040001,779200
2021-04-15,117.179001,119.459999,115.779999,118.699997,118.699997,677300
2021-04-16,119.080002,119.290001,116.419998,119.089996,119.089996,705900
2021-04-19,118.720001,120.320000,113.809998,115.139999,115.139999,981900
2021-04-20,114.559998,115.139999,112.129997,114.300003,114.300003,654500
2021-04-21,113.400002,117.879997,112.698997,117.010002,117.010002,693300
2021-04-22,116.650002,121.320000,116.650002,117.790001,117.790001,508100
2021-04-23,118.680000,120.330002,117.709999,120.050003,120.050003,293100
2021-04-26,120.279999,122.400002,118.699997,121.139999,121.139999,320500
2021-04-27,121.949997,122.489998,119.220001,120.699997,120.699997,436100
2021-04-28,119.760002,121.089996,118.629997,120.459999,120.459999,196800
2021-04-29,121.250000,121.269997,114.510002,117.080002,117.080002,356200
2021-04-30,116.320000,119.442001,114.779999,116.059998,116.059998,356000
2021-05-03,116.480003,116.879997,111.459999,112.459999,112.459999,387100
2021-05-04,111.040001,111.330002,107.250000,109.919998,109.919998,397800
2021-05-05,111.459999,111.459999,106.260002,107.449997,107.449997,328100
2021-05-06,106.169998,106.260002,101.849998,103.650002,103.650002,767500
2021-05-07,102.720001,109.555000,102.720001,107.470001,107.470001,625100
2021-05-10,105.870003,105.870003,101.684998,103.900002,103.900002,515600
2021-05-11,99.860001,107.720001,98.220001,106.110001,106.110001,669000
2021-05-12,103.889999,105.559998,100.879997,102.309998,102.309998,630700
2021-05-13,102.750000,104.220001,98.059998,100.139999,100.139999,414800
2021-05-14,101.540001,105.190002,100.019997,104.709999,104.709999,514700
2021-05-17,102.919998,104.529999,100.709999,102.309998,102.309998,486500
2021-05-18,102.650002,105.000000,101.389999,102.629997,102.629997,343300
2021-05-19,99.910004,103.589996,99.010002,102.760002,102.760002,305300
2021-05-20,104.150002,105.919998,102.010002,104.540001,104.540001,308500
2021-05-21,105.959999,106.254997,103.620003,104.040001,104.040001,669200
2021-05-24,104.339996,105.849998,101.778999,103.910004,103.910004,391900
2021-05-25,104.769997,105.610001,104.010002,104.070000,104.070000,492100
2021-05-26,104.949997,105.599998,103.279999,104.599998,104.599998,291500
2021-05-27,103.970001,104.589996,102.070000,103.949997,103.949997,374700
2021-05-28,104.989998,105.970001,103.500000,103.970001,103.970001,316200
2021-06-01,103.949997,103.949997,101.040001,102.860001,102.860001,311200
2021-06-02,102.910004,104.068001,101.889999,103.080002,103.080002,265700
2021-06-03,102.230003,103.379997,100.000000,101.180000,101.180000,372300
2021-06-04,101.830002,103.419998,101.070000,101.550003,101.550003,272400
2021-06-07,101.260002,103.800003,100.669998,103.070000,103.070000,299400
2021-06-08,103.410004,104.559998,101.349998,102.989998,102.989998,479300
2021-06-09,103.639999,104.388000,102.275002,102.870003,102.870003,408300
2021-06-10,102.500000,104.779999,101.570000,104.269997,104.269997,338300
2021-06-11,104.139999,106.099998,102.260002,106.099998,106.099998,245100
2021-06-14,106.129997,107.980003,106.129997,107.110001,107.110001,460000
2021-06-15,107.040001,107.339996,104.023003,105.029999,105.029999,309600
2021-06-16,104.889999,105.419998,102.339996,103.989998,103.989998,656400
2021-06-17,103.029999,108.019997,102.660004,107.279999,107.279999,318700
2021-06-18,106.889999,108.940002,106.500000,108.120003,108.120003,540400
2021-06-21,107.800003,110.419998,105.529999,109.160004,109.160004,361000
2021-06-22,109.220001,109.915001,108.169998,109.599998,109.599998,287800
2021-06-23,109.800003,111.095001,108.980003,110.209999,110.209999,360900
2021-06-24,111.379997,113.379997,111.029999,111.820000,111.820000,250100
2021-06-25,111.930000,114.010002,111.150002,112.180000,112.180000,559100
2021-06-28,112.879997,113.500000,110.959999,112.620003,112.620003,257200
2021-06-29,112.290001,113.790001,111.459999,113.790001,113.790001,212700
2021-06-30,113.510002,113.970001,110.320000,111.269997,111.269997,341100
2021-07-01,110.739998,112.470001,110.070000,111.820000,111.820000,222300
2021-07-02,113.050003,114.269997,112.918999,113.870003,113.870003,297700
2021-07-06,114.250000,115.425003,112.160004,114.459999,114.459999,321400
2021-07-07,115.209999,116.139999,113.224998,114.830002,114.830002,232400
2021-07-08,112.070000,114.599998,111.000000,114.099998,114.099998,262600
2021-07-09,114.250000,115.680000,112.489998,115.209999,115.209999,181300
2021-07-12,115.639999,116.050003,112.220001,113.839996,113.839996,178000
2021-07-13,113.339996,114.529999,112.410004,112.879997,112.879997,138800
2021-07-14,113.489998,114.059998,110.794998,110.980003,110.980003,205700
2021-07-15,111.129997,111.570000,107.570000,109.430000,109.430000,187600
2021-07-16,110.410004,111.889999,109.620003,109.959999,109.959999,187500
2021-07-19,108.370003,111.970001,107.449997,111.500000,111.500000,336400
2021-07-20,112.629997,114.735001,110.820000,113.150002,113.150002,299100
2021-07-21,112.529999,114.169998,111.330002,114.000000,114.000000,201900
2021-07-22,114.400002,115.629997,114.349998,114.760002,114.760002,240000
2021-07-23,114.800003,116.480003,113.800003,115.919998,115.919998,168300
2021-07-26,115.639999,115.800003,114.019997,115.250000,115.250000,138100
2021-07-27,114.940002,115.660004,111.320000,113.629997,113.629997,210400
2021-07-28,113.970001,115.849998,113.910004,114.980003,114.980003,199300
2021-07-29,114.275002,117.419998,114.275002,115.769997,115.769997,172600
2021-07-30,115.220001,116.339996,113.730003,114.389999,114.389999,215400
2021-08-02,113.599998,115.330002,112.629997,113.489998,113.489998,200800
2021-08-03,114.099998,114.800003,112.000000,114.570000,114.570000,202800
2021-08-04,114.269997,115.985001,114.250000,115.190002,115.190002,166100
2021-08-05,115.330002,116.430000,113.620003,115.970001,115.970001,298400
2021-08-06,116.680000,117.769997,112.614998,114.589996,114.589996,419800
2021-08-09,114.459999,117.080002,113.239998,115.599998,115.599998,241400
2021-08-10,115.800003,116.330002,111.279999,112.059998,112.059998,364100
2021-08-11,111.750000,112.775002,110.519997,111.889999,111.889999,211000
2021-08-12,111.800003,112.239998,110.650002,111.419998,111.419998,188800
2021-08-13,111.070000,112.570000,110.529999,112.089996,112.089996,134800
2021-08-16,111.800003,111.989998,108.445000,111.930000,111.930000,282100
2021-08-17,110.889999,111.190002,108.559998,109.830002,109.830002,211400
2021-08-18,110.120003,110.699997,106.570000,107.419998,107.419998,1047400
2021-08-19,106.550003,107.639999,104.339996,105.620003,105.620003,335000
2021-08-20,105.639999,107.220001,105.480003,106.410004,106.410004,755000
2021-08-23,106.459999,109.260002,105.279999,109.099998,109.099998,327800
2021-08-24,110.089996,110.790001,109.035004,110.209999,110.209999,595800
2021-08-25,110.059998,111.135002,108.559998,108.900002,108.900002,245100
2021-08-26,108.589996,109.669998,106.690002,106.690002,106.690002,364500
2021-08-27,106.970001,110.849998,106.320000,110.050003,110.050003,340500
2021-08-30,110.610001,111.459999,109.930000,110.809998,110.809998,211100