Date,Open,High,Low,Close,Adj Close,Volume
2021-01-04,57.799999,57.919998,56.419998,57.160000,57.160000,455700
2021-01-05,57.759998,58.490002,56.009998,58.080002,58.080002,406700
2021-01-06,58.169998,60.490002,56.000000,59.680000,59.680000,541100
2021-01-07,59.639999,61.290001,59.480000,61.000000,61.000000,312900
2021-01-08,61.340000,62.480000,61.299999,62.240002,62.240002,341200
2021-01-11,61.189999,62.099998,60.880001,61.619999,61.619999,232300
2021-01-12,61.930000,62.369999,61.110001,62.209999,62.209999,483800
2021-01-13,62.459999,62.639999,60.959999,61.619999,61.619999,295500
2021-01-14,62.200001,64.120003,61.669998,63.639999,63.639999,245700
2021-01-15,63.200001,64.739998,60.009998,63.709999,63.709999,309000
2021-01-19,64.769997,64.769997,62.990002,63.900002,63.900002,488000
2021-01-20,63.700001,65.769997,63.700001,65.540001,65.540001,287200
2021-01-21,65.839996,65.839996,64.739998,64.900002,64.900002,248100
2021-01-22,64.360001,66.169998,64.099998,66.040001,66.040001,235400
2021-01-25,66.169998,66.820000,64.980003,65.760002,65.760002,341200
2021-01-26,66.349998,66.849998,65.440002,66.419998,66.419998,287000
2021-01-27,65.080002,71.000000,62.750000,69.180000,69.180000,565500
2021-01-28,69.820000,70.980003,66.389999,67.220001,67.220001,312100
2021-01-29,67.739998,68.089996,66.230003,66.489998,66.489998,588100
2021-02-01,66.820000,67.820000,64.940002,66.730003,66.730003,457700
2021-02-02,67.180000,67.709999,65.680000,67.269997,67.269997,472800
2021-02-03,67.309998,68.400002,66.839996,67.790001,67.790001,295900
2021-02-04,67.989998,68.930000,67.739998,68.629997,68.629997,164000
2021-02-05,69.500000,70.629997,69.139999,70.620003,70.620003,184700
2021-02-08,71.050003,72.470001,70.360001,72.370003,72.370003,479400
2021-02-09,71.709999,77.290001,70.559998,77.199997,77.199997,749100
2021-02-10,79.070000,79.769997,77.660004,78.339996,78.339996,614900
2021-02-11,78.110001,80.000000,77.739998,78.989998,78.989998,556500
2021-02-12,79.190002,79.709999,75.540001,76.540001,76.540001,366900
2021-02-16,77.419998,77.720001,72.480003,72.910004,72.910004,437100
2021-02-17,70.559998,72.730003,70.199997,72.339996,72.339996,482500
2021-02-18,71.250000,73.669998,70.870003,73.019997,73.019997,347000
2021-02-19,72.680000,73.500000,71.879997,72.489998,72.489998,191700
2021-02-22,71.830002,72.519997,70.570000,72.199997,72.199997,255200
2021-02-23,69.500000,72.120003,69.500000,71.809998,71.809998,396500
2021-02-24,71.379997,72.269997,70.199997,71.910004,71.910004,265300
2021-02-25,72.120003,72.699997,69.750000,69.800003,69.800003,242100
2021-02-26,69.540001,70.150002,68.000000,68.820000,68.820000,289800
2021-03-01,70.000000,70.730003,69.440002,70.419998,70.419998,306000
2021-03-02,70.010002,70.669998,68.860001,70.529999,70.529999,358200
2021-03-03,70.970001,71.930000,69.370003,70.150002,70.150002,291700
2021-03-04,70.139999,70.480003,67.739998,68.089996,68.089996,377900
2021-03-05,68.900002,69.370003,66.349998,69.279999,69.279999,401000
2021-03-08,69.470001,70.910004,68.830002,70.449997,70.449997,230800
2021-03-09,72.809998,72.809998,69.919998,70.040001,70.040001,363300
2021-03-10,70.730003,72.779999,70.419998,72.309998,72.309998,379000
2021-03-11,73.000000,74.150002,72.440002,73.860001,73.860001,245700
2021-03-12,73.440002,74.339996,72.849998,73.820000,73.820000,302100
2021-03-15,73.769997,74.230003,73.120003,73.860001,73.860001,318800
2021-03-16,73.879997,74.160004,70.019997,71.760002,71.760002,188300
2021-03-17,72.180000,72.830002,71.010002,72.540001,72.540001,284700
2021-03-18,72.180000,72.739998,68.370003,68.660004,68.660004,372400
2021-03-19,68.169998,71.660004,66.779999,70.870003,70.870003,1126800
2021-03-22,71.320000,72.320000,69.919998,72.029999,72.029999,440300
2021-03-23,71.519997,72.440002,70.000000,70.400002,70.400002,291500
2021-03-24,70.919998,71.290001,68.690002,68.889999,68.889999,284200
2021-03-25,68.050003,70.489998,67.260002,70.230003,70.230003,436000
2021-03-26,70.779999,73.269997,69.519997,73.250000,73.250000,261100
2021-03-29,73.139999,74.349998,70.129997,70.139999,70.139999,280600
2021-03-30,69.779999,70.449997,68.720001,70.190002,70.190002,271700
2021-03-31,69.580002,71.790001,69.580002,71.080002,71.080002,278600
2021-04-01,71.349998,72.370003,70.650002,71.230003,71.230003,245100
2021-04-05,72.150002,72.230003,70.790001,72.089996,72.089996,152000
2021-04-06,71.809998,72.540001,71.599998,72.019997,72.019997,171800
2021-04-07,71.980003,72.430000,70.410004,70.559998,70.559998,166800
2021-04-08,71.250000,72.279999,70.349998,72.220001,72.220001,239300
2021-04-09,71.720001,72.370003,71.000000,71.970001,71.970001,150800
2021-04-12,71.930000,72.639999,71.199997,71.550003,71.550003,260800
2021-04-13,71.230003,73.080002,69.699997,70.559998,70.559998,300200
2021-04-14,70.930000,72.199997,70.470001,70.610001,70.610001,162400
2021-04-15,70.959999,71.790001,67.910004,70.570000,70.570000,150600
2021-04-16,71.120003,71.970001,70.440002,71.750000,71.750000,172700
2021-04-19,71.690002,71.820000,70.050003,70.699997,70.699997,197100
2021-04-20,70.320000,71.370003,68.959999,69.309998,69.309998,221000
2021-04-21,69.089996,70.760002,68.629997,70.489998,70.489998,244000
2021-04-22,70.529999,71.540001,69.889999,70.419998,70.419998,345800
2021-04-23,70.669998,71.690002,70.129997,70.839996,70.839996,230300
2021-04-26,71.160004,73.260002,71.160004,72.540001,72.540001,351900
2021-04-27,73.019997,73.250000,71.720001,72.040001,72.040001,270900
2021-04-28,72.099998,75.089996,71.489998,74.680000,74.680000,462400
2021-04-29,75.000000,75.000000,69.360001,70.879997,70.879997,470000
2021-04-30,70.180000,71.230003,69.669998,71.120003,71.120003,350500
2021-05-03,70.790001,71.029999,68.489998,68.720001,68.720001,436100
2021-05-04,67.070000,68.989998,65.029999,67.059998,67.059998,556200
2021-05-05,66.500000,67.290001,65.699997,65.980003,65.980003,362400
2021-05-06,65.500000,67.199997,64.349998,67.110001,67.110001,268000
2021-05-07,67.199997,68.139999,66.529999,67.029999,67.029999,175400
2021-05-10,66.639999,67.120003,65.910004,66.110001,66.110001,220000
2021-05-11,64.610001,67.480003,64.610001,67.480003,67.480003,306600
2021-05-12,66.550003,68.629997,65.919998,67.980003,67.980003,607100
2021-05-13,67.699997,68.930000,66.379997,68.500000,68.500000,374500
2021-05-14,68.849998,69.879997,68.709999,69.320000,69.320000,254600
2021-05-17,68.620003,69.680000,67.419998,69.669998,69.669998,327800
2021-05-18,69.889999,70.910004,67.889999,69.769997,69.769997,591100
2021-05-19,68.510002,69.199997,68.000000,69.199997,69.199997,466600
2021-05-20,69.000000,70.309998,68.529999,70.050003,70.050003,379600
2021-05-21,70.650002,70.860001,69.430000,70.410004,70.410004,327800
2021-05-24,70.410004,70.849998,69.500000,70.250000,70.250000,145400
2021-05-25,70.260002,70.639999,69.080002,69.589996,69.589996,237000
2021-05-26,70.050003,70.629997,68.970001,70.529999,70.529999,145600
2021-05-27,70.599998,71.400002,69.849998,70.440002,70.440002,297800
2021-05-28,70.699997,71.150002,70.000000,70.690002,70.690002,177000
2021-06-01,70.589996,70.940002,70.300003,70.660004,70.660004,199900
2021-06-02,70.690002,71.730003,70.440002,71.680000,71.680000,325700
2021-06-03,71.459999,72.180000,70.730003,71.580002,71.580002,210300
2021-06-04,73.180000,73.330002,71.220001,73.330002,73.330002,193900
2021-06-07,73.000000,74.099998,72.309998,72.599998,72.599998,263900
2021-06-08,72.599998,75.599998,72.599998,75.320000,75.320000,254000
2021-06-09,75.570000,76.629997,74.209999,74.379997,74.379997,226600
2021-06-10,74.320000,75.970001,74.139999,75.629997,75.629997,165800
2021-06-11,76.000000,76.500000,75.349998,76.500000,76.500000,127800
2021-06-14,76.820000,77.019997,75.820000,76.360001,76.360001,217500
2021-06-15,76.059998,76.610001,75.410004,75.620003,75.620003,191700
2021-06-16,75.699997,76.959999,75.129997,76.430000,76.430000,195700
2021-06-17,76.379997,77.690002,75.739998,77.339996,77.339996,176200
2021-06-18,76.870003,77.269997,75.099998,75.860001,75.860001,932500
2021-06-21,76.209999,77.580002,75.750000,77.410004,77.410004,203900
2021-06-22,77.070000,77.919998,76.570000,77.830002,77.830002,166500
2021-06-23,78.000000,78.849998,77.419998,78.129997,78.129997,226700
2021-06-24,78.690002,79.139999,78.430000,78.980003,78.980003,130500
2021-06-25,79.089996,79.570000,78.750000,79.019997,79.019997,659700
2021-06-28,79.400002,79.989998,78.379997,78.790001,78.790001,207100
2021-06-29,78.290001,79.160004,77.550003,77.599998,77.599998,105000
2021-06-30,77.510002,77.510002,76.489998,76.570000,76.570000,159500
2021-07-01,77.019997,77.150002,76.349998,77.050003,77.050003,179200
2021-07-02,77.279999,77.919998,76.860001,76.980003,76.980003,100600
2021-07-06,77.160004,77.599998,75.470001,76.400002,76.400002,132500
2021-07-07,76.660004,77.269997,75.580002,75.949997,75.949997,111200
2021-07-08,74.809998,75.239998,73.930000,74.480003,74.480003,159300
2021-07-09,74.940002,75.650002,73.959999,75.349998,75.349998,143100
2021-07-12,75.239998,76.190002,73.260002,74.080002,74.080002,206300
2021-07-13,74.080002,74.279999,72.620003,72.739998,72.739998,145400
2021-07-14,73.070000,73.089996,71.639999,71.949997,71.949997,149800
2021-07-15,71.809998,72.139999,70.400002,71.099998,71.099998,137100
2021-07-16,71.779999,72.269997,70.699997,70.779999,70.779999,194400
2021-07-19,69.730003,70.839996,68.900002,69.839996,69.839996,193300
2021-07-20,70.160004,71.629997,69.889999,71.019997,71.019997,324200
2021-07-21,71.519997,72.129997,70.739998,71.730003,71.730003,280200
2021-07-22,71.610001,72.309998,70.110001,70.300003,70.300003,154800
2021-07-23,70.820000,72.269997,69.739998,71.690002,71.690002,147200
2021-07-26,72.070000,72.650002,71.309998,72.419998,72.419998,143300
2021-07-27,72.010002,72.010002,69.279999,70.320000,70.320000,179500
2021-07-28,70.889999,72.029999,70.500000,71.620003,71.620003,106600
2021-07-29,71.820000,72.800003,71.820000,71.849998,71.849998,90800
2021-07-30,71.389999,72.820000,71.000000,71.330002,71.330002,146300
2021-08-02,71.720001,72.339996,69.199997,70.790001,70.790001,185100
2021-08-03,70.930000,71.389999,69.459999,70.989998,70.989998,184500
2021-08-04,71.339996,71.540001,69.250000,70.070000,70.070000,150000
2021-08-05,70.489998,71.529999,70.010002,71.139999,71.139999,173400
2021-08-06,71.379997,72.720001,70.860001,72.650002,72.650002,254000
2021-08-09,72.779999,73.190002,70.220001,70.330002,70.330002,343100
2021-08-10,70.339996,70.339996,68.580002,69.510002,69.510002,121900
2021-08-11,69.860001,70.830002,69.449997,70.690002,70.690002,158600
2021-08-12,70.489998,70.739998,68.550003,68.839996,68.839996,243000
2021-08-13,68.639999,68.970001,68.059998,68.540001,68.540001,101400
2021-08-16,68.260002,68.260002,67.129997,67.440002,67.440002,107200
2021-08-17,67.379997,67.379997,64.930000,65.709999,65.709999,210200
2021-08-18,65.419998,65.709999,63.099998,63.150002,63.150002,397100
2021-08-19,62.560001,65.370003,61.200001,65.260002,65.260002,931100
2021-08-20,65.250000,66.709999,65.160004,66.050003,66.050003,208600
2021-08-23,66.330002,67.769997,66.059998,67.459999,67.459999,166200
2021-08-24,68.139999,68.559998,67.029999,68.410004,68.410004,148700
2021-08-25,68.959999,69.029999,68.099998,68.269997,68.269997,154800
2021-08-26,67.970001,69.230003,67.820000,68.120003,68.120003,147900
2021-08-27,67.940002,70.309998,67.940002,69.809998,69.809998,235600
2021-08-30,70.309998,70.309998,69.269997,69.489998,69.489998,162300