Date,Open,High,Low,Close,Adj Close,Volume
2021-01-04,93.849998,94.339996,88.980003,90.879997,90.387566,229300
2021-01-05,90.809998,93.360001,90.809998,92.230003,91.730263,160200
2021-01-06,93.290001,97.540001,92.680000,97.199997,96.673325,267800
2021-01-07,97.220001,101.889999,96.070000,101.870003,101.318024,264600
2021-01-08,102.540001,105.220001,102.139999,104.820000,104.252029,269800
2021-01-11,103.489998,104.680000,102.690002,104.070000,103.506104,170600
2021-01-12,104.059998,106.150002,104.059998,105.940002,105.365967,140000
2021-01-13,105.720001,108.139999,105.720001,106.589996,106.012444,175800
2021-01-14,106.870003,109.190002,106.660004,106.750000,106.171577,245000
2021-01-15,105.290001,105.820000,97.930000,98.419998,97.886711,306100
2021-01-19,99.370003,101.800003,99.370003,100.849998,100.303551,310600
2021-01-20,101.139999,103.389999,97.150002,98.669998,98.135361,240800
2021-01-21,98.820000,99.040001,95.070000,96.980003,96.454521,248500
2021-01-22,96.550003,100.080002,96.550003,100.080002,99.537720,212100
2021-01-25,99.970001,103.059998,99.250000,102.129997,101.576614,366100
2021-01-26,102.320000,103.550003,100.980003,101.209999,100.661591,205300
2021-01-27,98.879997,103.080002,97.820000,99.860001,99.318916,283300
2021-01-28,101.150002,101.620003,96.650002,96.650002,96.126305,280400
2021-01-29,96.379997,98.410004,91.239998,91.709999,91.213074,1013800
2021-02-01,91.959999,94.230003,90.000000,94.040001,93.530441,254000
2021-02-02,95.260002,97.559998,94.550003,97.129997,96.603699,199900
2021-02-03,96.519997,96.730003,94.910004,96.250000,95.728477,151700
2021-02-04,97.099998,99.129997,96.519997,99.050003,98.513306,146900
2021-02-05,100.169998,100.570000,97.459999,99.669998,99.129936,108600
2021-02-08,100.339996,105.139999,100.110001,105.050003,104.480789,227600
2021-02-09,105.080002,107.120003,103.470001,106.550003,105.972664,206000
2021-02-10,107.449997,108.089996,102.570000,103.769997,103.207726,286700
2021-02-11,104.599998,106.430000,104.080002,106.120003,105.544998,143900
2021-02-12,105.790001,107.480003,103.519997,107.480003,106.897629,112100
2021-02-16,107.980003,108.349998,105.739998,106.500000,105.922935,123000
2021-02-17,105.209999,106.110001,103.510002,105.099998,104.530518,153900
2021-02-18,104.680000,106.180000,103.330002,104.889999,104.321655,80700
2021-02-19,105.540001,106.830002,103.379997,106.000000,105.425636,116000
2021-02-22,105.180000,106.580002,104.870003,106.339996,105.763794,132800
2021-02-23,104.169998,105.599998,102.099998,105.029999,104.460892,131100
2021-02-24,105.629997,109.690002,105.029999,109.550003,108.956413,255100
2021-02-25,108.730003,109.449997,106.510002,106.510002,106.107224,147100
2021-02-26,107.349998,109.760002,105.110001,108.589996,108.179344,293800
2021-03-01,109.809998,111.769997,105.540001,105.639999,105.240509,290000
2021-03-02,105.830002,105.830002,103.160004,104.150002,103.756149,143500
2021-03-03,105.269997,105.419998,101.970001,102.120003,101.733826,190900
2021-03-04,101.320000,101.529999,97.360001,97.870003,97.499901,214300
2021-03-05,99.779999,100.589996,96.089996,100.370003,99.990440,204800
2021-03-08,100.540001,102.500000,99.040001,100.480003,100.100029,141400
2021-03-09,102.089996,104.639999,101.529999,102.540001,102.152229,153500
2021-03-10,102.860001,104.110001,102.540001,103.519997,103.128525,101200
2021-03-11,105.099998,105.389999,103.839996,104.139999,103.746178,153200
2021-03-12,103.849998,105.250000,103.709999,104.629997,104.234322,107900
2021-03-15,104.360001,104.360001,100.470001,102.349998,101.962944,208600
2021-03-16,102.699997,102.699997,99.800003,100.110001,99.731430,179300
2021-03-17,99.730003,100.400002,97.660004,99.889999,99.512253,201500
2021-03-18,98.910004,100.339996,96.209999,96.760002,96.394089,154600
2021-03-19,96.570000,97.330002,94.629997,94.980003,94.620827,835100
2021-03-22,95.260002,96.419998,93.059998,95.000000,94.640747,273800
2021-03-23,94.510002,95.989998,93.040001,93.750000,93.395470,217100
2021-03-24,94.650002,95.699997,92.879997,92.989998,92.638344,202100
2021-03-25,92.059998,95.019997,91.779999,94.680000,94.321953,143600
2021-03-26,95.510002,96.099998,94.360001,96.080002,95.716667,192000
2021-03-29,95.629997,96.690002,92.440002,92.580002,92.229904,248600
2021-03-30,92.529999,94.610001,91.169998,94.220001,93.863701,207800
2021-03-31,94.470001,96.180000,93.070000,93.070000,92.718040,295700
2021-04-01,93.949997,96.379997,93.949997,95.930000,95.567230,175500
2021-04-05,96.599998,97.849998,95.540001,96.910004,96.543526,127100
2021-04-06,97.459999,98.610001,97.300003,98.230003,97.858536,138100
2021-04-07,97.860001,98.010002,95.800003,96.519997,96.154999,262700
2021-04-08,97.110001,97.339996,93.769997,94.620003,94.262184,194600
2021-04-09,95.040001,96.269997,94.379997,95.360001,94.999390,144300
2021-04-12,95.070000,95.820000,94.199997,94.800003,94.441505,134100
2021-04-13,94.529999,95.000000,93.279999,94.500000,94.142639,119200
2021-04-14,95.150002,96.779999,95.010002,95.150002,94.790184,122200
2021-04-15,95.989998,96.680000,94.790001,95.879997,95.517418,80200
2021-04-16,96.309998,96.959999,95.489998,95.849998,95.487534,143300
2021-04-19,95.550003,96.760002,93.739998,96.610001,96.244659,172500
2021-04-20,92.339996,94.449997,90.010002,90.570000,90.227501,314800
2021-04-21,91.019997,95.510002,90.949997,94.790001,94.431541,169100
2021-04-22,95.550003,96.220001,94.540001,95.629997,95.268364,128300
2021-04-23,96.029999,98.300003,95.620003,97.540001,97.171143,150300
2021-04-26,98.559998,99.449997,95.769997,96.209999,95.846176,151800
2021-04-27,96.199997,96.879997,94.580002,95.589996,95.228516,157800
2021-04-28,95.040001,96.129997,94.790001,94.910004,94.551086,118000
2021-04-29,95.489998,95.489998,93.320000,93.849998,93.495094,95300
2021-04-30,93.260002,94.320000,92.480003,93.389999,93.036835,363500
2021-05-03,94.110001,94.220001,91.699997,92.400002,92.050575,205100
2021-05-04,91.779999,92.980003,90.989998,92.730003,92.379341,133900
2021-05-05,93.050003,94.050003,91.120003,91.889999,91.542503,282700
2021-05-06,91.550003,92.610001,91.089996,91.750000,91.403038,208900
2021-05-07,92.029999,92.800003,91.279999,91.870003,91.522583,218200
2021-05-10,91.720001,92.440002,90.779999,91.309998,90.964699,202400
2021-05-11,89.779999,93.419998,89.540001,92.550003,92.200012,336300
2021-05-12,91.559998,92.040001,89.290001,89.919998,89.579956,163900
2021-05-13,90.330002,92.910004,90.330002,92.279999,91.931030,127300
2021-05-14,93.489998,93.989998,92.879997,93.629997,93.275925,109500
2021-05-17,93.330002,95.470001,92.519997,94.830002,94.471390,146500
2021-05-18,94.809998,95.529999,92.720001,92.730003,92.379341,104400
2021-05-19,91.550003,92.660004,90.639999,92.410004,92.060547,65800
2021-05-20,92.489998,93.360001,92.190002,93.010002,92.658272,96000
2021-05-21,93.930000,94.930000,92.599998,92.599998,92.249825,97300
2021-05-24,92.900002,93.540001,92.320000,92.610001,92.259781,63500
2021-05-25,92.790001,93.919998,92.480003,93.370003,93.016914,142900
2021-05-26,93.660004,95.410004,93.660004,94.860001,94.501282,124900
2021-05-27,95.389999,96.459999,94.910004,95.489998,95.309746,173700
2021-05-28,95.760002,96.820000,95.550003,95.570000,95.389595,90000
2021-06-01,95.750000,96.690002,94.370003,95.660004,95.479431,207300
2021-06-02,96.070000,96.699997,95.089996,95.400002,95.219917,368300
2021-06-03,95.129997,95.129997,92.070000,92.430000,92.255524,177700
2021-06-04,92.790001,94.510002,92.529999,93.480003,93.303543,80900
2021-06-07,93.440002,94.150002,93.029999,94.070000,93.892426,145100
2021-06-08,94.620003,94.919998,93.129997,94.199997,94.022179,147100
2021-06-09,94.790001,95.739998,93.190002,93.449997,93.273590,114200
2021-06-10,93.690002,93.750000,92.989998,93.339996,93.163803,55600
2021-06-11,93.860001,94.540001,93.449997,94.540001,94.361542,48500
2021-06-14,94.760002,95.169998,94.389999,94.669998,94.491295,84600
2021-06-15,95.040001,95.220001,94.150002,95.089996,94.910500,288300
2021-06-16,94.970001,96.639999,94.599998,96.449997,96.267929,103900
2021-06-17,96.360001,96.500000,94.739998,95.110001,94.930466,105700
2021-06-18,93.230003,94.339996,92.220001,92.349998,92.175674,257600
2021-06-21,92.639999,95.440002,92.370003,94.790001,94.611069,117800
2021-06-22,94.580002,95.790001,93.260002,95.660004,95.479431,92700
2021-06-23,95.680000,96.500000,94.680000,94.930000,94.750801,108200
2021-06-24,95.440002,95.790001,94.800003,95.510002,95.329712,72400
2021-06-25,95.510002,96.650002,95.510002,95.959999,95.778854,313600
2021-06-28,96.000000,98.389999,95.750000,98.110001,97.924797,125200
2021-06-29,98.510002,100.010002,98.000000,99.260002,99.072632,116900
2021-06-30,98.800003,99.059998,97.199997,98.120003,97.934784,118300
2021-07-01,98.889999,98.940002,98.070000,98.669998,98.483742,90400
2021-07-02,99.239998,99.239998,97.489998,98.300003,98.114441,69500
2021-07-06,98.889999,100.330002,97.669998,100.029999,99.841171,139500
2021-07-07,100.099998,100.480003,98.919998,99.440002,99.252289,111800
2021-07-08,97.879997,99.879997,97.540001,98.800003,98.613503,67400
2021-07-09,99.690002,100.660004,99.120003,100.089996,99.901062,71300
2021-07-12,99.769997,100.940002,99.599998,100.779999,100.589760,76200
2021-07-13,100.629997,100.980003,98.800003,98.889999,98.703323,80500
2021-07-14,99.250000,99.540001,97.800003,98.160004,97.974709,66300
2021-07-15,97.839996,98.339996,96.480003,97.750000,97.565483,91900
2021-07-16,98.910004,98.910004,96.029999,96.169998,95.988457,110900
2021-07-19,94.809998,95.669998,93.879997,94.220001,94.042145,128300
2021-07-20,96.440002,102.000000,94.570000,100.529999,100.340233,241200
2021-07-21,100.660004,101.070000,97.440002,98.589996,98.403893,149800
2021-07-22,98.830002,98.830002,97.290001,97.720001,97.535538,78600
2021-07-23,98.360001,100.070000,97.440002,99.739998,99.551720,71700
2021-07-26,100.349998,100.980003,99.309998,99.809998,99.621590,86700
2021-07-27,98.639999,98.750000,96.599998,98.150002,97.964729,73700
2021-07-28,98.150002,99.620003,97.389999,98.629997,98.443817,60900
2021-07-29,99.589996,100.419998,98.699997,100.000000,99.811234,76800
2021-07-30,99.760002,101.139999,99.760002,101.029999,100.839287,138900
2021-08-02,102.269997,103.250000,99.889999,99.980003,99.791275,112200
2021-08-03,100.190002,102.519997,99.800003,101.910004,101.717628,107100
2021-08-04,100.690002,102.139999,100.330002,100.629997,100.440041,72400
2021-08-05,100.650002,101.139999,99.889999,100.989998,100.799362,60400
2021-08-06,101.029999,102.690002,101.029999,102.500000,102.306511,93600
2021-08-09,102.820000,102.820000,101.339996,101.769997,101.577888,68700
2021-08-10,102.269997,102.400002,100.989998,101.760002,101.567909,134700
2021-08-11,102.480003,103.860001,101.410004,103.849998,103.653961,76500
2021-08-12,104.410004,104.720001,103.400002,104.620003,104.422516,73300
2021-08-13,104.699997,104.980003,104.099998,104.519997,104.322693,56900
2021-08-16,104.470001,106.050003,103.230003,106.050003,105.849815,75700
2021-08-17,105.019997,106.010002,103.260002,103.290001,103.095024,91300
2021-08-18,103.099998,104.000000,101.580002,101.790001,101.597855,98800
2021-08-19,100.989998,102.190002,100.989998,101.919998,101.727608,91300
2021-08-20,102.599998,105.230003,101.940002,104.650002,104.452454,151600
2021-08-23,105.169998,107.260002,105.169998,106.830002,106.628342,86000
2021-08-24,107.199997,107.279999,104.779999,106.940002,106.738136,95000
2021-08-25,106.930000,107.629997,105.839996,105.949997,105.750000,68600
2021-08-26,105.459999,105.580002,104.669998,104.830002,104.830002,40100
2021-08-27,105.050003,107.970001,105.050003,107.180000,107.180000,133600
2021-08-30,107.269997,107.910004,106.120003,107.110001,107.110001,87700