Date,Open,High,Low,Close,Adj Close,Volume
2021-01-04,19.680000,19.754999,19.230000,19.260000,18.794085,309200
2021-01-05,19.120001,19.320000,19.120001,19.260000,18.794085,234000
2021-01-06,19.389999,19.440001,19.110001,19.309999,18.842875,419400
2021-01-07,19.299999,19.340000,18.549999,18.780001,18.325697,200100
2021-01-08,18.680000,18.959999,18.520000,18.830000,18.374487,172000
2021-01-11,18.639999,19.180000,18.594999,18.770000,18.315939,231100
2021-01-12,18.770000,18.930000,18.650000,18.760000,18.306181,204000
2021-01-13,18.760000,18.910000,18.520000,18.790001,18.335455,259300
2021-01-14,18.950001,18.950001,18.410000,18.440001,17.993921,178600
2021-01-15,18.299999,18.733000,18.200001,18.580000,18.130535,305900
2021-01-19,18.580000,18.584999,18.049999,18.090000,17.652390,215200
2021-01-20,18.120001,18.495001,18.080000,18.280001,17.837791,164400
2021-01-21,18.230000,18.469999,18.090000,18.400000,17.954889,136100
2021-01-22,18.230000,18.240000,18.049999,18.160000,17.720695,303000
2021-01-25,18.459999,19.000000,18.459999,18.750000,18.296421,477200
2021-01-26,19.040001,19.170000,18.340000,18.530001,18.081743,252900
2021-01-27,18.360001,18.520000,18.000000,18.160000,17.720695,391900
2021-01-28,18.270000,18.520000,18.070000,18.379999,17.935373,297900
2021-01-29,18.270000,18.340000,17.990000,18.030001,17.593840,228500
2021-02-01,18.030001,18.389999,17.950001,18.260000,17.818275,264600
2021-02-02,18.389999,18.440001,18.030001,18.350000,17.906097,219100
2021-02-03,18.240000,18.350000,18.110001,18.299999,17.857307,267200
2021-02-04,18.139999,18.620001,18.120001,18.350000,17.906097,288100
2021-02-05,18.309999,18.424999,18.209999,18.320000,17.876823,252300
2021-02-08,18.299999,18.385000,18.049999,18.200001,17.759727,224100
2021-02-09,18.209999,18.299999,18.129999,18.240000,17.798758,163400
2021-02-10,18.320000,18.570000,18.190001,18.410000,17.964647,370000
2021-02-11,18.430000,18.740000,18.309999,18.559999,18.111019,480500
2021-02-12,18.450001,19.014999,18.295000,18.940001,18.481827,401100
2021-02-16,18.910000,18.940001,18.389999,18.610001,18.159809,471700
2021-02-17,18.510000,18.820000,18.270000,18.700001,18.247633,231800
2021-02-18,18.700001,18.879999,18.580000,18.730000,18.276905,576100
2021-02-19,18.639999,19.049999,18.559999,19.030001,18.569651,397600
2021-02-22,18.920000,19.030001,18.480000,18.740000,18.286665,353300
2021-02-23,18.840000,19.230000,18.559999,19.150000,18.686745,216300
2021-02-24,19.280001,19.730000,18.760000,18.889999,18.433033,442100
2021-02-25,19.080000,19.490000,18.260000,18.500000,18.052469,357500
2021-02-26,18.500000,18.500000,18.090000,18.090000,17.652390,221000
2021-03-01,18.309999,19.049999,18.309999,18.660000,18.208599,389400
2021-03-02,18.559999,18.790001,18.059999,18.350000,17.906097,382200
2021-03-03,18.370001,18.660000,18.299999,18.320000,17.876823,147700
2021-03-04,18.250000,18.405001,18.090000,18.240000,17.798758,437600
2021-03-05,18.450001,18.450001,17.809999,18.170000,17.730452,358800
2021-03-08,18.180000,18.450001,17.780001,17.820000,17.388920,428100
2021-03-09,17.889999,18.170000,17.719999,17.820000,17.388920,258600
2021-03-10,17.799999,18.260000,17.780001,18.170000,17.730452,142300
2021-03-11,18.170000,18.250000,17.840000,18.190001,17.749969,455200
2021-03-12,18.280001,18.340000,18.000000,18.250000,17.808517,614500
2021-03-15,18.150000,18.629999,17.980000,18.549999,18.101259,504100
2021-03-16,18.700001,18.969999,18.490000,18.590000,18.140293,478000
2021-03-17,18.559999,18.559999,18.270000,18.350000,17.906097,696500
2021-03-18,18.320000,18.660000,18.184999,18.400000,17.954889,910200
2021-03-19,18.340000,18.844999,18.219999,18.639999,18.189081,1313800
2021-03-22,18.670000,18.680000,17.950001,18.180000,17.740211,1110900
2021-03-23,18.100000,18.290001,17.900000,18.010000,17.574324,957900
2021-03-24,17.900000,18.549999,17.900000,18.490000,18.042711,970000
2021-03-25,18.490000,18.490000,18.070000,18.209999,17.769484,872200
2021-03-26,18.160000,18.510000,18.120001,18.490000,18.042711,695900
2021-03-29,18.440001,18.520000,18.309999,18.450001,18.003681,515000
2021-03-30,18.100000,18.309999,18.030001,18.180000,17.983896,706000
2021-03-31,18.200001,18.350000,18.049999,18.299999,18.102600,499100
2021-04-01,18.340000,18.400000,18.120001,18.400000,18.201523,620700
2021-04-05,18.400000,18.750000,18.370001,18.620001,18.419149,637800
2021-04-06,18.620001,18.850000,18.520000,18.799999,18.597206,1092400
2021-04-07,18.799999,18.870001,18.540001,18.770000,18.567532,426800
2021-04-08,18.840000,18.920000,18.510000,18.610001,18.409258,458800
2021-04-09,18.620001,18.750000,18.490000,18.570000,18.369688,556900
2021-04-12,18.500000,18.650000,18.410000,18.650000,18.448826,405000
2021-04-13,18.700001,18.940001,18.600000,18.920000,18.715914,432400
2021-04-14,18.920000,19.000000,18.730000,18.830000,18.626884,881400
2021-04-15,18.719999,18.910000,18.610001,18.889999,18.686235,964500
2021-04-16,18.860001,19.459999,18.740000,19.219999,19.012676,1243600
2021-04-19,19.190001,19.420000,19.010000,19.309999,19.101706,1137800
2021-04-20,19.230000,19.610001,19.230000,19.299999,19.091814,817400
2021-04-21,19.250000,19.510000,19.120001,19.440001,19.230305,650500
2021-04-22,19.469999,19.580000,19.379999,19.459999,19.250088,629200
2021-04-23,19.549999,19.605000,19.430000,19.559999,19.349009,685800
2021-04-26,19.500000,19.719999,19.500000,19.549999,19.339117,683400
2021-04-27,19.520000,19.670000,19.450001,19.549999,19.339117,652600
2021-04-28,19.610001,19.700001,19.549999,19.559999,19.349009,788200
2021-04-29,19.660000,20.469999,19.600000,20.360001,20.140381,3280400
2021-04-30,20.340000,20.555000,19.950001,20.180000,19.962322,1832100
2021-05-03,20.350000,20.580000,20.000000,20.209999,19.991997,1052600
2021-05-04,20.190001,20.680000,20.080000,20.290001,20.071136,1052200
2021-05-05,20.350000,20.459999,20.049999,20.100000,19.883184,1225600
2021-05-06,20.070000,20.139999,19.870001,20.049999,19.833723,705300
2021-05-07,19.930000,20.450001,19.930000,20.260000,20.041458,943100
2021-05-10,20.280001,20.424999,20.270000,20.350000,20.130487,494400
2021-05-11,20.180000,20.370001,19.900000,20.270000,20.051352,679800
2021-05-12,20.209999,20.695000,20.150000,20.280001,20.061243,2241500
2021-05-13,20.280001,20.580000,20.120001,20.420000,20.199734,1520700
2021-05-14,20.500000,20.790001,20.475000,20.590000,20.367899,1125100
2021-05-17,20.549999,20.950001,20.459999,20.879999,20.654770,1176500
2021-05-18,20.950001,21.430000,20.719999,21.200001,20.971319,1484700
2021-05-19,21.080000,21.139999,20.915001,21.080000,20.852613,956700
2021-05-20,21.120001,21.680000,21.020000,21.350000,21.119701,2288600
2021-05-21,21.410000,21.590000,21.260000,21.469999,21.238405,1592700
2021-05-24,21.610001,22.080000,21.570000,21.830000,21.594522,2591700
2021-05-25,21.879999,22.320000,21.799999,21.990000,21.752798,2702000
2021-05-26,22.090000,22.190001,21.730000,21.990000,21.752798,2264700
2021-05-27,22.090000,22.090000,21.389999,21.790001,21.554956,12416900
2021-05-28,21.730000,22.000000,21.639999,21.840000,21.604416,1527000
2021-06-01,21.900000,22.924999,21.900000,22.850000,22.603521,2263100
2021-06-02,22.799999,23.320000,22.260000,23.110001,22.860718,2366200
2021-06-03,23.150000,24.075001,22.959999,23.549999,23.295969,4165500
2021-06-04,23.610001,23.910000,23.230000,23.900000,23.642195,2115900
2021-06-07,24.000000,24.500000,23.983000,24.139999,23.879604,2608600
2021-06-08,24.150000,24.660000,24.000000,24.370001,24.107126,2042800
2021-06-09,24.360001,24.940001,24.200001,24.610001,24.344536,1937400
2021-06-10,24.639999,25.190001,24.610001,24.840000,24.572056,2443100
2021-06-11,24.889999,25.559999,24.700001,25.170000,24.898495,2597900
2021-06-14,25.280001,26.850000,25.190001,25.850000,25.571161,4819600
2021-06-15,25.459999,25.705000,24.740000,24.790001,24.522594,3896800
2021-06-16,24.870001,25.910000,24.549999,24.969999,24.700653,5632400
2021-06-17,24.639999,25.480000,24.309999,24.330000,24.067556,6423300
2021-06-18,24.350000,25.389999,24.100000,24.850000,24.581947,22823300
2021-06-21,24.980000,25.230000,24.780001,24.940001,24.670977,4126500
2021-06-22,24.299999,24.760000,23.600000,23.719999,23.464136,4305500
2021-06-23,23.830000,24.219999,23.469999,24.049999,23.790575,2032900
2021-06-24,22.940001,23.500000,22.920000,23.480000,23.226725,7391500
2021-06-25,23.549999,23.840000,23.320000,23.469999,23.216833,18697100
2021-06-28,23.490000,23.680000,23.025000,23.639999,23.384998,2481600
2021-06-29,23.510000,23.770000,23.170000,23.270000,23.270000,1551800
2021-06-30,23.360001,24.510000,22.799999,23.410000,23.410000,1684500
2021-07-01,23.540001,23.725000,23.299999,23.629999,23.629999,1443700
2021-07-02,23.740000,24.205000,23.655001,24.070000,24.070000,1358500
2021-07-06,24.070000,24.290001,23.820000,24.240000,24.240000,1306200
2021-07-07,24.230000,24.420000,24.080000,24.230000,24.230000,837300
2021-07-08,24.120001,24.400000,23.600000,24.219999,24.219999,807200
2021-07-09,24.389999,24.459999,23.980000,24.450001,24.450001,1171700
2021-07-12,24.410000,24.764999,24.340000,24.629999,24.629999,922400
2021-07-13,24.570000,24.690001,24.040001,24.129999,24.129999,638900
2021-07-14,24.059999,24.490000,23.930000,24.420000,24.420000,786200
2021-07-15,24.459999,24.629999,24.375000,24.580000,24.580000,508800
2021-07-16,24.730000,24.870001,24.530001,24.600000,24.600000,709500
2021-07-19,24.330000,24.549999,24.080000,24.389999,24.389999,1067300
2021-07-20,24.580000,25.320000,24.355000,25.250000,25.250000,1498000
2021-07-21,25.250000,25.680000,25.059999,25.180000,25.180000,919500
2021-07-22,25.170000,25.205000,24.750000,24.900000,24.900000,571700
2021-07-23,25.030001,25.270000,24.850000,25.270000,25.270000,682000
2021-07-26,25.410000,25.650000,25.100000,25.389999,25.389999,548100
2021-07-27,25.370001,25.790001,25.315001,25.639999,25.639999,1189700
2021-07-28,25.709999,25.820000,25.440001,25.580000,25.580000,653100
2021-07-29,25.799999,25.990000,25.559999,25.629999,25.629999,614300
2021-07-30,25.690001,26.340000,25.690001,26.020000,26.020000,1882800
2021-08-02,26.160000,26.420000,25.420000,25.530001,25.530001,796200
2021-08-03,25.620001,25.910000,25.469999,25.910000,25.910000,973800
2021-08-04,25.629999,26.434999,25.629999,26.320000,26.320000,889900
2021-08-05,26.490000,26.850000,26.430000,26.830000,26.830000,815700
2021-08-06,26.900000,27.209999,26.760000,26.820000,26.820000,781000
2021-08-09,26.780001,27.129999,26.639999,27.040001,27.040001,635300
2021-08-10,27.000000,27.320000,26.680000,26.690001,26.690001,1000200
2021-08-11,26.690001,26.820000,26.344999,26.389999,26.389999,906200
2021-08-12,26.465000,26.465000,26.030001,26.299999,26.299999,683300
2021-08-13,26.340000,27.000000,26.340000,26.920000,26.920000,565200
2021-08-16,26.870001,27.020000,26.590000,26.709999,26.709999,620600
2021-08-17,26.549999,26.590000,26.195000,26.340000,26.340000,742400
2021-08-18,26.309999,26.430000,25.790001,25.860001,25.860001,1110600
2021-08-19,25.660000,26.260000,25.530001,25.910000,25.910000,601800
2021-08-20,26.000000,26.660000,25.799999,26.330000,26.330000,751800
2021-08-23,26.510000,27.000000,26.504999,26.559999,26.559999,1238500
2021-08-24,25.900000,26.600000,25.840000,26.540001,26.540001,1210700
2021-08-25,26.629999,26.980000,26.379999,26.650000,26.650000,1045800
2021-08-26,26.770000,26.990000,26.570000,26.610001,26.610001,529700
2021-08-27,26.570000,27.000000,26.570000,26.719999,26.719999,795700
2021-08-30,26.850000,27.000000,26.570000,27.000000,27.000000,614600