Date,Open,High,Low,Close,Adj Close,Volume
2021-01-04,18.049999,18.129999,17.565001,17.809999,17.809999,2071100
2021-01-05,17.780001,18.030001,17.719999,17.990000,17.990000,1378600
2021-01-06,17.820000,18.000000,17.701000,17.870001,17.870001,2393600
2021-01-07,17.889999,18.500000,17.760000,18.450001,18.450001,2122900
2021-01-08,18.559999,18.920000,18.360001,18.590000,18.590000,1337800
2021-01-11,17.410000,17.870001,17.174999,17.790001,17.790001,4931000
2021-01-12,17.889999,18.000000,17.400000,17.500000,17.500000,5399700
2021-01-13,17.570000,17.665001,17.270000,17.370001,17.370001,2565700
2021-01-14,17.450001,18.127001,17.420000,18.000000,18.000000,3488600
2021-01-15,18.139999,18.610001,17.830000,18.000000,18.000000,2471900
2021-01-19,18.129999,18.180000,17.459999,17.900000,17.900000,3208900
2021-01-20,18.000000,18.110001,17.709999,17.920000,17.920000,1643600
2021-01-21,18.000000,18.000000,17.680000,17.680000,17.680000,1245900
2021-01-22,17.740000,17.889999,17.549999,17.860001,17.860001,1762100
2021-01-25,17.350000,17.740000,17.260000,17.559999,17.559999,2131700
2021-01-26,17.580000,17.770000,17.334999,17.760000,17.760000,1893600
2021-01-27,17.530001,19.799999,17.350000,18.930000,18.930000,6964400
2021-01-28,18.730000,18.860001,17.910000,17.959999,17.959999,3879900
2021-01-29,18.040001,18.100000,17.330000,17.340000,17.340000,2162200
2021-02-01,17.549999,17.719999,17.235001,17.620001,17.620001,1480600
2021-02-02,17.700001,18.299999,17.610001,18.260000,18.260000,1825700
2021-02-03,18.690001,18.805000,18.219999,18.410000,18.410000,3820300
2021-02-04,18.600000,18.690001,18.209999,18.500000,18.500000,2097900
2021-02-05,18.549999,18.600000,18.059999,18.129999,18.129999,2464800
2021-02-08,18.219999,18.495001,18.100000,18.200001,18.200001,1899800
2021-02-09,18.230000,18.540001,18.100000,18.150000,18.150000,2354000
2021-02-10,18.250000,18.870001,18.020000,18.830000,18.830000,2132000
2021-02-11,18.900000,19.420000,18.629999,19.180000,19.180000,2285700
2021-02-12,19.200001,19.230000,18.905001,19.090000,19.090000,1315200
2021-02-16,19.150000,19.500000,18.190001,18.629999,18.629999,3211100
2021-02-17,18.450001,18.830000,18.209999,18.700001,18.700001,2087200
2021-02-18,18.500000,18.750000,18.090000,18.660000,18.660000,2452100
2021-02-19,18.719999,18.980000,18.500000,18.520000,18.520000,3784800
2021-02-22,18.270000,18.549999,17.559999,17.610001,17.610001,3094000
2021-02-23,17.340000,19.430000,16.850000,19.299999,19.299999,11211000
2021-02-24,19.280001,19.389999,18.680000,19.139999,19.139999,2776400
2021-02-25,19.110001,19.240000,18.370001,18.530001,18.530001,2340100
2021-02-26,18.559999,18.780001,18.010000,18.350000,18.350000,2527000
2021-03-01,18.610001,19.100000,18.379999,18.980000,18.980000,2103600
2021-03-02,19.090000,19.100000,18.600000,18.750000,18.750000,4034800
2021-03-03,19.000000,19.950001,18.601000,18.670000,18.670000,5539700
2021-03-04,18.740000,18.910000,17.760000,18.209999,18.209999,3682600
2021-03-05,18.360001,18.610001,17.629999,18.559999,18.559999,3212500
2021-03-08,18.530001,19.100000,18.430000,18.870001,18.870001,3654300
2021-03-09,19.110001,21.417999,19.100000,21.270000,21.270000,7052800
2021-03-10,21.160000,21.830000,20.680000,21.110001,21.110001,5660700
2021-03-11,21.200001,22.680000,21.200001,22.400000,22.400000,4797000
2021-03-12,22.080000,23.120001,21.920000,22.930000,22.930000,4418400
2021-03-15,23.000000,23.030001,21.780001,21.969999,21.969999,3181500
2021-03-16,22.129999,22.309999,21.610001,21.770000,21.770000,1915800
2021-03-17,21.639999,22.065001,21.299999,22.020000,22.020000,1869000
2021-03-18,21.650000,22.070000,21.010000,21.100000,21.100000,3356400
2021-03-19,21.230000,22.955000,21.200001,22.570000,22.570000,5859000
2021-03-22,22.450001,26.469999,22.090000,23.650000,23.650000,22905900
2021-03-23,23.959999,24.215000,23.299999,23.680000,23.680000,6954900
2021-03-24,23.600000,24.090000,22.945000,22.990000,22.990000,5377700
2021-03-25,22.670000,23.559999,22.270000,23.370001,23.370001,3680700
2021-03-26,23.389999,23.488001,22.620001,23.250000,23.250000,2256100
2021-03-29,23.309999,23.650000,23.011999,23.400000,23.400000,2936400
2021-03-30,23.350000,23.670000,22.850000,23.030001,23.030001,3249500
2021-03-31,23.400000,23.590000,22.959999,22.959999,22.959999,3104600
2021-04-01,23.299999,24.150999,23.299999,23.990000,23.990000,3113400
2021-04-05,24.000000,24.760000,23.660000,24.480000,24.480000,3365500
2021-04-06,24.389999,24.740000,24.075001,24.110001,24.110001,1789500
2021-04-07,24.070000,24.325001,23.809999,24.270000,24.270000,1895000
2021-04-08,21.850000,22.610001,21.160000,22.000000,22.000000,17892300
2021-04-09,22.000000,22.270000,21.635000,21.700001,21.700001,5498300
2021-04-12,21.680000,21.840000,21.469999,21.549999,21.549999,2703000
2021-04-13,21.510000,21.690001,21.160000,21.209999,21.209999,3050200
2021-04-14,21.469999,22.040001,21.309999,21.740000,21.740000,2732500
2021-04-15,21.860001,21.860001,21.180000,21.639999,21.639999,2459400
2021-04-16,21.799999,21.860001,21.459999,21.549999,21.549999,2047600
2021-04-19,21.500000,21.790001,21.219999,21.430000,21.430000,1808600
2021-04-20,21.500000,21.870001,21.430000,21.809999,21.809999,3363600
2021-04-21,21.740000,22.075001,21.580000,22.000000,22.000000,2901400
2021-04-22,21.990000,22.309999,21.879999,21.900000,21.900000,2068200
2021-04-23,21.920000,22.209999,21.780001,22.090000,22.090000,1498300
2021-04-26,22.180000,22.370001,22.020000,22.209999,22.209999,1782900
2021-04-27,22.260000,22.379999,21.965000,22.100000,22.100000,1612900
2021-04-28,22.100000,22.190001,21.930000,22.090000,22.090000,1868900
2021-04-29,22.170000,22.170000,21.514999,21.610001,21.610001,2130300
2021-04-30,21.510000,21.559999,21.090000,21.299999,21.299999,2214500
2021-05-03,21.520000,21.559999,20.950001,21.040001,21.040001,3607100
2021-05-04,20.980000,21.030001,20.360001,21.010000,21.010000,2752700
2021-05-05,21.160000,21.290001,20.709999,20.889999,20.889999,1749000
2021-05-06,20.799999,20.941999,20.375000,20.740000,20.740000,2081700
2021-05-07,20.959999,21.459999,20.959999,21.160000,21.160000,1453900
2021-05-10,21.049999,22.620001,20.830000,22.440001,22.440001,6330400
2021-05-11,21.820000,22.900000,21.549999,22.780001,22.780001,4116100
2021-05-12,22.420000,22.750000,21.900000,21.940001,21.940001,3413700
2021-05-13,22.219999,22.879999,22.155001,22.610001,22.610001,5297300
2021-05-14,22.750000,23.400000,22.549999,23.309999,23.309999,2402200
2021-05-17,23.170000,23.629999,23.010000,23.559999,23.559999,1992800
2021-05-18,23.719999,23.861000,23.400000,23.400000,23.400000,1716600
2021-05-19,23.090000,23.370001,22.930000,23.180000,23.180000,1470400
2021-05-20,23.370001,23.580000,23.170000,23.330000,23.330000,1592000
2021-05-21,23.480000,23.620001,23.209999,23.240000,23.240000,1581200
2021-05-24,23.280001,23.658001,23.100000,23.350000,23.350000,2016200
2021-05-25,23.330000,23.549999,22.830000,22.860001,22.860001,1705700
2021-05-26,23.000000,23.305000,22.889999,23.170000,23.170000,1051900
2021-05-27,23.100000,23.209000,22.750000,22.870001,22.870001,2013000
2021-05-28,22.889999,23.600000,22.500000,23.309999,23.309999,3532000
2021-06-01,23.400000,24.344999,23.260000,23.969999,23.969999,3866500
2021-06-02,24.150000,24.830000,23.650000,24.530001,24.530001,4000400
2021-06-03,24.290001,24.719999,24.180000,24.719999,24.719999,1819600
2021-06-04,24.889999,25.225000,24.830000,25.160000,25.160000,2324600
2021-06-07,25.200001,25.360001,24.805000,24.830000,24.830000,2689600
2021-06-08,24.830000,25.200001,24.830000,24.920000,24.920000,2420400
2021-06-09,24.940001,25.129999,24.514999,24.629999,24.629999,1691300
2021-06-10,24.600000,25.180000,24.530001,25.040001,25.040001,1833300
2021-06-11,24.969999,25.200001,24.905001,25.000000,25.000000,2008000
2021-06-14,25.070000,25.420000,24.879999,25.129999,25.129999,2552000
2021-06-15,25.110001,25.230000,24.945000,25.200001,25.200001,2112100
2021-06-16,25.209999,25.448999,24.790001,25.139999,25.139999,3216500
2021-06-17,25.030001,25.389999,24.639999,24.980000,24.980000,2461000
2021-06-18,24.969999,25.280001,24.840000,24.990000,24.990000,3999800
2021-06-21,24.930000,25.094999,24.639999,24.950001,24.950001,2017500
2021-06-22,24.910000,25.200001,24.760000,25.200001,25.200001,1464300
2021-06-23,25.150000,25.535000,25.065001,25.209999,25.209999,2361500
2021-06-24,25.299999,25.440001,25.205000,25.240000,25.240000,3693800
2021-06-25,25.309999,25.330000,25.020000,25.209999,25.209999,4553800
2021-06-28,25.260000,26.000000,25.230000,26.000000,26.000000,6493400
2021-06-29,26.049999,26.070000,25.450001,25.629999,25.629999,4632200
2021-06-30,26.020000,26.770000,25.514999,25.549999,25.549999,5177600
2021-07-01,25.490000,26.780001,25.469999,26.650000,26.650000,3308400
2021-07-02,26.750000,27.407000,26.690001,26.940001,26.940001,2394400
2021-07-06,26.850000,26.850000,25.990000,26.340000,26.340000,2551900
2021-07-07,26.500000,26.580000,25.510000,25.610001,25.610001,2452200
2021-07-08,25.150000,25.370001,24.820000,25.120001,25.120001,1551700
2021-07-09,25.110001,25.180000,24.760000,25.090000,25.090000,1399300
2021-07-12,25.299999,25.330000,24.520000,24.719999,24.719999,2861600
2021-07-13,24.570000,24.745001,24.150000,24.190001,24.190001,1845300
2021-07-14,24.299999,24.660000,23.809999,23.840000,23.840000,2058200
2021-07-15,23.770000,23.945000,23.350000,23.459999,23.459999,2253000
2021-07-16,23.670000,23.790001,23.325001,23.469999,23.469999,1230300
2021-07-19,23.260000,23.570000,22.459999,22.969999,22.969999,4899500
2021-07-20,23.129999,23.965000,23.049999,23.740000,23.740000,3719600
2021-07-21,23.469999,23.590000,22.709999,23.110001,23.110001,2978700
2021-07-22,23.190001,23.565001,23.139999,23.299999,23.299999,1601300
2021-07-23,23.410000,24.100000,23.330000,24.059999,24.059999,2537000
2021-07-26,24.129999,24.280001,23.190001,23.280001,23.280001,4439200
2021-07-27,23.230000,23.650000,23.000000,23.420000,23.420000,1571100
2021-07-28,23.629999,23.799999,23.389999,23.469999,23.469999,2157900
2021-07-29,23.400000,24.485001,23.280001,24.330000,24.330000,2908800
2021-07-30,24.240000,24.389999,23.830000,23.920000,23.920000,1482800
2021-08-02,24.110001,24.610001,23.820000,24.400000,24.400000,2053000
2021-08-03,24.450001,24.610001,24.309999,24.530001,24.530001,1348400
2021-08-04,24.600000,24.780001,24.250000,24.389999,24.389999,1582300
2021-08-05,24.410000,24.705000,24.290001,24.620001,24.620001,979500
2021-08-06,24.670000,25.070000,24.570000,24.770000,24.770000,1087500
2021-08-09,24.740000,25.334999,24.740000,25.049999,25.049999,1722800
2021-08-10,25.100000,25.459999,24.969999,25.049999,25.049999,1621400
2021-08-11,25.049999,25.260000,24.879999,25.260000,25.260000,893400
2021-08-12,25.350000,26.290001,25.250000,26.200001,26.200001,2134600
2021-08-13,26.250000,26.480000,26.010000,26.379999,26.379999,1464300
2021-08-16,26.250000,26.379999,25.290001,25.320000,25.320000,1632500
2021-08-17,25.100000,25.379999,24.290001,24.510000,24.510000,2220000
2021-08-18,24.620001,25.520000,24.600000,25.040001,25.040001,1438200
2021-08-19,24.930000,25.000000,24.549999,24.629999,24.629999,1413100
2021-08-20,24.600000,24.879999,24.559999,24.870001,24.870001,2047800
2021-08-23,25.110001,25.520000,25.020000,25.209999,25.209999,2147300
2021-08-24,25.209999,26.250000,25.209999,25.870001,25.870001,2380100
2021-08-25,25.879999,26.150000,25.559999,25.639999,25.639999,2381500
2021-08-26,24.360001,25.469999,22.940001,25.139999,25.139999,3452600
2021-08-27,24.920000,25.905001,24.575001,25.850000,25.850000,2045500
2021-08-30,25.820000,25.850000,25.480000,25.610001,25.610001,1594400