Date,Open,High,Low,Close,Adj Close,Volume
2021-01-04,112.150002,113.470001,102.489998,104.570000,104.570000,912600
2021-01-05,104.120003,107.918999,101.779999,102.230003,102.230003,597700
2021-01-06,101.519997,104.919998,98.830002,104.779999,104.779999,558200
2021-01-07,104.269997,107.260002,102.629997,106.839996,106.839996,543800
2021-01-08,106.849998,108.699997,104.080002,108.279999,108.279999,588500
2021-01-11,105.730003,108.753998,100.010002,107.000000,107.000000,447300
2021-01-12,109.000000,111.029999,105.989998,107.220001,107.220001,411900
2021-01-13,107.220001,108.440002,103.680000,103.970001,103.970001,359800
2021-01-14,103.980003,106.379997,101.519997,102.510002,102.510002,440900
2021-01-15,102.010002,103.000000,100.570000,100.989998,100.989998,294000
2021-01-19,101.400002,102.785004,100.339996,102.349998,102.349998,340200
2021-01-20,102.709999,104.430000,101.599998,104.220001,104.220001,287200
2021-01-21,104.220001,105.739998,99.820000,99.860001,99.860001,385600
2021-01-22,99.910004,101.930000,98.360001,101.360001,101.360001,344600
2021-01-25,101.580002,103.839996,100.800003,102.900002,102.900002,370500
2021-01-26,103.620003,104.000000,96.540001,96.910004,96.910004,300100
2021-01-27,94.820000,94.995003,90.379997,90.709999,90.709999,487000
2021-01-28,91.709999,98.169998,91.709999,97.230003,97.230003,598700
2021-01-29,96.400002,99.440002,94.760002,96.750000,96.750000,536100
2021-02-01,97.540001,98.800003,95.000000,98.570000,98.570000,530100
2021-02-02,100.290001,103.239998,99.589996,100.349998,100.349998,468600
2021-02-03,100.190002,100.300003,95.550003,96.349998,96.349998,399800
2021-02-04,96.150002,98.980003,95.489998,98.970001,98.970001,215500
2021-02-05,99.589996,102.489998,98.695000,102.000000,102.000000,335800
2021-02-08,103.000000,107.099998,101.059998,105.449997,105.449997,484200
2021-02-09,105.279999,106.940002,102.889999,103.190002,103.190002,295300
2021-02-10,103.010002,103.745003,98.230003,99.379997,99.379997,427000
2021-02-11,100.580002,102.040001,98.180000,100.309998,100.309998,398400
2021-02-12,100.449997,100.599998,96.224998,96.970001,96.970001,287400
2021-02-16,97.059998,97.882004,93.050003,93.199997,93.199997,426200
2021-02-17,90.470001,102.669998,90.410004,100.250000,100.250000,787300
2021-02-18,99.400002,99.400002,96.000000,96.739998,96.739998,338800
2021-02-19,96.809998,101.519997,96.610001,100.309998,100.309998,482900
2021-02-22,99.750000,100.000000,96.849998,97.959999,97.959999,352700
2021-02-23,96.349998,99.919998,94.040001,97.449997,97.449997,441800
2021-02-24,97.169998,98.959999,94.949997,97.790001,97.790001,303000
2021-02-25,97.739998,98.710999,94.830002,96.089996,96.089996,342000
2021-02-26,96.900002,99.169998,94.029999,98.220001,98.220001,455600
2021-03-01,99.400002,101.463997,98.110001,100.129997,100.129997,305900
2021-03-02,98.449997,100.430000,97.894997,98.790001,98.790001,324200
2021-03-03,98.449997,99.654999,92.519997,93.019997,93.019997,412600
2021-03-04,86.610001,93.815002,86.610001,92.010002,92.010002,1291700
2021-03-05,93.510002,96.160004,89.050003,95.930000,95.930000,765700
2021-03-08,95.000000,96.464996,91.599998,92.070000,92.070000,627300
2021-03-09,94.230003,99.919998,94.230003,97.110001,97.110001,407000
2021-03-10,97.709999,98.535004,93.949997,96.019997,96.019997,328300
2021-03-11,97.279999,105.790001,96.489998,105.449997,105.449997,515300
2021-03-12,104.529999,107.889999,103.800003,107.360001,107.360001,355200
2021-03-15,106.870003,108.110001,104.029999,105.769997,105.769997,603500
2021-03-16,105.419998,106.160004,102.839996,103.510002,103.510002,320400
2021-03-17,104.120003,106.120003,103.514999,105.180000,105.180000,467600
2021-03-18,104.580002,104.949997,98.540001,98.790001,98.790001,363500
2021-03-19,98.970001,104.959999,98.080002,104.650002,104.650002,927900
2021-03-22,105.199997,105.830002,103.800003,104.989998,104.989998,315100
2021-03-23,103.500000,104.000000,98.349998,98.860001,98.860001,332400
2021-03-24,99.739998,99.739998,94.519997,94.709999,94.709999,324900
2021-03-25,94.230003,96.669998,91.500000,96.309998,96.309998,321300
2021-03-26,97.070000,99.000000,94.099998,96.669998,96.669998,197000
2021-03-29,96.010002,96.150002,91.275002,92.010002,92.010002,423400
2021-03-30,92.000000,93.550003,89.279999,93.269997,93.269997,559800
2021-03-31,93.489998,97.620003,93.489998,97.230003,97.230003,428000
2021-04-01,98.129997,99.000000,96.389999,97.949997,97.949997,254800
2021-04-05,98.930000,99.620003,96.230003,99.610001,99.610001,213100
2021-04-06,98.830002,99.610001,96.599998,97.019997,97.019997,301000
2021-04-07,96.209999,96.525002,92.785004,93.000000,93.000000,315100
2021-04-08,94.320000,96.239998,92.980003,94.080002,94.080002,360600
2021-04-09,94.320000,94.510002,91.879997,94.160004,94.160004,211700
2021-04-12,95.269997,95.625000,92.360001,92.610001,92.610001,455200
2021-04-13,93.120003,96.080002,91.110001,93.080002,93.080002,365500
2021-04-14,93.419998,99.320000,93.419998,96.860001,96.860001,528600
2021-04-15,96.709999,98.290001,95.660004,95.949997,95.949997,223700
2021-04-16,97.059998,97.059998,92.260002,95.199997,95.199997,292800
2021-04-19,94.620003,95.555000,92.394997,93.809998,93.809998,302800
2021-04-20,94.160004,95.470001,91.430000,92.580002,92.580002,565700
2021-04-21,92.709999,95.209999,91.650002,94.900002,94.900002,463400
2021-04-22,95.160004,96.400002,92.839996,94.400002,94.400002,259100
2021-04-23,94.879997,97.680000,93.959999,97.000000,97.000000,274800
2021-04-26,98.000000,101.459999,96.470001,101.000000,101.000000,310900
2021-04-27,101.330002,101.330002,98.190002,99.199997,99.199997,257200
2021-04-28,99.029999,99.580002,97.190002,97.260002,97.260002,265900
2021-04-29,101.129997,101.779999,95.809998,98.870003,98.870003,254800
2021-04-30,97.190002,99.849998,95.860001,96.320000,96.320000,270400
2021-05-03,97.889999,98.349998,95.760002,96.080002,96.080002,197900
2021-05-04,94.680000,94.680000,90.889999,91.070000,91.070000,332000
2021-05-05,91.120003,93.105003,89.813004,90.949997,90.949997,192400
2021-05-06,90.709999,93.320000,89.839996,93.180000,93.180000,361100
2021-05-07,93.820000,95.879997,93.040001,94.930000,94.930000,251300
2021-05-10,94.050003,95.250000,91.540001,92.209999,92.209999,345700
2021-05-11,88.900002,96.150002,88.303001,93.739998,93.739998,453100
2021-05-12,92.269997,94.250000,91.629997,91.650002,91.650002,352700
2021-05-13,92.230003,93.510002,90.059998,92.800003,92.800003,254600
2021-05-14,93.639999,97.820000,92.120003,96.449997,96.449997,322400
2021-05-17,95.000000,96.949997,93.264999,93.879997,93.879997,272700
2021-05-18,94.599998,97.000000,93.129997,93.540001,93.540001,330900
2021-05-19,92.260002,93.540001,91.050003,91.669998,91.669998,237800
2021-05-20,91.809998,95.480003,91.220001,95.430000,95.430000,252600
2021-05-21,96.500000,97.309998,94.986000,96.419998,96.419998,432900
2021-05-24,97.279999,97.279999,94.410004,94.790001,94.790001,229100
2021-05-25,95.709999,96.519997,94.445000,95.400002,95.400002,238900
2021-05-26,96.080002,97.290001,95.000000,96.320000,96.320000,197000
2021-05-27,96.900002,97.260002,92.919998,93.360001,93.360001,426000
2021-05-28,94.129997,96.014999,91.209999,91.349998,91.349998,555400
2021-06-01,91.669998,92.099998,89.089996,89.160004,89.160004,336200
2021-06-02,89.029999,89.750000,86.339996,87.129997,87.129997,719200
2021-06-03,86.690002,87.059998,85.415001,86.099998,86.099998,273100
2021-06-04,87.269997,87.339996,84.449997,84.720001,84.720001,421200
2021-06-07,84.989998,85.779999,83.989998,84.750000,84.750000,1863400
2021-06-08,85.330002,86.220001,83.019997,85.430000,85.430000,557900
2021-06-09,86.309998,86.980003,82.760002,82.970001,82.970001,543600
2021-06-10,83.000000,84.440002,82.177002,84.110001,84.110001,1651800
2021-06-11,85.300003,87.209999,84.000000,86.900002,86.900002,650900
2021-06-14,87.250000,91.730003,86.139999,86.290001,86.290001,550200
2021-06-15,86.419998,86.850998,83.779999,84.269997,84.269997,329300
2021-06-16,84.519997,87.889999,80.570000,85.559998,85.559998,1924900
2021-06-17,84.870003,87.980003,83.029999,83.529999,83.529999,1391700
2021-06-18,83.260002,83.660004,81.379997,82.790001,82.790001,1169700
2021-06-21,82.589996,83.794998,81.910004,82.779999,82.779999,1403900
2021-06-22,82.949997,83.779999,81.699997,83.000000,83.000000,1187600
2021-06-23,82.559998,84.739998,82.559998,83.690002,83.690002,290700
2021-06-24,84.050003,84.949997,82.709999,84.800003,84.800003,656100
2021-06-25,85.410004,93.040001,84.209999,90.820000,90.820000,1719200
2021-06-28,90.830002,91.540001,87.949997,88.339996,88.339996,816300
2021-06-29,88.300003,88.529999,86.739998,87.580002,87.580002,725700
2021-06-30,87.370003,88.794998,86.949997,87.959999,87.959999,344800
2021-07-01,87.959999,88.550003,87.010002,87.660004,87.660004,668300
2021-07-02,87.849998,88.050003,85.595001,86.029999,86.029999,743500
2021-07-06,86.379997,86.580002,85.250000,85.809998,85.809998,446300
2021-07-07,85.599998,86.459999,84.000000,85.110001,85.110001,511500
2021-07-08,83.410004,85.820000,83.150002,85.379997,85.379997,337500
2021-07-09,85.870003,86.930000,85.169998,85.970001,85.970001,190500
2021-07-12,85.790001,85.830002,83.559998,83.639999,83.639999,267800
2021-07-13,82.989998,83.699997,82.099998,82.660004,82.660004,295200
2021-07-14,83.080002,83.080002,80.879997,80.980003,80.980003,312500
2021-07-15,80.699997,81.529999,79.540001,81.279999,81.279999,286400
2021-07-16,81.730003,83.419998,81.320000,82.949997,82.949997,377000
2021-07-19,82.199997,84.760002,81.500000,84.699997,84.699997,748600
2021-07-20,84.045998,86.180000,83.779999,85.970001,85.970001,1079100
2021-07-21,85.290001,86.000000,83.459999,85.599998,85.599998,490700
2021-07-22,84.879997,86.339996,84.010002,85.400002,85.400002,320200
2021-07-23,85.150002,85.250000,84.010002,84.550003,84.550003,422400
2021-07-26,83.860001,85.320000,81.650002,81.930000,81.930000,498500
2021-07-27,81.830002,82.302002,79.074997,81.699997,81.699997,443500
2021-07-28,82.510002,83.379997,80.550003,82.910004,82.910004,460600
2021-07-29,82.010002,86.110001,80.625000,84.739998,84.739998,515800
2021-07-30,84.830002,88.099998,84.830002,87.870003,87.870003,394300
2021-08-02,87.239998,89.400002,86.320000,86.980003,86.980003,768500
2021-08-03,87.320000,87.339996,85.760002,85.989998,85.989998,407700
2021-08-04,85.849998,87.980003,85.250000,86.989998,86.989998,361600
2021-08-05,87.510002,90.574997,86.690002,89.680000,89.680000,353800
2021-08-06,89.669998,95.669998,88.870003,95.489998,95.489998,751600
2021-08-09,95.160004,96.500000,93.910004,94.500000,94.500000,544100
2021-08-10,94.820000,94.820000,92.139999,94.480003,94.480003,377400
2021-08-11,94.480003,95.309998,92.629997,95.220001,95.220001,232600
2021-08-12,95.570000,95.760002,93.050003,94.680000,94.680000,266500
2021-08-13,95.220001,95.430000,94.110001,94.519997,94.519997,283200
2021-08-16,93.989998,93.989998,92.209999,92.970001,92.970001,253800
2021-08-17,91.930000,94.417999,91.195000,94.250000,94.250000,237200
2021-08-18,94.889999,95.239998,93.239998,93.449997,93.449997,238700
2021-08-19,93.059998,93.650002,91.690002,91.839996,91.839996,273100
2021-08-20,91.660004,94.779999,91.660004,93.830002,93.830002,297900
2021-08-23,94.709999,96.785004,94.709999,96.129997,96.129997,472600
2021-08-24,96.580002,96.970001,93.360001,94.809998,94.809998,246100
2021-08-25,94.860001,95.169998,93.000000,93.849998,93.849998,363500
2021-08-26,94.309998,94.760002,92.120003,92.660004,92.660004,272800
2021-08-27,93.239998,95.970001,92.599998,93.769997,93.769997,306900
2021-08-30,94.269997,95.160004,93.269997,94.050003,94.050003,471900