Date,Open,High,Low,Close,Adj Close,Volume
2021-01-04,27.549999,27.570000,26.020000,26.160000,25.173979,1999100
2021-01-05,26.190001,26.670000,25.820000,25.940001,24.962271,1251000
2021-01-06,26.490000,27.580000,26.240000,27.070000,26.049679,1407100
2021-01-07,27.070000,27.120001,26.240000,26.670000,25.664755,1091600
2021-01-08,26.799999,26.799999,26.040001,26.459999,25.462669,970400
2021-01-11,26.350000,26.719999,26.150000,26.290001,25.299080,954100
2021-01-12,26.389999,26.879999,26.290001,26.770000,25.760986,482100
2021-01-13,26.670000,26.990000,26.370001,26.469999,25.472292,672900
2021-01-14,26.520000,26.950001,26.309999,26.930000,25.914957,1148700
2021-01-15,26.910000,26.930000,26.459999,26.660000,25.655132,822100
2021-01-19,27.020000,27.290001,26.690001,26.940001,25.924580,825400
2021-01-20,26.950001,27.780001,26.760000,27.190001,26.165157,793000
2021-01-21,27.000000,27.389999,26.900000,27.129999,26.107416,551900
2021-01-22,26.900000,27.530001,26.760000,27.469999,26.434601,963800
2021-01-25,27.290001,27.520000,26.889999,27.389999,26.357616,991300
2021-01-26,27.600000,27.629999,27.190001,27.280001,26.251764,576500
2021-01-27,27.000000,27.629999,26.820000,27.110001,26.088171,1118600
2021-01-28,27.490000,27.680000,27.200001,27.360001,26.328749,809000
2021-01-29,27.190001,27.459999,26.379999,26.660000,25.655132,1383000
2021-02-01,26.770000,27.430000,26.520000,27.360001,26.328749,812400
2021-02-02,27.530001,27.879999,27.170000,27.730000,26.684801,914900
2021-02-03,27.610001,27.820000,27.120001,27.260000,26.232517,1017400
2021-02-04,27.379999,28.000000,27.299999,27.959999,26.906132,1215500
2021-02-05,28.160000,28.650000,28.020000,28.400000,27.329548,1014600
2021-02-08,28.900000,29.139999,28.450001,29.139999,28.041655,1397900
2021-02-09,29.190001,29.190001,28.559999,28.809999,27.724094,1919800
2021-02-10,28.840000,29.000000,28.000000,28.320000,27.252563,1559100
2021-02-11,28.500000,28.980000,28.309999,28.719999,27.637486,933400
2021-02-12,28.639999,29.150000,28.639999,29.070000,27.974295,1094000
2021-02-16,29.120001,29.440001,29.090000,29.260000,28.157135,1084000
2021-02-17,29.200001,29.320000,28.350000,28.500000,27.425781,994200
2021-02-18,28.480000,28.500000,28.010000,28.100000,27.040855,1186700
2021-02-19,28.250000,28.809999,28.250000,28.580000,27.502764,930300
2021-02-22,28.500000,28.900000,28.290001,28.799999,27.714470,919800
2021-02-23,28.950001,28.980000,28.240000,28.750000,27.666355,946300
2021-02-24,28.980000,29.990000,28.719999,29.910000,28.782635,1826800
2021-02-25,30.000000,30.860001,28.600000,28.740000,27.656733,1705400
2021-02-26,28.870001,29.650000,28.610001,29.200001,28.099396,1355700
2021-03-01,30.059999,30.799999,29.840000,30.209999,29.071325,1334500
2021-03-02,30.070000,30.510000,29.900000,30.180000,29.042458,1144200
2021-03-03,30.190001,31.400000,30.170000,30.879999,29.716072,1508100
2021-03-04,30.850000,30.879999,29.620001,30.129999,28.994341,1649000
2021-03-05,30.500000,30.840000,29.370001,30.750000,29.590973,1445700
2021-03-08,31.000000,31.580000,30.830000,31.209999,30.033634,1214000
2021-03-09,31.240000,31.299999,30.540001,30.790001,29.629465,721500
2021-03-10,30.870001,31.820000,30.750000,31.650000,30.457050,900600
2021-03-11,31.730000,32.380001,31.330000,31.790001,30.591774,1040400
2021-03-12,31.900000,32.330002,31.750000,32.110001,30.899712,1035600
2021-03-15,32.139999,32.490002,31.930000,32.470001,31.246143,743500
2021-03-16,32.290001,32.500000,31.809999,32.060001,30.851597,774000
2021-03-17,32.150002,32.549999,31.879999,32.549999,31.323128,672100
2021-03-18,32.500000,32.650002,31.400000,31.540001,30.351198,987600
2021-03-19,31.639999,32.090000,31.000000,31.600000,30.408936,1691200
2021-03-22,31.500000,31.500000,31.040001,31.309999,30.129864,913600
2021-03-23,31.020000,31.290001,30.610001,30.799999,29.639086,855200
2021-03-24,31.160000,31.900000,31.110001,31.200001,30.024014,1156500
2021-03-25,31.120001,31.950001,30.639999,31.760000,30.562902,1175200
2021-03-26,32.000000,32.290001,31.690001,32.240002,31.024815,863400
2021-03-29,32.000000,32.700001,31.910000,31.910000,30.707251,1397200
2021-03-30,31.410000,31.530001,31.170000,31.379999,30.795572,1274900
2021-03-31,31.170000,31.309999,31.000000,31.000000,30.422649,1272200
2021-04-01,31.030001,31.219999,30.700001,31.209999,30.628738,1475200
2021-04-05,31.500000,31.639999,30.969999,31.410000,30.825014,862800
2021-04-06,31.299999,31.520000,31.170000,31.320000,30.736691,689400
2021-04-07,31.450001,31.459999,31.059999,31.350000,30.766132,702500
2021-04-08,31.160000,31.469999,30.969999,31.469999,30.883896,654000
2021-04-09,31.500000,31.830000,31.370001,31.830000,31.237192,622900
2021-04-12,31.830000,32.189999,31.709999,32.180000,31.580673,771300
2021-04-13,32.200001,32.450001,31.840000,32.310001,31.708254,1194200
2021-04-14,32.320000,32.889999,32.180000,32.470001,31.865274,1382400
2021-04-15,32.639999,32.650002,32.230000,32.590000,31.983038,1016600
2021-04-16,32.810001,33.009998,32.599998,32.970001,32.355961,971600
2021-04-19,33.000000,33.000000,32.279999,32.430000,31.826017,841100
2021-04-20,32.340000,32.599998,31.850000,32.209999,31.610113,975400
2021-04-21,32.169998,32.570000,31.900000,32.430000,31.826017,847900
2021-04-22,32.500000,32.669998,32.150002,32.259998,31.659182,863800
2021-04-23,32.290001,32.970001,32.160000,32.869999,32.257820,626700
2021-04-26,32.750000,32.900002,32.400002,32.599998,31.992849,986800
2021-04-27,32.599998,32.930000,32.580002,32.900002,32.287266,886900
2021-04-28,32.680000,32.830002,32.250000,32.360001,31.757322,1458100
2021-04-29,32.660000,32.919998,32.200001,32.500000,31.894714,1158600
2021-04-30,32.369999,32.529999,32.220001,32.490002,31.884901,975000
2021-05-03,32.799999,32.810001,32.090000,32.150002,31.551233,1478000
2021-05-04,32.240002,32.250000,31.549999,31.799999,31.207750,1250100
2021-05-05,31.820000,31.950001,31.350000,31.510000,30.923153,1129400
2021-05-06,31.379999,31.500000,30.920000,31.480000,30.893711,1369300
2021-05-07,31.540001,31.889999,31.360001,31.799999,31.207750,694200
2021-05-10,31.879999,32.029999,31.190001,31.209999,30.628738,700800
2021-05-11,30.799999,31.070000,30.129999,30.510000,29.941776,1226600
2021-05-12,30.440001,30.670000,29.639999,29.700001,29.146862,1288500
2021-05-13,29.750000,30.770000,29.740000,30.580000,30.010473,1091200
2021-05-14,30.840000,31.370001,30.770000,31.260000,30.677809,950300
2021-05-17,31.260000,31.700001,31.030001,31.639999,31.050730,1294800
2021-05-18,31.600000,31.830000,31.330000,31.350000,30.766132,1097500
2021-05-19,31.200001,31.520000,30.889999,31.490000,30.903524,1068200
2021-05-20,31.590000,31.870001,31.340000,31.680000,31.089987,1095900
2021-05-21,31.809999,31.830000,31.530001,31.629999,31.040916,867500
2021-05-24,31.799999,31.950001,31.480000,31.820000,31.227379,709700
2021-05-25,31.820000,32.040001,31.400000,31.420000,30.834827,795700
2021-05-26,31.420000,31.870001,31.420000,31.750000,31.158682,666700
2021-05-27,31.980000,32.090000,31.790001,31.959999,31.364771,1098000
2021-05-28,32.040001,32.080002,31.820000,32.029999,31.433466,807700
2021-06-01,32.130001,32.560001,31.969999,32.439999,31.835831,1925900
2021-06-02,32.669998,32.750000,32.459999,32.590000,31.983038,1460600
2021-06-03,32.650002,32.840000,32.279999,32.820000,32.208755,1037000
2021-06-04,32.869999,32.869999,32.369999,32.660000,32.051735,1374100
2021-06-07,32.869999,33.250000,32.669998,33.180000,32.562050,1218800
2021-06-08,33.250000,33.779999,33.160000,33.599998,32.974224,1831300
2021-06-09,33.680000,33.830002,33.470001,33.490002,32.866276,1369200
2021-06-10,33.689999,33.689999,33.130001,33.310001,32.689629,987300
2021-06-11,33.330002,33.619999,33.200001,33.610001,32.984043,541800
2021-06-14,33.630001,33.869999,33.549999,33.869999,33.239197,1077600
2021-06-15,33.799999,33.880001,33.150002,33.160000,32.542423,1622100
2021-06-16,33.070000,33.410000,32.610001,33.090000,32.473724,1201400
2021-06-17,33.090000,33.279999,32.220001,32.560001,31.953598,1317900
2021-06-18,32.230000,32.330002,31.379999,31.639999,31.050730,2608700
2021-06-21,31.889999,32.529999,31.780001,32.410000,31.806391,1057700
2021-06-22,32.200001,32.509998,31.910000,32.340000,31.737694,787500
2021-06-23,32.360001,32.630001,32.310001,32.320000,31.718065,1035500
2021-06-24,32.480000,33.060001,32.380001,33.040001,32.424656,1176500
2021-06-25,32.970001,33.570000,32.970001,33.349998,32.728882,2459900
2021-06-28,33.400002,33.439999,32.820000,33.290001,32.670002,1044400
2021-06-29,32.700001,32.740002,32.119999,32.119999,32.119999,940700
2021-06-30,32.049999,32.070000,31.830000,31.889999,31.889999,853200
2021-07-01,31.879999,32.009998,31.730000,31.740000,31.740000,1374000
2021-07-02,31.809999,31.930000,31.320000,31.469999,31.469999,952700
2021-07-06,31.430000,31.440001,30.760000,31.010000,31.010000,1150100
2021-07-07,30.820000,31.000000,30.490000,30.760000,30.760000,1138200
2021-07-08,30.379999,30.950001,29.860001,30.389999,30.389999,1637500
2021-07-09,30.590000,31.389999,30.510000,31.370001,31.370001,986200
2021-07-12,31.150000,31.709999,30.879999,31.600000,31.600000,838000
2021-07-13,31.400000,31.480000,30.809999,30.830000,30.830000,1269700
2021-07-14,30.950001,31.219999,30.549999,30.670000,30.670000,1047600
2021-07-15,30.540001,31.110001,30.389999,30.950001,30.950001,1298600
2021-07-16,31.000000,31.330000,30.709999,30.920000,30.920000,988600
2021-07-19,30.280001,30.520000,29.600000,30.010000,30.010000,1552900
2021-07-20,30.049999,31.280001,30.020000,31.049999,31.049999,1450400
2021-07-21,31.389999,31.709999,31.250000,31.270000,31.270000,948500
2021-07-22,31.570000,31.600000,31.020000,31.320000,31.320000,1247700
2021-07-23,31.400000,31.660000,31.120001,31.559999,31.559999,1037800
2021-07-26,31.660000,32.150002,31.600000,31.700001,31.700001,833500
2021-07-27,31.700001,31.730000,31.080000,31.690001,31.690001,921800
2021-07-28,31.750000,32.200001,31.420000,31.860001,31.860001,1208800
2021-07-29,32.160000,32.799999,32.070000,32.490002,32.490002,1307900
2021-07-30,32.480000,32.840000,32.279999,32.419998,32.419998,839900
2021-08-02,32.630001,33.070000,32.330002,32.400002,32.400002,1158900
2021-08-03,32.450001,32.529999,31.879999,32.500000,32.500000,893300
2021-08-04,32.200001,32.419998,31.990000,31.990000,31.990000,875100
2021-08-05,32.200001,32.610001,32.099998,32.599998,32.599998,650500
2021-08-06,32.880001,32.880001,32.349998,32.470001,32.470001,780900
2021-08-09,32.400002,32.400002,31.959999,31.959999,31.959999,689800
2021-08-10,31.959999,32.490002,31.799999,32.400002,32.400002,644400
2021-08-11,32.459999,32.560001,32.200001,32.490002,32.490002,534500
2021-08-12,32.549999,32.590000,32.209999,32.450001,32.450001,551800
2021-08-13,32.639999,32.689999,32.259998,32.570000,32.570000,649000
2021-08-16,32.410000,32.750000,32.230000,32.709999,32.709999,787900
2021-08-17,32.529999,32.590000,32.160000,32.430000,32.430000,707000
2021-08-18,32.310001,32.520000,32.099998,32.139999,32.139999,696100
2021-08-19,31.860001,31.889999,31.340000,31.590000,31.590000,902600
2021-08-20,31.520000,32.230000,31.340000,32.180000,32.180000,707100
2021-08-23,32.410000,32.500000,32.240002,32.320000,32.320000,654400
2021-08-24,32.500000,32.720001,32.349998,32.520000,32.520000,528900
2021-08-25,32.669998,32.880001,32.389999,32.689999,32.689999,593300
2021-08-26,32.750000,32.770000,32.330002,32.340000,32.340000,442000
2021-08-27,32.320000,33.000000,32.320000,32.869999,32.869999,617900
2021-08-30,32.919998,32.919998,32.599998,32.730000,32.730000,576900