Date,Open,High,Low,Close,Adj Close,Volume
2021-01-04,27.690001,27.940001,26.950001,27.590000,27.262928,403900
2021-01-05,27.660000,28.110001,27.299999,27.680000,27.351862,349800
2021-01-06,28.490000,30.320000,28.490000,29.820000,29.466492,804500
2021-01-07,30.200001,30.639999,30.020000,30.330000,29.970448,688400
2021-01-08,30.170000,30.170000,29.309999,29.870001,29.515902,535300
2021-01-11,29.549999,30.250000,29.469999,30.049999,29.693766,415500
2021-01-12,30.250000,30.680000,30.150000,30.370001,30.009974,392600
2021-01-13,30.240000,30.330000,29.809999,30.250000,29.891396,309600
2021-01-14,30.760000,30.760000,30.290001,30.469999,30.108788,409200
2021-01-15,29.690001,30.420000,29.680000,30.150000,29.792580,446100
2021-01-19,30.340000,30.500000,29.860001,30.129999,29.772818,346100
2021-01-20,30.040001,30.240000,29.719999,30.150000,29.792580,334400
2021-01-21,30.020000,30.100000,29.340000,29.510000,29.160170,270700
2021-01-22,29.110001,30.389999,29.030001,30.370001,30.009974,418300
2021-01-25,29.860001,30.280001,29.540001,30.250000,29.891396,537200
2021-01-26,30.250000,30.280001,28.840000,29.030001,28.685860,523000
2021-01-27,28.370001,28.840000,27.969999,28.080000,27.747120,403400
2021-01-28,28.680000,28.700001,28.080000,28.309999,27.974392,347400
2021-01-29,28.219999,28.459999,27.590000,27.650000,27.322218,667700
2021-02-01,27.830000,28.270000,27.389999,28.160000,27.826172,361700
2021-02-02,28.570000,28.650000,28.090000,28.469999,28.132496,391600
2021-02-03,28.280001,28.670000,27.959999,28.240000,27.905224,373100
2021-02-04,28.340000,29.120001,28.340000,28.959999,28.616688,583800
2021-02-05,29.250000,29.340000,28.510000,28.660000,28.320246,352300
2021-02-08,28.820000,29.209999,28.620001,29.190001,28.843962,264800
2021-02-09,29.160000,29.780001,28.910000,29.730000,29.377560,280500
2021-02-10,29.840000,30.100000,29.459999,29.650000,29.298508,294200
2021-02-11,29.719999,29.930000,28.990000,29.389999,29.041592,313800
2021-02-12,29.260000,29.620001,29.059999,29.340000,28.992184,173200
2021-02-16,29.680000,30.120001,29.370001,29.980000,29.624596,483600
2021-02-17,29.709999,30.049999,29.650000,29.719999,29.367678,297200
2021-02-18,29.580000,29.830000,29.340000,29.600000,29.249102,218200
2021-02-19,29.770000,30.180000,29.690001,30.110001,29.753056,268600
2021-02-22,29.969999,31.000000,29.969999,30.920000,30.553453,333800
2021-02-23,31.000000,31.840000,30.820000,31.030001,30.662149,546700
2021-02-24,31.270000,31.719999,30.889999,31.650000,31.274799,385600
2021-02-25,31.719999,31.879999,30.750000,30.770000,30.405231,271900
2021-02-26,30.580000,30.790001,30.020000,30.059999,29.703646,359800
2021-03-01,30.690001,31.170000,30.400000,31.020000,30.652269,343700
2021-03-02,31.010000,31.049999,30.450001,30.719999,30.355824,319700
2021-03-03,30.980000,32.320000,30.930000,31.870001,31.492193,501400
2021-03-04,31.799999,32.560001,31.040001,31.450001,31.077169,466200
2021-03-05,32.230000,32.580002,31.590000,32.540001,32.154251,434800
2021-03-08,32.860001,34.060001,32.639999,33.610001,33.211567,573500
2021-03-09,33.209999,34.380001,32.160000,33.779999,33.379547,1029900
2021-03-10,33.770000,34.130001,33.540001,33.840000,33.438835,622100
2021-03-11,33.619999,33.889999,33.220001,33.750000,33.349903,504500
2021-03-12,34.130001,34.980000,34.060001,34.950001,34.731205,381500
2021-03-15,34.740002,34.759998,33.830002,34.290001,34.075336,344000
2021-03-16,33.880001,33.970001,33.340000,33.910000,33.697716,298600
2021-03-17,34.299999,34.419998,33.650002,33.970001,33.757339,235300
2021-03-18,34.410000,35.590000,34.099998,34.299999,34.085270,585400
2021-03-19,34.290001,34.450001,33.380001,33.990002,33.777214,1492100
2021-03-22,33.599998,33.910000,32.779999,33.189999,32.982220,389500
2021-03-23,32.790001,33.049999,31.340000,31.639999,31.441925,439800
2021-03-24,32.070000,33.020000,31.730000,31.740000,31.541298,759300
2021-03-25,31.590000,32.669998,31.309999,32.400002,32.197170,385300
2021-03-26,32.950001,33.490002,32.689999,33.439999,33.230656,332200
2021-03-29,32.889999,33.080002,32.000000,32.240002,32.038170,505800
2021-03-30,32.520000,33.049999,32.500000,32.759998,32.554913,331400
2021-03-31,32.669998,33.169998,32.360001,32.480000,32.276665,428100
2021-04-01,32.490002,32.840000,32.230000,32.509998,32.306477,465500
2021-04-05,33.000000,33.180000,32.270000,32.580002,32.376041,309500
2021-04-06,32.580002,32.910000,32.090000,32.340000,32.137543,389800
2021-04-07,32.369999,32.560001,31.790001,31.940001,31.740047,372100
2021-04-08,31.910000,31.969999,31.180000,31.870001,31.670486,337700
2021-04-09,32.150002,32.259998,31.889999,32.259998,32.058041,349700
2021-04-12,32.380001,32.380001,30.209999,30.490000,30.299124,2376200
2021-04-13,30.100000,30.330000,29.190001,30.240000,30.050690,2042800
2021-04-14,30.330000,31.719999,30.209999,31.139999,30.945055,1891700
2021-04-15,31.209999,31.330000,30.250000,31.209999,31.014616,1303300
2021-04-16,31.780001,31.910000,30.639999,31.160000,30.964930,965300
2021-04-19,30.889999,31.120001,30.320000,30.840000,30.646933,959600
2021-04-20,30.469999,30.610001,28.940001,29.200001,29.017200,1596700
2021-04-21,29.200001,29.680000,28.950001,29.639999,29.454445,874100
2021-04-22,29.690001,29.950001,28.920000,28.930000,28.748890,1146800
2021-04-23,28.950001,30.629999,28.950001,30.379999,30.189812,1213000
2021-04-26,30.730000,30.910000,29.770000,29.850000,29.663132,936400
2021-04-27,29.920000,30.090000,29.540001,30.080000,29.891691,752500
2021-04-28,30.090000,30.280001,29.629999,29.830000,29.643255,609500
2021-04-29,30.110001,30.650000,30.090000,30.370001,30.179876,640800
2021-04-30,30.040001,30.559999,29.580000,29.590000,29.404758,1101500
2021-05-03,30.090000,30.709999,29.629999,30.350000,30.160002,1103300
2021-05-04,30.030001,30.450001,29.750000,30.299999,30.110313,1064500
2021-05-05,30.299999,30.379999,29.840000,30.240000,30.050690,935000
2021-05-06,30.389999,30.870001,29.870001,30.870001,30.676746,827200
2021-05-07,30.350000,30.879999,30.110001,30.830000,30.636995,715500
2021-05-10,31.090000,31.430000,30.240000,30.240000,30.050690,855700
2021-05-11,29.840000,30.549999,29.670000,30.240000,30.050690,722700
2021-05-12,30.600000,30.820000,29.309999,29.420000,29.235823,985100
2021-05-13,29.389999,31.160000,29.330000,31.030001,30.835745,1148700
2021-05-14,31.520000,31.809999,31.150000,31.730000,31.531361,854400
2021-05-17,31.459999,31.760000,31.219999,31.650000,31.451862,967300
2021-05-18,31.650000,31.879999,30.889999,30.930000,30.736370,606500
2021-05-19,30.540001,31.010000,29.990000,30.990000,30.795994,643100
2021-05-20,30.799999,31.030001,30.299999,30.780001,30.587309,717500
2021-05-21,31.020000,31.450001,30.900000,31.200001,31.004681,686600
2021-05-24,31.219999,31.219999,30.629999,30.660000,30.468060,657200
2021-05-25,30.690001,30.990000,29.620001,29.670000,29.484257,643500
2021-05-26,29.670000,30.120001,29.480000,30.049999,29.861877,441800
2021-05-27,30.540001,30.730000,30.230000,30.450001,30.259375,347900
2021-05-28,30.469999,30.639999,29.980000,30.580000,30.388561,785400
2021-06-01,30.910000,31.070000,30.650000,30.850000,30.656872,596300
2021-06-02,31.010000,31.059999,30.530001,30.740000,30.547560,678600
2021-06-03,30.670000,31.070000,30.650000,30.969999,30.776119,569900
2021-06-04,30.910000,31.059999,30.690001,31.000000,30.805931,529600
2021-06-07,31.030001,31.330000,30.809999,31.270000,31.074242,1023200
2021-06-08,31.100000,31.320000,30.740000,31.010000,30.815868,991500
2021-06-09,30.809999,30.870001,30.500000,30.639999,30.448185,686300
2021-06-10,31.040001,31.100000,30.090000,30.100000,29.911566,831000
2021-06-11,30.299999,30.610001,30.200001,30.350000,30.160002,820500
2021-06-14,30.280001,30.459999,29.290001,29.639999,29.639999,1312900
2021-06-15,29.629999,30.230000,29.299999,29.910000,29.910000,904200
2021-06-16,29.760000,30.420000,29.340000,30.160000,30.160000,770200
2021-06-17,30.379999,30.459999,28.580000,28.620001,28.620001,1158300
2021-06-18,28.330000,28.469999,27.590000,27.590000,27.590000,3905900
2021-06-21,28.010000,28.930000,27.940001,28.930000,28.930000,1502000
2021-06-22,28.820000,28.969999,28.320000,28.860001,28.860001,857000
2021-06-23,28.889999,29.110001,28.549999,28.549999,28.549999,796800
2021-06-24,28.700001,29.040001,28.480000,28.969999,28.969999,783900
2021-06-25,29.010000,29.480000,28.840000,29.010000,29.010000,1857900
2021-06-28,28.870001,28.870001,28.190001,28.299999,28.299999,750700
2021-06-29,28.540001,28.850000,28.170000,28.290001,28.290001,704700
2021-06-30,28.110001,28.629999,28.110001,28.330000,28.330000,641400
2021-07-01,28.600000,28.820000,28.420000,28.590000,28.590000,605400
2021-07-02,28.580000,28.580000,28.049999,28.150000,28.150000,544900
2021-07-06,28.040001,28.250000,26.969999,27.139999,27.139999,1482800
2021-07-07,26.730000,27.370001,26.549999,26.670000,26.670000,1006800
2021-07-08,26.170000,26.500000,25.850000,26.299999,26.299999,1296000
2021-07-09,26.920000,27.719999,26.740000,27.670000,27.670000,914200
2021-07-12,27.000000,27.520000,26.799999,27.450001,27.450001,540700
2021-07-13,27.280001,27.410000,26.790001,26.940001,26.940001,528100
2021-07-14,26.959999,27.440001,26.620001,26.870001,26.870001,742500
2021-07-15,26.559999,27.299999,26.420000,27.270000,27.270000,679300
2021-07-16,27.480000,27.480000,26.480000,26.540001,26.540001,565300
2021-07-19,25.820000,26.000000,25.129999,25.330000,25.330000,917900
2021-07-20,25.230000,26.510000,25.230000,25.629999,25.629999,1191600
2021-07-21,25.920000,26.430000,25.910000,26.160000,26.160000,775800
2021-07-22,26.280001,26.280001,24.920000,25.170000,25.170000,842800
2021-07-23,25.400000,25.629999,25.110001,25.400000,25.400000,507500
2021-07-26,25.469999,25.920000,25.250000,25.360001,25.360001,746500
2021-07-27,25.010000,25.629999,24.870001,25.510000,25.510000,634700
2021-07-28,25.750000,26.090000,25.290001,25.790001,25.790001,656600
2021-07-29,26.160000,26.340000,25.820000,26.080000,26.080000,614100
2021-07-30,26.020000,26.389999,25.670000,25.799999,25.799999,790200
2021-08-02,25.840000,26.580000,25.450001,25.709999,25.709999,793800
2021-08-03,25.910000,26.180000,25.260000,26.150000,26.150000,713200
2021-08-04,25.559999,26.200001,25.510000,25.770000,25.770000,768300
2021-08-05,25.969999,26.450001,25.770000,26.430000,26.430000,510400
2021-08-06,26.950001,27.629999,26.879999,27.440001,27.440001,1183000
2021-08-09,27.280001,28.020000,27.049999,27.540001,27.540001,1253700
2021-08-10,27.469999,28.360001,27.400000,28.280001,28.280001,963500
2021-08-11,28.240000,28.750000,27.959999,28.719999,28.719999,852400
2021-08-12,28.750000,28.870001,28.389999,28.570000,28.570000,757900
2021-08-13,28.629999,28.700001,28.250000,28.600000,28.600000,657600
2021-08-16,28.270000,28.809999,28.000000,28.799999,28.799999,1035200
2021-08-17,28.480000,28.770000,28.260000,28.520000,28.520000,953500
2021-08-18,28.530001,28.950001,28.240000,28.290001,28.290001,929800
2021-08-19,27.969999,28.549999,27.709999,27.980000,27.980000,1095200
2021-08-20,27.910000,28.520000,27.830000,28.420000,28.420000,593500
2021-08-23,28.580000,28.740000,28.410000,28.410000,28.410000,645700
2021-08-24,28.540001,28.700001,28.389999,28.500000,28.500000,586000
2021-08-25,28.600000,28.910000,28.520000,28.590000,28.590000,568600
2021-08-26,28.719999,28.790001,28.410000,28.459999,28.459999,1021600
2021-08-27,28.570000,29.469999,28.540001,29.440001,29.440001,822000
2021-08-30,29.480000,29.480000,28.620001,28.629999,28.629999,968400