Date,Open,High,Low,Close,Adj Close,Volume
2021-01-04,37.709999,38.130001,34.990002,35.439999,35.439999,1248300
2021-01-05,35.310001,36.939999,35.310001,36.049999,36.049999,930100
2021-01-06,36.650002,37.730000,36.250000,36.930000,36.930000,974600
2021-01-07,37.270000,38.330002,37.270000,37.630001,37.630001,1353700
2021-01-08,38.070000,38.070000,36.810001,37.349998,37.349998,1434600
2021-01-11,36.310001,39.970001,36.049999,38.980000,38.980000,1600100
2021-01-12,38.389999,39.990002,38.029999,38.770000,38.770000,901000
2021-01-13,38.580002,38.779999,37.250000,37.470001,37.470001,1332700
2021-01-14,38.130001,39.880001,38.070000,38.980000,38.980000,1040200
2021-01-15,38.509998,39.950001,37.110001,38.990002,38.990002,1405900
2021-01-19,39.590000,39.730000,37.549999,37.639999,37.639999,1225300
2021-01-20,38.090000,41.980000,37.830002,41.220001,41.220001,2336700
2021-01-21,40.509998,42.830002,40.200001,41.799999,41.799999,1185500
2021-01-22,41.150002,41.889999,40.220001,41.049999,41.049999,793800
2021-01-25,41.849998,42.750000,38.889999,41.020000,41.020000,1670000
2021-01-26,41.580002,44.970001,41.290001,44.230000,44.230000,1854300
2021-01-27,44.049999,49.939999,43.009998,43.349998,43.349998,3201000
2021-01-28,44.299999,45.619999,40.549999,41.290001,41.290001,1787700
2021-01-29,41.490002,43.000000,40.590000,41.340000,41.340000,1348400
2021-02-01,41.830002,42.790001,40.500000,42.470001,42.470001,764800
2021-02-02,42.939999,43.009998,40.250000,40.590000,40.590000,1220400
2021-02-03,40.830002,41.639999,40.200001,41.240002,41.240002,807900
2021-02-04,41.500000,43.860001,41.389999,43.779999,43.779999,884100
2021-02-05,44.310001,45.169998,43.080002,43.369999,43.369999,586800
2021-02-08,43.759998,44.299999,42.590000,43.240002,43.240002,1541400
2021-02-09,43.360001,44.580002,42.139999,43.810001,43.810001,1155000
2021-02-10,44.270000,44.369999,42.410000,43.270000,43.270000,1160700
2021-02-11,43.270000,43.849998,41.669998,42.750000,42.750000,1135700
2021-02-12,42.119999,44.790001,41.439999,44.709999,44.709999,991300
2021-02-16,45.130001,46.230000,44.290001,45.700001,45.700001,1711000
2021-02-17,46.270000,46.700001,40.250000,42.820000,42.820000,4426600
2021-02-18,42.509998,44.630001,41.770000,44.049999,44.049999,1793900
2021-02-19,44.560001,48.770000,44.560001,48.750000,48.750000,2770400
2021-02-22,48.490002,52.549999,48.299999,50.500000,50.500000,2813900
2021-02-23,50.990002,55.090000,48.270000,54.500000,54.500000,2426100
2021-02-24,54.930000,57.759998,54.360001,55.900002,55.900002,1915500
2021-02-25,54.950001,56.389999,53.250000,53.820000,53.820000,1761100
2021-02-26,53.910000,56.650002,53.090000,55.549999,55.549999,1503200
2021-03-01,58.669998,60.250000,57.810001,58.250000,58.250000,1575600
2021-03-02,57.900002,59.689999,57.540001,59.340000,59.340000,1034700
2021-03-03,60.209999,61.599998,59.189999,60.849998,60.849998,1654100
2021-03-04,60.779999,61.270000,58.310001,60.060001,60.060001,1802700
2021-03-05,61.340000,62.630001,58.340000,62.330002,62.330002,2836600
2021-03-08,62.450001,66.019997,62.450001,64.870003,64.870003,1686600
2021-03-09,65.389999,65.500000,61.230000,62.270000,62.270000,1669200
2021-03-10,62.680000,65.339996,62.139999,65.279999,65.279999,1186600
2021-03-11,65.989998,67.580002,64.660004,67.059998,67.059998,1001500
2021-03-12,67.389999,69.190002,66.209999,68.849998,68.849998,1177400
2021-03-15,68.430000,72.400002,68.180000,72.040001,72.040001,1323400
2021-03-16,68.830002,69.930000,66.050003,66.480003,66.480003,1935900
2021-03-17,66.059998,69.290001,64.400002,69.279999,69.279999,1267900
2021-03-18,69.059998,70.290001,66.919998,67.349998,67.349998,1192000
2021-03-19,66.809998,68.050003,64.709999,67.430000,67.430000,1749900
2021-03-22,67.290001,68.379997,67.099998,67.629997,67.629997,2160900
2021-03-23,67.669998,68.230003,65.379997,65.820000,65.820000,2726700
2021-03-24,66.839996,67.830002,65.360001,65.599998,65.599998,1877900
2021-03-25,64.500000,66.699997,62.849998,65.889999,65.889999,1478600
2021-03-26,67.050003,70.750000,65.699997,69.000000,69.000000,2387800
2021-03-29,68.669998,70.459999,66.980003,68.459999,68.459999,4059100
2021-03-30,69.320000,75.330002,68.349998,75.000000,75.000000,1742600
2021-03-31,74.379997,74.730003,72.110001,72.540001,72.540001,1385900
2021-04-01,72.959999,74.349998,72.599998,74.209999,74.209999,740800
2021-04-05,75.709999,76.489998,74.309998,75.000000,75.000000,1260500
2021-04-06,75.019997,76.440002,74.760002,74.860001,74.860001,784900
2021-04-07,74.440002,76.220001,74.099998,75.349998,75.349998,765500
2021-04-08,74.559998,75.110001,72.120003,74.349998,74.349998,1154300
2021-04-09,74.010002,77.279999,73.750000,77.040001,77.040001,937500
2021-04-12,76.389999,77.029999,75.250000,76.550003,76.550003,947900
2021-04-13,76.040001,76.980003,73.650002,75.800003,75.800003,937000
2021-04-14,76.070000,78.680000,75.769997,77.239998,77.239998,1275900
2021-04-15,78.099998,78.570000,76.169998,78.180000,78.180000,734400
2021-04-16,78.620003,79.989998,78.269997,79.150002,79.150002,830400
2021-04-19,78.040001,78.750000,76.660004,78.150002,78.150002,832300
2021-04-20,76.000000,76.940002,72.400002,74.709999,74.709999,1779400
2021-04-21,75.199997,79.070000,74.059998,79.010002,79.010002,1308100
2021-04-22,79.410004,81.309998,78.940002,79.330002,79.330002,1959300
2021-04-23,79.820000,83.440002,78.650002,83.250000,83.250000,1243400
2021-04-26,83.930000,86.050003,83.349998,85.449997,85.449997,1378500
2021-04-27,85.309998,88.269997,85.309998,88.209999,88.209999,1120300
2021-04-28,88.209999,88.800003,87.199997,88.550003,88.550003,837300
2021-04-29,89.330002,89.699997,86.750000,88.040001,88.040001,812300
2021-04-30,87.180000,89.639999,86.750000,89.610001,89.610001,1114000
2021-05-03,89.790001,90.290001,86.400002,89.010002,89.010002,2173700
2021-05-04,86.660004,88.379997,82.150002,83.349998,83.349998,2629400
2021-05-05,84.500000,85.440002,81.879997,83.959999,83.959999,1329800
2021-05-06,82.849998,84.000000,80.160004,83.910004,83.910004,1454100
2021-05-07,83.500000,85.709999,81.750000,82.230003,82.230003,1029600
2021-05-10,81.919998,83.699997,81.550003,82.320000,82.320000,1716600
2021-05-11,80.400002,82.550003,78.059998,81.900002,81.900002,1488900
2021-05-12,80.790001,81.809998,74.910004,75.620003,75.620003,2354400
2021-05-13,75.879997,80.510002,75.760002,78.900002,78.900002,1496600
2021-05-14,80.199997,87.269997,80.199997,86.830002,86.830002,1393800
2021-05-17,86.739998,88.739998,84.879997,88.059998,88.059998,974400
2021-05-18,88.480003,89.830002,85.410004,85.449997,85.449997,1078500
2021-05-19,83.199997,83.639999,80.330002,82.169998,82.169998,998600
2021-05-20,81.809998,83.470001,80.629997,82.860001,82.860001,1327100
2021-05-21,84.099998,84.970001,81.940002,83.110001,83.110001,773600
2021-05-24,84.080002,85.809998,83.029999,84.519997,84.519997,731700
2021-05-25,85.000000,86.800003,82.360001,82.489998,82.489998,796200
2021-05-26,82.500000,84.430000,82.209999,83.980003,83.980003,1346100
2021-05-27,84.860001,86.500000,84.500000,85.260002,85.260002,887800
2021-05-28,85.800003,87.949997,84.400002,87.820000,87.820000,852500
2021-06-01,88.349998,90.930000,88.180000,89.510002,89.510002,891600
2021-06-02,90.000000,90.000000,86.290001,86.629997,86.629997,640900
2021-06-03,85.489998,88.099998,84.389999,86.709999,86.709999,628300
2021-06-04,86.910004,87.589996,85.150002,85.489998,85.489998,1586000
2021-06-07,86.589996,89.330002,86.320000,89.230003,89.230003,995600
2021-06-08,89.089996,92.209999,88.290001,91.860001,91.860001,1061400
2021-06-09,91.989998,92.019997,87.279999,88.519997,88.519997,1074100
2021-06-10,89.250000,90.339996,86.199997,86.959999,86.959999,1431700
2021-06-11,89.040001,94.489998,88.290001,94.239998,94.239998,1460200
2021-06-14,94.459999,95.099998,90.510002,91.599998,91.599998,996200
2021-06-15,92.290001,94.500000,89.500000,90.750000,90.750000,915600
2021-06-16,89.839996,90.250000,86.769997,87.830002,87.830002,976900
2021-06-17,87.400002,89.050003,81.860001,82.489998,82.489998,1649000
2021-06-18,81.400002,82.279999,77.029999,80.860001,80.860001,2493800
2021-06-21,82.360001,83.730003,81.639999,83.250000,83.250000,986700
2021-06-22,82.169998,82.470001,79.900002,80.089996,80.089996,1101900
2021-06-23,79.519997,84.830002,79.510002,83.290001,83.290001,1414900
2021-06-24,83.639999,84.010002,81.300003,81.599998,81.599998,804000
2021-06-25,82.550003,82.620003,80.290001,80.750000,80.750000,2943700
2021-06-28,80.809998,80.959999,76.849998,78.209999,78.209999,1980200
2021-06-29,77.930000,79.400002,77.440002,79.120003,79.120003,918000
2021-06-30,78.809998,79.779999,77.349998,77.889999,77.889999,892200
2021-07-01,78.860001,82.489998,78.690002,81.879997,81.879997,1190500
2021-07-02,81.410004,81.449997,78.839996,78.940002,78.940002,871900
2021-07-06,79.680000,80.570000,76.889999,77.629997,77.629997,942900
2021-07-07,76.550003,78.230003,74.279999,75.029999,75.029999,1185600
2021-07-08,72.959999,73.779999,70.260002,70.540001,70.540001,1850700
2021-07-09,71.589996,74.639999,70.650002,74.309998,74.309998,1088100
2021-07-12,73.019997,74.970001,72.580002,73.940002,73.940002,1288300
2021-07-13,73.019997,73.680000,71.919998,72.129997,72.129997,1059400
2021-07-14,72.709999,75.000000,70.769997,71.730003,71.730003,1096700
2021-07-15,71.029999,74.050003,71.029999,73.589996,73.589996,1374000
2021-07-16,74.370003,75.180000,70.970001,71.290001,71.290001,2039900
2021-07-19,68.410004,69.830002,65.870003,68.739998,68.739998,2532600
2021-07-20,69.400002,74.650002,68.279999,73.570000,73.570000,1697000
2021-07-21,74.150002,79.050003,74.150002,77.169998,77.169998,1810800
2021-07-22,76.589996,78.620003,75.290001,77.730003,77.730003,1290100
2021-07-23,78.650002,80.000000,77.419998,79.459999,79.459999,912900
2021-07-26,79.750000,82.209999,78.430000,81.139999,81.139999,783500
2021-07-27,80.470001,81.169998,79.199997,80.160004,80.160004,978400
2021-07-28,81.320000,82.959999,78.900002,81.559998,81.559998,1244900
2021-07-29,81.919998,86.870003,81.620003,85.320000,85.320000,1741300
2021-07-30,84.099998,86.370003,82.099998,82.769997,82.769997,1645500
2021-08-02,83.629997,89.830002,83.629997,85.940002,85.940002,2007000
2021-08-03,86.239998,89.820000,84.500000,89.820000,89.820000,2120500
2021-08-04,88.000000,89.330002,74.260002,74.949997,74.949997,5750200
2021-08-05,77.440002,83.190002,76.809998,82.440002,82.440002,2426200
2021-08-06,82.820000,85.550003,81.169998,83.580002,83.580002,1953200
2021-08-09,83.139999,83.139999,78.900002,79.629997,79.629997,1768000
2021-08-10,79.239998,86.120003,79.239998,85.809998,85.809998,2162300
2021-08-11,85.500000,86.930000,83.820000,86.209999,86.209999,1973900
2021-08-12,86.110001,89.470001,84.360001,89.169998,89.169998,2177800
2021-08-13,89.190002,94.099998,89.190002,92.010002,92.010002,2242800
2021-08-16,90.559998,94.080002,88.919998,92.550003,92.550003,1831000
2021-08-17,91.029999,93.180000,89.910004,91.269997,91.269997,1809200
2021-08-18,90.669998,95.089996,90.669998,93.559998,93.559998,2191000
2021-08-19,91.980003,93.430000,87.900002,90.949997,90.949997,1758700
2021-08-20,91.139999,91.690002,87.239998,89.800003,89.800003,1155400
2021-08-23,92.089996,94.400002,90.389999,90.879997,90.879997,1295100
2021-08-24,91.930000,93.230003,91.110001,91.120003,91.120003,825800
2021-08-25,92.010002,93.250000,90.570000,91.250000,91.250000,861300
2021-08-26,90.900002,91.870003,87.550003,88.750000,88.750000,1333200
2021-08-27,88.779999,91.540001,88.610001,91.000000,91.000000,809200
2021-08-30,91.309998,92.290001,88.510002,89.769997,89.769997,1173500