Date,Open,High,Low,Close,Adj Close,Volume
2021-01-04,31.730000,32.389999,31.160000,32.160000,32.160000,966900
2021-01-05,32.099998,32.485001,31.650000,31.840000,31.840000,649800
2021-01-06,31.469999,32.580002,30.961000,32.119999,32.119999,933500
2021-01-07,32.169998,32.325001,31.320000,31.980000,31.980000,588300
2021-01-08,32.130001,32.389999,31.775000,32.320000,32.320000,670800
2021-01-11,32.130001,33.220001,31.370001,32.450001,32.450001,811300
2021-01-12,32.570000,33.320000,32.430000,33.180000,33.180000,1052500
2021-01-13,33.150002,33.493999,32.520000,32.650002,32.650002,591900
2021-01-14,32.520000,33.599998,32.470001,33.270000,33.270000,717400
2021-01-15,33.200001,33.660000,31.820000,31.900000,31.900000,632300
2021-01-19,32.160000,32.717999,31.010000,31.950001,31.950001,679200
2021-01-20,32.020000,32.330002,31.400000,31.930000,31.930000,466500
2021-01-21,31.830000,32.490002,31.480000,31.889999,31.889999,510100
2021-01-22,31.590000,31.950001,30.870001,31.410000,31.410000,938300
2021-01-25,31.959999,33.360001,31.860001,33.349998,33.349998,1166800
2021-01-26,33.770000,34.169998,32.700001,32.985001,32.985001,1119200
2021-01-27,32.250000,32.756001,31.379999,31.530001,31.530001,1212300
2021-01-28,32.160000,32.160000,29.690001,29.870001,29.870001,881600
2021-01-29,30.180000,30.180000,29.010000,29.250000,29.250000,724400
2021-02-01,29.610001,30.820000,28.590000,30.719999,30.719999,1256200
2021-02-02,30.950001,32.410000,30.590000,32.080002,32.080002,1434900
2021-02-03,32.240002,33.150002,31.670000,32.540001,32.540001,688500
2021-02-04,32.750000,32.990002,32.029999,32.770000,32.770000,498400
2021-02-05,33.230000,34.720001,33.154999,34.560001,34.560001,1094400
2021-02-08,34.790001,35.180000,33.980000,35.165001,35.165001,1228500
2021-02-09,35.279999,35.980000,34.869999,35.470001,35.470001,735200
2021-02-10,35.590000,35.990002,34.955002,35.610001,35.610001,982000
2021-02-11,35.869999,36.540001,34.209999,34.730000,34.730000,2407000
2021-02-12,31.658001,32.599998,30.900000,32.119999,32.119999,4269500
2021-02-16,32.259998,32.284000,30.200001,30.260000,30.260000,1528500
2021-02-17,30.000000,30.910000,28.760000,29.650000,29.650000,4491200
2021-02-18,29.330000,30.309999,28.799999,29.680000,29.680000,1284500
2021-02-19,29.850000,30.438999,29.350000,29.750000,29.750000,2545200
2021-02-22,29.110001,29.549999,27.740000,27.840000,27.840000,1327800
2021-02-23,27.059999,27.760000,26.170000,27.480000,27.480000,1442900
2021-02-24,27.500000,27.770000,26.580000,27.299999,27.299999,845100
2021-02-25,27.230000,27.420000,25.459999,25.770000,25.770000,1564700
2021-02-26,26.040001,26.580000,25.500000,25.950001,25.950001,1402200
2021-03-01,26.590000,27.000000,26.049999,26.410000,26.410000,1168000
2021-03-02,26.580000,26.740000,26.110001,26.200001,26.200001,1256100
2021-03-03,26.340000,26.340000,24.830000,24.840000,24.840000,835800
2021-03-04,24.655001,24.930000,23.760000,24.440001,24.440001,2320100
2021-03-05,24.530001,25.420000,23.570000,25.370001,25.370001,1907400
2021-03-08,25.500000,25.830000,24.370001,24.440001,24.440001,1246600
2021-03-09,25.040001,25.580000,24.780001,25.160000,25.160000,962800
2021-03-10,25.450001,25.879999,24.820000,24.940001,24.940001,995100
2021-03-11,25.540001,25.709999,25.240000,25.299999,25.299999,1468700
2021-03-12,25.020000,25.340000,24.740000,25.150000,25.150000,951300
2021-03-15,25.230000,25.440001,24.830000,25.240000,25.240000,919600
2021-03-16,25.450001,25.850000,25.010000,25.209999,25.209999,1713600
2021-03-17,24.900000,26.070000,24.549999,26.000000,26.000000,1129700
2021-03-18,25.600000,26.160000,24.719999,24.900000,24.900000,1158700
2021-03-19,24.889999,25.350000,24.639999,24.740000,24.740000,1459100
2021-03-22,25.049999,25.400000,24.780001,25.020000,25.020000,747400
2021-03-23,24.980000,25.020000,24.370001,24.559999,24.559999,1035800
2021-03-24,24.200001,24.600000,22.860001,23.209999,23.209999,1577400
2021-03-25,22.870001,23.879999,22.629999,23.770000,23.770000,1304500
2021-03-26,23.780001,26.000000,23.325001,24.070000,24.070000,1373300
2021-03-29,23.980000,24.440001,23.530001,23.695000,23.695000,2062700
2021-03-30,23.530001,24.030001,23.469999,23.889999,23.889999,984800
2021-03-31,24.150000,24.820000,23.820000,23.830000,23.830000,1398900
2021-04-01,24.139999,24.870001,23.980000,24.504999,24.504999,2047900
2021-04-05,25.049999,25.200001,23.900000,24.270000,24.270000,647700
2021-04-06,24.459999,25.500000,24.389999,25.275000,25.275000,1662300
2021-04-07,25.110001,25.150000,23.823000,24.180000,24.180000,1016200
2021-04-08,24.889999,25.309999,24.540001,25.000000,25.000000,1253700
2021-04-09,24.750000,24.750000,24.065001,24.360001,24.360001,615000
2021-04-12,24.250000,24.430000,23.790001,23.959999,23.959999,913200
2021-04-13,24.059999,24.879999,24.059999,24.684999,24.684999,1023300
2021-04-14,24.670000,25.420000,24.540001,25.209999,25.209999,1019800
2021-04-15,25.450001,25.900000,24.760000,25.139999,25.139999,831600
2021-04-16,25.200001,25.309999,24.788000,25.280001,25.280001,598900
2021-04-19,25.150000,25.469999,24.760000,25.090000,25.090000,689800
2021-04-20,25.090000,25.110001,24.219999,24.450001,24.450001,760300
2021-04-21,24.510000,24.799999,23.830000,24.760000,24.760000,975600
2021-04-22,24.770000,25.490000,24.690001,25.290001,25.290001,1100900
2021-04-23,25.480000,25.870001,25.250000,25.450001,25.450001,1493400
2021-04-26,25.570000,26.120001,25.549999,25.940001,25.940001,1576200
2021-04-27,26.100000,26.170000,25.629999,25.725000,25.725000,1187300
2021-04-28,25.639999,25.805000,24.650000,24.865000,24.865000,1600900
2021-04-29,24.940001,25.440001,24.299999,25.209999,25.209999,1584300
2021-04-30,25.160000,25.200001,24.530001,24.680000,24.680000,1375900
2021-05-03,24.725000,24.965000,23.820000,23.830000,23.830000,624000
2021-05-04,23.330000,23.780001,23.150000,23.709999,23.709999,1854500
2021-05-05,23.900000,25.030001,23.900000,24.549999,24.549999,2094200
2021-05-06,24.430000,24.469999,23.299999,24.080000,24.080000,1229600
2021-05-07,25.230000,27.420000,25.055000,27.350000,27.350000,4253800
2021-05-10,27.469999,28.650000,26.370001,27.600000,27.600000,2739900
2021-05-11,26.510000,29.250000,26.510000,28.730000,28.730000,2961200
2021-05-12,28.379999,28.510000,27.309999,27.690001,27.690001,1411300
2021-05-13,27.940001,28.340000,27.330000,27.770000,27.770000,1394100
2021-05-14,28.000000,28.860001,27.750000,28.580000,28.580000,1035000
2021-05-17,28.379999,28.520000,27.680000,27.730000,27.730000,978000
2021-05-18,27.860001,28.889999,27.850000,28.379999,28.379999,1213000
2021-05-19,27.170000,28.110001,27.059999,27.760000,27.760000,1164700
2021-05-20,28.090000,28.400000,27.270000,27.990000,27.990000,832700
2021-05-21,28.270000,28.940001,27.620001,28.260000,28.260000,1159300
2021-05-24,28.379999,28.610001,28.000000,28.280001,28.280001,1027500
2021-05-25,28.340000,28.660000,27.451000,27.770000,27.770000,2025200
2021-05-26,27.840000,28.100000,27.580999,28.000000,28.000000,684200
2021-05-27,28.080000,28.410000,27.549999,28.309999,28.309999,1187000
2021-05-28,28.280001,28.650000,28.129999,28.219999,28.219999,913700
2021-06-01,28.280001,28.650000,27.639999,27.799999,27.799999,891100
2021-06-02,27.750000,27.815001,26.940001,27.250000,27.250000,972100
2021-06-03,26.580000,26.870001,26.049999,26.080000,26.080000,910000
2021-06-04,26.090000,26.559999,25.504999,26.440001,26.440001,1499900
2021-06-07,26.650000,27.000000,25.549999,25.590000,25.590000,796700
2021-06-08,26.000000,26.190001,25.084999,25.469999,25.469999,873100
2021-06-09,25.559999,25.930000,24.770000,24.840000,24.840000,1412600
2021-06-10,24.900000,25.296000,24.309999,24.879999,24.879999,1074700
2021-06-11,24.740000,25.309999,24.730000,25.129999,25.129999,781800
2021-06-14,25.139999,25.160000,24.660000,24.740000,24.740000,841200
2021-06-15,24.620001,25.049999,24.094999,24.260000,24.260000,1317900
2021-06-16,24.129999,24.860001,24.070000,24.570000,24.570000,632700
2021-06-17,24.219999,24.770000,24.219999,24.510000,24.510000,651200
2021-06-18,24.430000,24.690001,23.879999,24.190001,24.190001,909300
2021-06-21,24.160000,24.580000,23.860001,24.510000,24.510000,759100
2021-06-22,24.430000,25.670000,24.309999,25.629999,25.629999,1012400
2021-06-23,25.865000,27.879999,25.865000,27.250000,27.250000,2303300
2021-06-24,27.260000,27.750000,26.770000,27.540001,27.540001,823300
2021-06-25,27.740000,27.830000,26.910000,27.030001,27.030001,1053800
2021-06-28,27.059999,27.270000,26.620001,27.180000,27.180000,864200
2021-06-29,27.260000,27.420000,26.809999,26.860001,26.860001,540400
2021-06-30,26.760000,26.760000,26.129999,26.230000,26.230000,472500
2021-07-01,26.584999,26.590000,26.170000,26.330000,26.330000,354100
2021-07-02,26.400000,26.520000,25.250000,25.440001,25.440001,929100
2021-07-06,25.799999,25.830000,24.600000,25.650000,25.650000,1097700
2021-07-07,25.690001,25.889999,24.830000,24.900000,24.900000,700500
2021-07-08,24.350000,25.610001,24.000000,25.219999,25.219999,1353600
2021-07-09,25.420000,26.020000,25.360001,25.809999,25.809999,528500
2021-07-12,25.650000,27.260000,25.650000,27.230000,27.230000,1157500
2021-07-13,27.010000,27.400000,26.799999,27.070000,27.070000,967600
2021-07-14,27.350000,27.500000,26.370001,26.440001,26.440001,1420000
2021-07-15,26.320000,26.620001,25.340000,26.500000,26.500000,1035800
2021-07-16,26.820000,27.709999,26.775000,27.459999,27.459999,1066000
2021-07-19,27.270000,27.940001,26.879999,27.010000,27.010000,1193700
2021-07-20,26.950001,28.420000,26.459999,28.059999,28.059999,927800
2021-07-21,28.100000,29.320000,28.040001,28.709999,28.709999,1063200
2021-07-22,28.530001,28.580000,27.745001,28.360001,28.360001,1120400
2021-07-23,28.510000,28.980000,27.260000,28.240000,28.240000,1006200
2021-07-26,28.170000,29.224001,28.129999,28.920000,28.920000,1001200
2021-07-27,28.820000,28.830000,27.240000,27.700001,27.700001,1315300
2021-07-28,27.889999,28.760000,27.889999,28.620001,28.620001,835500
2021-07-29,28.740000,29.459999,28.530001,29.240000,29.240000,556200
2021-07-30,28.959999,29.263000,28.480000,28.600000,28.600000,795200
2021-08-02,28.900000,29.360001,28.740000,28.790001,28.790001,936400
2021-08-03,29.330000,29.480000,28.090000,29.280001,29.280001,2417900
2021-08-04,29.040001,29.650000,28.834999,28.959999,28.959999,1389000
2021-08-05,29.080000,29.370001,28.500000,29.309999,29.309999,1172300
2021-08-06,30.379999,31.820000,29.400000,31.129999,31.129999,2194300
2021-08-09,30.820000,31.290001,29.620001,29.920000,29.920000,1786300
2021-08-10,29.920000,30.370001,29.750000,29.969999,29.969999,1069200
2021-08-11,30.000000,30.480000,29.170000,29.320000,29.320000,1875200
2021-08-12,29.944000,30.750000,29.500000,30.740000,30.740000,1229100
2021-08-13,30.639999,30.639999,29.620001,29.930000,29.930000,680400
2021-08-16,29.969999,30.000000,28.440001,28.490000,28.490000,992400
2021-08-17,28.150000,28.184999,26.799999,27.209999,27.209999,1740700
2021-08-18,27.250000,28.010000,26.813999,27.459999,27.459999,1604900
2021-08-19,27.240000,27.290001,26.270000,26.400000,26.400000,1223300
2021-08-20,26.350000,27.219999,26.350000,26.820000,26.820000,876100
2021-08-23,27.030001,27.690001,27.020000,27.510000,27.510000,659700
2021-08-24,27.790001,28.230000,27.389999,28.209999,28.209999,874100
2021-08-25,28.110001,28.719999,27.969999,28.340000,28.340000,852600
2021-08-26,29.850000,30.299999,29.250000,29.420000,29.420000,1109900
2021-08-27,29.430000,31.090000,29.410000,30.950001,30.950001,1215400
2021-08-30,31.059999,31.820000,30.170000,31.049999,31.049999,1527600