Date,Open,High,Low,Close,Adj Close,Volume
2021-01-04,32.470001,32.660000,31.230000,31.990000,31.249126,380200
2021-01-05,32.049999,32.639999,31.520000,32.230000,31.483568,362500
2021-01-06,33.180000,35.910000,32.200001,35.029999,34.218719,765800
2021-01-07,35.549999,36.230000,35.369999,36.049999,35.215096,476700
2021-01-08,36.110001,36.110001,34.250000,34.919998,34.111271,345600
2021-01-11,34.660000,35.759998,34.660000,35.669998,34.843899,331400
2021-01-12,36.130001,36.849998,35.770000,36.529999,35.683979,267900
2021-01-13,36.240002,36.529999,35.009998,36.110001,35.273708,239500
2021-01-14,36.500000,37.180000,35.860001,37.040001,36.182175,286100
2021-01-15,36.349998,37.049999,36.160000,36.590000,35.742592,326300
2021-01-19,36.880001,37.029999,36.389999,36.910000,36.055183,255700
2021-01-20,36.959999,36.959999,36.110001,36.709999,35.859814,285500
2021-01-21,36.680000,36.970001,35.380001,35.549999,34.726681,301800
2021-01-22,35.220001,36.910000,35.220001,36.820000,35.967270,362000
2021-01-25,36.369999,36.590000,35.560001,36.490002,35.644917,354400
2021-01-26,36.820000,36.820000,36.080002,36.169998,35.332317,274900
2021-01-27,35.060001,36.080002,34.349998,34.869999,34.062431,510800
2021-01-28,36.990002,37.000000,35.049999,35.340000,34.521545,582100
2021-01-29,35.369999,35.470001,33.700001,33.820000,33.036747,455500
2021-02-01,33.970001,34.790001,33.439999,34.580002,33.779144,271700
2021-02-02,35.099998,35.650002,34.619999,35.430000,34.609459,337600
2021-02-03,35.169998,35.830002,34.740002,35.230000,34.414093,228700
2021-02-04,35.230000,36.240002,34.860001,35.950001,35.117420,404600
2021-02-05,36.240002,36.259998,35.570000,36.180000,35.342087,306100
2021-02-08,36.509998,37.189999,35.480000,37.189999,36.328697,351800
2021-02-09,37.139999,37.810001,36.950001,37.549999,36.680359,352500
2021-02-10,37.759998,37.759998,37.020000,37.180000,36.318932,466700
2021-02-11,37.070000,37.509998,36.490002,37.240002,36.377544,606100
2021-02-12,37.020000,37.669998,36.450001,37.419998,36.553371,290800
2021-02-16,37.950001,38.189999,37.349998,37.709999,36.836655,334800
2021-02-17,37.529999,37.980000,37.220001,37.730000,36.856190,201000
2021-02-18,37.610001,37.990002,37.320000,37.470001,36.602215,195800
2021-02-19,37.759998,38.689999,37.340000,38.599998,37.706039,224600
2021-02-22,38.700001,39.650002,38.540001,39.480000,38.565662,309800
2021-02-23,39.869999,40.480000,39.410000,40.049999,39.122463,273200
2021-02-24,40.369999,41.000000,39.520000,40.900002,39.952774,384900
2021-02-25,41.150002,41.200001,39.240002,39.259998,38.350754,502300
2021-02-26,38.560001,38.840000,37.470001,37.639999,37.060909,468800
2021-03-01,38.680000,39.720001,38.360001,39.490002,38.882450,284500
2021-03-02,39.400002,39.669998,38.599998,38.869999,38.271988,301800
2021-03-03,38.849998,40.580002,37.669998,39.770000,39.158146,405200
2021-03-04,40.130001,41.200001,39.750000,40.230000,39.611065,637500
2021-03-05,41.209999,42.070000,40.450001,41.950001,41.304607,452000
2021-03-08,42.709999,43.889999,42.209999,43.580002,42.909527,314300
2021-03-09,43.259998,43.419998,41.950001,42.259998,41.609833,401200
2021-03-10,42.270000,43.450001,42.270000,43.200001,42.535374,495200
2021-03-11,43.020000,43.759998,42.939999,43.599998,42.929218,371000
2021-03-12,44.570000,44.939999,43.980000,44.919998,44.228905,309700
2021-03-15,44.560001,44.880001,42.799999,43.369999,42.702755,305600
2021-03-16,43.459999,43.459999,42.439999,43.310001,42.643681,246500
2021-03-17,43.810001,43.840000,42.910000,43.360001,42.692913,312500
2021-03-18,43.840000,45.189999,43.320000,43.509998,42.840599,322800
2021-03-19,43.799999,43.919998,42.930000,43.310001,42.643681,1706900
2021-03-22,42.810001,43.049999,41.439999,41.759998,41.117523,266500
2021-03-23,41.320000,41.779999,40.610001,40.830002,40.201836,441400
2021-03-24,41.299999,42.560001,40.340000,40.439999,39.817833,390400
2021-03-25,40.160000,40.970001,39.689999,40.740002,40.113224,727100
2021-03-26,41.380001,41.919998,40.900002,41.889999,41.245529,317400
2021-03-29,41.029999,41.750000,40.049999,40.459999,39.837524,924100
2021-03-30,40.759998,41.689999,40.560001,41.450001,40.812294,757300
2021-03-31,41.209999,41.570000,40.580002,40.779999,40.152603,395600
2021-04-01,40.790001,41.540001,40.330002,41.480000,40.841835,267600
2021-04-05,42.610001,42.709999,41.259998,41.540001,40.900913,374900
2021-04-06,41.209999,41.889999,40.990002,41.270000,40.635063,197900
2021-04-07,41.650002,41.889999,40.860001,41.049999,40.418449,266900
2021-04-08,40.730000,41.169998,40.189999,40.869999,40.241219,251900
2021-04-09,41.230000,41.520000,40.990002,41.389999,40.753216,189500
2021-04-12,41.639999,41.759998,41.380001,41.560001,40.920605,137400
2021-04-13,41.250000,41.380001,40.459999,40.669998,40.044292,240800
2021-04-14,41.070000,41.759998,40.650002,41.180000,40.546452,154600
2021-04-15,41.220001,41.220001,40.259998,40.950001,40.319988,204400
2021-04-16,41.529999,41.529999,40.639999,41.270000,40.635063,290400
2021-04-19,41.049999,41.549999,40.660000,41.119999,40.487373,378900
2021-04-20,40.709999,40.750000,39.080002,39.279999,38.675682,277600
2021-04-21,38.619999,40.389999,38.619999,40.290001,39.670143,327000
2021-04-22,40.509998,40.720001,39.669998,39.680000,39.069527,262300
2021-04-23,39.779999,41.700001,39.779999,41.240002,40.605530,324300
2021-04-26,41.820000,41.990002,40.720001,40.730000,40.103371,166700
2021-04-27,41.990002,41.990002,40.730000,41.480000,40.841835,377800
2021-04-28,41.290001,41.779999,40.470001,40.520000,39.896603,217700
2021-04-29,40.970001,41.590000,40.540001,41.099998,40.467682,273300
2021-04-30,40.689999,41.320000,40.389999,40.480000,39.857216,508500
2021-05-03,41.000000,41.770000,40.790001,41.610001,40.969833,411600
2021-05-04,41.209999,42.060001,41.110001,41.830002,41.186451,521400
2021-05-05,41.540001,42.139999,41.310001,41.610001,40.969833,362200
2021-05-06,41.849998,42.189999,41.250000,42.139999,41.491680,256600
2021-05-07,41.330002,42.320000,41.139999,42.180000,41.531063,290000
2021-05-10,42.230000,42.840000,41.439999,41.480000,40.841835,405900
2021-05-11,40.919998,42.029999,40.919998,41.490002,40.851681,345300
2021-05-12,41.919998,42.250000,40.700001,40.790001,40.162449,356000
2021-05-13,40.709999,42.639999,40.709999,42.369999,41.718140,695500
2021-05-14,42.740002,43.080002,42.240002,43.040001,42.377834,240700
2021-05-17,42.790001,43.119999,42.150002,42.740002,42.082451,158000
2021-05-18,42.560001,42.930000,41.950001,41.980000,41.334141,197300
2021-05-19,41.500000,41.759998,40.709999,41.669998,41.028908,206700
2021-05-20,41.650002,41.750000,40.660000,41.320000,40.684296,184100
2021-05-21,41.849998,42.200001,40.700001,41.889999,41.245529,176400
2021-05-24,41.860001,41.860001,41.099998,41.270000,40.635063,311200
2021-05-25,41.419998,41.830002,40.290001,40.310001,39.689835,451000
2021-05-26,40.270000,41.049999,40.070000,40.970001,40.339680,194100
2021-05-27,41.349998,41.830002,41.330002,41.490002,41.163143,383600
2021-05-28,41.430000,41.779999,40.759998,41.680000,41.351646,308700
2021-06-01,42.020000,42.619999,41.700001,42.240002,41.907234,409100
2021-06-02,42.290001,42.369999,41.750000,41.930000,41.599674,324900
2021-06-03,41.820000,42.259998,41.779999,41.950001,41.619518,448200
2021-06-04,42.009998,42.450001,41.910000,42.369999,42.036209,381200
2021-06-07,42.500000,43.119999,42.380001,42.660000,42.323925,434100
2021-06-08,42.160000,42.950001,41.830002,42.750000,42.413216,353800
2021-06-09,42.330002,42.380001,41.840000,41.860001,41.530228,341800
2021-06-10,42.660000,42.680000,41.130001,41.240002,40.915112,286200
2021-06-11,41.459999,42.040001,41.090000,41.270000,40.944874,212100
2021-06-14,41.340000,42.919998,40.410000,40.689999,40.369442,378100
2021-06-15,40.709999,41.689999,40.660000,41.330002,41.004402,280100
2021-06-16,41.049999,41.959999,40.590000,41.759998,41.431011,298100
2021-06-17,41.900002,42.099998,39.889999,39.970001,39.655117,334500
2021-06-18,39.209999,40.000000,38.270000,38.310001,38.008194,829900
2021-06-21,38.730000,40.220001,38.730000,39.970001,39.655117,416000
2021-06-22,39.840000,40.189999,39.139999,40.029999,39.714642,388300
2021-06-23,40.090000,40.400002,39.970001,40.060001,39.744408,330400
2021-06-24,40.220001,40.810001,40.000000,40.779999,40.458733,311300
2021-06-25,41.130001,41.310001,40.610001,40.810001,40.488499,989500
2021-06-28,40.689999,40.700001,39.799999,39.869999,39.555904,394800
2021-06-29,40.000000,40.369999,39.220001,39.419998,39.109447,275900
2021-06-30,39.110001,39.689999,39.070000,39.360001,39.049923,399700
2021-07-01,39.580002,39.869999,39.380001,39.549999,39.238422,264200
2021-07-02,39.369999,39.540001,38.799999,38.889999,38.583622,179600
2021-07-06,38.700001,38.939999,37.580002,37.910000,37.611343,331200
2021-07-07,37.639999,38.169998,37.320000,37.650002,37.353394,253000
2021-07-08,37.099998,37.299999,36.279999,36.689999,36.400955,286200
2021-07-09,37.650002,38.189999,37.349998,38.139999,37.839531,271500
2021-07-12,37.730000,38.480000,37.500000,38.400002,38.097485,216900
2021-07-13,38.220001,38.290001,37.430000,37.630001,37.333553,187900
2021-07-14,37.750000,38.299999,37.240002,37.759998,37.462524,259000
2021-07-15,37.349998,38.330002,37.349998,38.270000,37.968510,277700
2021-07-16,38.480000,38.660000,37.099998,37.150002,36.857334,207700
2021-07-19,36.209999,36.340000,35.509998,35.810001,35.527889,344200
2021-07-20,35.779999,37.720001,35.779999,36.799999,36.510090,434100
2021-07-21,37.320000,37.840000,37.209999,37.490002,37.194656,183200
2021-07-22,37.240002,37.270000,36.230000,36.580002,36.291824,213800
2021-07-23,37.099998,37.959999,36.590000,37.099998,36.807724,142600
2021-07-26,37.380001,37.770000,36.740002,37.099998,36.807724,216700
2021-07-27,36.259998,37.590000,36.209999,37.020000,36.728355,211100
2021-07-28,37.279999,37.860001,36.689999,37.520000,37.224419,268400
2021-07-29,37.779999,38.590000,37.599998,38.169998,37.869293,284300
2021-07-30,37.869999,38.680000,37.759998,37.869999,37.571659,304500
2021-08-02,38.020000,39.020000,37.480000,37.549999,37.254181,217800
2021-08-03,37.580002,38.349998,37.080002,38.119999,37.819691,293100
2021-08-04,37.509998,38.400002,37.349998,37.750000,37.452606,220600
2021-08-05,37.910000,38.830002,37.910000,38.779999,38.474491,264300
2021-08-06,39.439999,40.180000,39.259998,39.799999,39.486454,196500
2021-08-09,38.849998,39.630001,38.849998,38.990002,38.682838,391600
2021-08-10,38.860001,39.630001,38.799999,39.560001,39.248348,169000
2021-08-11,39.570000,40.270000,39.180000,40.270000,39.952755,205200
2021-08-12,40.480000,40.480000,39.700001,39.930000,39.615433,159400
2021-08-13,39.990002,40.090000,39.340000,39.450001,39.139214,107500
2021-08-16,39.040001,39.599998,38.720001,39.509998,39.198738,177500
2021-08-17,39.099998,39.410000,38.619999,39.099998,38.791969,207200
2021-08-18,38.840000,39.430000,38.680000,38.709999,38.405041,337300
2021-08-19,38.360001,38.959999,38.040001,38.389999,38.087563,310000
2021-08-20,38.270000,39.200001,38.220001,39.180000,38.871342,230700
2021-08-23,39.419998,39.639999,39.099998,39.259998,38.950706,198800
2021-08-24,39.299999,39.770000,39.160000,39.689999,39.377319,271700
2021-08-25,39.759998,40.320000,39.709999,39.810001,39.496380,195900
2021-08-26,39.830002,39.860001,39.279999,39.349998,39.039997,278700
2021-08-27,39.279999,40.330002,39.259998,40.310001,40.310001,301000
2021-08-30,40.500000,40.500000,39.400002,39.480000,39.480000,266500