Date,Open,High,Low,Close,Adj Close,Volume
2021-01-04,131.919998,132.479996,123.739998,126.529999,125.664131,453700
2021-01-05,126.800003,130.289993,126.800003,129.779999,128.891891,289400
2021-01-06,130.009995,135.460007,130.009995,133.970001,133.053223,322000
2021-01-07,134.320007,135.350006,132.630005,134.270004,133.351166,262600
2021-01-08,134.779999,136.720001,134.320007,136.539993,135.605621,399900
2021-01-11,133.899994,139.119995,133.529999,138.059998,137.115219,263900
2021-01-12,138.639999,142.580002,138.059998,140.970001,140.005310,290100
2021-01-13,140.059998,141.309998,139.000000,140.110001,139.151199,186600
2021-01-14,141.779999,144.979996,141.470001,143.089996,142.110794,235600
2021-01-15,142.619995,142.729996,138.710007,141.059998,140.094696,250200
2021-01-19,141.570007,142.690002,139.770004,141.399994,140.432358,177400
2021-01-20,140.960007,143.970001,140.070007,143.149994,142.170395,268800
2021-01-21,142.440002,143.050003,139.610001,139.960007,139.002228,186300
2021-01-22,139.610001,140.130005,137.380005,139.889999,138.932709,164300
2021-01-25,138.800003,142.419998,138.259995,139.800003,138.843323,239900
2021-01-26,141.610001,141.750000,136.000000,136.300003,135.367279,201400
2021-01-27,134.990005,139.190002,133.449997,136.660004,135.724808,325500
2021-01-28,138.649994,140.300003,135.210007,138.520004,137.572083,246500
2021-01-29,137.320007,138.250000,133.880005,135.309998,134.384048,383900
2021-02-01,135.419998,138.559998,133.179993,138.210007,137.264206,236900
2021-02-02,140.809998,140.809998,138.380005,139.490005,138.535446,255300
2021-02-03,139.119995,144.830002,139.119995,143.119995,142.140594,265600
2021-02-04,144.190002,148.839996,142.960007,147.229996,146.222473,281000
2021-02-05,148.809998,150.399994,146.350006,147.770004,146.758789,209500
2021-02-08,147.169998,149.399994,145.300003,148.880005,147.861191,294700
2021-02-09,147.750000,150.740005,147.089996,149.300003,148.278305,335700
2021-02-10,149.300003,152.000000,149.000000,149.630005,148.606049,188700
2021-02-11,150.000000,150.589996,147.779999,150.039993,149.013245,264500
2021-02-12,149.770004,150.550003,146.559998,149.500000,148.476944,255900
2021-02-16,149.869995,150.000000,145.289993,147.059998,146.053635,221500
2021-02-17,145.889999,147.949997,144.610001,146.259995,145.259109,301000
2021-02-18,145.389999,150.669998,145.000000,150.149994,149.122482,242200
2021-02-19,151.050003,154.660004,150.789993,153.250000,152.201279,257100
2021-02-22,153.240005,159.179993,152.619995,158.000000,156.918777,370000
2021-02-23,151.000000,156.330002,147.710007,152.000000,150.959839,470900
2021-02-24,151.789993,160.000000,151.520004,158.380005,157.296173,341200
2021-02-25,158.979996,158.979996,153.110001,154.080002,153.025604,321700
2021-02-26,156.339996,156.979996,151.429993,154.869995,153.810181,193400
2021-03-01,158.059998,159.889999,156.600006,159.320007,158.229752,261800
2021-03-02,159.589996,160.119995,156.500000,157.149994,156.074585,221100
2021-03-03,157.649994,161.429993,156.279999,159.309998,158.219803,307200
2021-03-04,160.479996,161.750000,155.500000,159.270004,158.180084,228200
2021-03-05,161.570007,163.979996,156.429993,163.330002,162.212296,283600
2021-03-08,164.869995,168.139999,164.619995,167.250000,166.105469,333900
2021-03-09,168.339996,168.750000,163.699997,165.210007,164.079437,490100
2021-03-10,166.240005,170.320007,165.910004,169.720001,168.558578,306600
2021-03-11,169.389999,170.600006,167.169998,168.710007,167.555496,189900
2021-03-12,169.979996,172.850006,169.350006,172.009995,170.832901,215200
2021-03-15,172.850006,174.589996,170.289993,172.320007,171.140793,211100
2021-03-16,169.330002,171.000000,166.059998,167.990005,166.840408,290800
2021-03-17,167.919998,173.720001,165.279999,173.539993,172.352417,325800
2021-03-18,172.970001,175.000000,169.990005,170.160004,168.995560,279900
2021-03-19,171.339996,172.380005,167.179993,170.029999,168.866455,376400
2021-03-22,170.440002,170.869995,165.479996,166.919998,165.777725,226300
2021-03-23,164.479996,166.029999,159.309998,159.610001,158.517761,369800
2021-03-24,160.880005,166.979996,159.750000,159.960007,158.865372,400600
2021-03-25,158.789993,168.389999,158.740005,167.979996,166.830475,291600
2021-03-26,169.919998,172.149994,167.149994,172.029999,170.852768,202000
2021-03-29,172.039993,174.839996,167.190002,168.720001,167.565414,273900
2021-03-30,169.039993,172.169998,169.039993,172.070007,170.892502,159300
2021-03-31,171.699997,174.000000,171.699997,172.880005,171.696945,340700
2021-04-01,172.009995,172.940002,169.399994,170.470001,169.303436,433600
2021-04-05,171.949997,173.000000,169.779999,172.070007,170.892502,216200
2021-04-06,171.440002,175.369995,171.240005,171.669998,170.495224,194200
2021-04-07,173.070007,174.679993,171.240005,174.289993,173.097290,219100
2021-04-08,174.009995,175.509995,171.529999,175.009995,173.812363,182000
2021-04-09,174.550003,175.899994,171.979996,175.089996,173.891815,379000
2021-04-12,174.789993,178.630005,174.789993,178.009995,176.791840,322300
2021-04-13,176.470001,177.979996,173.500000,173.830002,172.640442,557800
2021-04-14,174.649994,178.820007,173.619995,175.119995,173.921616,306700
2021-04-15,173.110001,174.600006,169.440002,170.740005,169.571594,391400
2021-04-16,172.889999,173.059998,169.300003,171.589996,170.415771,172400
2021-04-19,172.020004,174.589996,170.289993,173.789993,172.600708,343600
2021-04-20,173.520004,173.529999,165.089996,167.240005,166.095551,396900
2021-04-21,167.619995,170.720001,166.740005,170.070007,168.906189,214800
2021-04-22,170.139999,173.429993,169.240005,171.320007,170.147629,186400
2021-04-23,172.520004,172.520004,169.289993,170.619995,169.452408,175300
2021-04-26,172.339996,173.500000,167.910004,168.070007,166.919876,235900
2021-04-27,168.070007,169.490005,166.360001,166.779999,165.638687,244500
2021-04-28,167.500000,168.250000,164.089996,165.360001,164.228409,276900
2021-04-29,166.919998,171.800003,166.250000,169.520004,168.359940,316700
2021-04-30,168.039993,170.600006,165.889999,167.470001,166.323975,262600
2021-05-03,168.520004,170.000000,166.589996,166.759995,165.618820,223400
2021-05-04,167.809998,167.809998,161.699997,165.259995,164.129089,243400
2021-05-05,165.559998,166.199997,161.529999,163.669998,162.549973,191300
2021-05-06,164.080002,164.800003,159.880005,162.020004,160.911270,200400
2021-05-07,161.279999,164.820007,160.559998,164.429993,163.304764,176700
2021-05-10,164.779999,164.779999,158.669998,159.429993,158.338974,294800
2021-05-11,157.820007,158.179993,154.520004,155.889999,154.823212,262500
2021-05-12,155.889999,156.630005,147.589996,148.500000,147.483780,458100
2021-05-13,149.500000,152.410004,148.059998,151.250000,150.214966,555800
2021-05-14,153.220001,157.789993,152.720001,157.339996,156.263290,228700
2021-05-17,156.449997,159.750000,155.779999,159.559998,158.468094,316500
2021-05-18,160.070007,162.509995,158.639999,160.229996,159.133514,338100
2021-05-19,157.449997,161.210007,156.240005,161.179993,160.077011,289600
2021-05-20,160.679993,162.369995,158.550003,161.869995,160.762283,225900
2021-05-21,162.759995,164.960007,159.300003,160.369995,159.272552,293100
2021-05-24,161.470001,162.750000,160.110001,160.899994,159.798920,328500
2021-05-25,164.850006,165.210007,152.690002,157.699997,156.620819,880900
2021-05-26,159.000000,163.119995,157.990005,160.000000,158.905090,439600
2021-05-27,161.199997,161.199997,157.000000,160.029999,158.934875,364500
2021-05-28,160.339996,160.479996,155.179993,157.720001,156.640686,382300
2021-06-01,158.229996,158.660004,155.250000,157.990005,156.908844,438500
2021-06-02,158.509995,159.539993,156.350006,157.169998,156.094452,582400
2021-06-03,156.580002,156.580002,152.460007,154.899994,153.839981,393900
2021-06-04,155.009995,156.190002,154.020004,155.860001,154.793411,209900
2021-06-07,156.440002,157.639999,156.000000,157.259995,156.183838,255400
2021-06-08,157.619995,163.369995,157.169998,161.789993,160.682831,322100
2021-06-09,162.380005,162.809998,157.369995,157.509995,156.432114,255500
2021-06-10,157.509995,157.880005,153.970001,154.809998,153.750595,311200
2021-06-11,155.470001,156.779999,154.660004,155.330002,154.267044,157000
2021-06-14,155.630005,156.179993,152.429993,153.369995,152.320450,152800
2021-06-15,148.229996,152.029999,147.529999,150.509995,149.480026,444000
2021-06-16,150.289993,152.259995,149.610001,151.630005,150.592361,1005400
2021-06-17,151.619995,152.100006,146.020004,146.360001,145.358429,488400
2021-06-18,145.259995,145.880005,143.399994,144.000000,143.014572,424600
2021-06-21,144.639999,147.100006,143.820007,146.360001,145.358429,247500
2021-06-22,147.009995,147.220001,144.889999,147.070007,146.063583,215300
2021-06-23,147.039993,149.789993,146.169998,149.039993,148.020081,405800
2021-06-24,150.750000,152.089996,149.589996,152.029999,150.989624,245400
2021-06-25,152.559998,153.509995,147.830002,149.119995,148.099533,1028200
2021-06-28,149.119995,149.690002,144.529999,148.059998,147.046799,351900
2021-06-29,148.080002,148.080002,144.919998,145.380005,144.385132,292600
2021-06-30,145.289993,149.570007,144.919998,148.460007,147.444061,352600
2021-07-01,149.490005,151.190002,148.210007,149.399994,148.377625,258000
2021-07-02,149.520004,150.160004,148.839996,149.490005,148.467010,197900
2021-07-06,149.350006,150.639999,145.619995,146.770004,145.765625,248500
2021-07-07,146.119995,146.520004,142.759995,145.630005,144.633423,284000
2021-07-08,143.179993,145.399994,141.300003,142.710007,141.733414,365700
2021-07-09,144.429993,147.399994,144.229996,145.570007,144.573837,238000
2021-07-12,145.429993,146.679993,144.500000,146.660004,145.656372,212800
2021-07-13,145.619995,146.119995,144.869995,145.080002,144.087189,237700
2021-07-14,145.759995,148.199997,145.279999,146.130005,145.130005,366900
2021-07-15,145.169998,145.169998,139.490005,142.029999,142.029999,397400
2021-07-16,142.910004,144.949997,137.919998,140.889999,140.889999,1059600
2021-07-19,138.119995,139.580002,133.649994,135.740005,135.740005,417400
2021-07-20,136.380005,143.649994,135.990005,141.660004,141.660004,408800
2021-07-21,142.210007,145.279999,141.550003,141.979996,141.979996,363300
2021-07-22,141.429993,142.300003,139.539993,140.960007,140.960007,186500
2021-07-23,142.279999,142.279999,138.119995,138.779999,138.779999,196000
2021-07-26,138.669998,142.990005,138.669998,141.410004,141.410004,296400
2021-07-27,139.360001,141.250000,138.220001,140.800003,140.800003,187300
2021-07-28,140.470001,140.470001,135.179993,137.789993,137.789993,411300
2021-07-29,139.360001,141.729996,138.229996,139.399994,139.399994,233500
2021-07-30,138.380005,140.089996,135.610001,136.179993,136.179993,269500
2021-08-02,137.210007,139.000000,135.350006,136.619995,136.619995,309800
2021-08-03,137.210007,137.210007,132.500000,134.139999,134.139999,235100
2021-08-04,133.250000,134.550003,132.279999,133.130005,133.130005,179300
2021-08-05,134.020004,134.949997,133.009995,133.750000,133.750000,181200
2021-08-06,134.660004,136.250000,133.720001,134.910004,134.910004,152000
2021-08-09,134.160004,134.339996,131.350006,133.660004,133.660004,277700
2021-08-10,133.639999,135.899994,133.199997,135.399994,135.399994,168700
2021-08-11,136.000000,138.490005,134.000000,138.410004,138.410004,162300
2021-08-12,137.779999,138.479996,135.910004,137.710007,137.710007,155800
2021-08-13,137.919998,137.990005,136.839996,137.220001,137.220001,102900
2021-08-16,136.440002,137.520004,135.229996,137.160004,137.160004,142800
2021-08-17,136.339996,137.130005,134.000000,134.860001,134.860001,160200
2021-08-18,134.539993,136.529999,132.539993,134.470001,134.470001,181300
2021-08-19,133.479996,134.000000,129.779999,133.289993,133.289993,269400
2021-08-20,132.630005,136.259995,132.240005,135.899994,135.899994,168500
2021-08-23,136.630005,138.429993,135.029999,137.229996,137.229996,222200
2021-08-24,137.809998,140.880005,137.809998,139.940002,139.940002,243400
2021-08-25,137.850006,142.320007,137.119995,141.580002,141.580002,335300
2021-08-26,140.990005,142.149994,138.970001,140.500000,140.500000,176800
2021-08-27,140.600006,145.270004,140.600006,144.449997,144.449997,239500
2021-08-30,144.449997,144.449997,140.190002,141.429993,141.429993,258600