Date,Open,High,Low,Close,Adj Close,Volume
2021-01-04,45.250000,45.880001,43.930000,44.400002,43.569962,337900
2021-01-05,44.299999,46.060001,44.299999,45.790001,44.933979,258400
2021-01-06,46.480000,48.639999,46.340000,48.119999,47.220421,349700
2021-01-07,48.480000,49.099998,47.830002,48.209999,47.308735,311000
2021-01-08,48.610001,48.840000,47.610001,48.139999,47.240044,295700
2021-01-11,47.509998,49.049999,47.250000,48.520000,47.612942,234800
2021-01-12,48.630001,49.720001,48.480000,49.669998,48.741444,325700
2021-01-13,49.660000,49.700001,48.299999,48.830002,47.917149,472300
2021-01-14,49.240002,49.900002,48.840000,48.930000,48.015274,325800
2021-01-15,48.299999,48.330002,47.189999,47.439999,46.553131,310700
2021-01-19,47.970001,48.250000,47.430000,47.930000,47.033970,328400
2021-01-20,48.240002,48.709999,47.709999,47.860001,46.965279,280900
2021-01-21,47.810001,48.029999,47.060001,47.080002,46.199860,277700
2021-01-22,46.389999,47.119999,46.270000,47.099998,46.219486,253900
2021-01-25,46.840000,47.259998,45.400002,46.020000,45.159676,219700
2021-01-26,46.480000,46.680000,44.919998,44.990002,44.148933,209900
2021-01-27,43.910000,44.119999,42.720001,43.840000,43.020432,261200
2021-01-28,44.189999,44.820000,43.910000,44.389999,43.560150,282600
2021-01-29,44.389999,44.650002,43.439999,43.910000,43.089123,401400
2021-02-01,44.349998,46.169998,44.080002,46.169998,45.306873,425600
2021-02-02,47.250000,47.250000,45.500000,46.299999,45.434441,564600
2021-02-03,46.599998,47.480000,45.750000,47.240002,46.356873,420600
2021-02-04,47.320000,47.360001,45.549999,46.580002,45.709209,801200
2021-02-05,47.080002,48.099998,47.080002,47.349998,46.464813,275900
2021-02-08,48.000000,48.619999,47.549999,48.119999,47.220421,271600
2021-02-09,48.130001,48.680000,47.680000,48.250000,47.347984,267800
2021-02-10,48.450001,48.970001,47.459999,48.290001,47.387241,378900
2021-02-11,48.520000,48.730000,47.570000,48.709999,47.799389,320100
2021-02-12,48.759998,49.250000,48.549999,49.090000,48.172283,147800
2021-02-16,49.750000,50.580002,49.560001,49.939999,49.006393,692300
2021-02-17,49.500000,49.900002,49.090000,49.540001,48.613873,199300
2021-02-18,49.270000,49.490002,48.349998,48.549999,47.642380,188400
2021-02-19,48.790001,50.130001,48.790001,49.799999,48.869011,265800
2021-02-22,49.889999,51.320000,49.680000,50.520000,49.575550,273100
2021-02-23,50.200001,50.639999,49.349998,50.369999,49.428356,266300
2021-02-24,50.320000,51.810001,50.320000,51.580002,50.615738,283600
2021-02-25,51.369999,51.400002,49.779999,49.799999,49.202881,268700
2021-02-26,49.549999,49.849998,48.450001,49.230000,48.639717,283600
2021-03-01,50.310001,50.950001,50.009998,50.709999,50.101971,232200
2021-03-02,50.889999,51.060001,50.160000,50.220001,49.617847,166200
2021-03-03,50.070000,50.720001,49.840000,49.880001,49.281921,186800
2021-03-04,49.919998,50.490002,48.099998,48.840000,48.254391,289200
2021-03-05,49.400002,50.790001,48.880001,50.779999,50.171131,319900
2021-03-08,50.950001,52.619999,50.849998,51.880001,51.257942,227700
2021-03-09,52.369999,52.369999,51.220001,51.500000,50.882500,215700
2021-03-10,51.680000,53.130001,51.650002,52.919998,52.285469,156500
2021-03-11,53.220001,53.790001,52.610001,52.820000,52.186672,115800
2021-03-12,53.049999,53.240002,52.500000,53.049999,52.413914,112500
2021-03-15,52.880001,52.880001,51.759998,52.660000,52.028591,127300
2021-03-16,52.349998,53.099998,51.459999,52.700001,52.068108,254300
2021-03-17,52.810001,54.189999,52.810001,54.110001,53.461201,203900
2021-03-18,54.099998,54.900002,53.180000,53.259998,52.621395,221700
2021-03-19,53.230000,53.349998,51.810001,52.700001,52.068108,652200
2021-03-22,52.740002,52.740002,51.669998,52.470001,51.840866,293900
2021-03-23,51.820000,52.290001,49.459999,49.900002,49.301685,306500
2021-03-24,50.490002,51.910000,50.259998,50.330002,49.726528,207800
2021-03-25,49.840000,51.590000,49.240002,51.310001,50.694778,304700
2021-03-26,52.299999,53.099998,51.610001,52.560001,51.929790,275500
2021-03-29,52.500000,53.200001,51.320000,51.439999,50.823215,242600
2021-03-30,51.439999,52.590000,51.049999,52.509998,51.880386,207200
2021-03-31,52.500000,53.139999,52.029999,52.439999,51.811226,544100
2021-04-01,52.669998,53.349998,52.020000,53.279999,52.641155,303400
2021-04-05,53.709999,54.320000,53.200001,53.740002,53.095642,218700
2021-04-06,53.439999,54.590000,53.439999,54.150002,53.500725,278000
2021-04-07,54.250000,54.340000,53.310001,53.360001,52.720196,216300
2021-04-08,53.340000,53.340000,52.310001,52.860001,52.226189,267700
2021-04-09,52.950001,53.259998,52.630001,53.160000,52.522594,174800
2021-04-12,53.340000,54.299999,53.220001,53.919998,53.273479,362400
2021-04-13,53.770000,53.770000,52.389999,52.910000,52.275593,207700
2021-04-14,52.950001,54.029999,52.660000,53.439999,52.799236,138200
2021-04-15,53.730000,54.439999,53.090000,54.070000,53.421684,241000
2021-04-16,54.689999,55.110001,54.220001,54.750000,54.093533,155800
2021-04-19,54.709999,55.060001,54.439999,54.740002,54.083649,261300
2021-04-20,54.419998,54.580002,53.090000,53.889999,53.243843,288400
2021-04-21,53.810001,55.590000,53.759998,55.290001,54.627056,422800
2021-04-22,55.279999,55.279999,54.290001,54.299999,53.648926,423000
2021-04-23,54.340000,55.590000,54.220001,55.400002,54.735737,310900
2021-04-26,55.509998,56.139999,55.459999,55.680000,55.012379,351200
2021-04-27,55.509998,56.419998,55.240002,56.200001,55.526142,236100
2021-04-28,56.500000,57.169998,56.480000,56.740002,56.059669,193200
2021-04-29,57.099998,57.439999,56.330002,56.430000,55.753384,362700
2021-04-30,56.040001,56.459999,54.820000,54.880001,54.221970,408300
2021-05-03,55.490002,56.700001,55.189999,56.090000,55.417465,286600
2021-05-04,57.099998,58.700001,56.160000,57.400002,56.711758,388700
2021-05-05,58.700001,61.160000,58.310001,60.910000,60.179668,1398400
2021-05-06,61.080002,63.000000,60.139999,62.919998,62.165565,611400
2021-05-07,62.930000,63.490002,62.200001,62.369999,61.622162,437400
2021-05-10,62.750000,63.500000,61.520000,61.520000,60.782352,540100
2021-05-11,60.630001,61.869999,60.169998,61.580002,60.841637,370700
2021-05-12,61.570000,61.770000,60.070000,60.099998,59.379379,226200
2021-05-13,60.000000,61.820000,60.000000,61.330002,60.594635,302000
2021-05-14,61.599998,62.310001,61.439999,62.279999,61.533241,349300
2021-05-17,62.139999,63.509998,61.470001,63.110001,62.353291,281400
2021-05-18,63.250000,63.520000,62.240002,62.330002,61.582645,306900
2021-05-19,61.580002,62.099998,60.849998,61.830002,61.088638,361800
2021-05-20,61.560001,62.330002,61.060001,62.049999,61.306000,271100
2021-05-21,62.580002,63.360001,62.369999,62.730000,61.977848,263000
2021-05-24,63.020000,63.340000,62.450001,63.160000,62.402691,200500
2021-05-25,63.139999,63.500000,61.930000,62.020000,61.276360,325700
2021-05-26,62.320000,62.740002,61.790001,62.610001,61.859283,200200
2021-05-27,63.000000,63.639999,62.730000,63.369999,62.962139,286000
2021-05-28,63.439999,63.630001,62.590000,63.580002,63.170792,250800
2021-06-01,63.820000,64.949997,63.709999,64.760002,64.343193,246600
2021-06-02,64.900002,64.900002,63.580002,63.869999,63.458920,411900
2021-06-03,63.520000,64.389999,62.580002,64.279999,63.866283,493900
2021-06-04,64.589996,65.139999,63.770000,64.849998,64.432610,528700
2021-06-07,65.110001,65.250000,63.230000,63.290001,62.882656,320700
2021-06-08,63.040001,63.810001,62.299999,63.680000,63.270145,290200
2021-06-09,63.369999,63.570000,62.700001,62.820000,62.415680,164000
2021-06-10,63.360001,63.450001,62.240002,62.310001,61.908962,162700
2021-06-11,62.720001,63.230000,62.340000,62.590000,62.187160,152200
2021-06-14,62.500000,62.689999,61.160000,61.490002,61.094242,261200
2021-06-15,61.630001,61.709999,60.830002,61.380001,60.984947,361200
2021-06-16,61.169998,61.419998,60.090000,60.570000,60.180161,371800
2021-06-17,60.480000,60.480000,57.230000,57.720001,57.348507,466600
2021-06-18,57.000000,57.669998,56.389999,56.490002,56.126423,791900
2021-06-21,57.360001,58.380001,56.919998,57.610001,57.239212,501600
2021-06-22,57.450001,57.970001,56.700001,57.130001,56.762302,387300
2021-06-23,57.400002,57.919998,56.880001,57.270000,56.901402,426700
2021-06-24,57.509998,57.750000,56.419998,57.040001,56.672882,546200
2021-06-25,57.160000,57.869999,56.029999,56.740002,56.374813,6716400
2021-06-28,56.549999,56.549999,55.209999,55.849998,55.490540,562100
2021-06-29,56.360001,56.759998,56.060001,56.340000,55.977386,330500
2021-06-30,55.750000,57.040001,55.750000,56.930000,56.563591,560600
2021-07-01,58.889999,59.189999,57.400002,58.310001,57.934708,746900
2021-07-02,58.020000,58.209999,57.500000,57.919998,57.547215,300500
2021-07-06,58.009998,58.020000,56.279999,57.110001,56.742432,683700
2021-07-07,56.939999,58.459999,56.820000,58.200001,57.825417,411400
2021-07-08,57.029999,57.470001,56.250000,56.619999,56.255585,383900
2021-07-09,57.759998,58.680000,57.400002,58.410000,58.034061,273500
2021-07-12,57.490002,58.860001,57.209999,58.790001,58.411617,269700
2021-07-13,58.450001,58.799999,57.430000,57.540001,57.169662,305800
2021-07-14,57.830002,58.360001,56.869999,57.169998,56.802044,244800
2021-07-15,56.529999,57.220001,56.240002,56.270000,55.907837,412800
2021-07-16,56.689999,56.889999,53.740002,53.750000,53.404057,428100
2021-07-19,52.240002,52.619999,51.299999,51.799999,51.466606,367200
2021-07-20,51.700001,52.450001,51.200001,51.959999,51.625576,669000
2021-07-21,52.599998,53.070000,51.919998,52.410000,52.072681,488700
2021-07-22,52.240002,52.389999,51.220001,51.790001,51.456673,517900
2021-07-23,53.680000,53.680000,52.060001,53.529999,53.185471,513000
2021-07-26,53.720001,54.470001,53.590000,54.180000,53.831287,295300
2021-07-27,53.500000,54.080002,52.869999,53.599998,53.255020,182000
2021-07-28,53.869999,54.410000,52.939999,53.990002,53.642513,202900
2021-07-29,54.919998,55.500000,54.639999,55.070000,54.715561,281700
2021-07-30,54.830002,55.900002,54.669998,55.060001,54.705627,266800
2021-08-02,55.529999,56.549999,54.380001,54.480000,54.129356,290300
2021-08-03,54.900002,55.389999,53.509998,55.270000,54.914272,203500
2021-08-04,54.470001,55.130001,53.259998,53.310001,52.966888,275200
2021-08-05,53.740002,54.130001,53.150002,53.189999,52.847660,187000
2021-08-06,53.970001,54.580002,53.490002,53.990002,53.642513,293200
2021-08-09,53.340000,53.799999,52.720001,53.720001,53.374249,273100
2021-08-10,51.689999,54.150002,50.470001,54.080002,53.731934,661100
2021-08-11,54.490002,55.590000,53.959999,55.540001,55.182537,320500
2021-08-12,55.720001,55.720001,54.540001,55.500000,55.142792,232300
2021-08-13,55.380001,55.630001,54.970001,55.279999,54.924206,165600
2021-08-16,54.720001,55.110001,53.790001,54.990002,54.636078,273100
2021-08-17,54.430000,54.869999,53.230000,54.500000,54.149227,310600
2021-08-18,54.400002,55.369999,54.099998,54.389999,54.039936,535000
2021-08-19,53.520000,53.970001,52.009998,52.060001,51.724934,213700
2021-08-20,52.000000,52.500000,51.740002,52.130001,51.794483,201000
2021-08-23,52.529999,53.310001,52.360001,53.200001,52.857597,198300
2021-08-24,53.290001,54.240002,53.290001,53.770000,53.423927,207100
2021-08-25,54.040001,54.689999,53.240002,54.380001,54.030003,215300
2021-08-26,53.860001,53.970001,52.639999,52.830002,52.830002,205800
2021-08-27,52.900002,55.230000,52.900002,55.040001,55.040001,316200
2021-08-30,55.060001,55.189999,53.939999,54.000000,54.000000,148500