Date,Open,High,Low,Close,Adj Close,Volume
2021-01-04,62.639999,63.450001,61.240002,62.029999,61.377239,286100
2021-01-05,62.020000,64.059998,62.020000,63.230000,62.564610,253300
2021-01-06,65.000000,68.989998,64.529999,67.809998,67.096413,461700
2021-01-07,68.430000,68.919998,67.680000,68.220001,67.502098,252300
2021-01-08,68.209999,68.209999,65.459999,66.699997,65.998085,262300
2021-01-11,66.050003,67.410004,66.050003,67.330002,66.621468,153300
2021-01-12,67.779999,68.290001,67.129997,67.440002,66.730309,165800
2021-01-13,67.059998,67.480003,66.050003,66.339996,65.641876,170000
2021-01-14,66.910004,68.550003,66.529999,68.300003,67.581261,282500
2021-01-15,66.620003,68.610001,66.610001,68.400002,67.680206,395700
2021-01-19,68.879997,69.000000,67.580002,68.250000,67.531784,277800
2021-01-20,68.029999,69.180000,67.379997,68.699997,67.977051,325300
2021-01-21,68.830002,69.010002,67.400002,68.000000,67.284416,259700
2021-01-22,67.449997,70.599998,66.970001,70.580002,69.837265,366900
2021-01-25,69.120003,70.620003,66.620003,67.940002,67.225052,548900
2021-01-26,68.250000,68.650002,66.809998,67.419998,66.710518,334500
2021-01-27,66.190002,67.239998,64.739998,65.529999,64.840401,373000
2021-01-28,66.510002,67.099998,65.430000,65.779999,65.087776,370700
2021-01-29,65.580002,66.139999,64.330002,64.849998,64.167564,781300
2021-02-01,65.239998,66.290001,64.239998,65.980003,65.285675,210400
2021-02-02,66.639999,67.419998,65.830002,66.919998,66.215775,303200
2021-02-03,66.580002,66.980003,65.730003,66.709999,66.007988,194800
2021-02-04,66.870003,68.599998,66.870003,68.180000,67.462524,228300
2021-02-05,68.610001,68.639999,67.059998,68.290001,67.571358,158800
2021-02-08,68.589996,69.610001,67.739998,69.599998,68.867577,220500
2021-02-09,69.220001,71.000000,69.209999,70.980003,70.233055,211600
2021-02-10,71.199997,71.400002,70.019997,70.250000,69.510742,259400
2021-02-11,70.370003,71.260002,68.970001,70.139999,69.401894,232100
2021-02-12,70.099998,70.889999,69.440002,70.050003,69.312843,137100
2021-02-16,70.769997,70.860001,69.919998,70.330002,69.589897,152300
2021-02-17,70.050003,70.370003,69.550003,69.959999,69.223785,206700
2021-02-18,69.680000,70.180000,69.230003,69.669998,68.936844,223800
2021-02-19,70.120003,70.209999,69.580002,70.000000,69.263367,257000
2021-02-22,69.690002,71.870003,69.470001,71.790001,71.034531,270500
2021-02-23,72.059998,73.000000,71.099998,72.279999,71.519371,216400
2021-02-24,72.820000,73.989998,72.790001,73.660004,72.884857,215300
2021-02-25,74.400002,74.559998,72.330002,72.519997,71.756844,174000
2021-02-26,72.150002,72.620003,70.980003,71.190002,70.440842,235200
2021-03-01,72.559998,73.050003,71.889999,72.940002,72.172432,176500
2021-03-02,72.669998,72.820000,71.449997,71.910004,71.153275,161100
2021-03-03,72.279999,74.949997,72.129997,73.160004,72.390114,194900
2021-03-04,73.050003,75.260002,72.440002,73.239998,72.469269,222900
2021-03-05,74.739998,75.360001,73.639999,75.269997,74.477905,252500
2021-03-08,76.360001,78.050003,75.410004,77.760002,76.941711,294000
2021-03-09,77.160004,79.449997,75.040001,78.050003,77.228661,320100
2021-03-10,78.050003,80.010002,78.050003,79.430000,78.594139,348400
2021-03-11,78.940002,80.480003,78.940002,80.430000,79.583611,210100
2021-03-12,81.050003,82.529999,80.779999,82.459999,82.020546,343900
2021-03-15,82.400002,82.400002,78.820000,79.660004,79.235474,210100
2021-03-16,78.940002,79.269997,77.760002,79.230003,78.807770,160900
2021-03-17,79.849998,80.440002,78.309998,78.830002,78.409897,182200
2021-03-18,79.839996,81.779999,79.050003,79.449997,79.026588,185200
2021-03-19,78.980003,79.889999,77.800003,79.669998,79.245415,898200
2021-03-22,78.980003,78.980003,76.400002,77.269997,76.858208,202500
2021-03-23,76.239998,76.989998,75.110001,75.349998,74.948441,235200
2021-03-24,76.019997,77.930000,75.449997,75.480003,75.077751,261400
2021-03-25,75.400002,77.559998,75.080002,77.129997,76.718948,161800
2021-03-26,78.029999,79.639999,77.599998,79.459999,79.036537,193200
2021-03-29,78.430000,79.919998,77.629997,77.800003,77.385384,250000
2021-03-30,78.519997,79.709999,77.930000,78.209999,77.793198,247300
2021-03-31,77.930000,78.440002,76.699997,76.720001,76.311142,347500
2021-04-01,76.430000,77.330002,75.849998,77.300003,76.888054,285700
2021-04-05,78.330002,78.730003,76.739998,77.620003,77.206345,154300
2021-04-06,77.500000,77.830002,76.510002,76.730003,76.321091,142500
2021-04-07,77.070000,77.660004,76.410004,77.290001,76.878105,289800
2021-04-08,76.870003,77.879997,75.900002,77.589996,77.176498,282500
2021-04-09,78.220001,78.470001,77.529999,78.360001,77.942398,144400
2021-04-12,78.720001,78.839996,77.930000,78.220001,77.803146,164900
2021-04-13,77.599998,78.070000,76.230003,76.519997,76.112206,155200
2021-04-14,76.320000,78.070000,76.320000,77.449997,77.037247,103800
2021-04-15,77.610001,77.660004,75.919998,77.610001,77.196396,123300
2021-04-16,78.639999,78.709999,77.300003,77.860001,77.445068,136600
2021-04-19,77.889999,78.160004,76.629997,77.290001,76.878105,168300
2021-04-20,76.910004,77.290001,75.339996,75.580002,75.177216,168200
2021-04-21,75.500000,77.339996,75.400002,77.099998,76.689110,192300
2021-04-22,77.529999,77.540001,76.160004,76.190002,75.783966,214200
2021-04-23,76.330002,79.370003,75.470001,78.570000,78.151283,275700
2021-04-26,79.349998,79.750000,77.559998,77.720001,77.305809,199400
2021-04-27,78.320000,78.320000,77.099998,78.190002,77.773308,280700
2021-04-28,78.239998,78.760002,77.900002,77.910004,77.494804,192800
2021-04-29,78.650002,79.800003,78.360001,78.860001,78.439735,296200
2021-04-30,78.250000,79.290001,76.809998,77.629997,77.216286,1310500
2021-05-03,78.139999,79.089996,77.470001,78.690002,78.270645,409600
2021-05-04,78.269997,79.919998,78.250000,79.919998,79.494087,188000
2021-05-05,80.000000,80.430000,78.889999,80.389999,79.961578,256100
2021-05-06,80.400002,81.150002,79.589996,81.150002,80.717529,231200
2021-05-07,80.180000,81.110001,80.070000,80.919998,80.488754,133800
2021-05-10,81.480003,82.000000,80.099998,80.150002,79.722862,181800
2021-05-11,79.379997,80.250000,78.779999,79.040001,78.618774,202300
2021-05-12,79.480003,79.580002,77.050003,77.410004,76.997467,222300
2021-05-13,77.120003,80.519997,77.120003,80.089996,79.663177,273200
2021-05-14,80.419998,81.459999,80.309998,81.120003,80.687691,160900
2021-05-17,80.540001,81.620003,80.400002,81.440002,81.005989,104100
2021-05-18,81.400002,81.470001,79.330002,79.330002,78.907234,182300
2021-05-19,78.570000,79.980003,77.940002,79.910004,79.484146,228400
2021-05-20,79.489998,80.610001,78.620003,80.099998,79.673126,189800
2021-05-21,80.709999,81.440002,80.239998,81.209999,80.777214,170600
2021-05-24,81.839996,81.839996,80.529999,80.809998,80.379341,153000
2021-05-25,80.849998,81.610001,78.849998,78.889999,78.469574,157500
2021-05-26,79.339996,80.290001,78.800003,79.900002,79.474197,139900
2021-05-27,80.779999,81.339996,80.250000,80.870003,80.439026,263700
2021-05-28,80.870003,81.669998,79.910004,81.120003,80.687691,101800
2021-06-01,81.690002,82.099998,81.080002,81.519997,81.085556,192000
2021-06-02,81.769997,81.769997,80.330002,80.330002,79.901901,134400
2021-06-03,80.230003,81.050003,79.849998,80.580002,80.150574,143200
2021-06-04,80.580002,80.800003,79.820000,80.540001,80.110786,95800
2021-06-07,80.510002,80.930000,80.160004,80.769997,80.339554,108800
2021-06-08,80.139999,81.750000,80.050003,81.290001,80.856789,118400
2021-06-09,80.739998,81.239998,79.809998,80.010002,79.583611,149400
2021-06-10,80.620003,80.769997,78.910004,78.949997,78.529251,101900
2021-06-11,79.250000,79.620003,78.470001,78.809998,78.389999,108200
2021-06-14,78.419998,79.080002,77.919998,78.389999,78.389999,201000
2021-06-15,78.699997,80.480003,78.279999,79.760002,79.760002,156600
2021-06-16,79.440002,81.529999,78.620003,81.080002,81.080002,205900
2021-06-17,81.470001,81.510002,78.019997,78.199997,78.199997,236100
2021-06-18,77.400002,77.750000,75.309998,75.379997,75.379997,454700
2021-06-21,76.309998,78.589996,76.019997,77.849998,77.849998,206900
2021-06-22,77.639999,78.360001,76.510002,77.669998,77.669998,103500
2021-06-23,77.699997,78.019997,77.080002,77.180000,77.180000,207500
2021-06-24,77.540001,78.379997,76.690002,78.269997,78.269997,142700
2021-06-25,78.510002,79.139999,78.209999,78.459999,78.459999,419900
2021-06-28,77.870003,78.320000,75.680000,76.070000,76.070000,200500
2021-06-29,76.500000,77.010002,75.510002,75.820000,75.820000,108400
2021-06-30,75.419998,76.139999,75.320000,75.650002,75.650002,154200
2021-07-01,76.089996,76.440002,75.709999,76.110001,76.110001,105000
2021-07-02,76.180000,76.180000,74.830002,74.919998,74.919998,124700
2021-07-06,74.639999,74.709999,72.760002,73.360001,73.360001,149100
2021-07-07,72.709999,74.570000,72.709999,73.440002,73.440002,230800
2021-07-08,72.050003,72.940002,71.349998,71.889999,71.889999,235700
2021-07-09,73.169998,74.180000,72.879997,74.059998,74.059998,146100
2021-07-12,73.110001,74.290001,72.809998,74.260002,74.260002,223200
2021-07-13,73.830002,74.559998,72.699997,72.910004,72.910004,124700
2021-07-14,73.010002,73.320000,72.000000,72.680000,72.680000,139100
2021-07-15,71.889999,73.690002,71.889999,73.669998,73.669998,149200
2021-07-16,74.250000,74.250000,71.839996,72.099998,72.099998,148900
2021-07-19,70.550003,71.389999,70.050003,70.699997,70.699997,209200
2021-07-20,70.809998,73.440002,70.809998,71.470001,71.470001,281200
2021-07-21,72.040001,73.199997,71.889999,72.000000,72.000000,122600
2021-07-22,72.089996,72.089996,70.400002,70.730003,70.730003,134300
2021-07-23,71.419998,72.019997,70.830002,71.760002,71.760002,142400
2021-07-26,72.629997,73.580002,71.970001,72.410004,72.410004,144900
2021-07-27,71.440002,72.669998,71.400002,71.919998,71.919998,146400
2021-07-28,72.019997,72.980003,71.190002,72.449997,72.449997,160400
2021-07-29,73.000000,73.099998,72.260002,72.419998,72.419998,118700
2021-07-30,72.400002,73.599998,71.290001,71.639999,71.639999,385500
2021-08-02,71.949997,73.650002,71.190002,71.370003,71.370003,214200
2021-08-03,71.339996,72.639999,70.690002,72.550003,72.550003,182100
2021-08-04,71.400002,72.220001,71.370003,71.449997,71.449997,94700
2021-08-05,72.029999,72.489998,71.739998,72.480003,72.480003,77400
2021-08-06,73.629997,74.739998,73.510002,74.580002,74.580002,174000
2021-08-09,74.239998,75.430000,73.750000,74.389999,74.389999,128300
2021-08-10,74.190002,75.449997,73.989998,75.449997,75.449997,108200
2021-08-11,75.349998,76.019997,74.900002,76.000000,76.000000,108200
2021-08-12,76.129997,76.370003,75.330002,75.529999,75.529999,140100
2021-08-13,75.480003,75.580002,74.629997,75.120003,75.120003,94600
2021-08-16,74.620003,75.150002,73.970001,75.000000,75.000000,90500
2021-08-17,74.349998,75.010002,73.529999,74.529999,74.529999,112000
2021-08-18,74.059998,74.820000,73.489998,73.589996,73.589996,123400
2021-08-19,72.959999,73.610001,72.550003,73.070000,73.070000,154200
2021-08-20,73.169998,74.320000,72.930000,74.160004,74.160004,146100
2021-08-23,74.360001,74.930000,74.129997,74.599998,74.599998,97500
2021-08-24,74.830002,75.029999,73.989998,74.160004,74.160004,94200
2021-08-25,73.989998,74.980003,73.809998,73.830002,73.830002,170800
2021-08-26,73.970001,74.050003,72.900002,72.910004,72.910004,119400
2021-08-27,72.989998,75.379997,72.989998,75.160004,75.160004,233000
2021-08-30,75.360001,75.360001,73.260002,73.370003,73.370003,121700