Date,Open,High,Low,Close,Adj Close,Volume
2021-01-04,151.289993,154.630005,145.389999,146.009995,145.172745,202400
2021-01-05,146.149994,149.289993,145.820007,146.309998,145.471024,193900
2021-01-06,147.380005,149.589996,144.000000,148.089996,147.240814,544000
2021-01-07,149.059998,155.500000,148.300003,154.839996,153.952118,289700
2021-01-08,154.919998,159.660004,154.919998,158.279999,157.372391,290100
2021-01-11,155.000000,159.330002,153.910004,158.179993,157.272949,179500
2021-01-12,159.520004,166.639999,159.130005,166.029999,165.077942,287400
2021-01-13,165.610001,166.690002,162.970001,163.880005,162.940277,126300
2021-01-14,164.190002,170.949997,159.089996,167.619995,166.658829,197200
2021-01-15,164.800003,165.929993,160.830002,164.679993,163.735672,232400
2021-01-19,169.520004,173.389999,167.669998,172.690002,171.699768,178000
2021-01-20,174.300003,174.990005,168.350006,169.360001,168.388855,190400
2021-01-21,169.750000,172.720001,166.130005,167.929993,166.967041,213400
2021-01-22,165.660004,168.899994,165.660004,167.539993,166.579285,123000
2021-01-25,167.350006,169.699997,163.919998,165.229996,164.282532,101300
2021-01-26,167.449997,167.449997,160.839996,161.050003,160.126511,89200
2021-01-27,157.169998,160.279999,150.050003,150.520004,149.656876,204400
2021-01-28,155.559998,155.669998,151.250000,152.520004,151.645432,207400
2021-01-29,151.309998,152.910004,147.110001,147.309998,146.465286,203600
2021-02-01,148.110001,156.929993,148.110001,155.919998,155.025925,315500
2021-02-02,158.979996,158.979996,156.220001,157.350006,156.447739,163000
2021-02-03,156.610001,159.460007,155.080002,157.160004,156.258820,219900
2021-02-04,162.500000,169.949997,160.309998,165.429993,164.481384,259100
2021-02-05,168.759995,169.979996,165.529999,169.210007,168.239731,165400
2021-02-08,170.000000,173.399994,168.289993,173.009995,172.017914,195100
2021-02-09,169.779999,171.289993,167.960007,169.220001,168.249664,111700
2021-02-10,169.809998,171.460007,165.190002,166.759995,165.803757,146300
2021-02-11,167.350006,172.820007,167.350006,172.690002,171.699768,172500
2021-02-12,172.509995,175.979996,171.850006,174.839996,173.837433,131200
2021-02-16,177.199997,178.110001,172.949997,174.380005,173.380066,155100
2021-02-17,171.550003,174.699997,167.130005,170.460007,169.482559,189200
2021-02-18,169.550003,169.550003,162.000000,162.809998,161.876404,186200
2021-02-19,164.559998,169.320007,164.559998,168.550003,167.583496,137500
2021-02-22,165.919998,168.940002,164.130005,164.880005,163.934540,180900
2021-02-23,162.009995,167.369995,160.250000,166.830002,165.873367,153000
2021-02-24,165.100006,179.270004,165.039993,178.720001,177.695190,183500
2021-02-25,176.800003,176.800003,165.039993,166.630005,165.674515,260500
2021-02-26,168.000000,173.949997,163.899994,170.500000,169.522324,227900
2021-03-01,174.490005,177.759995,172.149994,177.720001,176.700912,161100
2021-03-02,175.990005,175.990005,168.250000,168.529999,167.563599,157000
2021-03-03,173.169998,175.369995,170.000000,170.860001,169.880249,191600
2021-03-04,170.809998,171.820007,159.270004,162.539993,161.607941,258500
2021-03-05,167.610001,167.610001,156.350006,164.539993,163.596497,316700
2021-03-08,164.580002,166.050003,156.020004,156.149994,155.254593,189100
2021-03-09,160.410004,164.589996,159.949997,162.559998,161.627838,241000
2021-03-10,166.080002,167.770004,164.130005,166.130005,165.177368,159800
2021-03-11,169.160004,174.270004,168.529999,171.800003,170.814850,195500
2021-03-12,169.250000,171.690002,168.100006,169.149994,168.180054,148500
2021-03-15,169.699997,174.360001,168.020004,173.809998,172.813339,107500
2021-03-16,174.990005,182.660004,174.570007,180.759995,179.723480,348000
2021-03-17,178.250000,183.000000,175.020004,180.910004,179.872635,222000
2021-03-18,178.009995,179.919998,171.619995,172.000000,171.013702,141200
2021-03-19,172.410004,179.899994,167.750000,172.309998,171.321930,394000
2021-03-22,172.550003,179.899994,169.910004,170.149994,169.627151,133600
2021-03-23,169.449997,173.039993,161.669998,162.279999,161.781342,185100
2021-03-24,165.000000,173.000000,164.979996,165.380005,164.871826,144200
2021-03-25,162.050003,168.610001,159.770004,167.820007,167.304337,191000
2021-03-26,169.460007,177.850006,168.679993,177.479996,176.934631,165800
2021-03-29,174.949997,177.139999,168.929993,170.309998,169.786667,162100
2021-03-30,169.800003,171.779999,168.110001,170.940002,170.414734,103200
2021-03-31,172.449997,179.190002,172.449997,176.789993,176.246750,191600
2021-04-01,178.070007,187.789993,176.830002,187.789993,187.212952,180600
2021-04-05,193.000000,195.639999,190.839996,195.279999,194.679947,203700
2021-04-06,194.509995,198.059998,194.190002,196.899994,196.294952,299200
2021-04-07,196.520004,198.610001,194.929993,195.759995,195.158463,169900
2021-04-08,198.110001,198.419998,194.520004,196.589996,195.985916,147200
2021-04-09,195.119995,196.410004,191.000000,192.979996,192.387009,111900
2021-04-12,191.429993,191.910004,185.139999,185.750000,185.179230,177500
2021-04-13,187.360001,189.240005,183.940002,186.740005,186.166199,109900
2021-04-14,187.009995,191.339996,187.009995,188.869995,188.289642,125500
2021-04-15,191.710007,192.699997,188.330002,191.289993,190.702194,74500
2021-04-16,192.429993,192.429993,188.320007,190.110001,189.525833,109500
2021-04-19,188.720001,191.149994,183.600006,185.699997,185.129379,164700
2021-04-20,185.419998,186.089996,178.229996,179.539993,178.988297,135500
2021-04-21,180.360001,187.770004,180.360001,187.509995,186.933807,112500
2021-04-22,185.089996,187.070007,181.660004,184.020004,183.454544,139100
2021-04-23,185.800003,188.399994,185.800003,187.070007,186.495178,117600
2021-04-26,188.539993,191.960007,188.539993,190.300003,189.715256,90400
2021-04-27,191.979996,191.979996,186.309998,187.660004,187.083359,88700
2021-04-28,186.399994,189.300003,186.380005,188.210007,187.631668,80500
2021-04-29,191.000000,191.000000,183.679993,187.330002,186.754379,74900
2021-04-30,183.940002,187.440002,182.399994,183.429993,182.866348,208700
2021-05-03,185.470001,186.529999,181.059998,181.929993,181.370956,133600
2021-05-04,179.740005,180.500000,173.130005,175.139999,174.601822,133700
2021-05-05,176.899994,179.130005,173.080002,178.490005,177.941544,160200
2021-05-06,168.020004,170.690002,158.669998,159.100006,158.611130,394100
2021-05-07,160.020004,167.779999,159.580002,166.490005,165.978409,271600
2021-05-10,165.750000,165.750000,153.100006,153.130005,152.659470,285300
2021-05-11,147.570007,153.119995,147.570007,152.339996,151.871887,211100
2021-05-12,149.610001,150.559998,144.009995,144.360001,143.916412,237200
2021-05-13,147.100006,153.979996,145.630005,151.789993,151.323578,249600
2021-05-14,154.500000,156.360001,150.089996,154.639999,154.164825,216900
2021-05-17,151.860001,152.470001,148.889999,152.000000,151.532928,125500
2021-05-18,153.089996,154.279999,148.889999,149.089996,148.631866,157300
2021-05-19,145.479996,151.190002,145.479996,149.990005,149.529114,353800
2021-05-20,150.479996,153.679993,150.479996,152.850006,152.380325,151500
2021-05-21,154.710007,154.710007,151.059998,151.380005,150.914841,237800
2021-05-24,152.740005,154.960007,152.679993,153.850006,153.377258,210900
2021-05-25,155.210007,155.990005,152.229996,153.130005,152.659470,256300
2021-05-26,153.470001,154.710007,151.490005,152.850006,152.380325,156700
2021-05-27,153.529999,156.240005,152.919998,155.320007,154.842743,138100
2021-05-28,156.009995,156.009995,152.679993,154.330002,153.855774,119000
2021-06-01,154.580002,158.380005,153.270004,154.000000,153.526794,123700
2021-06-02,153.570007,155.619995,152.440002,153.039993,152.569733,129300
2021-06-03,151.589996,151.589996,147.309998,147.679993,147.226196,172500
2021-06-04,148.850006,151.210007,148.850006,150.419998,149.957794,145000
2021-06-07,149.679993,150.889999,144.690002,144.979996,144.534500,198300
2021-06-08,145.979996,150.880005,145.509995,150.009995,149.549042,347600
2021-06-09,151.990005,154.360001,151.619995,153.380005,152.908707,294400
2021-06-10,152.000000,152.960007,147.750000,150.990005,150.526047,300200
2021-06-11,152.470001,153.000000,149.449997,152.949997,152.480011,145200
2021-06-14,153.740005,158.889999,152.910004,158.600006,158.112656,286000
2021-06-15,158.360001,160.529999,154.440002,155.110001,154.633377,204400
2021-06-16,155.240005,155.960007,153.149994,153.619995,153.147949,168500
2021-06-17,153.729996,154.110001,149.210007,151.250000,150.785233,173900
2021-06-18,147.839996,150.759995,147.119995,149.919998,149.459320,639400
2021-06-21,151.550003,151.550003,148.589996,149.699997,149.240005,219300
2021-06-22,148.389999,150.100006,145.809998,149.720001,149.720001,248600
2021-06-23,150.639999,152.490005,148.539993,148.699997,148.699997,184300
2021-06-24,150.190002,150.300003,148.639999,150.000000,150.000000,147900
2021-06-25,150.610001,151.509995,147.020004,147.139999,147.139999,392200
2021-06-28,147.949997,150.759995,147.910004,150.000000,150.000000,363000
2021-06-29,150.880005,151.960007,149.740005,150.059998,150.059998,167800
2021-06-30,149.690002,151.139999,148.360001,150.740005,150.740005,206600
2021-07-01,151.160004,151.289993,148.009995,148.729996,148.729996,220500
2021-07-02,149.539993,149.539993,145.039993,146.000000,146.000000,267200
2021-07-06,146.559998,146.559998,142.330002,142.860001,142.860001,248800
2021-07-07,143.520004,147.089996,140.619995,146.509995,146.509995,300100
2021-07-08,142.580002,144.669998,140.940002,142.300003,142.300003,230200
2021-07-09,143.690002,149.600006,142.740005,148.699997,148.699997,193600
2021-07-12,147.940002,150.699997,147.460007,150.619995,150.619995,174800
2021-07-13,150.000000,151.240005,148.669998,150.029999,150.029999,271200
2021-07-14,151.729996,152.330002,147.070007,147.210007,147.210007,118000
2021-07-15,146.139999,146.410004,142.059998,143.550003,143.550003,182400
2021-07-16,145.039993,146.070007,139.110001,139.199997,139.199997,130100
2021-07-19,136.710007,138.919998,135.500000,137.160004,137.160004,320500
2021-07-20,138.240005,142.309998,137.809998,139.869995,139.869995,225400
2021-07-21,140.770004,143.949997,140.330002,142.860001,142.860001,182300
2021-07-22,142.399994,144.000000,139.529999,140.020004,140.020004,134700
2021-07-23,140.679993,142.910004,139.259995,141.929993,141.929993,122100
2021-07-26,142.240005,143.860001,138.820007,139.139999,139.139999,326600
2021-07-27,138.119995,138.649994,133.130005,136.229996,136.229996,212900
2021-07-28,136.820007,143.449997,136.820007,141.559998,141.559998,144300
2021-07-29,142.119995,144.080002,141.300003,143.399994,143.399994,122400
2021-07-30,142.639999,145.630005,142.580002,144.639999,144.639999,188100
2021-08-02,145.389999,147.360001,143.820007,144.250000,144.250000,164900
2021-08-03,145.029999,146.940002,142.380005,145.919998,145.919998,152600
2021-08-04,144.880005,146.309998,144.029999,145.839996,145.839996,155800
2021-08-05,142.940002,142.940002,123.620003,124.790001,124.790001,770800
2021-08-06,123.970001,126.290001,122.330002,124.010002,124.010002,339900
2021-08-09,124.870003,125.800003,122.209999,122.720001,122.720001,596800
2021-08-10,122.629997,124.930000,120.449997,123.279999,123.279999,349500
2021-08-11,123.370003,125.250000,122.449997,124.599998,124.599998,316200
2021-08-12,125.330002,125.330002,121.209999,121.389999,121.389999,486800
2021-08-13,121.500000,125.620003,121.050003,125.040001,125.040001,401600
2021-08-16,124.550003,128.490005,123.900002,127.839996,127.839996,345000
2021-08-17,125.559998,127.139999,122.129997,122.199997,122.199997,212400
2021-08-18,122.190002,124.199997,121.309998,121.410004,121.410004,213100
2021-08-19,120.440002,121.940002,119.660004,120.370003,120.370003,237300
2021-08-20,120.019997,121.379997,119.190002,121.029999,121.029999,259900
2021-08-23,121.949997,124.919998,121.949997,123.410004,123.410004,323800
2021-08-24,123.930000,125.980003,123.540001,125.690002,125.690002,269600
2021-08-25,125.809998,128.949997,125.400002,127.809998,127.809998,240200
2021-08-26,127.949997,129.979996,127.470001,128.139999,128.139999,196100
2021-08-27,128.110001,133.830002,128.110001,132.889999,132.889999,243700
2021-08-30,134.330002,134.889999,132.490005,132.839996,132.839996,224700