Date,Open,High,Low,Close,Adj Close,Volume
2021-01-04,59.869999,60.360001,58.930000,59.570000,57.586376,565900
2021-01-05,59.619999,59.880001,57.200001,57.270000,55.362965,273100
2021-01-06,57.610001,60.299999,56.529999,60.169998,58.166393,479900
2021-01-07,59.930000,60.840000,59.029999,59.959999,57.963390,209000
2021-01-08,59.880001,60.849998,58.840000,59.360001,57.383366,274700
2021-01-11,59.000000,59.990002,57.900002,58.730000,56.774345,306200
2021-01-12,58.529999,59.990002,57.590000,59.910000,57.915054,425800
2021-01-13,60.200001,60.439999,59.250000,59.480000,57.499374,174700
2021-01-14,59.740002,60.779999,58.799999,60.349998,58.340401,220900
2021-01-15,60.220001,60.610001,59.270000,59.540001,57.557377,225900
2021-01-19,59.840000,60.869999,59.209999,60.040001,58.040726,310000
2021-01-20,60.020000,61.090000,59.639999,60.889999,58.862419,255400
2021-01-21,61.220001,61.220001,58.950001,59.520000,57.538040,272400
2021-01-22,59.130001,61.160000,59.000000,61.070000,59.036423,277600
2021-01-25,60.639999,61.939999,60.189999,61.840000,59.780785,221700
2021-01-26,62.020000,62.529999,60.540001,61.820000,59.761452,242200
2021-01-27,61.459999,61.689999,58.820000,58.939999,56.977352,378500
2021-01-28,59.230000,59.680000,57.389999,58.020000,56.087990,401900
2021-01-29,57.639999,58.070000,56.380001,56.950001,55.053623,311400
2021-02-01,57.830002,58.349998,56.480000,58.020000,56.087990,282400
2021-02-02,58.560001,59.299999,58.060001,58.900002,56.938690,319200
2021-02-03,60.009998,60.910000,58.919998,59.509998,57.528374,328200
2021-02-04,59.500000,60.779999,58.980000,60.619999,58.601410,256900
2021-02-05,61.099998,61.209999,60.080002,61.049999,59.017090,149600
2021-02-08,61.080002,62.040001,59.910000,61.540001,59.490776,179100
2021-02-09,62.020000,62.299999,60.959999,61.939999,59.877457,179200
2021-02-10,61.980000,62.759998,61.900002,62.230000,60.157803,296500
2021-02-11,62.189999,63.299999,61.459999,62.669998,60.583145,258800
2021-02-12,62.630001,62.799999,62.189999,62.470001,60.389812,152000
2021-02-16,62.240002,62.340000,59.610001,59.980000,57.982719,286800
2021-02-17,59.730000,60.849998,59.240002,60.770000,58.746418,345500
2021-02-18,60.750000,61.779999,59.720001,59.970001,57.973057,294400
2021-02-19,60.070000,60.450001,59.180000,59.509998,57.528374,356100
2021-02-22,59.209999,59.209999,57.060001,58.619999,56.668007,285000
2021-02-23,58.630001,59.450001,57.439999,58.750000,56.793682,340600
2021-02-24,58.639999,62.380001,58.459999,62.189999,60.119129,615600
2021-02-25,61.049999,64.919998,59.029999,59.470001,57.489704,977600
2021-02-26,59.619999,61.200001,58.099998,59.849998,57.857048,614300
2021-03-01,60.480000,61.480000,59.189999,60.320000,58.311401,541900
2021-03-02,60.240002,60.599998,58.439999,58.540001,56.590675,336100
2021-03-03,58.580002,59.259998,57.290001,57.610001,55.691639,341900
2021-03-04,58.020000,59.220001,56.799999,57.529999,55.614304,410800
2021-03-05,57.990002,58.939999,57.029999,58.369999,56.426334,475400
2021-03-08,58.320000,60.930000,58.020000,59.990002,57.992393,373200
2021-03-09,60.369999,60.980000,59.270000,60.639999,58.620747,273500
2021-03-10,60.759998,62.349998,60.209999,61.840000,59.780785,257700
2021-03-11,61.150002,61.990002,60.090000,61.980000,60.656677,314400
2021-03-12,62.220001,64.720001,61.619999,64.430000,63.054371,339900
2021-03-15,64.480003,65.379997,62.799999,63.650002,62.291023,228000
2021-03-16,63.029999,63.290001,61.520000,62.200001,60.871983,237700
2021-03-17,62.290001,63.669998,61.650002,63.490002,62.134441,276800
2021-03-18,63.080002,64.029999,61.930000,63.529999,62.173584,199300
2021-03-19,63.500000,64.709999,63.169998,64.400002,63.025013,733500
2021-03-22,64.389999,65.339996,63.779999,65.120003,63.729637,254500
2021-03-23,64.809998,65.629997,64.699997,65.120003,63.729637,243200
2021-03-24,64.980003,65.500000,63.500000,63.720001,62.359531,300400
2021-03-25,63.349998,64.989998,62.480000,64.480003,63.103302,383200
2021-03-26,65.220001,70.000000,64.779999,68.089996,66.636215,644500
2021-03-29,67.620003,69.010002,66.690002,68.059998,66.606865,686000
2021-03-30,68.000000,68.260002,66.480003,67.379997,65.941376,349200
2021-03-31,67.400002,69.250000,67.129997,68.760002,67.291916,374800
2021-04-01,69.470001,69.959999,68.050003,68.410004,66.949394,321700
2021-04-05,69.419998,70.629997,68.620003,69.889999,68.397797,285300
2021-04-06,69.389999,70.760002,69.120003,70.430000,68.926270,211900
2021-04-07,70.669998,70.669998,69.279999,69.550003,68.065056,214500
2021-04-08,70.089996,70.260002,69.050003,69.529999,68.045479,226300
2021-04-09,69.660004,70.519997,69.000000,70.480003,68.975197,209400
2021-04-12,70.860001,70.860001,69.379997,69.779999,68.290146,173000
2021-04-13,69.949997,70.010002,68.989998,69.440002,67.957405,217400
2021-04-14,69.050003,69.269997,68.589996,68.690002,67.223419,168300
2021-04-15,68.370003,69.059998,68.250000,68.980003,67.507225,280500
2021-04-16,69.519997,69.519997,68.239998,69.070000,67.595306,298500
2021-04-19,69.370003,69.459999,67.870003,68.959999,67.487648,279600
2021-04-20,68.989998,69.330002,68.279999,68.330002,66.871101,224100
2021-04-21,68.620003,69.919998,67.949997,68.959999,67.487648,308900
2021-04-22,68.730003,68.760002,67.290001,67.480003,66.039253,271600
2021-04-23,67.419998,68.669998,67.059998,68.410004,66.949394,189900
2021-04-26,68.239998,68.989998,67.849998,68.730003,67.262566,150500
2021-04-27,68.779999,69.279999,68.300003,69.050003,67.575737,193200
2021-04-28,69.370003,69.660004,68.230003,68.559998,67.096184,256200
2021-04-29,72.010002,74.080002,69.750000,72.739998,71.186943,511300
2021-04-30,73.989998,76.330002,73.800003,75.510002,73.897804,529100
2021-05-03,76.589996,76.900002,75.540001,76.089996,74.465416,483800
2021-05-04,78.500000,78.739998,77.290001,78.209999,76.540154,520300
2021-05-05,78.010002,78.239998,75.970001,77.629997,75.972534,335900
2021-05-06,76.889999,79.000000,76.769997,78.760002,77.078415,259200
2021-05-07,78.440002,79.180000,77.540001,78.000000,76.334641,188300
2021-05-10,80.000000,80.000000,79.000000,79.180000,77.489441,281500
2021-05-11,77.769997,78.089996,75.500000,76.870003,75.228767,402900
2021-05-12,76.360001,77.529999,75.760002,75.860001,74.240334,310900
2021-05-13,75.610001,77.029999,74.800003,76.830002,75.970757,268900
2021-05-14,77.309998,77.639999,76.300003,77.139999,76.277290,147100
2021-05-17,76.709999,76.709999,75.250000,75.410004,74.566643,262000
2021-05-18,75.050003,75.959999,74.680000,74.790001,73.953575,294800
2021-05-19,74.290001,75.269997,73.559998,74.180000,73.350395,385000
2021-05-20,73.900002,75.120003,73.900002,74.559998,73.726143,409700
2021-05-21,74.949997,75.500000,73.900002,73.940002,73.113083,342200
2021-05-24,74.330002,74.919998,73.699997,74.849998,74.012901,477000
2021-05-25,74.940002,75.000000,73.910004,74.720001,73.884354,376800
2021-05-26,75.269997,75.480003,74.029999,74.209999,73.380058,266400
2021-05-27,74.620003,75.029999,73.290001,74.629997,73.795357,363600
2021-05-28,74.809998,75.610001,74.730003,75.599998,74.754509,207200
2021-06-01,75.769997,76.230003,74.610001,74.809998,73.973343,216500
2021-06-02,75.500000,75.830002,74.820000,75.750000,74.902840,191400
2021-06-03,75.699997,76.269997,75.129997,75.449997,74.606186,218300
2021-06-04,75.529999,76.260002,75.309998,75.480003,74.635857,152700
2021-06-07,75.589996,77.089996,75.589996,76.610001,75.753220,261300
2021-06-08,76.410004,76.849998,75.120003,75.610001,74.764404,207600
2021-06-09,75.730003,76.360001,75.650002,75.959999,75.110489,134800
2021-06-10,76.169998,76.930000,75.930000,76.779999,75.921318,139500
2021-06-11,76.650002,76.720001,76.000000,76.720001,75.861992,129100
2021-06-14,76.930000,78.440002,76.930000,78.370003,77.493538,186400
2021-06-15,78.430000,78.519997,77.730003,78.000000,77.127670,142000
2021-06-16,77.760002,78.680000,76.980003,77.730003,76.860695,150300
2021-06-17,77.610001,78.040001,76.760002,77.610001,76.742035,178900
2021-06-18,77.260002,78.290001,76.839996,77.449997,76.583824,511800
2021-06-21,77.879997,78.839996,77.559998,78.760002,77.879173,240400
2021-06-22,78.949997,79.360001,78.440002,79.209999,78.324142,211500
2021-06-23,79.419998,79.629997,78.190002,78.330002,77.453987,272400
2021-06-24,78.400002,78.550003,76.989998,77.239998,76.376167,142400
2021-06-25,76.980003,78.129997,76.879997,77.980003,77.107903,472000
2021-06-28,77.879997,78.440002,77.110001,77.290001,76.425613,167700
2021-06-29,77.120003,77.410004,76.660004,76.970001,76.109192,149400
2021-06-30,76.849998,77.339996,76.730003,76.889999,76.030083,187600
2021-07-01,76.940002,77.669998,76.739998,76.809998,75.950981,131600
2021-07-02,76.839996,76.839996,75.610001,75.849998,75.001717,185000
2021-07-06,76.089996,76.099998,75.099998,75.910004,75.061050,158900
2021-07-07,75.900002,76.489998,75.089996,75.550003,74.705078,173200
2021-07-08,75.000000,75.809998,74.510002,75.519997,74.675407,157700
2021-07-09,76.050003,76.239998,75.480003,75.980003,75.130264,88800
2021-07-12,76.070000,77.709999,75.610001,77.629997,76.761810,181300
2021-07-13,77.430000,77.769997,76.800003,77.349998,76.484940,198300
2021-07-14,77.500000,78.029999,77.199997,77.639999,76.771698,132100
2021-07-15,77.550003,77.889999,76.209999,77.370003,76.504723,149300
2021-07-16,77.750000,78.300003,76.919998,77.010002,76.148750,157400
2021-07-19,76.500000,77.580002,76.339996,76.809998,75.950981,166100
2021-07-20,76.699997,78.050003,76.540001,77.160004,76.297073,230400
2021-07-21,77.160004,77.220001,75.720001,76.120003,75.268700,162400
2021-07-22,76.199997,76.199997,74.870003,75.260002,74.418320,149300
2021-07-23,75.519997,77.230003,75.139999,77.059998,76.198181,157400
2021-07-26,76.849998,77.269997,76.110001,76.389999,75.535675,95600
2021-07-27,76.279999,76.349998,75.489998,76.300003,75.446686,138500
2021-07-28,76.400002,77.739998,76.000000,77.589996,76.722252,123500
2021-07-29,77.690002,77.949997,75.760002,76.309998,75.456573,164600
2021-07-30,76.349998,77.849998,76.349998,77.610001,76.742035,148400
2021-08-02,77.779999,78.400002,77.139999,77.279999,76.415726,132600
2021-08-03,77.370003,78.720001,76.800003,77.820000,76.949684,248800
2021-08-04,77.389999,77.639999,74.339996,74.559998,73.726143,201700
2021-08-05,75.330002,78.360001,74.440002,75.489998,74.645744,524300
2021-08-06,75.290001,78.620003,75.220001,77.959999,77.088120,350600
2021-08-09,77.760002,78.230003,76.379997,77.290001,76.425613,357800
2021-08-10,77.080002,77.709999,76.360001,76.599998,75.743332,233600
2021-08-11,77.000000,77.160004,73.750000,73.860001,73.033974,242500
2021-08-12,73.730003,74.849998,72.349998,72.599998,71.788063,318400
2021-08-13,72.459999,73.300003,72.260002,72.669998,71.857277,210700
2021-08-16,72.669998,73.559998,72.349998,72.970001,72.153931,121200
2021-08-17,72.419998,72.989998,72.029999,72.570000,71.758400,196200
2021-08-18,72.550003,73.190002,71.809998,71.980003,71.175003,217700
2021-08-19,70.989998,71.300003,70.180000,70.690002,70.690002,180800
2021-08-20,70.620003,72.489998,70.620003,71.580002,71.580002,130600
2021-08-23,71.449997,71.839996,71.410004,71.639999,71.639999,138100
2021-08-24,71.900002,72.110001,70.919998,71.440002,71.440002,276700
2021-08-25,71.650002,71.910004,70.750000,71.879997,71.879997,171800
2021-08-26,71.669998,72.110001,71.300003,71.879997,71.879997,167100
2021-08-27,72.029999,72.739998,71.629997,71.930000,71.930000,231600
2021-08-30,72.199997,73.989998,71.940002,73.150002,73.150002,276800