Date,Open,High,Low,Close,Adj Close,Volume
2021-01-04,143.000000,143.585007,134.610001,135.690002,135.690002,484500
2021-01-05,135.000000,139.550003,133.360001,135.970001,135.970001,305000
2021-01-06,134.889999,139.619995,133.440002,135.000000,135.000000,337500
2021-01-07,135.080002,144.750000,135.000000,144.490005,144.490005,281400
2021-01-08,144.570007,148.869995,143.429993,147.199997,147.199997,414200
2021-01-11,145.679993,146.710007,140.110001,140.800003,140.800003,392100
2021-01-12,140.399994,143.145004,137.270004,139.380005,139.380005,273500
2021-01-13,139.380005,141.000000,131.184998,132.479996,132.479996,389100
2021-01-14,128.529999,129.809998,119.042000,121.610001,121.610001,900900
2021-01-15,119.099998,119.870003,113.690002,115.440002,115.440002,587300
2021-01-19,116.419998,118.330002,111.750000,116.739998,116.739998,540300
2021-01-20,117.120003,123.180000,117.120003,121.309998,121.309998,434100
2021-01-21,121.260002,123.056000,117.550003,122.180000,122.180000,322000
2021-01-22,120.250000,122.445000,118.010002,122.019997,122.019997,236700
2021-01-25,123.230003,126.995003,121.919998,124.820000,124.820000,691600
2021-01-26,126.250000,126.330002,119.639999,120.449997,120.449997,423000
2021-01-27,118.919998,130.337997,117.839996,122.690002,122.690002,450900
2021-01-28,126.089996,130.455002,118.996002,126.139999,126.139999,604000
2021-01-29,125.570000,125.888000,120.519997,122.269997,122.269997,263500
2021-02-01,123.430000,124.099998,119.430000,124.029999,124.029999,636000
2021-02-02,127.080002,135.919998,124.339996,135.100006,135.100006,337000
2021-02-03,135.990005,137.429993,133.651993,134.289993,134.289993,277100
2021-02-04,136.869995,141.449997,134.179993,139.899994,139.899994,258600
2021-02-05,142.520004,147.600006,139.679993,146.089996,146.089996,293700
2021-02-08,146.110001,152.839996,146.110001,152.050003,152.050003,237400
2021-02-09,150.929993,155.070007,149.119995,153.300003,153.300003,246400
2021-02-10,155.490005,158.990005,147.919998,151.619995,151.619995,327400
2021-02-11,152.440002,155.679993,149.410004,155.529999,155.529999,264400
2021-02-12,156.389999,160.179993,153.964996,157.179993,157.179993,166500
2021-02-16,158.369995,161.470001,154.570007,155.169998,155.169998,217200
2021-02-17,155.460007,158.070007,147.210007,152.869995,152.869995,357000
2021-02-18,149.809998,151.380005,146.029999,147.509995,147.509995,334100
2021-02-19,149.169998,153.869995,149.100006,152.050003,152.050003,305300
2021-02-22,149.740005,152.720001,141.429993,142.210007,142.210007,315600
2021-02-23,138.089996,142.699997,131.789993,138.710007,138.710007,517200
2021-02-24,136.820007,145.210007,128.720001,139.960007,139.960007,255700
2021-02-25,138.960007,142.235001,129.309998,132.869995,132.869995,247300
2021-02-26,135.009995,139.759995,131.619995,132.429993,132.429993,322900
2021-03-01,132.000000,149.240005,132.000000,141.279999,141.279999,933300
2021-03-02,140.729996,142.229996,132.000000,134.000000,134.000000,777700
2021-03-03,131.580002,131.750000,124.940002,125.010002,125.010002,3055000
2021-03-04,122.550003,131.250000,121.970001,126.019997,126.019997,1354500
2021-03-05,130.830002,130.830002,118.370003,128.059998,128.059998,1330700
2021-03-08,127.870003,129.550003,118.900002,120.839996,120.839996,516400
2021-03-09,125.940002,130.500000,125.940002,128.979996,128.979996,577000
2021-03-10,131.449997,132.679993,124.879997,127.370003,127.370003,390700
2021-03-11,131.350006,134.360001,128.990005,132.389999,132.389999,722900
2021-03-12,130.399994,132.800003,128.279999,131.970001,131.970001,379900
2021-03-15,131.270004,135.175003,129.589996,132.110001,132.110001,287900
2021-03-16,132.929993,133.550003,124.500000,127.370003,127.370003,420900
2021-03-17,125.680000,132.979996,122.739998,130.649994,130.649994,507400
2021-03-18,128.500000,129.009995,122.660004,123.459999,123.459999,428200
2021-03-19,122.510002,130.164993,121.050003,127.860001,127.860001,630900
2021-03-22,128.649994,130.210007,126.120003,128.179993,128.179993,375400
2021-03-23,126.360001,130.309998,122.660004,123.629997,123.629997,434600
2021-03-24,124.239998,125.779999,115.099998,115.589996,115.589996,487300
2021-03-25,113.209999,117.839996,111.169998,117.309998,117.309998,303200
2021-03-26,117.300003,119.699997,110.089996,113.980003,113.980003,261000
2021-03-29,114.000000,115.739998,108.260002,109.419998,109.419998,323000
2021-03-30,107.790001,110.669998,105.339996,109.820000,109.820000,539600
2021-03-31,111.180000,113.879997,108.269997,109.699997,109.699997,466500
2021-04-01,113.510002,119.459999,112.190002,119.239998,119.239998,360200
2021-04-05,121.949997,121.949997,110.809998,111.330002,111.330002,347100
2021-04-06,111.010002,117.692001,110.690002,114.370003,114.370003,265600
2021-04-07,113.239998,117.639999,108.750000,109.930000,109.930000,336800
2021-04-08,112.089996,112.750000,108.839996,111.889999,111.889999,496300
2021-04-09,110.389999,112.150002,109.400002,110.900002,110.900002,290200
2021-04-12,109.949997,112.419998,107.769997,112.300003,112.300003,302000
2021-04-13,114.519997,116.610001,101.940002,105.500000,105.500000,1144100
2021-04-14,109.199997,120.650002,107.690002,120.180000,120.180000,976600
2021-04-15,123.430000,125.459999,117.010002,121.050003,121.050003,409600
2021-04-16,121.709999,126.120003,120.010002,124.029999,124.029999,382200
2021-04-19,122.279999,124.980003,119.629997,121.370003,121.370003,323100
2021-04-20,120.230003,123.000000,115.250000,118.010002,118.010002,271600
2021-04-21,117.769997,121.230003,116.489998,119.660004,119.660004,411100
2021-04-22,120.949997,125.510002,120.440002,124.540001,124.540001,346400
2021-04-23,125.290001,131.880005,124.500000,129.850006,129.850006,207000
2021-04-26,130.830002,136.000000,130.490005,135.029999,135.029999,198300
2021-04-27,134.050003,141.800003,132.860001,139.990005,139.990005,315300
2021-04-28,138.889999,142.750000,138.110001,141.979996,141.979996,241500
2021-04-29,143.600006,145.000000,137.500000,139.059998,139.059998,495900
2021-04-30,136.660004,142.360001,135.660004,137.529999,137.529999,333300
2021-05-03,137.990005,138.110001,132.649994,133.860001,133.860001,350300
2021-05-04,132.190002,133.725006,126.290001,128.059998,128.059998,360900
2021-05-05,124.430000,126.910004,103.430000,106.339996,106.339996,2173300
2021-05-06,104.019997,104.989998,96.330002,101.269997,101.269997,1211900
2021-05-07,103.059998,105.830002,98.879997,100.690002,100.690002,769700
2021-05-10,98.250000,98.620003,94.050003,94.279999,94.279999,399200
2021-05-11,90.000000,95.370003,88.949997,94.910004,94.910004,583500
2021-05-12,92.730003,95.309998,88.180000,89.250000,89.250000,448100
2021-05-13,90.029999,94.040001,85.629997,88.360001,88.360001,507500
2021-05-14,89.820000,93.559998,87.830002,92.339996,92.339996,606400
2021-05-17,91.809998,91.809998,87.790001,90.730003,90.730003,375500
2021-05-18,91.510002,96.400002,90.239998,94.080002,94.080002,401400
2021-05-19,91.879997,96.669998,91.309998,95.669998,95.669998,367800
2021-05-20,96.250000,99.379997,95.260002,97.750000,97.750000,390900
2021-05-21,98.709999,99.400002,95.779999,96.949997,96.949997,238600
2021-05-24,98.209999,102.089996,97.099998,100.160004,100.160004,305600
2021-05-25,101.650002,104.250000,97.589996,101.550003,101.550003,243900
2021-05-26,101.690002,106.360001,100.110001,105.180000,105.180000,287300
2021-05-27,106.010002,107.870003,102.089996,107.400002,107.400002,250000
2021-05-28,108.339996,109.739998,106.129997,106.550003,106.550003,284100
2021-06-01,107.089996,107.980003,103.370003,107.050003,107.050003,179400
2021-06-02,108.440002,108.440002,104.790001,106.230003,106.230003,213100
2021-06-03,104.190002,104.908997,101.000000,101.510002,101.510002,259500
2021-06-04,101.110001,102.269997,98.389999,98.959999,98.959999,274600
2021-06-07,98.900002,107.500000,98.091003,106.320000,106.320000,299300
2021-06-08,106.739998,110.290001,104.610001,109.750000,109.750000,373300
2021-06-09,109.889999,112.800003,109.510002,110.160004,110.160004,312400
2021-06-10,110.279999,111.940002,103.980003,107.589996,107.589996,327600
2021-06-11,108.160004,113.000000,107.589996,112.470001,112.470001,396500
2021-06-14,112.779999,112.989998,107.339996,108.070000,108.070000,403800
2021-06-15,108.070000,108.480003,103.949997,104.709999,104.709999,343000
2021-06-16,104.099998,106.680000,102.220001,104.919998,104.919998,376500
2021-06-17,104.599998,111.389999,103.448997,110.940002,110.940002,245100
2021-06-18,111.510002,118.739998,111.489998,117.410004,117.410004,498600
2021-06-21,117.699997,122.800003,112.650002,122.290001,122.290001,468500
2021-06-22,122.080002,123.910004,119.595001,123.760002,123.760002,287000
2021-06-23,124.169998,127.220001,123.081001,127.010002,127.010002,307900
2021-06-24,128.910004,130.639999,126.800003,127.489998,127.489998,259000
2021-06-25,128.490005,128.490005,125.099998,127.000000,127.000000,400700
2021-06-28,127.320000,128.410004,125.290001,128.130005,128.130005,396800
2021-06-29,128.220001,128.330002,126.175003,127.820000,127.820000,251000
2021-06-30,128.179993,128.179993,126.230003,126.930000,126.930000,451200
2021-07-01,127.889999,128.669998,125.099998,128.440002,128.440002,382200
2021-07-02,129.820007,130.820007,122.209999,122.639999,122.639999,248800
2021-07-06,122.449997,124.669998,119.730003,121.000000,121.000000,325300
2021-07-07,121.889999,123.489998,117.563004,118.629997,118.629997,221100
2021-07-08,116.709999,119.080002,113.500000,118.349998,118.349998,247300
2021-07-09,119.199997,123.589996,118.000000,123.449997,123.449997,275000
2021-07-12,122.300003,124.860001,121.500000,123.959999,123.959999,200300
2021-07-13,123.779999,125.940002,122.800003,123.849998,123.849998,243700
2021-07-14,125.300003,126.400002,123.000000,123.540001,123.540001,388900
2021-07-15,123.459999,126.000000,119.559998,123.260002,123.260002,376500
2021-07-16,125.199997,128.429993,122.000000,122.559998,122.559998,204600
2021-07-19,118.730003,120.570000,114.599998,118.180000,118.180000,243100
2021-07-20,119.760002,126.438004,118.000000,125.230003,125.230003,213900
2021-07-21,126.089996,129.800003,125.000000,128.690002,128.690002,186800
2021-07-22,127.550003,128.889999,125.695000,127.379997,127.379997,212800
2021-07-23,128.470001,133.339996,126.500000,132.880005,132.880005,256000
2021-07-26,133.500000,134.910004,128.210007,130.940002,130.940002,228000
2021-07-27,130.720001,131.660004,123.010002,125.339996,125.339996,219100
2021-07-28,127.080002,132.320007,125.809998,130.740005,130.740005,276900
2021-07-29,132.210007,132.300003,127.839996,128.089996,128.089996,161900
2021-07-30,127.000000,129.960007,123.769997,125.959999,125.959999,405500
2021-08-02,126.750000,128.529999,123.820000,124.839996,124.839996,345300
2021-08-03,125.129997,126.000000,114.660004,116.389999,116.389999,881800
2021-08-04,93.900002,94.750000,83.680000,84.260002,84.260002,2771200
2021-08-05,85.000000,89.940002,84.330002,88.739998,88.739998,1580100
2021-08-06,88.745003,91.370003,86.355003,88.339996,88.339996,788400
2021-08-09,88.129997,88.209999,84.389999,85.419998,85.419998,615300
2021-08-10,87.900002,90.879997,83.209999,84.150002,84.150002,762000
2021-08-11,84.900002,85.379997,81.360001,83.519997,83.519997,418000
2021-08-12,82.989998,83.339996,80.593002,83.250000,83.250000,365600
2021-08-13,83.500000,84.000000,79.300003,79.820000,79.820000,368400
2021-08-16,79.279999,79.584999,76.570000,77.940002,77.940002,379900
2021-08-17,76.480003,79.400002,75.307999,78.699997,78.699997,349500
2021-08-18,78.370003,81.419998,78.040001,81.010002,81.010002,392200
2021-08-19,79.699997,81.650002,77.480003,77.809998,77.809998,362600
2021-08-20,77.529999,83.260002,77.529999,81.209999,81.209999,450000
2021-08-23,81.230003,83.025002,79.267998,82.099998,82.099998,309400
2021-08-24,83.860001,87.540001,83.400002,87.300003,87.300003,517600
2021-08-25,86.870003,87.459999,86.150002,86.660004,86.660004,384300
2021-08-26,86.180000,88.529999,85.760002,87.160004,87.160004,315500
2021-08-27,87.190002,92.000000,87.190002,91.160004,91.160004,363400
2021-08-30,90.870003,91.379997,88.900002,90.760002,90.760002,325700