Date,Open,High,Low,Close,Adj Close,Volume
2021-01-04,72.680000,74.809998,70.930000,71.489998,71.489998,619800
2021-01-05,71.010002,73.449997,70.589996,71.889999,71.889999,446300
2021-01-06,71.889999,73.070000,69.379997,73.000000,73.000000,522200
2021-01-07,74.000000,78.250000,73.660004,76.019997,76.019997,895800
2021-01-08,77.000000,81.900002,76.419998,80.760002,80.760002,827100
2021-01-11,81.540001,83.019997,79.480003,80.690002,80.690002,722000
2021-01-12,81.510002,83.189003,79.805000,83.040001,83.040001,660200
2021-01-13,83.720001,84.959999,81.440002,84.320000,84.320000,579000
2021-01-14,85.125000,88.476997,84.529999,86.830002,86.830002,1082900
2021-01-15,85.279999,90.029999,84.232002,88.150002,88.150002,667300
2021-01-19,89.300003,93.489998,88.500000,93.330002,93.330002,673700
2021-01-20,93.360001,99.830002,93.360001,95.599998,95.599998,1030100
2021-01-21,94.599998,94.989998,87.411003,87.660004,87.660004,1993300
2021-01-22,87.690002,88.820000,85.254997,85.430000,85.430000,1002200
2021-01-25,86.260002,87.580002,82.510002,85.699997,85.699997,844800
2021-01-26,87.230003,88.000000,77.785004,78.959999,78.959999,845000
2021-01-27,76.449997,79.019997,70.949997,74.620003,74.620003,1052900
2021-01-28,75.570000,80.239998,74.830002,77.629997,77.629997,545500
2021-01-29,77.500000,79.633003,75.870003,76.430000,76.430000,567100
2021-02-01,77.500000,80.844002,75.364998,80.239998,80.239998,497300
2021-02-02,81.980003,87.239998,81.410004,84.650002,84.650002,704800
2021-02-03,85.209999,88.480003,84.660004,87.370003,87.370003,437800
2021-02-04,88.120003,89.790001,86.070000,89.589996,89.589996,475800
2021-02-05,89.160004,92.290001,87.980003,88.720001,88.720001,443700
2021-02-08,88.889999,94.190002,88.889999,93.220001,93.220001,597900
2021-02-09,92.800003,94.669998,89.802002,91.300003,91.300003,901600
2021-02-10,90.508003,94.449997,87.660004,90.430000,90.430000,649800
2021-02-11,93.650002,93.650002,89.361000,89.790001,89.790001,413100
2021-02-12,89.209999,91.959999,87.339996,89.370003,89.370003,579500
2021-02-16,90.760002,91.180000,87.099998,88.019997,88.019997,508900
2021-02-17,85.970001,87.010002,82.010002,85.260002,85.260002,544100
2021-02-18,82.599998,84.050003,80.129997,82.589996,82.589996,633600
2021-02-19,83.559998,85.989998,83.010002,85.050003,85.050003,669100
2021-02-22,83.550003,84.930000,79.817001,80.349998,80.349998,566100
2021-02-23,76.250000,78.389999,69.099998,77.150002,77.150002,995500
2021-02-24,77.000000,81.769997,75.199997,79.029999,79.029999,606300
2021-02-25,79.040001,82.529999,76.550003,79.260002,79.260002,1950200
2021-02-26,79.199997,82.089996,74.000000,79.080002,79.080002,1064100
2021-03-01,81.190002,87.980003,81.190002,87.339996,87.339996,850200
2021-03-02,86.470001,88.070000,83.180000,83.370003,83.370003,481600
2021-03-03,82.669998,83.889999,72.650002,72.930000,72.930000,842600
2021-03-04,73.010002,74.489998,65.820000,66.349998,66.349998,1439000
2021-03-05,67.260002,67.260002,56.820000,64.529999,64.529999,1737100
2021-03-08,64.570000,65.794998,57.529999,57.619999,57.619999,1096700
2021-03-09,60.220001,67.900002,60.220001,64.660004,64.660004,1471700
2021-03-10,66.339996,69.730003,65.599998,65.949997,65.949997,1597200
2021-03-11,69.029999,70.089996,68.120003,69.349998,69.349998,1507000
2021-03-12,66.110001,67.680000,64.769997,67.540001,67.540001,692000
2021-03-15,67.779999,73.839996,67.099998,73.599998,73.599998,748900
2021-03-16,73.889999,74.860001,69.000000,71.089996,71.089996,691400
2021-03-17,69.279999,73.489998,65.309998,71.180000,71.180000,1025700
2021-03-18,69.190002,69.876999,65.980003,66.209999,66.209999,825100
2021-03-19,66.220001,71.480003,66.220001,68.889999,68.889999,1589700
2021-03-22,69.029999,72.309998,69.029999,69.809998,69.809998,648500
2021-03-23,69.070000,69.750000,66.010002,66.169998,66.169998,805500
2021-03-24,66.570000,67.300003,61.220001,61.619999,61.619999,685000
2021-03-25,60.410000,63.610001,59.700001,63.430000,63.430000,556700
2021-03-26,63.430000,64.540001,59.230000,61.509998,61.509998,778300
2021-03-29,60.450001,62.680000,59.090000,60.080002,60.080002,516300
2021-03-30,60.299999,63.709999,58.500000,62.970001,62.970001,468900
2021-03-31,64.379997,69.099998,64.379997,68.089996,68.089996,1026700
2021-04-01,70.330002,71.699997,69.370003,70.400002,70.400002,703000
2021-04-05,72.160004,74.510002,70.720001,73.709999,73.709999,544100
2021-04-06,73.180000,75.470001,71.949997,73.769997,73.769997,409900
2021-04-07,73.099998,74.220001,70.790001,71.629997,71.629997,391100
2021-04-08,73.309998,75.290001,72.389999,72.830002,72.830002,370600
2021-04-09,72.589996,73.000000,70.250000,71.750000,71.750000,316300
2021-04-12,71.169998,72.430000,68.919998,71.440002,71.440002,335500
2021-04-13,72.529999,75.220001,72.529999,75.059998,75.059998,498000
2021-04-14,75.989998,78.989998,74.139999,74.699997,74.699997,576900
2021-04-15,75.529999,77.709999,74.800003,77.180000,77.180000,369100
2021-04-16,77.669998,77.669998,73.379997,74.269997,74.269997,384900
2021-04-19,73.379997,74.949997,70.889999,72.889999,72.889999,987600
2021-04-20,73.070000,73.599998,70.099998,71.559998,71.559998,446000
2021-04-21,72.419998,75.279999,70.834999,75.220001,75.220001,302900
2021-04-22,76.290001,78.080002,74.830002,75.889999,75.889999,418100
2021-04-23,75.730003,79.339996,75.730003,78.959999,78.959999,447700
2021-04-26,79.580002,80.480003,77.250000,80.360001,80.360001,312500
2021-04-27,80.980003,81.860001,79.000000,80.620003,80.620003,262800
2021-04-28,79.800003,81.589996,77.430000,80.440002,80.440002,281400
2021-04-29,81.220001,81.220001,77.129997,78.290001,78.290001,226600
2021-04-30,77.099998,79.690002,77.000000,79.070000,79.070000,416500
2021-05-03,79.779999,79.779999,75.930000,77.320000,77.320000,387800
2021-05-04,75.879997,77.250000,71.029999,74.080002,74.080002,587400
2021-05-05,75.160004,75.730003,71.919998,73.180000,73.180000,653100
2021-05-06,74.000000,75.647003,69.180000,72.680000,72.680000,840800
2021-05-07,74.750000,78.910004,73.019997,77.709999,77.709999,544300
2021-05-10,76.309998,76.550003,66.410004,66.660004,66.660004,1074100
2021-05-11,63.360001,69.500000,63.240002,65.750000,65.750000,1370000
2021-05-12,63.689999,64.940002,61.615002,63.020000,63.020000,740600
2021-05-13,63.099998,65.550003,61.549999,64.209999,64.209999,720500
2021-05-14,62.900002,69.320000,62.900002,66.000000,66.000000,742900
2021-05-17,65.239998,68.190002,64.260002,67.970001,67.970001,480400
2021-05-18,68.349998,72.529999,67.620003,70.910004,70.910004,643600
2021-05-19,68.110001,72.690002,66.654999,71.500000,71.500000,749500
2021-05-20,72.650002,73.790001,71.345001,72.650002,72.650002,523600
2021-05-21,73.989998,76.099998,72.389999,74.730003,74.730003,869200
2021-05-24,75.320000,79.360001,74.010002,78.660004,78.660004,623600
2021-05-25,79.800003,81.500000,78.830002,80.690002,80.690002,511400
2021-05-26,81.160004,82.849998,79.589996,82.489998,82.489998,459100
2021-05-27,82.970001,82.980003,80.220001,81.360001,81.360001,637800
2021-05-28,81.980003,83.580002,79.739998,80.400002,80.400002,605500
2021-06-01,80.709999,82.199997,77.279999,82.089996,82.089996,599500
2021-06-02,81.174004,82.639999,78.739998,80.019997,80.019997,714300
2021-06-03,80.500000,81.053001,77.070000,80.010002,80.010002,381100
2021-06-04,80.730003,81.480003,78.995003,80.940002,80.940002,515200
2021-06-07,81.339996,90.139999,81.339996,87.389999,87.389999,948300
2021-06-08,88.730003,90.440002,86.139999,88.589996,88.589996,689100
2021-06-09,89.019997,90.169998,87.721001,90.010002,90.010002,724400
2021-06-10,89.919998,93.709999,88.120003,92.779999,92.779999,1085500
2021-06-11,92.309998,92.500000,89.709999,91.250000,91.250000,627100
2021-06-14,90.970001,92.769997,90.260002,90.500000,90.500000,623200
2021-06-15,90.589996,91.220001,87.239998,87.879997,87.879997,473600
2021-06-16,87.500000,89.269997,86.000000,88.699997,88.699997,540900
2021-06-17,88.550003,93.228996,88.550003,92.400002,92.400002,646700
2021-06-18,90.660004,92.489998,88.550003,88.639999,88.639999,1431000
2021-06-21,88.669998,92.900002,86.691002,91.809998,91.809998,602800
2021-06-22,92.000000,92.570000,89.510002,90.250000,90.250000,704100
2021-06-23,90.510002,94.089996,90.510002,93.720001,93.720001,525600
2021-06-24,95.570000,96.588997,92.470001,94.720001,94.720001,989600
2021-06-25,95.000000,95.639999,91.449997,92.750000,92.750000,1476900
2021-06-28,96.000000,96.839996,94.430000,95.110001,95.110001,1108400
2021-06-29,95.279999,96.879997,93.559998,94.699997,94.699997,748900
2021-06-30,94.000000,94.370003,90.260002,91.519997,91.519997,787600
2021-07-01,91.410004,92.250000,89.790001,91.989998,91.989998,326300
2021-07-02,92.000000,92.550003,89.699997,89.989998,89.989998,310500
2021-07-06,90.300003,91.839996,88.589996,90.629997,90.629997,484200
2021-07-07,91.250000,92.169998,87.029999,88.099998,88.099998,355100
2021-07-08,85.010002,88.000000,83.379997,86.570000,86.570000,338700
2021-07-09,86.510002,87.973000,85.849998,87.540001,87.540001,178100
2021-07-12,87.919998,89.160004,84.214996,84.459999,84.459999,337900
2021-07-13,83.589996,84.309998,82.470001,83.279999,83.279999,375100
2021-07-14,83.889999,84.019997,78.360001,79.010002,79.010002,363600
2021-07-15,78.570000,80.019997,76.129997,78.070000,78.070000,691500
2021-07-16,78.889999,79.160004,76.949997,78.830002,78.830002,617700
2021-07-19,77.680000,80.099998,75.699997,78.019997,78.019997,394400
2021-07-20,79.599998,82.730003,78.500000,82.220001,82.220001,646100
2021-07-21,81.779999,84.940002,80.510002,84.550003,84.550003,399600
2021-07-22,84.489998,85.510002,82.919998,84.690002,84.690002,285300
2021-07-23,85.839996,86.855003,83.000000,85.489998,85.489998,370400
2021-07-26,85.480003,85.619003,82.025002,82.489998,82.489998,239300
2021-07-27,82.080002,83.570000,80.540001,83.489998,83.489998,335400
2021-07-28,83.580002,87.260002,83.000000,86.230003,86.230003,339200
2021-07-29,86.209999,88.209999,85.739998,87.510002,87.510002,417000
2021-07-30,84.629997,89.190002,83.830002,84.040001,84.040001,645800
2021-08-02,84.410004,85.000000,81.940002,82.250000,82.250000,389900
2021-08-03,82.489998,83.544998,80.839996,82.010002,82.010002,254100
2021-08-04,81.760002,84.230003,81.150002,82.029999,82.029999,252100
2021-08-05,82.389999,84.739998,81.449997,84.389999,84.389999,264000
2021-08-06,84.940002,84.940002,80.709999,81.540001,81.540001,487000
2021-08-09,81.779999,82.029999,80.044998,80.360001,80.360001,588000
2021-08-10,80.970001,80.970001,76.430000,77.190002,77.190002,423600
2021-08-11,77.820000,77.879997,72.489998,73.250000,73.250000,448200
2021-08-12,73.550003,73.760002,71.919998,72.629997,72.629997,447500
2021-08-13,72.879997,73.029999,69.760002,69.849998,69.849998,340700
2021-08-16,69.779999,71.459999,67.699997,71.250000,71.250000,469600
2021-08-17,69.970001,70.614998,68.000000,70.099998,70.099998,403900
2021-08-18,70.099998,71.959999,68.345001,70.900002,70.900002,470600
2021-08-19,70.000000,71.400002,69.089996,71.029999,71.029999,596300
2021-08-20,70.669998,74.684998,70.570000,73.500000,73.500000,561100
2021-08-23,75.000000,76.489998,74.209999,75.500000,75.500000,414200
2021-08-24,75.760002,78.309998,74.430000,78.029999,78.029999,645300
2021-08-25,78.400002,79.580002,76.820000,77.199997,77.199997,296400
2021-08-26,77.000000,78.040001,75.019997,77.220001,77.220001,272900
2021-08-27,78.059998,80.099998,77.129997,79.830002,79.830002,356300
2021-08-30,80.430000,81.440002,79.050003,80.510002,80.510002,436800