Date,Open,High,Low,Close,Adj Close,Volume
2021-01-04,52.669998,52.720001,48.480000,49.540001,49.540001,1820500
2021-01-05,48.779999,55.790001,47.150002,52.150002,52.150002,2588600
2021-01-06,51.959999,56.869999,51.669998,52.340000,52.340000,7246200
2021-01-07,52.500000,56.450001,50.410000,56.340000,56.340000,1695600
2021-01-08,56.009998,58.759998,55.990002,58.540001,58.540001,3798900
2021-01-11,58.099998,58.770000,55.049999,57.110001,57.110001,1326700
2021-01-12,56.919998,59.580002,56.119999,59.310001,59.310001,1104900
2021-01-13,59.560001,60.330002,57.500000,59.599998,59.599998,1800400
2021-01-14,59.799999,66.809998,59.630001,64.820000,64.820000,2399300
2021-01-15,63.990002,67.720001,62.500000,65.250000,65.250000,1499000
2021-01-19,67.040001,69.699997,63.549999,69.580002,69.580002,1334100
2021-01-20,69.989998,70.660004,63.639999,65.580002,65.580002,1727100
2021-01-21,66.000000,66.449997,61.389999,63.180000,63.180000,1338900
2021-01-22,62.709999,66.379997,61.750000,64.680000,64.680000,1040000
2021-01-25,64.599998,67.290001,60.200001,62.919998,62.919998,1449300
2021-01-26,62.389999,67.180000,61.430000,64.910004,64.910004,984700
2021-01-27,63.270000,63.790001,55.290001,56.840000,56.840000,2137400
2021-01-28,59.419998,59.830002,52.509998,56.060001,56.060001,1390500
2021-01-29,55.990002,57.389999,52.150002,53.400002,53.400002,916900
2021-02-01,53.540001,56.470001,52.660000,55.900002,55.900002,812900
2021-02-02,56.000000,57.799999,54.000000,57.459999,57.459999,1274800
2021-02-03,59.169998,60.000000,55.889999,59.070000,59.070000,931400
2021-02-04,58.740002,60.099998,56.910000,59.299999,59.299999,553100
2021-02-05,60.240002,64.389999,59.919998,63.959999,63.959999,784500
2021-02-08,65.220001,67.550003,64.000000,64.120003,64.120003,950900
2021-02-09,63.779999,64.839996,60.580002,61.840000,61.840000,876400
2021-02-10,61.459999,66.680000,60.820000,60.869999,60.869999,1212400
2021-02-11,61.950001,64.239998,59.689999,64.139999,64.139999,713100
2021-02-12,64.690002,65.000000,61.480000,61.740002,61.740002,906000
2021-02-16,62.970001,63.669998,58.380001,62.250000,62.250000,881600
2021-02-17,61.500000,62.000000,56.169998,59.220001,59.220001,873400
2021-02-18,58.150002,60.500000,56.270000,58.770000,58.770000,583900
2021-02-19,59.560001,63.980000,59.240002,60.820000,60.820000,707500
2021-02-22,60.029999,68.489998,59.500000,61.099998,61.099998,1848200
2021-02-23,57.029999,58.200001,49.020000,55.880001,55.880001,1627000
2021-02-24,57.330002,59.090000,52.500000,58.869999,58.869999,767300
2021-02-25,58.500000,61.099998,55.639999,57.279999,57.279999,820800
2021-02-26,57.250000,61.330002,56.340000,59.529999,59.529999,918300
2021-03-01,62.799999,67.239998,62.509998,65.430000,65.430000,1001000
2021-03-02,65.750000,70.500000,63.150002,64.000000,64.000000,1231200
2021-03-03,63.410000,64.599998,56.750000,57.759998,57.759998,1134100
2021-03-04,56.770000,59.770000,51.220001,53.040001,53.040001,1325700
2021-03-05,53.419998,54.000000,45.970001,51.869999,51.869999,1375100
2021-03-08,51.000000,55.950001,50.509998,55.009998,55.009998,1035100
2021-03-09,57.139999,60.740002,56.500000,59.740002,59.740002,1154200
2021-03-10,61.680000,62.720001,59.130001,60.549999,60.549999,885400
2021-03-11,46.980000,50.000000,41.709999,47.369999,47.369999,13312100
2021-03-12,45.560001,48.389999,44.650002,45.189999,45.189999,2886500
2021-03-15,45.450001,49.840000,44.759998,48.599998,48.599998,2279700
2021-03-16,48.549999,49.349998,45.419998,46.950001,46.950001,1522900
2021-03-17,45.450001,50.889999,45.070000,49.939999,49.939999,1835800
2021-03-18,49.189999,49.689999,45.040001,45.480000,45.480000,1397300
2021-03-19,45.750000,47.700001,44.500000,46.230000,46.230000,1529600
2021-03-22,47.169998,49.000000,46.139999,48.540001,48.540001,980300
2021-03-23,48.209999,49.490002,47.360001,47.820000,47.820000,701400
2021-03-24,48.000000,48.200001,43.669998,43.759998,43.759998,810400
2021-03-25,42.029999,45.580002,41.270000,44.950001,44.950001,1193700
2021-03-26,45.169998,45.959999,41.049999,43.490002,43.490002,1116600
2021-03-29,43.209999,44.299999,42.279999,42.570000,42.570000,542500
2021-03-30,42.570000,46.529999,42.500000,45.720001,45.720001,1664300
2021-03-31,46.349998,48.639999,45.750000,48.049999,48.049999,913600
2021-04-01,48.570000,50.360001,47.700001,49.560001,49.560001,921500
2021-04-05,50.369999,52.330002,49.730000,51.910000,51.910000,783100
2021-04-06,52.130001,53.400002,51.730000,52.369999,52.369999,622500
2021-04-07,51.900002,52.689999,50.860001,51.759998,51.759998,592300
2021-04-08,52.619999,54.680000,52.200001,54.599998,54.599998,2467100
2021-04-09,54.330002,54.500000,52.240002,53.540001,53.540001,687700
2021-04-12,53.549999,57.450001,51.810001,57.090000,57.090000,962300
2021-04-13,57.880001,59.889999,55.349998,56.580002,56.580002,1217700
2021-04-14,56.470001,58.490002,56.020000,57.810001,57.810001,484700
2021-04-15,58.820000,60.029999,56.400002,59.410000,59.410000,659000
2021-04-16,59.610001,60.880001,57.369999,60.759998,60.759998,826600
2021-04-19,60.619999,61.000000,56.369999,57.259998,57.259998,782500
2021-04-20,57.240002,58.119999,53.700001,55.410000,55.410000,798200
2021-04-21,55.130001,58.200001,53.509998,58.070000,58.070000,600200
2021-04-22,58.470001,59.500000,55.650002,57.130001,57.130001,623700
2021-04-23,57.529999,59.950001,56.509998,59.630001,59.630001,572000
2021-04-26,59.990002,64.989998,58.450001,64.750000,64.750000,1094800
2021-04-27,65.000000,65.919998,61.090000,62.619999,62.619999,848500
2021-04-28,62.369999,63.230000,60.099998,61.810001,61.810001,622200
2021-04-29,62.130001,62.279999,55.480000,56.770000,56.770000,1212900
2021-04-30,55.490002,57.580002,55.000000,57.299999,57.299999,476000
2021-05-03,58.740002,58.740002,56.000000,56.439999,56.439999,563800
2021-05-04,55.049999,56.250000,52.090000,52.740002,52.740002,833900
2021-05-05,53.660000,55.110001,51.430000,52.000000,52.000000,749000
2021-05-06,51.500000,52.770000,48.889999,49.759998,49.759998,1575900
2021-05-07,50.000000,51.540001,48.590000,49.070000,49.070000,1718300
2021-05-10,48.209999,48.680000,46.220001,47.330002,47.330002,1249400
2021-05-11,44.000000,49.240002,43.599998,48.799999,48.799999,869300
2021-05-12,48.700001,48.700001,45.000000,46.130001,46.130001,1238600
2021-05-13,51.259998,53.380001,46.500000,51.700001,51.700001,1953200
2021-05-14,52.860001,55.360001,50.060001,54.150002,54.150002,1600800
2021-05-17,54.000000,55.880001,53.009998,54.680000,54.680000,651700
2021-05-18,55.000000,55.230000,53.009998,53.090000,53.090000,702800
2021-05-19,51.250000,53.700001,49.880001,53.599998,53.599998,588000
2021-05-20,54.080002,57.279999,53.220001,57.250000,57.250000,889800
2021-05-21,58.919998,60.810001,56.549999,60.040001,60.040001,1275200
2021-05-24,60.099998,64.160004,58.320000,63.889999,63.889999,959500
2021-05-25,64.279999,65.650002,61.610001,62.590000,62.590000,820200
2021-05-26,62.900002,66.970001,62.209999,64.029999,64.029999,1035700
2021-05-27,64.129997,65.769997,63.480000,65.650002,65.650002,932900
2021-05-28,66.000000,67.949997,65.290001,65.540001,65.540001,797000
2021-06-01,66.620003,67.480003,63.669998,66.470001,66.470001,815900
2021-06-02,66.709999,78.570000,66.050003,76.470001,76.470001,2431000
2021-06-03,74.730003,76.470001,71.459999,73.529999,73.529999,1522900
2021-06-04,75.279999,80.879997,74.349998,78.129997,78.129997,1263100
2021-06-07,79.430000,82.620003,78.500000,81.940002,81.940002,1217000
2021-06-08,82.500000,83.000000,71.000000,72.449997,72.449997,2450000
2021-06-09,73.410004,74.500000,70.910004,72.730003,72.730003,867900
2021-06-10,63.150002,64.839996,60.750000,61.750000,61.750000,7948100
2021-06-11,63.490002,63.950001,61.750000,63.810001,63.810001,2228500
2021-06-14,63.840000,64.949997,62.000000,64.550003,64.550003,1589400
2021-06-15,64.550003,65.500000,62.500000,63.939999,63.939999,1066000
2021-06-16,63.900002,65.709999,61.709999,63.009998,63.009998,2184800
2021-06-17,61.939999,65.059998,61.939999,64.629997,64.629997,1136600
2021-06-18,64.419998,66.699997,64.010002,65.400002,65.400002,1143000
2021-06-21,65.690002,67.809998,64.320000,67.459999,67.459999,955800
2021-06-22,67.239998,69.370003,66.029999,69.209999,69.209999,1159000
2021-06-23,70.470001,71.110001,68.220001,70.110001,70.110001,1098800
2021-06-24,71.470001,75.599998,71.410004,73.230003,73.230003,1218400
2021-06-25,74.019997,74.019997,70.019997,72.370003,72.370003,2955300
2021-06-28,72.980003,74.000000,71.260002,73.790001,73.790001,916600
2021-06-29,74.129997,74.940002,72.360001,74.559998,74.559998,955200
2021-06-30,74.559998,76.800003,73.370003,76.089996,76.089996,980500
2021-07-01,75.900002,76.449997,71.510002,72.730003,72.730003,841700
2021-07-02,72.889999,73.900002,70.559998,72.360001,72.360001,732900
2021-07-06,73.169998,73.250000,70.739998,72.919998,72.919998,627400
2021-07-07,74.099998,74.570000,67.519997,70.099998,70.099998,1149600
2021-07-08,67.339996,72.470001,66.260002,70.790001,70.790001,780700
2021-07-09,70.900002,72.349998,70.230003,71.449997,71.449997,426900
2021-07-12,72.290001,72.900002,70.180000,71.489998,71.489998,481900
2021-07-13,71.239998,75.610001,70.839996,71.760002,71.760002,1194500
2021-07-14,73.139999,73.180000,64.419998,65.129997,65.129997,1689000
2021-07-15,64.489998,64.900002,61.570000,62.700001,62.700001,893600
2021-07-16,63.310001,63.990002,61.290001,61.520000,61.520000,841300
2021-07-19,59.720001,63.450001,58.840000,62.360001,62.360001,713500
2021-07-20,62.500000,65.830002,61.230000,65.589996,65.589996,599900
2021-07-21,66.250000,67.410004,65.309998,66.419998,66.419998,535800
2021-07-22,66.519997,67.000000,65.309998,65.849998,65.849998,519600
2021-07-23,66.440002,66.440002,63.570000,65.300003,65.300003,735600
2021-07-26,65.769997,67.050003,65.010002,66.910004,66.910004,529400
2021-07-27,67.279999,67.980003,62.799999,65.379997,65.379997,878500
2021-07-28,65.110001,68.099998,65.110001,67.699997,67.699997,513800
2021-07-29,68.250000,73.580002,67.599998,69.629997,69.629997,978700
2021-07-30,69.250000,71.349998,67.809998,68.629997,68.629997,546300
2021-08-02,68.720001,70.849998,66.230003,69.269997,69.269997,760400
2021-08-03,70.339996,72.419998,67.629997,71.849998,71.849998,831400
2021-08-04,72.330002,74.500000,71.650002,72.339996,72.339996,935100
2021-08-05,71.730003,76.500000,71.730003,75.629997,75.629997,782000
2021-08-06,75.550003,77.889999,74.010002,75.720001,75.720001,1251800
2021-08-09,76.150002,77.029999,75.059998,76.779999,76.779999,578300
2021-08-10,77.150002,78.940002,76.559998,76.919998,76.919998,928400
2021-08-11,77.000000,80.000000,75.970001,77.809998,77.809998,995900
2021-08-12,74.000000,78.930000,68.239998,73.320000,73.320000,2084000
2021-08-13,74.529999,75.709999,70.120003,72.629997,72.629997,1207400
2021-08-16,72.000000,73.260002,70.309998,72.389999,72.389999,563900
2021-08-17,71.459999,71.500000,65.059998,65.839996,65.839996,1479800
2021-08-18,66.629997,69.660004,66.000000,67.839996,67.839996,803500
2021-08-19,66.750000,69.190002,65.110001,65.889999,65.889999,777200
2021-08-20,65.500000,67.519997,65.349998,65.989998,65.989998,682600
2021-08-23,67.730003,70.660004,67.199997,70.550003,70.550003,1013800
2021-08-24,71.260002,73.610001,68.519997,72.360001,72.360001,906200
2021-08-25,72.000000,74.870003,70.580002,73.419998,73.419998,806200
2021-08-26,73.339996,75.699997,72.230003,72.570000,72.570000,674300
2021-08-27,73.260002,76.199997,71.529999,75.559998,75.559998,1128000
2021-08-30,76.180000,79.860001,75.879997,79.610001,79.610001,1082600