Date,Open,High,Low,Close,Adj Close,Volume
2021-02-10,43.000000,50.000000,43.000000,44.990002,44.391636,1836900
2021-02-11,45.470001,45.470001,42.750000,42.799999,42.230759,1652100
2021-02-12,43.009998,43.500000,41.549999,42.509998,41.944618,2088200
2021-02-16,44.200001,45.540001,43.009998,43.549999,42.970787,1369100
2021-02-17,44.029999,44.599998,43.500000,44.259998,43.671341,1910200
2021-02-18,44.240002,45.000000,42.779999,43.000000,42.428104,1589500
2021-02-19,43.660000,44.630001,43.009998,44.000000,43.414799,1048200
2021-02-22,44.840000,45.029999,43.650002,43.840000,43.256927,1449400
2021-02-23,43.950001,43.950001,42.000000,43.660000,43.079323,888400
2021-02-24,43.240002,45.080002,42.639999,45.000000,44.401501,3153100
2021-02-25,45.320000,45.500000,44.099998,44.750000,44.154823,2485000
2021-02-26,44.560001,44.939999,43.415001,44.180000,43.592407,466100
2021-03-01,44.450001,45.279999,44.080002,44.669998,44.075886,718900
2021-03-02,44.669998,46.750000,44.669998,45.299999,44.697514,756600
2021-03-03,45.509998,47.639999,45.220001,47.250000,46.621574,1214600
2021-03-04,47.660000,48.790001,45.790001,46.180000,45.565807,679700
2021-03-05,47.000000,47.080002,44.020000,45.029999,44.431103,968200
2021-03-08,44.689999,45.130001,43.009998,44.369999,43.779881,1125500
2021-03-09,43.689999,44.939999,43.618999,44.279999,43.691074,183400
2021-03-10,44.259998,44.869999,43.770000,44.750000,44.154823,484300
2021-03-11,44.750000,45.820000,44.509998,45.340000,44.736980,578900
2021-03-12,46.130001,46.310001,44.889999,45.750000,45.141525,684300
2021-03-15,45.919998,46.250000,45.099998,45.750000,45.141525,626800
2021-03-16,45.779999,45.875000,43.945000,44.810001,44.214031,717600
2021-03-17,44.869999,45.599998,44.200001,45.279999,44.677776,543100
2021-03-18,44.919998,45.250000,43.220001,43.500000,42.921452,886900
2021-03-19,43.299999,43.759998,42.799999,43.310001,42.733982,537100
2021-03-22,43.230000,43.500000,41.919998,42.750000,42.181427,539100
2021-03-23,42.279999,42.720001,41.040001,41.700001,41.145390,447000
2021-03-24,42.500000,42.799999,41.279999,41.599998,41.046722,688700
2021-03-25,41.150002,42.330002,40.000000,42.160000,41.599274,675200
2021-03-26,42.270000,43.340000,42.139999,43.330002,42.753716,325000
2021-03-29,43.400002,43.509998,42.340000,42.520000,41.954483,204000
2021-03-30,42.270000,43.400002,41.290001,43.139999,42.566238,480200
2021-03-31,43.029999,44.518002,42.189999,43.389999,42.812916,446700
2021-04-01,43.090000,45.794998,42.825001,44.930000,44.332432,619000
2021-04-05,44.820000,45.154999,43.500000,44.660000,44.066021,580000
2021-04-06,45.009998,45.950001,44.049999,45.209999,44.608707,725400
2021-04-07,45.110001,46.000000,44.400002,45.099998,44.500168,943000
2021-04-08,44.990002,45.820000,44.770000,45.330002,44.727112,732100
2021-04-09,45.200001,45.910000,44.480000,45.540001,44.934322,686000
2021-04-12,45.669998,45.919998,45.250000,45.450001,44.845516,640400
2021-04-13,45.349998,45.820000,45.320000,45.509998,44.904716,312000
2021-04-14,45.669998,46.310001,45.250000,46.189999,45.575672,821100
2021-04-15,46.160000,46.580002,45.349998,46.189999,45.575672,465700
2021-04-16,46.700001,46.889999,45.325001,45.650002,45.042854,390800
2021-04-19,45.709999,46.625000,45.410000,45.970001,45.358604,386400
2021-04-20,45.970001,46.310001,44.310001,45.709999,45.102058,595800
2021-04-21,45.540001,46.590000,44.780998,46.240002,45.625011,593000
2021-04-22,46.270000,46.900002,45.849998,46.080002,45.467136,1098600
2021-04-23,46.049999,47.220001,45.419998,46.459999,45.842083,471700
2021-04-26,46.340000,47.459999,46.270000,46.880001,46.256500,380100
2021-04-27,46.650002,47.500000,46.380001,46.869999,46.246632,721700
2021-04-28,47.150002,47.320000,45.939999,46.180000,45.565807,599700
2021-04-29,46.419998,48.500000,45.790001,46.950001,46.325569,1033800
2021-04-30,46.509998,47.480000,45.320000,45.570000,44.963917,766100
2021-05-03,45.970001,46.619999,45.410000,46.360001,45.743416,870300
2021-05-04,46.500000,46.500000,45.599998,46.000000,45.388199,772200
2021-05-05,46.230000,47.630001,46.095001,46.740002,46.118359,1923400
2021-05-06,46.689999,47.830002,46.689999,47.509998,46.878117,1222600
2021-05-07,47.160000,49.500000,47.160000,49.169998,48.516041,1809500
2021-05-10,49.630001,49.970001,49.250000,49.570000,48.910721,840000
2021-05-11,49.169998,49.730000,48.160000,49.060001,48.407505,1135800
2021-05-12,52.680000,52.680000,48.279999,49.480000,48.821918,2008400
2021-05-13,49.490002,50.590000,48.189999,49.500000,48.841652,831200
2021-05-14,49.000000,49.820000,48.720001,48.869999,48.220028,2141500
2021-05-17,48.970001,50.400002,48.810001,49.990002,49.325138,1427100
2021-05-18,50.799999,52.000000,50.599998,51.299999,50.617710,2565200
2021-05-19,50.410000,51.248001,50.012001,51.000000,50.321705,928100
2021-05-20,50.900002,51.379002,50.320999,50.490002,49.818485,913100
2021-05-21,50.439999,50.720001,49.674999,50.430000,50.100632,1668000
2021-05-24,50.700001,50.930000,49.830002,50.549999,50.219845,955800
2021-05-25,50.470001,51.169998,49.910000,50.439999,50.110561,726400
2021-05-26,50.430000,53.099998,50.064999,52.799999,52.455151,1400600
2021-05-27,53.250000,53.250000,51.540001,52.950001,52.604172,1807600
2021-05-28,53.000000,53.200001,52.279999,52.799999,52.455151,652500
2021-06-01,53.570000,54.990002,53.130001,54.880001,54.521568,1429300
2021-06-02,55.000000,55.000000,53.200001,53.419998,53.071098,1079700
2021-06-03,53.389999,53.889999,52.480000,53.480000,53.130711,755700
2021-06-04,53.570000,54.650002,52.880001,54.430000,54.074505,929500
2021-06-07,55.590000,56.070000,54.619999,55.540001,55.177258,1978600
2021-06-08,55.049999,55.930000,54.230000,55.509998,55.147449,1999500
2021-06-09,55.599998,55.840000,54.509998,55.430000,55.067974,886200
2021-06-10,55.709999,55.830002,54.759998,55.580002,55.216995,1343100
2021-06-11,55.919998,56.540001,55.389999,56.220001,55.852814,1086800
2021-06-14,56.150002,56.709999,55.459999,55.830002,55.465363,1610100
2021-06-15,56.990002,56.990002,55.430000,55.959999,55.594509,1689500
2021-06-16,55.959999,56.360001,53.840000,54.090000,53.736725,2412100
2021-06-17,53.919998,54.070000,52.009998,53.759998,53.408878,2991600
2021-06-18,53.080002,53.799999,52.720001,53.110001,52.763126,3169900
2021-06-21,53.540001,55.209999,52.889999,55.080002,54.720261,2881500
2021-06-22,55.209999,55.209999,52.860001,53.610001,53.259861,2750100
2021-06-23,53.880001,54.279999,52.610001,52.930000,52.584301,1302700
2021-06-24,52.840000,54.200001,52.389999,53.090000,52.743256,1768800
2021-06-25,53.220001,53.560001,52.689999,53.130001,52.782997,13760200
2021-06-28,53.099998,53.389999,50.740002,51.000000,50.666908,1853900
2021-06-29,51.299999,52.320000,49.209999,49.549999,49.226376,1478000
2021-06-30,49.599998,52.029999,49.590000,51.919998,51.580894,1480100
2021-07-01,52.820000,54.180000,52.389999,53.990002,53.637379,1452700
2021-07-02,54.009998,54.919998,53.500000,54.590000,54.233459,755800
2021-07-06,54.599998,54.599998,52.700001,53.860001,53.508228,809900
2021-07-07,53.660000,54.680000,52.669998,54.259998,53.905613,844800
2021-07-08,53.790001,54.790001,53.330002,54.610001,54.253330,820400
2021-07-09,54.950001,54.950001,54.119999,54.810001,54.452023,599500
2021-07-12,54.509998,55.020000,53.820000,54.740002,54.382481,895700
2021-07-13,54.689999,54.830002,53.770000,53.810001,53.458557,495800
2021-07-14,54.049999,54.340000,50.799999,50.840000,50.507954,786600
2021-07-15,50.349998,51.270000,50.000000,50.720001,50.388737,1350300
2021-07-16,51.020000,51.410000,48.830002,50.139999,49.812523,805500
2021-07-19,49.500000,50.099998,48.189999,48.900002,48.580624,1172800
2021-07-20,48.860001,51.095001,48.639999,50.810001,50.478149,874700
2021-07-21,51.320000,53.299999,50.770000,52.959999,52.614105,1125800
2021-07-22,52.900002,54.630001,52.369999,53.980000,53.627441,890400
2021-07-23,54.230000,54.810001,53.450001,54.790001,54.432156,1090800
2021-07-26,54.990002,55.889999,54.509998,55.180000,54.819607,1040000
2021-07-27,54.869999,55.320000,54.430000,54.959999,54.601044,952300
2021-07-28,55.130001,55.889999,54.730000,55.439999,55.077908,730500
2021-07-29,55.910000,55.919998,54.880001,55.340000,54.978561,562900
2021-07-30,55.250000,55.540001,53.669998,54.049999,53.696987,622700
2021-08-02,53.980000,55.200001,53.169998,53.299999,52.951885,567600
2021-08-03,53.200001,54.820000,52.740002,54.570000,54.213589,576400
2021-08-04,53.900002,55.498001,53.240002,54.480000,54.124176,559300
2021-08-05,54.560001,55.119999,53.840000,54.209999,53.855942,558300
2021-08-06,54.570000,55.360001,54.439999,55.040001,54.680523,380200
2021-08-09,54.599998,54.740002,53.849998,54.060001,53.706924,748700
2021-08-10,54.119999,55.820000,53.810001,55.500000,55.137516,792800
2021-08-11,56.759998,57.820000,55.349998,56.939999,56.568111,2950300
2021-08-12,57.080002,59.299999,56.660000,58.810001,58.425900,1699400
2021-08-13,59.029999,59.040001,56.450001,56.790001,56.419090,1459400
2021-08-16,56.070000,56.750000,54.340000,55.830002,55.465363,1790400
2021-08-17,55.250000,56.869999,54.250000,54.770000,54.412285,862000
2021-08-18,54.669998,54.799999,52.400002,52.419998,52.077629,605200
2021-08-19,51.259998,52.119999,50.709999,51.970001,51.630573,1189500
2021-08-20,51.410000,53.090000,51.400002,52.669998,52.325996,1388400
2021-08-23,52.759998,53.259998,51.919998,52.250000,52.250000,1059600
2021-08-24,52.509998,53.020000,51.590000,52.700001,52.700001,1247000
2021-08-25,52.610001,53.340000,51.919998,53.029999,53.029999,980900
2021-08-26,52.869999,53.290001,52.369999,53.110001,53.110001,953200
2021-08-27,53.509998,56.500000,53.410000,55.380001,55.380001,2091800
2021-08-30,55.610001,55.660000,54.639999,54.790001,54.790001,516500