Date,Open,High,Low,Close,Adj Close,Volume
2021-01-04,15.520000,16.190001,15.340000,15.690000,15.690000,2103800
2021-01-05,15.990000,17.215000,15.960000,16.799999,16.799999,2196300
2021-01-06,17.059999,18.180000,16.809999,17.629999,17.629999,2837400
2021-01-07,17.870001,18.500000,17.799999,18.100000,18.100000,1706200
2021-01-08,18.549999,18.889999,17.530001,17.790001,17.790001,1621200
2021-01-11,17.260000,18.200001,17.250000,18.160000,18.160000,1545400
2021-01-12,18.320000,19.129999,18.219999,18.379999,18.379999,1545600
2021-01-13,18.160000,18.420000,17.719999,17.980000,17.980000,1081200
2021-01-14,18.200001,18.750000,17.959999,18.500000,18.500000,1188900
2021-01-15,17.950001,18.209999,17.320000,17.690001,17.690001,1149600
2021-01-19,18.010000,18.020000,17.469999,17.709999,17.709999,1152500
2021-01-20,17.620001,18.049999,17.030001,17.299999,17.299999,1175100
2021-01-21,17.270000,17.350000,16.500000,16.545000,16.545000,2387900
2021-01-22,16.180000,17.209999,15.670000,17.180000,17.180000,1333600
2021-01-25,16.840000,16.840000,15.670000,16.100000,16.100000,1532000
2021-01-26,16.540001,16.790001,15.800000,15.805000,15.805000,772100
2021-01-27,15.280000,15.880000,14.880000,14.920000,14.920000,2360000
2021-01-28,15.130000,15.920000,14.800000,15.690000,15.690000,1680200
2021-01-29,15.280000,15.640000,14.940000,15.290000,15.290000,1176800
2021-02-01,15.770000,15.790000,14.930000,15.250000,15.250000,703200
2021-02-02,15.550000,15.900000,15.320000,15.615000,15.615000,820600
2021-02-03,15.680000,16.440001,15.620000,16.420000,16.420000,827700
2021-02-04,16.610001,17.040001,16.360001,16.879999,16.879999,936000
2021-02-05,17.290001,17.340000,16.590000,16.959999,16.959999,850500
2021-02-08,16.959999,17.735001,16.799999,17.415001,17.415001,1002700
2021-02-09,17.320000,17.700001,16.950001,17.190001,17.190001,1113900
2021-02-10,17.290001,17.980000,17.030001,17.260000,17.260000,977900
2021-02-11,17.270000,17.270000,16.209999,16.680000,16.680000,930200
2021-02-12,16.410000,17.030001,16.000000,16.799999,16.799999,900500
2021-02-16,17.190001,17.660000,17.040001,17.465000,17.465000,696800
2021-02-17,17.230000,18.209999,17.059999,18.170000,18.170000,1203700
2021-02-18,17.920000,18.049999,17.309999,17.610001,17.610001,1829900
2021-02-19,17.799999,18.580000,17.799999,18.180000,18.180000,1650000
2021-02-22,18.219999,19.450001,18.200001,19.150000,19.150000,1488400
2021-02-23,19.129999,19.209999,17.930000,19.129999,19.129999,2020300
2021-02-24,20.000000,21.190001,19.920000,21.080000,21.080000,3315800
2021-02-25,21.690001,22.000000,20.542000,20.719999,20.719999,1659400
2021-02-26,20.580000,21.520000,19.590000,21.270000,21.270000,1751900
2021-03-01,21.565001,22.830000,21.370001,22.820000,22.820000,2307700
2021-03-02,22.990000,22.990000,21.379999,21.860001,21.860001,1966400
2021-03-03,22.360001,22.610001,21.299999,21.629999,21.629999,1665200
2021-03-04,22.110001,22.889999,21.010000,21.680000,21.680000,1705800
2021-03-05,22.440001,23.490000,21.610001,23.370001,23.370001,2759800
2021-03-08,24.160000,24.299999,22.930000,23.969999,23.969999,1730600
2021-03-09,24.358000,24.400000,22.350000,22.610001,22.610001,1572200
2021-03-10,22.500000,24.520000,22.430000,24.430000,24.430000,3734500
2021-03-11,23.660000,25.139999,23.660000,24.980000,24.980000,1805300
2021-03-12,25.590000,25.590000,24.530001,25.065001,25.065001,1401100
2021-03-15,25.000000,25.490000,24.440001,25.219999,25.219999,1806400
2021-03-16,24.740000,24.740000,23.610001,24.540001,24.540001,1797300
2021-03-17,24.240000,24.790001,23.594999,24.010000,24.010000,1316900
2021-03-18,23.950001,24.129999,22.170000,22.480000,22.480000,1798500
2021-03-19,22.549999,23.270000,21.889999,22.389999,22.389999,5016100
2021-03-22,22.330000,22.350000,21.440001,22.129999,22.129999,1626200
2021-03-23,21.000000,21.629999,20.219999,20.330000,20.330000,1938200
2021-03-24,21.205000,21.820000,20.840000,21.000000,21.000000,1556100
2021-03-25,20.370001,21.629999,19.754999,21.570000,21.570000,1257100
2021-03-26,22.260000,23.080000,21.600000,22.209999,22.209999,1359400
2021-03-29,21.629999,22.350000,21.139999,21.389999,21.389999,1119100
2021-03-30,21.110001,21.730000,21.080000,21.260000,21.260000,1080100
2021-03-31,21.070000,21.910000,20.870001,21.730000,21.730000,1069300
2021-04-01,21.680000,21.990000,20.680000,21.570000,21.570000,1697100
2021-04-05,21.650000,21.719999,20.809999,21.590000,21.590000,1183400
2021-04-06,21.580000,22.260000,21.290001,21.330000,21.330000,1017000
2021-04-07,21.209999,21.629999,21.020000,21.139999,21.139999,754200
2021-04-08,21.010000,21.594999,20.320000,20.809999,20.809999,1360200
2021-04-09,20.920000,20.959999,20.049999,20.480000,20.480000,1084500
2021-04-12,20.820000,21.129999,20.375000,20.990000,20.990000,1158200
2021-04-13,20.620001,20.830000,20.129999,20.459999,20.459999,1061800
2021-04-14,20.709999,22.070000,20.620001,21.420000,21.420000,1104300
2021-04-15,21.469999,21.500000,20.750000,20.940001,20.940001,787100
2021-04-16,21.240000,21.490000,20.459999,20.910000,20.910000,778900
2021-04-19,20.790001,21.100000,20.350000,20.629999,20.629999,829900
2021-04-20,20.360001,20.870001,18.820000,18.940001,18.940001,2178000
2021-04-21,18.730000,19.700001,18.260000,19.690001,19.690001,1435400
2021-04-22,19.680000,20.200001,19.379999,19.870001,19.870001,994600
2021-04-23,19.950001,20.680000,19.684999,20.415001,20.415001,1123000
2021-04-26,20.610001,21.135000,20.430000,20.719999,20.719999,989000
2021-04-27,20.680000,20.990000,19.780001,20.360001,20.360001,1163900
2021-04-28,20.440001,21.840000,20.440001,21.700001,21.700001,1358800
2021-04-29,21.010000,21.920000,20.540001,21.330000,21.330000,2491400
2021-04-30,21.110001,22.000000,20.860001,21.010000,21.010000,1498100
2021-05-03,21.559999,22.469999,21.469999,22.110001,22.110001,1415000
2021-05-04,22.430000,22.719999,21.541000,22.469999,22.469999,989600
2021-05-05,22.740000,24.049999,22.480000,23.500000,23.500000,1423800
2021-05-06,23.629999,24.030001,22.650000,23.980000,23.980000,1176100
2021-05-07,23.090000,25.290001,22.660000,25.190001,25.190001,1228300
2021-05-10,25.180000,25.780001,24.020000,24.040001,24.040001,1335700
2021-05-11,22.650000,24.719999,22.350000,24.120001,24.120001,1018900
2021-05-12,24.240000,25.430000,24.150000,24.700001,24.700001,1704900
2021-05-13,24.180000,25.180000,23.900000,24.719999,24.719999,1891400
2021-05-14,25.270000,26.299999,25.270000,25.770000,25.770000,971100
2021-05-17,25.014000,26.910000,25.014000,26.840000,26.840000,859900
2021-05-18,26.870001,27.100000,25.360001,25.590000,25.590000,1289300
2021-05-19,24.900000,25.490000,24.280001,25.209999,25.209999,1171300
2021-05-20,25.230000,25.834999,24.639999,25.480000,25.480000,994400
2021-05-21,25.990000,26.275000,25.270000,25.280001,25.280001,993300
2021-05-24,25.469999,26.059999,24.870001,25.320000,25.320000,659500
2021-05-25,25.219999,25.440001,24.660000,24.920000,24.920000,1078200
2021-05-26,25.350000,26.260000,24.510000,26.129999,26.129999,1544500
2021-05-27,26.690001,26.809999,26.200001,26.570000,26.570000,887000
2021-05-28,26.379999,26.590000,25.860001,26.500000,26.500000,1587100
2021-06-01,26.950001,27.879999,26.950001,27.440001,27.440001,1622500
2021-06-02,28.120001,30.480000,27.420000,29.459999,29.459999,2294800
2021-06-03,28.900000,30.190001,28.690001,29.309999,29.309999,2263000
2021-06-04,29.610001,29.900000,28.660000,29.680000,29.680000,1586000
2021-06-07,29.750000,29.870001,27.730000,27.969999,27.969999,1635800
2021-06-08,27.660000,28.030001,26.870001,27.620001,27.620001,1435800
2021-06-09,27.840000,27.969999,26.760000,26.830000,26.830000,1147500
2021-06-10,27.139999,27.840000,26.190001,26.240000,26.240000,1468700
2021-06-11,26.719999,27.000000,26.330000,26.940001,26.940001,1101200
2021-06-14,26.889999,27.940001,26.590000,26.790001,26.790001,1220500
2021-06-15,27.030001,28.139999,26.840000,28.110001,28.110001,1371700
2021-06-16,27.750000,28.879999,27.620001,28.209999,28.209999,1467900
2021-06-17,28.219999,28.360001,25.610001,26.780001,26.780001,2131700
2021-06-18,25.549999,27.040001,25.540001,26.350000,26.350000,2890200
2021-06-21,26.490000,27.299999,26.200001,26.670000,26.670000,2068800
2021-06-22,26.450001,26.910000,25.920000,26.879999,26.879999,1485100
2021-06-23,27.219999,27.879999,26.430000,26.559999,26.559999,944900
2021-06-24,26.700001,27.580000,26.420000,27.450001,27.450001,1155000
2021-06-25,27.450001,27.738001,26.830000,26.920000,26.920000,4025500
2021-06-28,26.920000,26.920000,25.270000,25.459999,25.459999,1073000
2021-06-29,25.730000,26.110001,25.139999,25.190001,25.190001,1108500
2021-06-30,25.350000,26.059999,25.250000,25.650000,25.650000,897200
2021-07-01,26.400000,26.920000,26.059999,26.170000,26.170000,1440200
2021-07-02,26.250000,26.250000,25.330000,25.370001,25.370001,958800
2021-07-06,25.299999,25.299999,23.600000,23.990000,23.990000,1317400
2021-07-07,23.495001,24.270000,23.040001,23.469999,23.469999,1150200
2021-07-08,22.840000,24.110001,22.549999,23.719999,23.719999,922600
2021-07-09,24.035000,24.990000,23.910000,24.860001,24.860001,871300
2021-07-12,24.360001,25.059999,24.250000,24.750000,24.750000,671900
2021-07-13,24.549999,24.650000,23.750000,24.520000,24.520000,1206400
2021-07-14,24.680000,25.309999,23.691000,23.879999,23.879999,1220600
2021-07-15,23.530001,24.110001,23.030001,23.180000,23.180000,1039600
2021-07-16,23.480000,23.480000,22.260000,22.340000,22.340000,1229300
2021-07-19,21.230000,21.930000,20.900000,21.370001,21.370001,1681400
2021-07-20,21.440001,21.959999,21.120001,21.430000,21.430000,1389000
2021-07-21,22.020000,23.139999,22.020000,22.629999,22.629999,1122900
2021-07-22,22.950001,23.129999,21.600000,21.969999,21.969999,737000
2021-07-23,22.430000,22.920000,21.570000,22.040001,22.040001,790000
2021-07-26,22.190001,23.120001,22.190001,22.650000,22.650000,869100
2021-07-27,22.260000,22.500000,21.799999,22.230000,22.230000,527700
2021-07-28,22.379999,22.799999,21.700001,22.459999,22.459999,706000
2021-07-29,22.690001,24.219999,22.490000,23.740000,23.740000,1782200
2021-07-30,23.860001,23.879999,22.881001,23.240000,23.240000,1318400
2021-08-02,23.290001,24.059999,22.950001,23.030001,23.030001,1326000
2021-08-03,22.850000,23.795000,22.379999,23.770000,23.770000,1150300
2021-08-04,23.250000,23.309999,21.790001,21.840000,21.840000,1003000
2021-08-05,21.950001,22.830000,21.770000,22.389999,22.389999,1391500
2021-08-06,22.775000,23.620001,22.639999,23.459999,23.459999,963400
2021-08-09,22.940001,23.264999,22.120001,22.879999,22.879999,917100
2021-08-10,23.180000,24.139999,23.105000,23.610001,23.610001,1054100
2021-08-11,23.430000,24.020000,22.840000,23.980000,23.980000,695900
2021-08-12,24.139999,24.230000,23.230000,23.440001,23.440001,1119200
2021-08-13,23.540001,23.610001,22.870001,22.990000,22.990000,747800
2021-08-16,22.420000,22.629999,22.000000,22.430000,22.430000,533500
2021-08-17,22.160000,22.504999,21.600000,21.990000,21.990000,626900
2021-08-18,22.139999,22.690001,21.719999,21.750000,21.750000,598500
2021-08-19,21.100000,21.389999,20.580000,21.049999,21.049999,773700
2021-08-20,20.760000,21.500000,20.660000,21.440001,21.440001,817100
2021-08-23,22.120001,22.820000,22.059999,22.459999,22.459999,627000
2021-08-24,22.709999,23.430000,22.709999,22.910000,22.910000,557000
2021-08-25,22.910000,23.240000,22.549999,22.980000,22.980000,589200
2021-08-26,22.840000,23.049999,22.504999,22.709999,22.709999,527500
2021-08-27,23.040001,24.219999,23.000000,24.139999,24.139999,940700
2021-08-30,24.530001,24.708000,23.549999,23.580000,23.580000,1010500