Date,Open,High,Low,Close,Adj Close,Volume
2021-01-04,10.250000,10.250000,9.810000,9.840000,9.403418,3668600
2021-01-05,9.840000,9.970000,9.780000,9.790000,9.355636,1931200
2021-01-06,9.880000,10.300000,9.850000,10.170000,9.718776,2418600
2021-01-07,10.200000,10.300000,10.010000,10.090000,9.642326,1616300
2021-01-08,10.110000,10.130000,9.910000,10.120000,9.670995,1613900
2021-01-11,10.040000,10.160000,10.010000,10.010000,9.565875,1218300
2021-01-12,10.090000,10.200000,10.010000,10.150000,9.699663,1593200
2021-01-13,10.170000,10.280000,10.140000,10.210000,9.757001,1023700
2021-01-14,10.250000,10.470000,10.220000,10.370000,9.909903,1681200
2021-01-15,10.330000,10.330000,10.190000,10.210000,9.757001,1203300
2021-01-19,10.260000,10.310000,10.140000,10.240000,9.785669,1779700
2021-01-20,10.240000,10.400000,10.170000,10.380000,9.919459,1151300
2021-01-21,10.350000,10.560000,10.350000,10.500000,10.034135,1873000
2021-01-22,10.400000,10.490000,10.250000,10.490000,10.024577,1631400
2021-01-25,10.400000,10.680000,10.350000,10.600000,10.129698,1612900
2021-01-26,10.650000,10.760000,10.570000,10.650000,10.177479,2241600
2021-01-27,10.560000,10.640000,10.160000,10.170000,9.718776,2557400
2021-01-28,10.190000,10.340000,10.080000,10.300000,9.843009,1796200
2021-01-29,10.300000,10.380000,10.000000,10.100000,9.651882,2469900
2021-02-01,10.190000,10.350000,10.020000,10.340000,9.881234,1776700
2021-02-02,10.400000,10.620000,10.370000,10.580000,10.110585,1375800
2021-02-03,10.550000,10.650000,10.460000,10.560000,10.091473,1256800
2021-02-04,10.560000,10.830000,10.550000,10.790000,10.311268,2412700
2021-02-05,10.840000,10.990000,10.820000,10.890000,10.406831,2065700
2021-02-08,10.900000,10.980000,10.850000,10.960000,10.473725,1646900
2021-02-09,10.960000,11.100000,10.840000,11.080000,10.588401,2064800
2021-02-10,10.940000,11.330000,10.900000,11.130000,10.636183,2252900
2021-02-11,11.100000,11.300000,11.040000,11.170000,10.674408,1538900
2021-02-12,11.190000,11.440000,11.150000,11.350000,10.846422,1814200
2021-02-16,11.500000,11.940000,11.310000,11.940000,11.410244,4586600
2021-02-17,11.950000,11.960000,11.260000,11.420000,10.913316,3158000
2021-02-18,11.410000,11.480000,11.160000,11.160000,10.664852,1531500
2021-02-19,11.200000,11.640000,11.200000,11.510000,10.999323,1658700
2021-02-22,11.450000,11.710000,11.400000,11.540000,11.027992,2183700
2021-02-23,11.580000,11.650000,11.310000,11.470000,10.961098,2379300
2021-02-24,11.590000,12.000000,11.560000,11.980000,11.448469,2638900
2021-02-25,12.000000,12.200000,11.530000,11.590000,11.075773,2670000
2021-02-26,11.570000,11.740000,11.410000,11.540000,11.027992,2962600
2021-03-01,11.740000,11.970000,11.710000,11.760000,11.238232,1655600
2021-03-02,11.770000,12.020000,11.590000,11.970000,11.438914,1932300
2021-03-03,12.000000,12.290000,11.940000,12.050000,11.515364,2422800
2021-03-04,12.120000,12.130000,11.590000,11.860000,11.333794,2723100
2021-03-05,12.000000,12.090000,11.380000,11.920000,11.391131,2786000
2021-03-08,12.000000,12.340000,11.970000,12.210000,11.668265,2684600
2021-03-09,12.240000,12.350000,12.050000,12.260000,11.716047,1883200
2021-03-10,12.290000,12.510000,12.240000,12.440000,11.888060,2157600
2021-03-11,12.540000,12.620000,12.390000,12.530000,11.974067,1863100
2021-03-12,12.660000,12.840000,12.580000,12.700000,12.136524,1764900
2021-03-15,12.800000,12.880000,12.620000,12.880000,12.308538,1569600
2021-03-16,12.880000,12.890000,12.700000,12.870000,12.298982,2005400
2021-03-17,12.850000,13.000000,12.810000,12.990000,12.413658,1925900
2021-03-18,12.980000,13.020000,12.580000,12.640000,12.079187,1821600
2021-03-19,12.660000,12.970000,12.400000,12.660000,12.098299,6424700
2021-03-22,12.660000,12.750000,12.500000,12.630000,12.069631,1746000
2021-03-23,12.550000,12.650000,12.360000,12.480000,11.926285,2062600
2021-03-24,12.580000,13.000000,12.540000,12.570000,12.012293,3311300
2021-03-25,12.540000,12.820000,12.220000,12.710000,12.146081,2248300
2021-03-26,12.820000,12.920000,12.650000,12.860000,12.289426,2035700
2021-03-29,12.770000,12.930000,12.620000,12.790000,12.222532,2718300
2021-03-30,12.500000,12.770000,12.500000,12.750000,12.476963,1853000
2021-03-31,12.750000,12.850000,12.580000,12.700000,12.428034,2727300
2021-04-01,12.700000,12.820000,12.600000,12.820000,12.545465,1501700
2021-04-05,12.850000,12.900000,12.660000,12.700000,12.428034,2033500
2021-04-06,12.730000,12.850000,12.700000,12.790000,12.516107,1509800
2021-04-07,12.840000,12.880000,12.740000,12.820000,12.545465,991100
2021-04-08,12.790000,12.850000,12.690000,12.850000,12.574822,1230200
2021-04-09,12.860000,12.920000,12.800000,12.890000,12.613966,1169700
2021-04-12,12.900000,12.910000,12.840000,12.900000,12.623751,1130000
2021-04-13,12.900000,12.950000,12.790000,12.920000,12.643323,1086700
2021-04-14,12.900000,13.090000,12.850000,12.940000,12.662894,1835400
2021-04-15,12.980000,13.010000,12.850000,12.920000,12.643323,1916500
2021-04-16,12.980000,13.050000,12.830000,12.830000,12.555250,2174600
2021-04-19,12.840000,12.860000,12.480000,12.530000,12.261674,2617500
2021-04-20,12.490000,12.500000,12.140000,12.270000,12.007243,2492400
2021-04-21,12.270000,12.590000,12.160000,12.570000,12.300817,1389800
2021-04-22,12.600000,12.670000,12.490000,12.510000,12.242104,1345900
2021-04-23,12.520000,12.790000,12.440000,12.720000,12.447606,1360200
2021-04-26,12.780000,12.860000,12.650000,12.660000,12.388890,1132700
2021-04-27,12.700000,12.850000,12.640000,12.780000,12.506321,1093700
2021-04-28,12.860000,12.990000,12.790000,12.980000,12.702038,1300800
2021-04-29,13.000000,13.050000,12.850000,13.000000,12.721610,1243600
2021-04-30,13.030000,13.150000,12.930000,13.140000,12.858612,2601300
2021-05-03,13.190000,13.340000,13.130000,13.260000,12.976042,2198200
2021-05-04,13.260000,13.270000,12.830000,12.930000,12.653109,2414400
2021-05-05,13.170000,13.520000,12.910000,13.520000,13.230474,2711900
2021-05-06,13.480000,13.500000,13.200000,13.480000,13.191330,1913200
2021-05-07,13.400000,13.520000,13.320000,13.500000,13.210902,1515400
2021-05-10,13.590000,13.780000,13.470000,13.470000,13.181545,1858200
2021-05-11,13.370000,13.430000,13.190000,13.390000,13.103258,1708000
2021-05-12,13.400000,13.430000,12.980000,13.020000,12.741182,2197200
2021-05-13,13.100000,13.460000,13.010000,13.300000,13.015185,2433500
2021-05-14,13.450000,13.570000,13.380000,13.530000,13.240260,1565900
2021-05-17,13.480000,13.640000,13.330000,13.600000,13.308762,1671800
2021-05-18,13.740000,13.890000,13.630000,13.670000,13.377262,1944400
2021-05-19,13.570000,13.730000,13.450000,13.730000,13.435977,2309200
2021-05-20,13.750000,13.850000,13.620000,13.790000,13.494692,1401100
2021-05-21,13.840000,13.940000,13.760000,13.770000,13.475121,1609000
2021-05-24,13.830000,13.900000,13.680000,13.840000,13.543622,1293200
2021-05-25,13.860000,13.980000,13.740000,13.740000,13.445763,1863300
2021-05-26,13.800000,14.020000,13.720000,13.970000,13.670837,1737600
2021-05-27,14.080000,14.130000,13.980000,14.030000,13.729552,2201900
2021-05-28,14.110000,14.160000,14.020000,14.130000,13.827412,1421500
2021-06-01,14.230000,14.380000,14.180000,14.360000,14.052485,2096200
2021-06-02,14.450000,14.570000,14.380000,14.500000,14.189487,2148300
2021-06-03,14.500000,14.590000,14.410000,14.490000,14.179702,1864300
2021-06-04,14.620000,14.650000,14.350000,14.500000,14.189487,1987800
2021-06-07,14.560000,14.940000,14.550000,14.930000,14.610280,2954700
2021-06-08,14.930000,15.280000,14.860000,15.240000,14.913641,2619400
2021-06-09,15.450000,15.730000,15.320000,15.620000,15.285503,2586200
2021-06-10,15.730000,15.770000,15.440000,15.450000,15.119143,2239900
2021-06-11,15.470000,15.520000,15.120000,15.360000,15.031071,2155000
2021-06-14,15.340000,15.500000,15.310000,15.380000,15.050643,1728700
2021-06-15,15.380000,15.490000,15.150000,15.320000,14.991927,2562600
2021-06-16,15.350000,15.530000,15.320000,15.500000,15.168073,1811700
2021-06-17,15.430000,15.600000,14.950000,15.250000,14.923427,2620400
2021-06-18,15.080000,15.120000,14.760000,14.900000,14.580921,4857200
2021-06-21,15.000000,15.500000,14.990000,15.430000,15.099572,1994100
2021-06-22,15.290000,15.430000,15.170000,15.360000,15.031071,1952400
2021-06-23,15.340000,15.500000,15.260000,15.300000,14.972356,2897000
2021-06-24,15.390000,15.580000,15.320000,15.540000,15.207216,1592200
2021-06-25,15.550000,15.630000,15.380000,15.400000,15.070214,6707200
2021-06-28,15.410000,15.430000,15.050000,15.410000,15.080000,2892300
2021-06-29,15.070000,15.100000,14.700000,14.840000,14.840000,2743400
2021-06-30,14.800000,15.100000,14.770000,15.060000,15.060000,1739200
2021-07-01,15.070000,15.200000,15.000000,15.100000,15.100000,2122600
2021-07-02,15.110000,15.140000,14.880000,15.040000,15.040000,1265000
2021-07-06,15.000000,15.030000,14.750000,14.930000,14.930000,1749400
2021-07-07,14.920000,14.960000,14.650000,14.730000,14.730000,1733800
2021-07-08,14.500000,14.680000,14.150000,14.460000,14.460000,2329600
2021-07-09,14.700000,14.950000,14.630000,14.940000,14.940000,1945000
2021-07-12,14.940000,15.110000,14.800000,15.080000,15.080000,1514300
2021-07-13,15.000000,15.010000,14.600000,14.620000,14.620000,1778000
2021-07-14,14.620000,14.810000,14.290000,14.320000,14.320000,2177200
2021-07-15,14.250000,14.660000,14.160000,14.420000,14.420000,2214800
2021-07-16,14.590000,14.690000,14.310000,14.410000,14.410000,2241000
2021-07-19,14.000000,14.140000,13.750000,14.030000,14.030000,3546200
2021-07-20,14.090000,14.650000,14.030000,14.530000,14.530000,2374700
2021-07-21,14.660000,14.980000,14.660000,14.760000,14.760000,1950500
2021-07-22,14.700000,14.810000,14.440000,14.540000,14.540000,1731100
2021-07-23,14.570000,14.680000,14.420000,14.460000,14.460000,1037200
2021-07-26,14.460000,14.750000,14.460000,14.620000,14.620000,1221900
2021-07-27,14.550000,14.560000,14.310000,14.530000,14.530000,1816400
2021-07-28,14.530000,14.790000,14.440000,14.660000,14.660000,1577500
2021-07-29,14.700000,14.960000,14.700000,14.940000,14.940000,1651200
2021-07-30,14.980000,15.040000,14.670000,14.720000,14.720000,2242400
2021-08-02,14.740000,14.960000,14.530000,14.530000,14.530000,1794600
2021-08-03,14.540000,14.670000,14.240000,14.590000,14.590000,1896300
2021-08-04,14.650000,14.810000,14.430000,14.610000,14.610000,1828100
2021-08-05,14.670000,15.040000,14.640000,15.000000,15.000000,2261500
2021-08-06,15.050000,15.290000,14.980000,15.110000,15.110000,1726800
2021-08-09,15.010000,15.100000,14.880000,14.920000,14.920000,1246200
2021-08-10,14.900000,15.100000,14.800000,15.020000,15.020000,1389600
2021-08-11,15.030000,15.130000,14.910000,15.130000,15.130000,923600
2021-08-12,15.140000,15.180000,14.990000,15.130000,15.130000,994600
2021-08-13,15.190000,15.260000,15.100000,15.160000,15.160000,1343100
2021-08-16,15.080000,15.150000,14.920000,15.060000,15.060000,1127400
2021-08-17,15.030000,15.200000,14.960000,15.150000,15.150000,1443100
2021-08-18,15.080000,15.200000,14.960000,15.000000,15.000000,1390400
2021-08-19,14.860000,14.900000,14.600000,14.850000,14.850000,2171900
2021-08-20,14.780000,15.090000,14.700000,15.060000,15.060000,1358300
2021-08-23,15.150000,15.290000,15.080000,15.120000,15.120000,1752300
2021-08-24,15.160000,15.300000,15.150000,15.230000,15.230000,1525200
2021-08-25,15.260000,15.350000,15.190000,15.210000,15.210000,1679300
2021-08-26,15.260000,15.260000,15.040000,15.040000,15.040000,1345100
2021-08-27,15.050000,15.380000,15.050000,15.270000,15.270000,1605300
2021-08-30,15.280000,15.290000,15.110000,15.180000,15.180000,1578300