Date,Open,High,Low,Close,Adj Close,Volume
2021-01-04,36.259998,36.680000,34.770000,35.810001,34.997627,1080400
2021-01-05,35.900002,37.439999,35.900002,36.990002,36.150856,651300
2021-01-06,38.200001,41.040001,37.689999,39.750000,38.848248,1833800
2021-01-07,40.290001,41.090000,40.110001,40.180000,39.268490,815800
2021-01-08,40.320000,40.320000,38.549999,39.130001,38.242310,762500
2021-01-11,38.439999,40.240002,38.369999,39.990002,39.082802,551800
2021-01-12,39.910000,40.570000,39.560001,39.779999,38.877563,812100
2021-01-13,39.549999,39.889999,38.849998,39.689999,38.789600,748800
2021-01-14,40.020000,40.310001,39.540001,39.740002,38.838470,726900
2021-01-15,38.799999,40.230000,38.799999,39.720001,38.818924,665900
2021-01-19,39.950001,40.230000,39.180000,40.000000,39.092571,724100
2021-01-20,40.000000,41.049999,39.950001,40.639999,39.718052,1174800
2021-01-21,40.480000,40.730000,39.430000,39.509998,38.613686,540000
2021-01-22,38.810001,39.759998,38.709999,39.730000,38.828697,722100
2021-01-25,38.939999,39.630001,38.070000,39.150002,38.261856,781800
2021-01-26,39.400002,39.540001,38.340000,38.459999,37.587505,816200
2021-01-27,36.709999,37.509998,35.560001,36.560001,35.730614,1890700
2021-01-28,37.070000,38.060001,36.490002,37.820000,36.962029,705400
2021-01-29,37.650002,37.759998,36.700001,36.900002,36.062901,1074200
2021-02-01,37.150002,38.000000,36.810001,37.900002,37.040215,907900
2021-02-02,38.439999,39.610001,38.230000,39.560001,38.662556,1018600
2021-02-03,39.630001,39.900002,38.990002,39.720001,38.818924,1090400
2021-02-04,39.549999,41.500000,39.549999,40.720001,40.150028,1104200
2021-02-05,41.230000,41.730000,40.599998,41.169998,40.593727,581200
2021-02-08,41.310001,42.779999,41.250000,42.610001,42.013573,608600
2021-02-09,42.330002,43.810001,42.090000,43.369999,42.762932,742100
2021-02-10,43.669998,45.349998,43.430000,44.759998,44.133476,1157600
2021-02-11,44.980000,45.259998,43.750000,44.560001,43.936279,1203100
2021-02-12,44.369999,45.549999,44.369999,45.259998,44.626476,611200
2021-02-16,45.490002,46.290001,45.490002,45.970001,45.326546,874200
2021-02-17,45.880001,46.240002,45.070000,45.630001,44.991299,557200
2021-02-18,45.000000,45.310001,44.529999,44.750000,44.123615,751900
2021-02-19,45.000000,47.169998,45.000000,47.000000,46.342125,715600
2021-02-22,46.820000,48.349998,46.580002,48.080002,47.407009,1254700
2021-02-23,48.480000,49.090000,47.650002,48.099998,47.426727,1608900
2021-02-24,48.000000,49.020000,47.790001,47.930000,47.259106,1320300
2021-02-25,48.610001,48.610001,46.189999,46.410000,45.760384,952500
2021-02-26,46.150002,46.380001,44.669998,45.349998,44.715218,1175700
2021-03-01,46.689999,48.150002,45.939999,47.959999,47.288685,1133000
2021-03-02,47.730000,47.779999,46.549999,47.200001,46.539326,793600
2021-03-03,47.709999,49.389999,47.209999,47.970001,47.298546,904900
2021-03-04,47.970001,48.619999,45.599998,46.400002,45.750523,778900
2021-03-05,47.669998,47.939999,45.090000,47.930000,47.259106,695800
2021-03-08,48.500000,50.130001,47.970001,49.529999,48.836708,681900
2021-03-09,48.529999,50.029999,47.410000,49.349998,48.659229,606600
2021-03-10,49.400002,50.650002,49.400002,50.439999,49.733971,767400
2021-03-11,50.009998,52.279999,49.849998,51.990002,51.262276,879800
2021-03-12,53.000000,53.950001,52.459999,53.080002,52.337021,1129900
2021-03-15,53.150002,53.320000,51.680000,52.810001,52.070801,1202600
2021-03-16,52.080002,52.639999,51.310001,52.320000,51.587658,891100
2021-03-17,52.950001,53.540001,51.150002,52.580002,51.844021,754700
2021-03-18,53.209999,54.680000,52.040001,52.310001,51.577801,911300
2021-03-19,51.939999,52.419998,50.660000,51.029999,50.315712,3610400
2021-03-22,50.779999,50.779999,49.310001,49.669998,48.974747,674100
2021-03-23,48.650002,49.480000,46.959999,47.279999,46.618202,809800
2021-03-24,48.230000,49.000000,47.500000,47.619999,46.953445,876400
2021-03-25,47.270000,50.840000,46.650002,50.520000,49.812855,900800
2021-03-26,51.330002,52.910000,50.549999,52.500000,51.765141,1352000
2021-03-29,51.400002,53.020000,51.110001,51.740002,51.015778,1046800
2021-03-30,52.240002,53.130001,51.669998,52.509998,51.774998,1106300
2021-03-31,52.240002,52.779999,51.509998,51.509998,50.788994,1099500
2021-04-01,51.349998,51.570000,50.410000,51.549999,50.828434,663500
2021-04-05,52.200001,52.560001,51.139999,51.820000,51.094654,511700
2021-04-06,51.580002,52.520000,51.250000,51.529999,50.808716,848400
2021-04-07,51.820000,51.880001,50.299999,51.599998,50.877735,610900
2021-04-08,50.919998,52.259998,50.299999,52.020000,51.291855,456100
2021-04-09,52.529999,52.529999,51.580002,52.310001,51.577801,555700
2021-04-12,52.570000,52.820000,52.099998,52.380001,51.646820,901200
2021-04-13,51.750000,52.060001,50.169998,50.169998,49.467751,631400
2021-04-14,50.259998,51.889999,50.259998,51.450001,50.729836,789900
2021-04-15,51.740002,52.669998,50.099998,52.500000,51.765141,609000
2021-04-16,53.230000,53.230000,52.410000,52.820000,52.080658,790300
2021-04-19,52.570000,53.759998,52.480000,53.020000,52.277859,1090500
2021-04-20,52.910000,53.130001,50.900002,51.400002,50.680538,1428800
2021-04-21,51.000000,52.730000,51.000000,52.480000,51.745419,659100
2021-04-22,52.500000,53.080002,51.799999,52.160000,51.429897,540300
2021-04-23,52.209999,55.049999,52.209999,54.560001,53.796307,843500
2021-04-26,55.080002,55.889999,54.240002,54.310001,53.549805,409900
2021-04-27,54.169998,54.820000,53.700001,54.490002,53.727287,572100
2021-04-28,54.500000,55.330002,53.290001,53.459999,52.711700,544500
2021-04-29,54.099998,54.380001,52.070000,52.750000,52.011639,820600
2021-04-30,52.599998,53.750000,52.529999,53.290001,52.544083,1775600
2021-05-03,54.009998,54.919998,53.380001,53.380001,52.632824,1112500
2021-05-04,53.099998,53.939999,52.130001,53.529999,52.780720,743100
2021-05-05,53.709999,53.810001,51.000000,51.000000,50.286133,2417800
2021-05-06,50.689999,51.730000,50.180000,51.570000,51.199524,782400
2021-05-07,50.529999,52.580002,50.529999,52.459999,52.083130,441800
2021-05-10,52.349998,52.959999,50.570000,50.580002,50.216640,784700
2021-05-11,50.020000,51.590000,49.790001,50.869999,50.504555,835600
2021-05-12,51.389999,51.930000,49.660000,49.779999,49.422382,767000
2021-05-13,49.650002,52.450001,49.470001,52.160000,51.785286,1022700
2021-05-14,52.330002,53.869999,51.970001,53.590000,53.205013,608900
2021-05-17,53.380001,53.799999,52.610001,53.709999,53.324150,619700
2021-05-18,53.560001,54.150002,52.630001,52.680000,52.301552,825600
2021-05-19,52.000000,53.009998,51.169998,53.009998,52.629181,633600
2021-05-20,52.450001,52.980000,52.090000,52.389999,52.013634,639200
2021-05-21,53.009998,53.610001,52.189999,52.369999,51.993778,656400
2021-05-24,52.599998,53.189999,51.639999,52.099998,51.725716,679500
2021-05-25,52.549999,53.180000,51.849998,52.099998,51.725716,424200
2021-05-26,52.220001,53.259998,52.119999,53.029999,52.649036,572600
2021-05-27,53.520000,54.139999,53.169998,53.840000,53.453220,635400
2021-05-28,54.090000,54.090000,52.919998,52.980000,52.599396,380000
2021-06-01,53.650002,53.840000,53.180000,53.320000,52.936954,463600
2021-06-02,53.790001,53.790001,52.660000,53.049999,52.668892,667400
2021-06-03,52.869999,53.639999,52.560001,53.500000,53.115662,578800
2021-06-04,53.340000,53.790001,52.860001,53.500000,53.115662,322400
2021-06-07,53.610001,55.000000,53.610001,54.540001,54.148190,738200
2021-06-08,53.950001,55.029999,53.560001,54.939999,54.545315,646300
2021-06-09,54.650002,54.860001,53.320000,53.349998,52.966736,537900
2021-06-10,54.119999,54.119999,52.279999,52.520000,52.142700,605200
2021-06-11,52.740002,53.330002,52.459999,52.900002,52.519974,509400
2021-06-14,52.660000,52.939999,50.900002,51.270000,50.901680,743700
2021-06-15,51.340000,53.869999,51.340000,53.090000,52.708607,549900
2021-06-16,52.450001,54.290001,51.830002,54.040001,53.651783,618700
2021-06-17,54.529999,54.560001,51.500000,51.750000,51.378231,674600
2021-06-18,51.119999,51.860001,49.959999,50.299999,49.938648,2170200
2021-06-21,51.020000,52.869999,50.680000,52.619999,52.241982,1515000
2021-06-22,52.639999,53.680000,52.160000,53.270000,52.887314,1214900
2021-06-23,53.610001,53.820000,52.470001,52.470001,52.093063,658300
2021-06-24,52.730000,53.090000,51.970001,52.860001,52.480259,1279200
2021-06-25,53.200001,54.180000,52.810001,53.049999,52.668892,2411200
2021-06-28,52.669998,52.930000,51.439999,51.459999,51.090317,944000
2021-06-29,51.970001,52.320000,51.570000,51.590000,51.219383,686800
2021-06-30,51.270000,52.080002,51.110001,51.590000,51.219383,969300
2021-07-01,51.930000,52.480000,51.590000,52.099998,51.725716,604800
2021-07-02,51.980000,52.000000,50.189999,50.279999,49.918793,569700
2021-07-06,50.000000,50.169998,48.480000,48.939999,48.588417,722900
2021-07-07,48.270000,49.500000,48.150002,48.380001,48.032444,1109800
2021-07-08,47.290001,48.459999,46.959999,47.320000,46.980057,1026500
2021-07-09,48.540001,48.650002,47.349998,48.169998,47.823948,2191100
2021-07-12,47.500000,48.430000,47.259998,47.950001,47.605534,803800
2021-07-13,47.610001,48.110001,47.189999,47.419998,47.079338,1597100
2021-07-14,47.840000,49.130001,47.570000,47.990002,47.645245,3131300
2021-07-15,47.349998,48.970001,47.349998,48.889999,48.538776,693400
2021-07-16,49.490002,49.490002,47.139999,47.150002,46.811279,728900
2021-07-19,45.680000,46.169998,45.110001,45.669998,45.341908,877200
2021-07-20,45.320000,48.139999,45.320000,46.860001,46.523361,946700
2021-07-21,47.750000,48.799999,47.450001,48.169998,47.823948,619800
2021-07-22,48.220001,48.220001,47.220001,47.270000,46.930416,467700
2021-07-23,47.939999,47.939999,47.189999,47.849998,47.506248,296500
2021-07-26,48.310001,48.889999,47.779999,48.320000,47.972874,463700
2021-07-27,47.970001,48.709999,47.560001,48.290001,47.943089,440900
2021-07-28,48.599998,49.320000,47.720001,48.720001,48.370003,472500
2021-07-29,48.730000,49.139999,48.369999,48.730000,48.730000,422100
2021-07-30,48.290001,49.349998,47.720001,48.240002,48.240002,638700
2021-08-02,48.580002,49.639999,46.860001,47.299999,47.299999,1054400
2021-08-03,47.430000,48.660000,45.779999,48.619999,48.619999,947800
2021-08-04,47.869999,49.810001,47.700001,49.560001,49.560001,676600
2021-08-05,49.959999,50.980000,49.939999,50.759998,50.759998,545500
2021-08-06,51.810001,53.169998,51.560001,52.770000,52.770000,980000
2021-08-09,52.570000,53.110001,51.779999,52.330002,52.330002,548400
2021-08-10,51.910000,53.630001,51.910000,53.400002,53.400002,397400
2021-08-11,54.209999,54.570000,53.490002,54.560001,54.560001,498400
2021-08-12,54.520000,54.549999,53.619999,54.220001,54.220001,350900
2021-08-13,54.630001,54.630001,52.689999,52.889999,52.889999,251300
2021-08-16,52.209999,52.770000,51.689999,52.439999,52.439999,220300
2021-08-17,51.820000,52.490002,51.419998,52.130001,52.130001,327000
2021-08-18,52.040001,52.660000,51.250000,51.330002,51.330002,362200
2021-08-19,50.490002,51.430000,50.189999,51.119999,51.119999,584100
2021-08-20,51.130001,52.470001,50.880001,52.430000,52.430000,444100
2021-08-23,52.580002,53.330002,52.580002,53.000000,53.000000,352100
2021-08-24,53.369999,53.709999,52.849998,53.099998,53.099998,495400
2021-08-25,53.570000,54.509998,53.070000,53.680000,53.680000,538500
2021-08-26,53.930000,54.340000,53.080002,53.580002,53.580002,415300
2021-08-27,53.930000,55.139999,53.570000,55.049999,55.049999,602300
2021-08-30,55.230000,55.380001,54.650002,55.009998,55.009998,480600