Date,Open,High,Low,Close,Adj Close,Volume
2021-01-04,20.910000,21.610001,20.330000,20.450001,20.177259,1453700
2021-01-05,20.389999,21.400000,20.389999,21.170000,20.887655,1056200
2021-01-06,21.900000,23.910000,21.670000,23.490000,23.176714,2572500
2021-01-07,23.879999,24.160000,23.070000,23.200001,22.890581,2170900
2021-01-08,22.500000,22.809999,21.820000,22.559999,22.259115,2274100
2021-01-11,22.000000,22.480000,21.389999,21.660000,21.371120,1805800
2021-01-12,21.200001,22.980000,20.959999,22.690001,22.387383,1818300
2021-01-13,22.600000,22.600000,21.820000,22.049999,21.755917,1096500
2021-01-14,22.420000,22.590000,21.850000,21.879999,21.588184,1301700
2021-01-15,21.400000,21.440001,20.889999,21.290001,21.006056,1169000
2021-01-19,21.500000,22.020000,21.240000,21.309999,21.025787,1190500
2021-01-20,21.340000,21.490000,20.910000,21.190001,21.025789,1311400
2021-01-21,21.170000,21.440001,20.790001,21.030001,20.867027,1266200
2021-01-22,20.600000,21.549999,20.430000,21.520000,21.353230,1212900
2021-01-25,21.600000,21.780001,20.900000,21.230000,21.065479,1384800
2021-01-26,21.530001,21.530001,20.740000,20.940001,20.777727,1149200
2021-01-27,20.450001,21.120001,20.230000,20.469999,20.311367,1889800
2021-01-28,20.920000,20.959999,19.680000,19.830000,19.676327,1598000
2021-01-29,19.980000,20.059999,19.440001,19.690001,19.537413,3144100
2021-02-01,20.020000,20.340000,19.530001,20.129999,19.974003,1548500
2021-02-02,20.270000,20.510000,20.070000,20.400000,20.241909,1311200
2021-02-03,20.330000,21.000000,20.290001,20.680000,20.519741,1425200
2021-02-04,20.860001,21.090000,20.500000,20.879999,20.718189,1740800
2021-02-05,21.120001,21.610001,21.030001,21.600000,21.432611,1430300
2021-02-08,21.840000,22.750000,21.840000,22.410000,22.236332,2062500
2021-02-09,22.360001,22.620001,21.700001,21.860001,21.690598,2171100
2021-02-10,22.070000,22.430000,21.730000,22.040001,21.869202,1522500
2021-02-11,22.120001,22.379999,21.760000,21.860001,21.690598,1285600
2021-02-12,21.730000,22.260000,21.730000,22.219999,22.047806,1050300
2021-02-16,22.510000,23.080000,22.459999,23.010000,22.831684,992400
2021-02-17,23.040001,23.540001,22.850000,23.320000,23.139282,1568800
2021-02-18,23.420000,23.500000,22.639999,22.840000,22.663002,1128900
2021-02-19,23.110001,23.660000,22.969999,23.480000,23.298040,1643300
2021-02-22,23.510000,24.840000,23.410000,24.600000,24.409363,1847700
2021-02-23,24.559999,25.180000,24.430000,24.870001,24.677271,1559500
2021-02-24,24.990000,26.850000,24.900000,26.809999,26.602234,1645000
2021-02-25,26.570000,27.100000,25.680000,25.809999,25.609983,1811000
2021-02-26,25.629999,25.900000,24.900000,25.150000,24.955099,1270700
2021-03-01,26.059999,27.469999,26.049999,27.360001,27.147974,1627200
2021-03-02,27.500000,28.469999,27.410000,27.900000,27.683788,2542100
2021-03-03,28.139999,28.860001,27.930000,28.510000,28.289061,2852200
2021-03-04,28.370001,28.830000,26.850000,27.209999,26.999134,1644700
2021-03-05,27.910000,28.840000,27.520000,28.760000,28.537125,1898200
2021-03-08,29.000000,30.440001,28.910000,30.280001,30.045345,1642200
2021-03-09,30.309999,30.559999,29.219999,29.290001,29.063017,1663500
2021-03-10,29.110001,29.870001,28.820000,29.639999,29.410305,1423300
2021-03-11,30.000000,30.000000,29.219999,29.540001,29.311079,1136200
2021-03-12,29.750000,30.400000,29.280001,29.440001,29.211855,1159100
2021-03-15,29.389999,29.410000,28.480000,28.709999,28.487511,1264800
2021-03-16,28.709999,29.100000,28.100000,28.320000,28.100534,1200400
2021-03-17,28.200001,28.870001,27.950001,28.350000,28.130302,1853000
2021-03-18,28.530001,30.330000,28.530001,28.830000,28.606581,1870400
2021-03-19,29.000000,29.270000,27.900000,28.770000,28.547047,3054200
2021-03-22,28.680000,28.790001,28.090000,28.370001,28.150146,1102200
2021-03-23,27.530001,28.150000,26.980000,27.170000,26.959446,1324600
2021-03-24,27.900000,28.879999,27.700001,28.030001,27.812782,1243400
2021-03-25,27.709999,29.639999,27.500000,29.389999,29.162243,2063400
2021-03-26,30.000000,31.820000,29.629999,31.740000,31.494030,1746600
2021-03-29,31.500000,32.430000,30.750000,31.020000,30.779612,1671500
2021-03-30,31.040001,31.809999,30.809999,31.350000,31.227858,1185700
2021-03-31,31.639999,32.380001,30.680000,30.840000,30.719845,1579500
2021-04-01,30.520000,30.990000,29.750000,30.799999,30.679998,1326100
2021-04-05,31.350000,31.850000,30.940001,31.570000,31.446999,818300
2021-04-06,31.250000,31.830000,30.830000,31.070000,30.948948,848100
2021-04-07,31.280001,31.450001,30.760000,31.120001,30.998755,897200
2021-04-08,30.830000,31.270000,29.840000,30.430000,30.311441,953400
2021-04-09,30.170000,30.450001,29.250000,29.629999,29.514557,1177400
2021-04-12,29.650000,29.879999,29.290001,29.700001,29.584286,766600
2021-04-13,29.750000,29.750000,28.580000,28.680000,28.568260,967100
2021-04-14,29.230000,29.639999,28.910000,29.200001,29.086235,795700
2021-04-15,29.700001,29.809999,29.059999,29.440001,29.325298,852400
2021-04-16,29.760000,29.900000,29.070000,29.340000,29.225689,638100
2021-04-19,29.410000,29.650000,28.670000,29.170000,29.056351,690600
2021-04-20,29.340000,29.340000,28.129999,28.219999,28.110050,901400
2021-04-21,28.120001,28.820000,28.010000,28.740000,28.628025,863700
2021-04-22,28.809999,28.840000,27.690001,28.270000,28.159857,1010700
2021-04-23,28.680000,28.940001,28.270000,28.799999,28.687792,726300
2021-04-26,28.870001,29.690001,28.690001,29.350000,29.235649,912400
2021-04-27,29.150000,29.480000,28.959999,29.340000,29.225689,659000
2021-04-28,29.260000,29.959999,29.090000,29.629999,29.514557,667000
2021-04-29,30.010000,30.270000,29.379999,29.820000,29.703817,509600
2021-04-30,29.350000,29.850000,29.150000,29.219999,29.106155,829600
2021-05-03,29.709999,30.750000,29.500000,30.400000,30.281557,1198200
2021-05-04,29.770000,31.410000,29.750000,31.170000,31.048557,1406600
2021-05-05,31.510000,31.510000,30.750000,31.389999,31.267700,1141200
2021-05-06,31.600000,32.240002,31.280001,32.220001,32.094467,769700
2021-05-07,32.299999,32.680000,31.520000,32.459999,32.333530,641400
2021-05-10,32.900002,33.500000,32.419998,32.419998,32.293686,868000
2021-05-11,31.809999,33.410000,31.740000,32.939999,32.811661,1067300
2021-05-12,32.770000,33.060001,30.900000,31.080000,30.958908,1048700
2021-05-13,31.389999,32.580002,31.100000,31.969999,31.845440,1073400
2021-05-14,31.870001,32.150002,31.360001,31.709999,31.586452,656800
2021-05-17,31.570000,32.939999,31.450001,32.919998,32.791737,641300
2021-05-18,32.900002,33.169998,32.470001,32.529999,32.403259,727500
2021-05-19,31.719999,32.009998,30.830000,31.770000,31.646221,871600
2021-05-20,31.670000,31.770000,30.629999,31.110001,30.988792,807100
2021-05-21,31.500000,31.760000,30.780001,30.830000,30.709883,758300
2021-05-24,30.760000,31.559999,30.600000,31.459999,31.337427,522800
2021-05-25,31.469999,31.660000,30.490000,30.549999,30.430973,632700
2021-05-26,30.540001,31.030001,30.330000,30.760000,30.640156,684800
2021-05-27,31.580000,32.160000,31.520000,31.559999,31.437038,1164100
2021-05-28,31.629999,31.629999,30.670000,31.469999,31.347389,696200
2021-06-01,32.180000,32.689999,31.809999,32.619999,32.492908,937100
2021-06-02,32.590000,32.630001,31.549999,31.920000,31.795635,981900
2021-06-03,31.480000,32.220001,30.920000,32.160000,32.034702,770800
2021-06-04,32.500000,32.610001,32.009998,32.430000,32.303650,672500
2021-06-07,32.259998,33.400002,32.049999,32.770000,32.642326,1381100
2021-06-08,32.730000,34.020000,32.500000,33.910000,33.777882,1534900
2021-06-09,33.689999,33.799999,32.790001,32.820000,32.692127,1442600
2021-06-10,33.160000,33.270000,32.610001,32.869999,32.741932,1191700
2021-06-11,33.070000,33.410000,32.799999,33.099998,32.971039,787900
2021-06-14,33.060001,33.299999,32.500000,32.660000,32.532753,1010000
2021-06-15,32.500000,32.810001,31.900000,32.720001,32.592522,1291500
2021-06-16,32.380001,32.380001,31.090000,31.350000,31.227858,1353500
2021-06-17,31.969999,31.980000,30.000000,30.150000,30.032532,2518300
2021-06-18,29.980000,30.760000,29.570000,29.870001,29.753624,2805800
2021-06-21,30.230000,30.969999,29.850000,30.389999,30.271597,1693200
2021-06-22,30.420000,30.660000,29.920000,30.600000,30.480780,1316100
2021-06-23,30.900000,31.200001,30.440001,30.559999,30.440933,700400
2021-06-24,30.900000,31.990000,30.500000,31.790001,31.666143,1020500
2021-06-25,32.029999,32.040001,31.080000,31.080000,30.958908,2450800
2021-06-28,31.260000,31.330000,30.590000,30.799999,30.679998,1089900
2021-06-29,30.889999,31.250000,30.400000,30.440001,30.440001,1338600
2021-06-30,30.450001,30.820000,30.400000,30.719999,30.719999,1016500
2021-07-01,31.240000,31.490000,30.480000,31.139999,31.139999,992000
2021-07-02,31.230000,31.230000,30.719999,30.870001,30.870001,707700
2021-07-06,30.650000,30.700001,29.980000,30.270000,30.270000,1084000
2021-07-07,30.290001,30.969999,30.160000,30.660000,30.660000,805500
2021-07-08,30.200001,30.650000,29.889999,30.200001,30.200001,881000
2021-07-09,30.980000,31.290001,30.709999,31.170000,31.170000,680300
2021-07-12,30.620001,31.469999,30.250000,31.260000,31.260000,794000
2021-07-13,30.930000,31.270000,30.370001,30.730000,30.730000,703800
2021-07-14,31.170000,31.440001,30.270000,30.580000,30.580000,731900
2021-07-15,30.410000,31.469999,30.360001,30.860001,30.860001,755300
2021-07-16,30.940001,30.990000,30.010000,30.090000,30.090000,958500
2021-07-19,29.400000,30.020000,29.049999,29.580000,29.580000,1609600
2021-07-20,29.520000,30.590000,29.250000,30.370001,30.370001,976600
2021-07-21,30.889999,31.270000,30.680000,30.990000,30.990000,705900
2021-07-22,30.770000,30.950001,30.240000,30.700001,30.700001,471000
2021-07-23,31.150000,31.150000,30.410000,30.879999,30.879999,680300
2021-07-26,31.129999,32.000000,31.100000,31.809999,31.809999,638000
2021-07-27,31.420000,31.780001,30.969999,31.500000,31.500000,479900
2021-07-28,31.580000,31.889999,30.879999,31.799999,31.799999,807100
2021-07-29,32.310001,33.639999,32.209999,33.020000,33.020000,939100
2021-07-30,32.759998,33.349998,32.560001,32.799999,32.799999,697800
2021-08-02,33.029999,33.270000,31.680000,31.719999,31.719999,744200
2021-08-03,31.680000,32.549999,31.250000,32.520000,32.520000,581500
2021-08-04,32.080002,32.310001,31.660000,31.799999,31.799999,952500
2021-08-05,31.790001,32.230000,31.469999,31.760000,31.760000,487000
2021-08-06,32.360001,32.619999,32.049999,32.220001,32.220001,714200
2021-08-09,31.930000,33.160000,31.760000,33.110001,33.110001,652400
2021-08-10,33.049999,34.720001,33.009998,34.700001,34.700001,1444200
2021-08-11,34.939999,35.869999,34.340000,35.689999,35.689999,1234100
2021-08-12,35.509998,36.020000,34.840000,35.970001,35.970001,758500
2021-08-13,35.730000,36.490002,35.610001,36.230000,36.230000,767800
2021-08-16,35.950001,35.950001,34.599998,34.820000,34.820000,734800
2021-08-17,34.450001,34.650002,33.049999,33.759998,33.759998,900100
2021-08-18,33.380001,34.419998,33.310001,33.750000,33.750000,532400
2021-08-19,33.040001,33.230000,32.200001,32.500000,32.500000,791300
2021-08-20,32.610001,32.930000,32.259998,32.380001,32.380001,631300
2021-08-23,32.730000,33.450001,32.599998,33.040001,33.040001,589900
2021-08-24,33.599998,34.340000,33.599998,33.630001,33.630001,559000
2021-08-25,33.619999,34.029999,33.209999,33.250000,33.250000,478400
2021-08-26,33.349998,33.419998,32.700001,32.730000,32.730000,531900
2021-08-27,32.880001,34.029999,32.880001,33.799999,33.799999,798400
2021-08-30,34.070000,34.070000,33.459999,33.529999,33.529999,404300