Date,Open,High,Low,Close,Adj Close,Volume
2021-01-04,112.099998,112.849998,108.879997,111.349998,111.009033,369800
2021-01-05,111.820000,114.010002,110.769997,112.070000,111.726830,179800
2021-01-06,114.120003,116.970001,112.910004,115.510002,115.156303,408300
2021-01-07,115.129997,115.330002,112.730003,115.150002,114.797394,303900
2021-01-08,115.510002,116.900002,111.480003,112.900002,112.554291,413600
2021-01-11,111.430000,117.000000,111.050003,116.360001,116.003693,570300
2021-01-12,116.639999,118.519997,115.790001,116.839996,116.482216,374900
2021-01-13,116.419998,117.769997,114.779999,117.080002,116.721497,152600
2021-01-14,117.809998,120.809998,116.779999,118.459999,118.097260,231600
2021-01-15,117.589996,118.989998,114.110001,114.889999,114.538193,253600
2021-01-19,116.370003,118.570000,115.500000,116.980003,116.621803,198200
2021-01-20,116.980003,120.139999,116.540001,119.559998,119.193893,235600
2021-01-21,119.919998,121.559998,118.260002,119.989998,119.622581,226800
2021-01-22,118.519997,120.389999,117.690002,120.300003,119.931625,232300
2021-01-25,119.459999,121.260002,117.169998,118.040001,117.678551,310800
2021-01-26,119.269997,120.010002,116.650002,119.320000,118.954628,358000
2021-01-27,116.779999,119.080002,113.879997,114.970001,114.617950,412900
2021-01-28,110.019997,115.300003,106.150002,113.839996,113.491409,635000
2021-01-29,113.430000,113.430000,109.489998,111.900002,111.557350,392900
2021-02-01,112.870003,112.870003,108.440002,112.019997,111.676979,405800
2021-02-02,114.180000,115.540001,112.650002,113.639999,113.292023,183000
2021-02-03,112.930000,114.750000,111.360001,113.800003,113.451530,136600
2021-02-04,113.660004,116.910004,113.290001,115.660004,115.305840,154400
2021-02-05,117.169998,118.860001,112.949997,113.580002,113.232208,302900
2021-02-08,114.080002,115.980003,113.849998,115.120003,114.767494,154200
2021-02-09,115.190002,116.970001,114.519997,116.750000,116.392502,136400
2021-02-10,117.529999,119.440002,117.529999,118.959999,118.595726,351700
2021-02-11,119.620003,123.389999,118.500000,123.169998,122.792839,338700
2021-02-12,122.870003,124.309998,121.230003,122.839996,122.463844,163500
2021-02-16,123.360001,123.360001,119.790001,120.690002,120.320435,217200
2021-02-17,119.629997,122.320000,118.940002,120.900002,120.529793,205900
2021-02-18,120.099998,121.239998,117.820000,120.150002,119.782089,144000
2021-02-19,120.400002,123.489998,119.500000,121.440002,121.068146,173400
2021-02-22,120.419998,124.680000,119.449997,123.480003,123.101898,185700
2021-02-23,123.000000,125.879997,121.830002,124.839996,124.457726,351000
2021-02-24,125.190002,129.179993,125.190002,126.379997,125.993011,412300
2021-02-25,125.610001,126.459999,121.680000,122.459999,122.085014,189000
2021-02-26,123.300003,124.910004,119.750000,123.059998,122.683174,321600
2021-03-01,124.400002,126.589996,121.989998,122.550003,122.174744,290400
2021-03-02,122.019997,123.000000,120.519997,122.419998,122.045135,148100
2021-03-03,115.000000,124.989998,115.000000,122.660004,122.284409,251600
2021-03-04,122.610001,124.720001,117.059998,118.449997,118.087288,454800
2021-03-05,119.820000,123.849998,117.980003,123.720001,123.341156,309900
2021-03-08,124.129997,124.559998,122.180000,123.010002,122.633331,217200
2021-03-09,124.250000,125.500000,122.599998,123.379997,123.002197,181600
2021-03-10,123.599998,124.980003,122.410004,123.800003,123.420914,165800
2021-03-11,125.000000,126.580002,123.599998,124.650002,124.268311,163700
2021-03-12,124.279999,125.180000,122.900002,124.709999,124.527931,156500
2021-03-15,124.419998,126.360001,123.550003,126.209999,126.025742,145200
2021-03-16,126.940002,126.940002,123.050003,125.269997,125.087105,220600
2021-03-17,124.910004,126.610001,123.330002,125.879997,125.696220,379300
2021-03-18,125.160004,126.220001,121.220001,122.900002,122.720573,237500
2021-03-19,123.269997,126.830002,122.150002,125.540001,125.356720,395400
2021-03-22,125.349998,126.480003,124.629997,125.400002,125.216927,200800
2021-03-23,124.309998,125.599998,120.739998,122.180000,122.001625,258100
2021-03-24,123.110001,123.860001,120.870003,120.870003,120.693535,252300
2021-03-25,119.769997,126.500000,118.629997,125.610001,125.426613,273700
2021-03-26,127.000000,129.380005,126.010002,129.220001,129.031342,243200
2021-03-29,128.369995,131.020004,126.459999,127.730003,127.543526,268800
2021-03-30,127.029999,130.600006,126.949997,130.059998,129.870117,223700
2021-03-31,130.960007,133.339996,130.020004,130.589996,130.399338,481300
2021-04-01,130.789993,131.039993,127.110001,129.529999,129.340897,252900
2021-04-05,130.889999,131.240005,128.210007,131.160004,130.968521,436100
2021-04-06,131.029999,133.059998,130.869995,131.919998,131.727402,152600
2021-04-07,133.199997,134.070007,131.929993,133.940002,133.744461,208100
2021-04-08,134.979996,136.300003,133.289993,135.679993,135.481903,457500
2021-04-09,136.000000,136.190002,133.539993,134.089996,133.894226,187700
2021-04-12,133.279999,135.750000,132.479996,134.429993,134.233734,291000
2021-04-13,133.800003,134.559998,131.610001,131.889999,131.697449,304100
2021-04-14,132.009995,134.279999,129.860001,130.449997,130.259552,354400
2021-04-15,131.139999,131.630005,129.320007,131.289993,131.098312,374900
2021-04-16,132.529999,133.460007,128.399994,130.210007,130.019913,313000
2021-04-19,129.800003,130.279999,128.429993,129.919998,129.730316,218700
2021-04-20,129.919998,130.029999,126.730003,128.080002,127.893013,264100
2021-04-21,128.690002,132.690002,128.690002,131.690002,131.497742,192800
2021-04-22,131.830002,134.699997,131.300003,132.809998,132.616104,172800
2021-04-23,133.139999,134.839996,132.889999,132.990005,132.795853,344300
2021-04-26,134.110001,135.550003,132.449997,134.360001,134.163834,386800
2021-04-27,133.839996,136.550003,132.729996,135.639999,135.441971,366300
2021-04-28,135.639999,140.240005,135.309998,136.440002,136.240799,436000
2021-04-29,143.169998,146.949997,139.860001,142.110001,141.902527,832300
2021-04-30,140.330002,143.630005,139.570007,140.949997,140.744217,306600
2021-05-03,141.690002,145.850006,141.660004,145.089996,144.878174,369600
2021-05-04,144.600006,145.669998,142.220001,144.850006,144.638535,276900
2021-05-05,144.440002,145.589996,140.449997,141.399994,141.193558,630200
2021-05-06,141.059998,142.529999,138.110001,142.520004,142.311935,211000
2021-05-07,142.490005,144.210007,142.220001,143.649994,143.440277,237500
2021-05-10,143.490005,146.460007,142.300003,143.240005,143.030884,342600
2021-05-11,141.250000,143.250000,139.910004,141.539993,141.333344,307400
2021-05-12,140.149994,140.830002,136.919998,137.050003,136.849915,329400
2021-05-13,137.440002,142.000000,137.279999,140.729996,140.524536,246300
2021-05-14,141.190002,143.330002,138.669998,142.119995,141.912506,222400
2021-05-17,140.979996,143.050003,140.539993,142.449997,142.242020,278700
2021-05-18,142.350006,142.740005,139.070007,139.169998,138.966812,282500
2021-05-19,137.410004,140.070007,136.389999,140.059998,139.855515,253000
2021-05-20,139.740005,141.270004,138.080002,139.039993,138.837006,152400
2021-05-21,139.639999,142.509995,138.820007,138.850006,138.647293,169500
2021-05-24,139.149994,140.880005,138.160004,138.389999,138.187958,193000
2021-05-25,139.539993,140.470001,138.089996,138.350006,138.148026,119300
2021-05-26,136.440002,137.889999,136.250000,137.559998,137.359161,158900
2021-05-27,138.410004,138.410004,136.529999,136.529999,136.330673,131700
2021-05-28,137.169998,139.139999,137.169998,137.690002,137.488983,100900
2021-06-01,138.139999,140.539993,136.929993,138.449997,138.247864,221800
2021-06-02,138.210007,138.470001,132.589996,133.179993,132.985550,507500
2021-06-03,132.419998,134.020004,130.649994,133.330002,133.135345,261600
2021-06-04,133.860001,135.960007,133.860001,134.839996,134.643143,142900
2021-06-07,134.899994,136.289993,132.289993,132.630005,132.436371,244100
2021-06-08,133.059998,134.990005,132.009995,134.149994,133.954147,154400
2021-06-09,134.380005,135.130005,133.009995,133.600006,133.404953,131500
2021-06-10,133.720001,136.919998,133.440002,136.250000,136.051086,172000
2021-06-11,136.429993,137.250000,136.300003,136.990005,136.790009,105500
2021-06-14,136.869995,137.039993,135.990005,136.979996,136.979996,124200
2021-06-15,137.039993,138.100006,136.080002,136.779999,136.779999,342900
2021-06-16,136.750000,137.770004,135.369995,136.990005,136.990005,316500
2021-06-17,136.710007,138.750000,136.399994,138.279999,138.279999,157200
2021-06-18,137.690002,137.899994,135.360001,135.410004,135.410004,224300
2021-06-21,136.000000,139.449997,135.029999,138.270004,138.270004,151800
2021-06-22,140.009995,141.559998,137.380005,141.130005,141.130005,185700
2021-06-23,141.240005,144.500000,140.419998,142.050003,142.050003,225300
2021-06-24,142.619995,143.690002,140.750000,141.240005,141.240005,272600
2021-06-25,142.070007,143.589996,139.970001,140.990005,140.990005,361600
2021-06-28,140.759995,141.029999,137.979996,139.360001,139.360001,199600
2021-06-29,139.759995,140.660004,136.250000,137.119995,137.119995,214100
2021-06-30,137.050003,137.809998,135.679993,137.429993,137.429993,133900
2021-07-01,137.970001,140.179993,136.750000,138.759995,138.759995,192500
2021-07-02,139.800003,139.800003,138.119995,138.869995,138.869995,132000
2021-07-06,138.509995,138.509995,135.149994,137.800003,137.800003,166700
2021-07-07,137.410004,139.050003,135.919998,138.669998,138.669998,94900
2021-07-08,136.660004,137.929993,135.100006,136.389999,136.389999,146600
2021-07-09,137.580002,137.990005,135.309998,135.500000,135.500000,162000
2021-07-12,134.580002,138.570007,133.750000,137.190002,137.190002,123300
2021-07-13,137.729996,137.729996,132.380005,132.860001,132.860001,188400
2021-07-14,133.490005,133.490005,130.470001,132.029999,132.029999,355100
2021-07-15,132.080002,132.080002,126.080002,128.339996,128.339996,311400
2021-07-16,129.869995,131.149994,128.559998,129.139999,129.139999,182900
2021-07-19,127.389999,128.539993,124.720001,126.610001,126.610001,210500
2021-07-20,127.349998,132.509995,126.769997,131.410004,131.410004,320900
2021-07-21,133.009995,134.490005,131.619995,134.389999,134.389999,204100
2021-07-22,133.070007,134.179993,131.570007,133.300003,133.300003,236100
2021-07-23,134.210007,134.410004,131.889999,133.770004,133.770004,182700
2021-07-26,134.399994,134.619995,132.220001,134.250000,134.250000,177000
2021-07-27,133.050003,137.380005,133.050003,136.330002,136.330002,283500
2021-07-28,136.880005,140.100006,135.919998,139.119995,139.119995,301400
2021-07-29,134.630005,139.759995,131.039993,138.050003,138.050003,529400
2021-07-30,138.460007,140.070007,137.449997,137.940002,137.940002,163700
2021-08-02,137.949997,138.880005,135.630005,136.009995,136.009995,172400
2021-08-03,136.130005,137.050003,133.369995,133.869995,133.869995,252500
2021-08-04,132.320007,134.169998,127.910004,128.059998,128.059998,246000
2021-08-05,128.000000,128.220001,125.919998,126.610001,126.610001,209300
2021-08-06,127.519997,129.789993,125.620003,129.020004,129.020004,185100
2021-08-09,129.270004,129.270004,125.680000,126.330002,126.330002,309200
2021-08-10,126.300003,126.300003,123.580002,124.089996,124.089996,474400
2021-08-11,125.110001,125.879997,122.760002,125.870003,125.870003,175300
2021-08-12,126.580002,126.860001,123.099998,123.529999,123.529999,178500
2021-08-13,123.110001,124.559998,121.720001,123.470001,123.470001,147700
2021-08-16,123.440002,127.019997,122.620003,126.190002,126.190002,189600
2021-08-17,124.639999,126.660004,124.339996,126.419998,126.419998,347700
2021-08-18,126.629997,126.629997,124.220001,125.290001,125.290001,165100
2021-08-19,124.709999,127.519997,124.470001,127.050003,127.050003,217500
2021-08-20,127.540001,129.380005,126.690002,127.669998,127.669998,191300
2021-08-23,128.779999,130.000000,127.129997,129.259995,129.259995,161200
2021-08-24,130.000000,132.460007,129.850006,132.399994,132.399994,323500
2021-08-25,132.759995,134.259995,132.050003,133.830002,133.830002,202700
2021-08-26,133.279999,133.509995,130.529999,132.039993,132.039993,146500
2021-08-27,132.750000,135.149994,132.750000,134.449997,134.449997,171900
2021-08-30,135.020004,135.020004,132.419998,132.479996,132.479996,125300