Date,Open,High,Low,Close,Adj Close,Volume
2021-01-04,22.410000,22.410000,21.469999,21.660000,21.448805,877500
2021-01-05,21.549999,22.080000,21.549999,21.870001,21.656759,756900
2021-01-06,22.450001,23.570000,22.360001,23.230000,23.003498,1202800
2021-01-07,23.670000,23.670000,23.030001,23.190001,22.963888,1031100
2021-01-08,23.230000,23.230000,22.260000,22.700001,22.478666,993000
2021-01-11,22.360001,22.770000,22.360001,22.480000,22.260811,667200
2021-01-12,22.629999,23.299999,22.629999,23.209999,22.983692,744100
2021-01-13,23.070000,23.370001,22.870001,23.180000,22.953985,587100
2021-01-14,23.350000,23.719999,23.270000,23.530001,23.300575,598000
2021-01-15,23.160000,23.799999,22.959999,23.600000,23.369892,789200
2021-01-19,23.879999,23.930000,23.370001,23.730000,23.498623,760300
2021-01-20,23.650000,23.990000,23.600000,23.840000,23.607552,576100
2021-01-21,23.840000,23.930000,23.280001,23.280001,23.053013,530100
2021-01-22,22.930000,23.340000,22.879999,23.270000,23.043108,544500
2021-01-25,22.920000,23.160000,22.660000,22.850000,22.627205,604800
2021-01-26,23.059999,23.160000,22.620001,22.790001,22.567789,621800
2021-01-27,22.299999,22.580000,21.530001,21.639999,21.429001,1038600
2021-01-28,21.980000,22.580000,21.980000,22.330000,22.112272,694100
2021-01-29,22.200001,22.420000,21.190001,21.209999,21.003193,1239700
2021-02-01,21.360001,21.680000,21.059999,21.590000,21.379488,762100
2021-02-02,21.879999,22.160000,21.639999,21.910000,21.696367,732900
2021-02-03,21.760000,21.950001,21.620001,21.799999,21.587440,510600
2021-02-04,21.820000,22.639999,21.820000,22.629999,22.409348,453300
2021-02-05,22.920000,23.000000,22.270000,23.000000,22.775740,730300
2021-02-08,23.070000,23.549999,23.010000,23.540001,23.310476,628100
2021-02-09,23.410000,23.719999,23.280001,23.559999,23.330280,907800
2021-02-10,23.570000,23.590000,22.530001,23.080000,22.854959,973100
2021-02-11,22.959999,23.559999,22.850000,23.000000,22.775740,765600
2021-02-12,22.860001,23.459999,22.820000,23.030001,22.805450,837500
2021-02-16,23.250000,23.430000,22.969999,22.969999,22.746033,1007600
2021-02-17,22.809999,23.049999,22.610001,22.910000,22.686619,1241000
2021-02-18,22.820000,23.200001,22.750000,23.110001,22.884668,1150800
2021-02-19,23.299999,23.889999,23.299999,23.850000,23.617453,867200
2021-02-22,23.830000,24.680000,23.799999,24.360001,24.122480,1201800
2021-02-23,24.469999,24.660000,23.910000,24.260000,24.023455,983500
2021-02-24,24.420000,25.650000,24.410000,25.610001,25.360292,982000
2021-02-25,25.610001,25.770000,24.280001,24.350000,24.112577,1375700
2021-02-26,24.299999,24.639999,23.870001,24.059999,23.825405,1256300
2021-03-01,24.510000,24.610001,24.270000,24.350000,24.112577,1003600
2021-03-02,24.190001,24.510000,24.190001,24.250000,24.013552,772500
2021-03-03,24.370001,24.809999,24.260000,24.270000,24.033360,1349400
2021-03-04,24.280001,24.530001,23.389999,23.799999,23.567940,1102000
2021-03-05,24.330000,24.540001,23.639999,24.520000,24.280922,1225800
2021-03-08,24.840000,25.740000,24.620001,25.330000,25.083023,1472600
2021-03-09,25.049999,25.650000,24.700001,25.240000,25.112869,997300
2021-03-10,25.330000,26.150000,25.290001,25.900000,25.769547,1250600
2021-03-11,25.730000,26.330000,25.620001,26.160000,26.028236,982600
2021-03-12,26.370001,26.469999,25.920000,26.090000,25.958590,1133500
2021-03-15,25.959999,26.410000,25.719999,26.389999,26.257078,1003800
2021-03-16,26.110001,26.219999,25.580000,25.620001,25.490957,927200
2021-03-17,25.820000,26.080000,25.610001,25.940001,25.809345,1062800
2021-03-18,26.139999,26.639999,25.629999,25.650000,25.520805,1080000
2021-03-19,25.580000,25.809999,25.049999,25.500000,25.371561,3555700
2021-03-22,25.290001,25.410000,24.879999,25.000000,24.874079,1133300
2021-03-23,24.700001,24.920000,23.770000,23.920000,23.799519,1285000
2021-03-24,24.260000,24.700001,23.820000,23.820000,23.700022,1171200
2021-03-25,23.770000,24.860001,23.680000,24.780001,24.655188,998000
2021-03-26,25.080000,25.379999,24.549999,25.000000,24.874079,1080300
2021-03-29,24.610001,25.100000,24.370001,24.490000,24.366648,939700
2021-03-30,24.639999,25.230000,24.639999,25.030001,24.903929,812400
2021-03-31,24.540001,24.730000,24.190001,24.290001,24.167656,1196900
2021-04-01,24.270000,24.900000,24.270000,24.889999,24.764633,1158900
2021-04-05,25.200001,25.370001,24.959999,25.150000,25.023323,636700
2021-04-06,25.120001,25.299999,24.940001,25.090000,24.963627,526700
2021-04-07,25.160000,25.330000,25.049999,25.209999,25.083021,550700
2021-04-08,25.090000,25.270000,24.709999,24.980000,24.854179,771800
2021-04-09,25.120001,25.270000,24.959999,25.240000,25.112869,629000
2021-04-12,25.420000,25.559999,25.219999,25.480000,25.351662,878000
2021-04-13,25.290001,25.440001,25.000000,25.120001,24.993475,483000
2021-04-14,25.150000,25.650000,25.139999,25.360001,25.232267,871600
2021-04-15,25.490000,25.490000,25.049999,25.360001,25.232267,567000
2021-04-16,25.670000,25.950001,25.580000,25.670000,25.540705,733100
2021-04-19,25.730000,26.000000,25.639999,25.820000,25.689949,995700
2021-04-20,25.559999,25.610001,24.820000,24.930000,24.804432,807700
2021-04-21,24.930000,25.570000,24.809999,25.510000,25.381510,893100
2021-04-22,25.450001,25.480000,25.080000,25.129999,25.003424,649600
2021-04-23,25.250000,25.709999,25.150000,25.549999,25.421309,816300
2021-04-26,25.730000,26.049999,25.570000,25.610001,25.481007,516200
2021-04-27,25.510000,25.799999,25.510000,25.740000,25.610352,495400
2021-04-28,25.910000,25.990000,25.660000,25.860001,25.729748,544300
2021-04-29,26.020000,26.420000,25.660000,26.100000,25.968538,757700
2021-04-30,25.850000,26.059999,25.389999,25.530001,25.401411,886300
2021-05-03,25.940001,26.430000,25.730000,26.030001,25.898891,1141900
2021-05-04,25.860001,26.129999,25.559999,26.049999,25.918789,895200
2021-05-05,26.129999,26.370001,25.809999,26.120001,25.988440,803900
2021-05-06,26.260000,26.910000,25.950001,26.910000,26.774458,851200
2021-05-07,26.450001,26.940001,26.299999,26.879999,26.744610,607600
2021-05-10,27.070000,27.860001,27.000000,27.219999,27.082897,1457900
2021-05-11,26.540001,27.209999,26.360001,26.920000,26.784409,1294400
2021-05-12,27.030001,27.160000,26.290001,26.309999,26.177481,951400
2021-05-13,26.160000,27.389999,26.120001,27.230000,27.092846,1210400
2021-05-14,27.180000,27.480000,27.100000,27.450001,27.311739,1285700
2021-05-17,27.350000,27.780001,27.139999,27.780001,27.640078,1012200
2021-05-18,27.680000,27.889999,27.430000,27.450001,27.311739,1662100
2021-05-19,27.059999,27.160000,26.459999,27.090000,26.953552,861000
2021-05-20,26.910000,27.190001,26.590000,26.860001,26.724710,804200
2021-05-21,27.059999,27.330000,26.900000,26.959999,26.824205,699100
2021-05-24,27.040001,27.139999,26.809999,26.910000,26.774458,487000
2021-05-25,27.020000,27.100000,26.110001,26.139999,26.008337,730700
2021-05-26,26.139999,26.459999,25.950001,26.360001,26.227230,687700
2021-05-27,26.770000,26.980000,26.520000,26.639999,26.505817,1150000
2021-05-28,26.840000,26.840000,26.280001,26.559999,26.426222,644500
2021-06-01,26.900000,26.980000,26.559999,26.730000,26.595366,1010700
2021-06-02,26.930000,26.930000,26.230000,26.400000,26.267027,1607200
2021-06-03,26.250000,26.420000,26.030001,26.230000,26.097883,778000
2021-06-04,26.240000,26.280001,25.910000,26.120001,25.988440,592600
2021-06-07,26.150000,26.309999,26.070000,26.139999,26.008337,704000
2021-06-08,25.969999,26.080000,25.580000,25.809999,25.679998,862700
2021-06-09,25.500000,25.709999,25.209999,25.230000,25.230000,814600
2021-06-10,25.570000,25.639999,24.690001,24.719999,24.719999,1257200
2021-06-11,24.760000,25.030001,24.690001,24.770000,24.770000,836100
2021-06-14,24.670000,24.980000,24.209999,24.410000,24.410000,939200
2021-06-15,24.459999,24.990000,24.410000,24.750000,24.750000,1769300
2021-06-16,24.590000,24.870001,24.410000,24.750000,24.750000,1416100
2021-06-17,24.870001,24.879999,23.389999,23.530001,23.530001,1188700
2021-06-18,23.110001,23.299999,22.559999,22.590000,22.590000,3186300
2021-06-21,22.879999,23.389999,22.870001,23.260000,23.260000,833000
2021-06-22,23.160000,23.400000,22.920000,23.299999,23.299999,1062400
2021-06-23,23.320000,23.520000,23.250000,23.360001,23.360001,909800
2021-06-24,23.420000,23.680000,23.280001,23.620001,23.620001,868400
2021-06-25,23.730000,24.180000,23.670000,23.889999,23.889999,2743000
2021-06-28,23.799999,23.820000,23.379999,23.629999,23.629999,885600
2021-06-29,23.879999,24.000000,23.400000,23.420000,23.420000,734500
2021-06-30,23.340000,23.719999,23.340000,23.620001,23.620001,971100
2021-07-01,23.850000,23.920000,23.620001,23.809999,23.809999,1056100
2021-07-02,23.840000,23.879999,23.670000,23.740000,23.740000,617000
2021-07-06,23.760000,23.790001,23.180000,23.350000,23.350000,1693900
2021-07-07,23.150000,23.620001,23.090000,23.520000,23.520000,1205100
2021-07-08,22.910000,22.990000,22.410000,22.520000,22.520000,1311100
2021-07-09,23.040001,23.520000,23.020000,23.450001,23.450001,727200
2021-07-12,23.150000,23.719999,23.049999,23.700001,23.700001,631700
2021-07-13,23.540001,23.690001,23.180000,23.280001,23.280001,886000
2021-07-14,23.410000,23.690001,23.010000,23.080000,23.080000,674900
2021-07-15,22.780001,23.350000,22.780001,23.160000,23.160000,836000
2021-07-16,23.410000,23.450001,22.809999,22.860001,22.860001,721600
2021-07-19,22.250000,22.370001,21.879999,22.110001,22.110001,922700
2021-07-20,22.190001,23.000000,22.080000,22.719999,22.719999,1281700
2021-07-21,23.100000,23.540001,22.920000,23.020000,23.020000,732000
2021-07-22,22.959999,22.959999,22.510000,22.610001,22.610001,617100
2021-07-23,22.910000,23.040001,22.629999,22.709999,22.709999,486700
2021-07-26,22.840000,23.160000,22.799999,23.010000,23.010000,433600
2021-07-27,22.690001,23.049999,22.610001,22.820000,22.820000,637900
2021-07-28,22.920000,23.110001,22.459999,22.840000,22.840000,705500
2021-07-29,23.180000,23.709999,22.740000,22.959999,22.959999,1102200
2021-07-30,22.959999,23.299999,22.780001,22.840000,22.840000,780400
2021-08-02,22.920000,23.440001,22.559999,22.590000,22.590000,647800
2021-08-03,22.809999,23.010000,22.270000,22.799999,22.799999,556800
2021-08-04,22.440001,22.770000,22.250000,22.309999,22.309999,717200
2021-08-05,22.549999,22.850000,22.510000,22.809999,22.809999,831400
2021-08-06,23.219999,23.530001,23.100000,23.110001,23.110001,952800
2021-08-09,23.020000,23.209999,22.730000,23.000000,23.000000,575400
2021-08-10,22.930000,23.490000,22.870001,23.360001,23.360001,607100
2021-08-11,23.340000,23.900000,23.180000,23.879999,23.879999,670800
2021-08-12,24.000000,24.010000,23.590000,23.690001,23.690001,694100
2021-08-13,23.650000,23.820000,23.559999,23.670000,23.670000,585900
2021-08-16,23.459999,23.799999,23.309999,23.520000,23.520000,600600
2021-08-17,23.180000,23.570000,23.150000,23.530001,23.530001,743000
2021-08-18,23.469999,23.799999,23.370001,23.450001,23.450001,803400
2021-08-19,23.219999,23.639999,23.049999,23.219999,23.219999,770000
2021-08-20,23.059999,23.790001,23.059999,23.740000,23.740000,824300
2021-08-23,23.940001,24.100000,23.799999,23.990000,23.990000,678300
2021-08-24,24.090000,24.490000,24.030001,24.410000,24.410000,677300
2021-08-25,24.510000,24.910000,24.270000,24.549999,24.549999,680400
2021-08-26,24.620001,24.730000,24.260000,24.260000,24.260000,571300
2021-08-27,24.340000,24.860001,24.340000,24.809999,24.809999,722000
2021-08-30,24.860001,24.860001,24.440001,24.559999,24.559999,794400