Date,Open,High,Low,Close,Adj Close,Volume
2021-01-04,101.459999,102.599998,96.782997,101.779999,101.779999,686000
2021-01-05,100.800003,106.510002,100.400002,104.910004,104.910004,405100
2021-01-06,104.010002,105.139999,101.050003,104.089996,104.089996,586300
2021-01-07,107.190002,113.889999,105.910004,112.480003,112.480003,575000
2021-01-08,111.000000,114.230003,101.389999,102.739998,102.739998,1016700
2021-01-11,99.019997,101.272003,95.230003,98.639999,98.639999,1065300
2021-01-12,101.519997,106.750000,100.279999,104.800003,104.800003,692500
2021-01-13,107.471001,107.471001,101.120003,101.529999,101.529999,590700
2021-01-14,104.320000,115.139999,104.230003,113.980003,113.980003,1135600
2021-01-15,114.459999,120.860001,113.809998,120.250000,120.250000,1056400
2021-01-19,124.403999,126.120003,114.470001,119.050003,119.050003,782800
2021-01-20,121.230003,124.704002,117.059998,118.730003,118.730003,506700
2021-01-21,120.000000,121.529999,115.760002,121.349998,121.349998,576800
2021-01-22,118.230003,125.139999,118.000000,124.709999,124.709999,416600
2021-01-25,126.360001,129.089996,116.220001,119.169998,119.169998,677200
2021-01-26,119.400002,120.720001,116.519997,119.000000,119.000000,661100
2021-01-27,114.720001,120.000000,111.500000,113.980003,113.980003,832300
2021-01-28,114.860001,121.120003,114.000000,117.790001,117.790001,730500
2021-01-29,117.089996,120.449997,111.629997,111.910004,111.910004,709900
2021-02-01,114.360001,117.709999,113.379997,115.849998,115.849998,368600
2021-02-02,118.230003,118.730003,113.000000,117.940002,117.940002,458900
2021-02-03,118.180000,120.000000,115.139999,116.160004,116.160004,748600
2021-02-04,117.269997,119.230003,114.879997,118.690002,118.690002,712500
2021-02-05,118.910004,125.720001,118.230003,125.669998,125.669998,791100
2021-02-08,126.440002,131.800003,111.650002,120.760002,120.760002,1904200
2021-02-09,120.000000,125.309998,119.589996,120.879997,120.879997,782000
2021-02-10,122.489998,130.970001,121.209999,127.120003,127.120003,924200
2021-02-11,129.470001,130.399994,123.449997,129.160004,129.160004,633300
2021-02-12,129.160004,133.919998,124.870003,133.429993,133.429993,632500
2021-02-16,136.270004,139.000000,121.519997,124.949997,124.949997,1113300
2021-02-17,122.349998,127.269997,120.580002,124.760002,124.760002,547000
2021-02-18,120.500000,124.750000,118.800003,122.970001,122.970001,437500
2021-02-19,129.421005,130.149994,124.500000,127.820000,127.820000,449100
2021-02-22,125.690002,126.779999,117.099998,117.860001,117.860001,776200
2021-02-23,109.629997,115.529999,99.010002,114.349998,114.349998,1130300
2021-02-24,115.529999,115.529999,107.639999,111.120003,111.120003,578200
2021-02-25,110.480003,111.724998,103.510002,105.440002,105.440002,629000
2021-02-26,106.050003,113.980003,104.459999,111.220001,111.220001,601800
2021-03-01,115.419998,120.949997,114.724998,117.720001,117.720001,623300
2021-03-02,118.169998,119.209999,111.110001,112.260002,112.260002,550700
2021-03-03,112.199997,112.469002,102.080002,103.059998,103.059998,555400
2021-03-04,101.480003,104.980003,90.230003,93.550003,93.550003,1340300
2021-03-05,95.239998,95.440002,83.029999,90.739998,90.739998,1308200
2021-03-08,90.089996,92.830002,84.470001,85.290001,85.290001,625300
2021-03-09,89.617996,98.050003,89.050003,95.330002,95.330002,843900
2021-03-10,100.000000,104.644997,98.019997,101.669998,101.669998,687700
2021-03-11,109.150002,113.660004,104.500000,112.610001,112.610001,856500
2021-03-12,107.059998,112.800003,106.919998,112.339996,112.339996,447000
2021-03-15,111.230003,115.010002,110.809998,112.245003,112.245003,496000
2021-03-16,113.000000,113.809998,106.000000,109.349998,109.349998,414300
2021-03-17,105.150002,110.889999,102.860001,109.320000,109.320000,378600
2021-03-18,106.290001,107.239998,100.370003,101.089996,101.089996,359800
2021-03-19,99.919998,105.580002,98.730003,102.589996,102.589996,730200
2021-03-22,103.250000,106.800003,100.355003,105.430000,105.430000,321900
2021-03-23,104.400002,106.260002,98.790001,99.800003,99.800003,322500
2021-03-24,100.550003,101.599998,90.830002,91.239998,91.239998,492700
2021-03-25,87.750000,93.029999,85.610001,92.580002,92.580002,478300
2021-03-26,93.129997,94.989998,83.760002,89.025002,89.025002,749300
2021-03-29,87.614998,88.000000,81.330002,84.139999,84.139999,770400
2021-03-30,83.599998,86.459999,80.800003,85.449997,85.449997,540000
2021-03-31,87.029999,91.070000,86.279999,89.580002,89.580002,659400
2021-04-01,92.459999,96.888000,91.415001,93.339996,93.339996,449500
2021-04-05,97.550003,97.550003,91.860001,94.660004,94.660004,549100
2021-04-06,93.750000,99.709999,93.709999,96.940002,96.940002,368500
2021-04-07,99.290001,99.290001,93.550003,94.330002,94.330002,367200
2021-04-08,94.589996,95.199997,92.239998,94.169998,94.169998,335800
2021-04-09,93.000000,93.440002,90.800003,92.699997,92.699997,382600
2021-04-12,95.059998,99.139999,92.120003,96.510002,96.510002,752600
2021-04-13,95.910004,98.190002,92.730003,94.260002,94.260002,277400
2021-04-14,94.870003,98.616997,93.910004,95.930000,95.930000,265200
2021-04-15,97.160004,98.500000,94.379997,98.360001,98.360001,257000
2021-04-16,98.959999,101.875000,97.639999,99.489998,99.489998,503400
2021-04-19,97.510002,100.220001,89.150002,91.169998,91.169998,461200
2021-04-20,90.339996,91.959000,88.254997,89.800003,89.800003,379000
2021-04-21,89.059998,91.860001,86.199997,91.239998,91.239998,433800
2021-04-22,91.769997,97.305000,89.050003,93.059998,93.059998,461200
2021-04-23,93.059998,93.320000,89.769997,90.980003,90.980003,504500
2021-04-26,92.139999,99.760002,92.139999,99.099998,99.099998,538300
2021-04-27,99.250000,99.970001,96.820000,98.639999,98.639999,323800
2021-04-28,97.459999,98.750000,95.360001,98.040001,98.040001,273500
2021-04-29,98.250000,98.500000,94.504997,97.010002,97.010002,329600
2021-04-30,96.000000,97.739998,94.650002,96.410004,96.410004,389500
2021-05-03,96.709999,97.070000,94.125000,96.120003,96.120003,365100
2021-05-04,94.459999,96.489998,89.199997,92.680000,92.680000,513700
2021-05-05,93.529999,95.120003,92.120003,93.250000,93.250000,391100
2021-05-06,92.269997,93.839996,87.029999,88.769997,88.769997,488900
2021-05-07,89.220001,92.910004,89.029999,89.419998,89.419998,355500
2021-05-10,88.877998,90.730003,84.260002,88.720001,88.720001,567900
2021-05-11,81.220001,87.000000,80.750000,85.580002,85.580002,452400
2021-05-12,83.680000,85.199997,81.260002,81.629997,81.629997,553200
2021-05-13,82.150002,85.000000,79.529999,82.260002,82.260002,392800
2021-05-14,82.970001,86.129997,81.839996,84.699997,84.699997,305100
2021-05-17,83.139999,84.769997,80.910004,83.330002,83.330002,249800
2021-05-18,86.190002,86.599998,84.190002,84.620003,84.620003,426300
2021-05-19,81.599998,84.669998,79.699997,82.879997,82.879997,405100
2021-05-20,83.680000,85.980003,83.000000,85.099998,85.099998,285200
2021-05-21,86.559998,87.169998,83.730003,85.230003,85.230003,218000
2021-05-24,85.730003,89.820000,85.230003,89.410004,89.410004,429000
2021-05-25,90.000000,92.529999,88.849998,90.110001,90.110001,424400
2021-05-26,90.570000,92.080002,89.901001,91.889999,91.889999,325200
2021-05-27,91.849998,96.735001,91.400002,95.290001,95.290001,545200
2021-05-28,95.650002,96.070000,93.199997,95.129997,95.129997,252100
2021-06-01,96.120003,98.320000,95.000000,96.250000,96.250000,265600
2021-06-02,96.660004,100.860001,95.250000,100.339996,100.339996,554600
2021-06-03,98.870003,102.440002,96.000000,101.580002,101.580002,444200
2021-06-04,103.449997,109.489998,102.199997,108.360001,108.360001,871800
2021-06-07,108.070000,115.209999,108.000000,113.459999,113.459999,707800
2021-06-08,114.699997,120.000000,114.650002,119.790001,119.790001,686900
2021-06-09,119.790001,120.000000,115.040001,115.339996,115.339996,434000
2021-06-10,114.559998,117.019997,114.000000,116.129997,116.129997,264700
2021-06-11,116.500000,117.019997,115.349998,116.879997,116.879997,270100
2021-06-14,118.000000,118.500000,114.650002,115.190002,115.190002,261800
2021-06-15,114.699997,114.860001,111.510002,113.839996,113.839996,402500
2021-06-16,113.440002,115.000000,111.686996,114.070000,114.070000,363800
2021-06-17,113.419998,115.370003,112.440002,112.919998,112.919998,300500
2021-06-18,111.610001,113.250000,108.349998,109.139999,109.139999,484500
2021-06-21,108.879997,111.669998,107.059998,111.120003,111.120003,292900
2021-06-22,110.419998,112.309998,109.400002,110.279999,110.279999,464500
2021-06-23,111.209999,111.510002,108.910004,109.480003,109.480003,434300
2021-06-24,111.379997,117.540001,110.010002,114.010002,114.010002,506800
2021-06-25,114.720001,114.720001,110.989998,111.940002,111.940002,1950500
2021-06-28,113.419998,114.830002,110.639999,111.879997,111.879997,242600
2021-06-29,111.690002,111.690002,106.720001,109.089996,109.089996,348700
2021-06-30,108.489998,108.830002,105.610001,106.709999,106.709999,897000
2021-07-01,105.900002,110.139999,104.709999,108.570000,108.570000,381600
2021-07-02,122.059998,127.800003,119.160004,123.739998,123.739998,3623100
2021-07-06,124.500000,126.400002,122.059998,124.320000,124.320000,6789300
2021-07-07,122.500000,123.430000,116.129997,116.720001,116.720001,1198700
2021-07-08,112.480003,116.489998,111.470001,114.410004,114.410004,507000
2021-07-09,116.550003,116.550003,112.589996,114.410004,114.410004,431100
2021-07-12,114.410004,114.820000,112.639999,114.669998,114.669998,355000
2021-07-13,114.849998,115.980003,112.989998,113.070000,113.070000,279200
2021-07-14,114.070000,114.070000,109.239998,109.830002,109.830002,351000
2021-07-15,109.080002,110.639999,106.764999,108.330002,108.330002,288700
2021-07-16,109.279999,109.820000,107.000000,108.220001,108.220001,393000
2021-07-19,105.339996,110.599998,104.010002,108.220001,108.220001,289000
2021-07-20,109.279999,109.989998,106.910004,107.589996,107.589996,381300
2021-07-21,107.790001,109.620003,107.144997,109.000000,109.000000,327100
2021-07-22,109.669998,110.000000,106.010002,106.870003,106.870003,233100
2021-07-23,107.230003,108.379997,105.059998,107.610001,107.610001,221500
2021-07-26,107.989998,109.500000,106.540001,107.959999,107.959999,218500
2021-07-27,107.480003,107.480003,101.500000,105.440002,105.440002,371400
2021-07-28,105.839996,108.760002,105.430000,107.139999,107.139999,270700
2021-07-29,107.730003,109.420998,106.930000,107.769997,107.769997,187100
2021-07-30,105.930000,108.830002,105.830002,107.510002,107.510002,206100
2021-08-02,108.680000,108.699997,106.459999,106.750000,106.750000,243300
2021-08-03,106.750000,106.760002,102.610001,106.720001,106.720001,268200
2021-08-04,105.779999,107.500000,104.800003,106.209999,106.209999,185900
2021-08-05,106.339996,113.919998,105.699997,112.580002,112.580002,451900
2021-08-06,112.580002,112.991997,103.000000,105.459999,105.459999,820600
2021-08-09,107.980003,119.010002,107.580002,114.550003,114.550003,781800
2021-08-10,115.930000,125.730003,115.930000,119.089996,119.089996,890700
2021-08-11,118.879997,120.832001,116.589996,119.940002,119.940002,387100
2021-08-12,120.000000,121.800003,117.879997,119.360001,119.360001,292300
2021-08-13,118.879997,118.879997,115.400002,116.000000,116.000000,167800
2021-08-16,115.000000,116.379997,112.552002,113.459999,113.459999,194900
2021-08-17,111.830002,113.599998,109.220001,112.029999,112.029999,280500
2021-08-18,111.639999,114.709999,111.080002,111.559998,111.559998,918500
2021-08-19,109.709999,111.129997,106.739998,108.720001,108.720001,473800
2021-08-20,108.260002,110.000000,105.970001,108.809998,108.809998,386700
2021-08-23,109.529999,113.379997,109.195999,112.849998,112.849998,221000
2021-08-24,113.650002,115.504997,112.760002,115.260002,115.260002,193200
2021-08-25,115.160004,115.809998,109.720001,109.730003,109.730003,313900
2021-08-26,109.449997,110.610001,105.250000,105.559998,105.559998,431100
2021-08-27,106.500000,113.870003,105.570000,113.050003,113.050003,356200
2021-08-30,112.879997,113.525002,111.540001,112.010002,112.010002,222000