Date,Open,High,Low,Close,Adj Close,Volume
2021-01-04,63.150002,63.349998,60.669998,61.560001,61.560001,1347200
2021-01-05,61.180000,64.860001,61.180000,64.209999,64.209999,917500
2021-01-06,64.820000,67.839996,63.389999,67.620003,67.620003,1280800
2021-01-07,68.489998,70.410004,66.750000,67.180000,67.180000,965700
2021-01-08,67.800003,68.580002,65.949997,66.779999,66.779999,995100
2021-01-11,73.599998,76.379997,70.870003,74.970001,74.970001,3417900
2021-01-12,75.550003,77.900002,74.489998,77.650002,77.650002,1208100
2021-01-13,77.980003,78.680000,75.820000,76.360001,76.360001,818700
2021-01-14,77.269997,78.680000,75.800003,76.010002,76.010002,772600
2021-01-15,76.010002,76.209999,73.669998,75.190002,75.190002,790500
2021-01-19,75.910004,77.110001,74.410004,76.120003,76.120003,773800
2021-01-20,76.919998,78.339996,75.760002,76.269997,76.269997,662100
2021-01-21,76.760002,77.570000,73.150002,73.739998,73.739998,964100
2021-01-22,73.480003,75.430000,72.519997,73.339996,73.339996,989100
2021-01-25,73.180000,74.750000,71.050003,73.910004,73.910004,1102500
2021-01-26,74.559998,74.690002,71.800003,72.239998,72.239998,819000
2021-01-27,70.430000,70.430000,65.370003,65.800003,65.800003,2100100
2021-01-28,67.230003,70.809998,66.699997,70.370003,70.370003,1414100
2021-01-29,70.139999,72.070000,68.500000,70.019997,70.019997,1264100
2021-02-01,71.000000,72.980003,68.580002,72.769997,72.769997,836800
2021-02-02,73.720001,76.089996,73.320000,75.459999,75.459999,1424900
2021-02-03,75.889999,77.120003,73.949997,74.930000,74.930000,736700
2021-02-04,75.300003,76.800003,74.169998,75.040001,75.040001,615000
2021-02-05,75.720001,77.160004,74.809998,75.519997,75.519997,1062400
2021-02-08,76.959999,78.470001,76.349998,77.809998,77.809998,870000
2021-02-09,77.480003,81.070000,77.250000,79.879997,79.879997,900700
2021-02-10,81.360001,81.610001,76.809998,78.730003,78.730003,682300
2021-02-11,79.360001,79.910004,77.529999,79.480003,79.480003,653800
2021-02-12,79.220001,81.839996,78.720001,81.709999,81.709999,496000
2021-02-16,82.459999,83.199997,79.419998,81.239998,81.239998,773500
2021-02-17,80.830002,80.940002,77.360001,80.040001,80.040001,860200
2021-02-18,79.529999,80.660004,76.709999,79.900002,79.900002,870200
2021-02-19,81.050003,84.089996,81.000000,82.370003,82.370003,783000
2021-02-22,82.320000,83.980003,81.519997,83.139999,83.139999,1257300
2021-02-23,78.040001,82.029999,76.000000,80.010002,80.010002,2047600
2021-02-24,80.750000,81.129997,76.739998,77.739998,77.739998,1370200
2021-02-25,77.110001,78.650002,73.959999,75.559998,75.559998,1431400
2021-02-26,76.000000,78.080002,74.339996,76.720001,76.720001,906200
2021-03-01,78.540001,81.580002,77.830002,80.529999,80.529999,1055800
2021-03-02,80.389999,81.980003,78.239998,78.269997,78.269997,645100
2021-03-03,79.470001,79.739998,76.309998,77.610001,77.610001,740200
2021-03-04,76.809998,77.750000,73.500000,75.160004,75.160004,1528400
2021-03-05,76.349998,76.370003,70.339996,75.300003,75.300003,1239300
2021-03-08,75.410004,78.529999,74.760002,75.440002,75.440002,874800
2021-03-09,76.699997,78.129997,76.099998,76.820000,76.820000,907700
2021-03-10,78.000000,80.910004,76.889999,77.690002,77.690002,924200
2021-03-11,78.739998,82.820000,77.800003,82.559998,82.559998,1376200
2021-03-12,81.309998,83.589996,80.730003,81.629997,81.629997,933600
2021-03-15,82.000000,86.400002,81.629997,84.800003,84.800003,1057800
2021-03-16,84.790001,84.790001,81.330002,81.599998,81.599998,780700
2021-03-17,81.260002,81.809998,79.040001,81.660004,81.660004,971100
2021-03-18,80.570000,81.779999,77.400002,77.870003,77.870003,913900
2021-03-19,77.629997,78.019997,75.120003,77.209999,77.209999,2126600
2021-03-22,77.879997,79.800003,76.699997,79.029999,79.029999,927900
2021-03-23,78.690002,80.589996,74.599998,75.139999,75.139999,1431900
2021-03-24,77.419998,78.059998,73.129997,73.250000,73.250000,1170700
2021-03-25,72.000000,78.300003,70.370003,77.739998,77.739998,1659800
2021-03-26,78.500000,80.589996,77.169998,80.550003,80.550003,751800
2021-03-29,80.300003,81.430000,73.699997,74.870003,74.870003,1184800
2021-03-30,74.769997,78.269997,74.129997,77.690002,77.690002,847800
2021-03-31,77.559998,80.839996,77.040001,80.449997,80.449997,948300
2021-04-01,81.099998,82.430000,79.089996,79.559998,79.559998,954900
2021-04-05,81.070000,81.300003,78.260002,80.120003,80.120003,703800
2021-04-06,81.889999,83.290001,81.139999,82.169998,82.169998,1028300
2021-04-07,82.150002,84.779999,81.239998,81.730003,81.730003,1333700
2021-04-08,82.320000,82.620003,79.709999,81.080002,81.080002,707400
2021-04-09,80.709999,81.610001,79.820000,81.489998,81.489998,521200
2021-04-12,82.290001,83.199997,80.269997,82.699997,82.699997,753900
2021-04-13,82.470001,82.540001,77.739998,78.900002,78.900002,1236300
2021-04-14,79.080002,81.570000,78.839996,80.290001,80.290001,891000
2021-04-15,80.750000,80.849998,78.089996,78.400002,78.400002,881000
2021-04-16,79.620003,80.370003,78.930000,79.040001,79.040001,710300
2021-04-19,78.760002,79.599998,76.820000,77.879997,77.879997,1117900
2021-04-20,78.050003,78.050003,73.559998,75.070000,75.070000,1239600
2021-04-21,74.860001,78.220001,74.250000,77.980003,77.980003,868100
2021-04-22,78.099998,82.300003,78.099998,81.250000,81.250000,1406800
2021-04-23,81.830002,84.430000,81.699997,84.150002,84.150002,1301800
2021-04-26,84.889999,85.769997,84.010002,84.839996,84.839996,1807800
2021-04-27,94.699997,101.000000,92.129997,97.820000,97.820000,9372700
2021-04-28,98.940002,102.849998,95.910004,98.410004,98.410004,3417300
2021-04-29,99.639999,101.900002,96.809998,101.860001,101.860001,1955500
2021-04-30,100.739998,101.830002,99.000000,100.120003,100.120003,1763900
2021-05-03,101.250000,101.410004,98.029999,98.129997,98.129997,1511100
2021-05-04,97.680000,104.000000,97.239998,103.699997,103.699997,2078100
2021-05-05,104.699997,107.750000,103.250000,106.360001,106.360001,1593800
2021-05-06,105.940002,106.620003,104.250000,106.169998,106.169998,1368700
2021-05-07,105.800003,109.389999,105.540001,108.919998,108.919998,1802600
2021-05-10,108.500000,109.910004,103.779999,104.230003,104.230003,1947400
2021-05-11,101.709999,105.489998,101.129997,104.169998,104.169998,1416900
2021-05-12,101.139999,103.860001,97.940002,97.949997,97.949997,1730700
2021-05-13,98.980003,101.820000,97.180000,100.290001,100.290001,1143800
2021-05-14,100.730003,102.629997,99.500000,101.980003,101.980003,709600
2021-05-17,101.900002,103.989998,101.019997,103.879997,103.879997,1097500
2021-05-18,105.279999,105.279999,101.419998,101.790001,101.790001,758400
2021-05-19,99.699997,100.599998,97.559998,98.769997,98.769997,1198800
2021-05-20,99.459999,99.870003,94.919998,98.379997,98.379997,1337900
2021-05-21,99.480003,100.620003,97.459999,98.510002,98.510002,863500
2021-05-24,99.080002,102.900002,98.959999,101.900002,101.900002,769100
2021-05-25,102.080002,105.000000,102.010002,103.510002,103.510002,769400
2021-05-26,103.769997,108.839996,103.250000,107.449997,107.449997,1246500
2021-05-27,102.900002,104.559998,100.669998,101.820000,101.820000,3453400
2021-05-28,102.000000,102.430000,97.629997,101.239998,101.239998,1982900
2021-06-01,99.949997,103.220001,99.010002,103.129997,103.129997,13230800
2021-06-02,103.440002,104.790001,99.970001,100.019997,100.019997,2318000
2021-06-03,99.449997,102.290001,98.730003,101.029999,101.029999,1104300
2021-06-04,102.230003,103.279999,100.180000,103.019997,103.019997,922300
2021-06-07,103.360001,107.160004,103.309998,104.870003,104.870003,1000600
2021-06-08,103.629997,105.889999,102.180000,104.150002,104.150002,809700
2021-06-09,105.070000,108.540001,104.400002,105.180000,105.180000,1357100
2021-06-10,105.330002,105.809998,103.029999,104.540001,104.540001,940100
2021-06-11,105.800003,108.669998,105.050003,108.639999,108.639999,982300
2021-06-14,109.760002,115.370003,109.519997,112.580002,112.580002,2497700
2021-06-15,112.470001,112.989998,109.949997,110.570000,110.570000,1325100
2021-06-16,110.900002,111.959999,107.290001,110.400002,110.400002,1111500
2021-06-17,109.959999,110.620003,105.589996,108.209999,108.209999,1516500
2021-06-18,106.540001,107.940002,103.349998,104.500000,104.500000,1886300
2021-06-21,105.900002,108.580002,105.279999,107.440002,107.440002,1052100
2021-06-22,107.699997,110.849998,105.900002,110.389999,110.389999,900100
2021-06-23,111.400002,112.849998,108.879997,111.250000,111.250000,999300
2021-06-24,112.330002,113.720001,110.760002,113.120003,113.120003,756700
2021-06-25,114.660004,117.430000,113.300003,114.410004,114.410004,2262300
2021-06-28,114.779999,117.309998,114.300003,116.059998,116.059998,877200
2021-06-29,116.489998,117.980003,114.870003,115.650002,115.650002,859200
2021-06-30,115.529999,116.849998,114.739998,116.519997,116.519997,853100
2021-07-01,116.750000,118.680000,116.019997,117.000000,117.000000,1295800
2021-07-02,117.489998,118.059998,116.089996,116.800003,116.800003,596000
2021-07-06,116.940002,117.010002,111.669998,113.629997,113.629997,1228800
2021-07-07,113.500000,114.220001,111.000000,112.809998,112.809998,843200
2021-07-08,109.750000,114.300003,106.199997,113.449997,113.449997,957500
2021-07-09,114.559998,117.379997,114.559998,117.000000,117.000000,672500
2021-07-12,117.000000,117.830002,115.089996,117.610001,117.610001,706200
2021-07-13,117.029999,117.989998,115.389999,117.059998,117.059998,571600
2021-07-14,118.580002,120.919998,116.400002,116.620003,116.620003,752400
2021-07-15,116.970001,117.500000,113.709999,115.720001,115.720001,1266200
2021-07-16,116.690002,116.690002,111.660004,112.260002,112.260002,1026900
2021-07-19,109.470001,114.110001,107.750000,112.559998,112.559998,964800
2021-07-20,113.540001,117.120003,112.180000,116.290001,116.290001,881500
2021-07-21,117.510002,120.330002,117.379997,119.980003,119.980003,1270000
2021-07-22,133.559998,136.500000,125.239998,131.929993,131.929993,5852600
2021-07-23,133.000000,134.479996,129.250000,131.289993,131.289993,1522600
2021-07-26,131.589996,133.199997,129.820007,131.820007,131.820007,995300
2021-07-27,131.309998,131.369995,125.349998,128.690002,128.690002,1098100
2021-07-28,128.869995,131.330002,127.519997,131.250000,131.250000,845200
2021-07-29,134.380005,137.649994,132.050003,136.050003,136.050003,1724600
2021-07-30,135.050003,138.690002,134.369995,135.809998,135.809998,1050700
2021-08-02,137.630005,140.990005,135.820007,136.639999,136.639999,1234500
2021-08-03,137.529999,138.869995,135.240005,137.089996,137.089996,691700
2021-08-04,136.000000,142.580002,136.000000,140.429993,140.429993,902700
2021-08-05,140.860001,144.259995,140.679993,141.910004,141.910004,743300
2021-08-06,142.020004,143.419998,140.360001,140.809998,140.809998,611200
2021-08-09,140.679993,142.550003,138.690002,140.690002,140.690002,710600
2021-08-10,140.500000,145.600006,139.850006,141.309998,141.309998,847700
2021-08-11,140.990005,143.369995,138.869995,142.199997,142.199997,807900
2021-08-12,142.770004,144.820007,140.639999,144.080002,144.080002,883000
2021-08-13,144.029999,146.889999,142.979996,146.589996,146.589996,764000
2021-08-16,145.789993,147.309998,144.080002,146.449997,146.449997,854100
2021-08-17,145.210007,146.190002,137.020004,138.750000,138.750000,1545800
2021-08-18,137.899994,143.039993,137.520004,140.199997,140.199997,935200
2021-08-19,137.000000,139.429993,135.039993,139.169998,139.169998,1059400
2021-08-20,140.559998,142.270004,138.240005,141.929993,141.929993,786200
2021-08-23,143.000000,144.919998,141.770004,142.869995,142.869995,884900
2021-08-24,143.259995,145.979996,143.000000,145.059998,145.059998,611600
2021-08-25,145.520004,146.490005,143.089996,143.809998,143.809998,651000
2021-08-26,143.330002,144.339996,141.539993,143.100006,143.100006,634500
2021-08-27,143.149994,147.699997,143.149994,146.089996,146.089996,831800
2021-08-30,146.259995,147.759995,144.309998,146.399994,146.399994,645700