Date,Open,High,Low,Close,Adj Close,Volume
2021-01-04,44.169998,44.430000,41.459999,42.410000,42.410000,597500
2021-01-05,42.330002,43.410000,42.049999,42.540001,42.540001,323500
2021-01-06,42.380001,43.240002,42.000000,42.930000,42.930000,334800
2021-01-07,43.119999,43.459999,42.930000,43.330002,43.330002,195500
2021-01-08,43.509998,44.009998,42.869999,43.230000,43.230000,280600
2021-01-11,42.799999,43.230000,41.830002,42.080002,42.080002,314100
2021-01-12,42.250000,43.000000,41.700001,42.660000,42.660000,329900
2021-01-13,42.509998,42.950001,41.930000,42.029999,42.029999,293900
2021-01-14,42.330002,42.799999,42.090000,42.730000,42.730000,287000
2021-01-15,42.660000,43.540001,42.529999,43.410000,43.410000,319700
2021-01-19,43.700001,43.820000,42.470001,42.730000,42.730000,239300
2021-01-20,43.220001,43.340000,42.470001,43.220001,43.220001,260100
2021-01-21,43.320000,43.340000,42.639999,42.980000,42.980000,234600
2021-01-22,42.759998,43.410000,42.459999,43.290001,43.290001,406600
2021-01-25,43.310001,43.500000,42.470001,43.410000,43.410000,284400
2021-01-26,43.720001,43.730000,43.009998,43.169998,43.169998,313700
2021-01-27,42.529999,43.250000,41.759998,41.900002,41.900002,571900
2021-01-28,42.230000,42.230000,41.459999,41.740002,41.740002,326500
2021-01-29,41.580002,41.590000,40.650002,40.900002,40.900002,269300
2021-02-01,41.250000,42.610001,40.939999,42.599998,42.599998,323200
2021-02-02,42.750000,43.869999,42.669998,43.639999,43.639999,385200
2021-02-03,43.570000,44.220001,43.189999,44.099998,44.099998,354500
2021-02-04,44.500000,46.320000,44.320000,45.950001,45.950001,526100
2021-02-05,46.049999,46.770000,45.529999,45.869999,45.869999,250300
2021-02-08,45.849998,46.000000,45.049999,45.790001,45.790001,258700
2021-02-09,45.610001,47.250000,45.610001,47.189999,47.189999,592200
2021-02-10,47.020000,47.820000,46.410000,46.939999,46.939999,447800
2021-02-11,46.950001,47.150002,46.110001,46.779999,46.779999,362400
2021-02-12,46.889999,47.520000,46.610001,47.410000,47.410000,278700
2021-02-16,48.000000,48.160000,46.160000,46.259998,46.259998,434700
2021-02-17,53.450001,55.500000,52.150002,55.180000,55.180000,2610900
2021-02-18,54.000000,54.990002,52.250000,52.500000,52.500000,1031800
2021-02-19,52.750000,54.040001,51.230000,51.610001,51.610001,709200
2021-02-22,50.950001,53.730000,50.770000,52.919998,52.919998,584600
2021-02-23,52.240002,53.270000,50.820000,52.849998,52.849998,559100
2021-02-24,52.810001,53.150002,52.009998,52.540001,52.540001,389100
2021-02-25,52.270000,53.110001,51.049999,51.610001,51.610001,460500
2021-02-26,51.730000,51.869999,50.189999,50.520000,50.520000,460200
2021-03-01,51.349998,53.090000,51.119999,52.619999,52.619999,418200
2021-03-02,52.730000,52.730000,51.150002,51.419998,51.419998,400900
2021-03-03,51.180000,51.529999,48.400002,48.849998,48.849998,769200
2021-03-04,49.049999,50.020000,47.459999,47.680000,47.680000,745700
2021-03-05,48.020000,48.119999,45.910000,47.790001,47.790001,400700
2021-03-08,47.380001,48.869999,47.080002,47.500000,47.500000,433900
2021-03-09,48.430000,49.529999,48.020000,48.450001,48.450001,443000
2021-03-10,49.000000,49.740002,48.119999,48.619999,48.619999,300400
2021-03-11,49.099998,50.889999,49.080002,50.529999,50.529999,376600
2021-03-12,50.360001,50.840000,49.660000,50.720001,50.720001,481900
2021-03-15,50.150002,50.310001,46.720001,48.730000,48.730000,987800
2021-03-16,48.669998,48.849998,47.070000,47.139999,47.139999,530700
2021-03-17,47.009998,47.380001,46.200001,46.599998,46.599998,560100
2021-03-18,46.119999,46.709999,44.779999,45.119999,45.119999,675000
2021-03-19,44.910000,45.849998,44.119999,45.180000,45.180000,2378100
2021-03-22,45.529999,46.099998,44.779999,44.849998,44.849998,528300
2021-03-23,44.580002,45.869999,44.099998,44.950001,44.950001,714100
2021-03-24,45.360001,45.590000,43.220001,43.230000,43.230000,304300
2021-03-25,42.650002,43.669998,42.080002,43.480000,43.480000,541800
2021-03-26,43.509998,44.189999,42.860001,43.930000,43.930000,321800
2021-03-29,43.520000,43.930000,42.580002,42.869999,42.869999,370100
2021-03-30,42.619999,42.869999,41.759998,42.389999,42.389999,355700
2021-03-31,42.389999,43.820000,42.389999,43.580002,43.580002,453800
2021-04-01,43.840000,45.480000,43.840000,44.709999,44.709999,307600
2021-04-05,44.919998,44.950001,43.880001,44.230000,44.230000,214900
2021-04-06,44.439999,45.500000,44.180000,45.400002,45.400002,238700
2021-04-07,45.419998,45.910000,44.070000,44.450001,44.450001,260400
2021-04-08,44.450001,45.279999,44.410000,45.240002,45.240002,207200
2021-04-09,45.189999,45.189999,44.330002,44.970001,44.970001,165000
2021-04-12,45.020000,45.540001,44.330002,45.040001,45.040001,186000
2021-04-13,45.439999,46.169998,44.990002,45.580002,45.580002,250900
2021-04-14,45.509998,46.709999,45.480000,45.730000,45.730000,161000
2021-04-15,45.810001,46.869999,45.810001,46.860001,46.860001,210800
2021-04-16,46.520000,46.910000,44.389999,45.810001,45.810001,158300
2021-04-19,45.509998,46.240002,44.750000,45.110001,45.110001,201600
2021-04-20,44.720001,45.090000,43.919998,44.160000,44.160000,275100
2021-04-21,43.810001,44.799999,43.779999,44.380001,44.380001,223900
2021-04-22,44.349998,45.220001,43.849998,43.910000,43.910000,231600
2021-04-23,43.910000,44.680000,43.700001,44.529999,44.529999,156200
2021-04-26,44.450001,44.770000,44.020000,44.570000,44.570000,209000
2021-04-27,44.459999,44.939999,44.310001,44.750000,44.750000,282700
2021-04-28,44.619999,45.529999,44.570000,45.180000,45.180000,228300
2021-04-29,45.310001,45.619999,44.680000,44.810001,44.810001,444400
2021-04-30,44.369999,44.750000,43.900002,44.270000,44.270000,481200
2021-05-03,44.570000,44.779999,43.560001,43.910000,43.910000,455000
2021-05-04,43.500000,43.959999,42.150002,42.830002,42.830002,332600
2021-05-05,43.209999,43.400002,42.610001,42.950001,42.950001,289400
2021-05-06,42.919998,43.099998,41.119999,41.919998,41.919998,398400
2021-05-07,42.009998,43.459999,41.459999,42.250000,42.250000,654200
2021-05-10,41.990002,42.250000,41.250000,41.959999,41.959999,472600
2021-05-11,41.119999,42.480000,40.740002,42.410000,42.410000,435600
2021-05-12,42.110001,42.110001,40.910000,41.770000,41.770000,574400
2021-05-13,41.990002,42.630001,41.049999,42.169998,42.169998,499800
2021-05-14,42.410000,43.189999,42.290001,42.869999,42.869999,433300
2021-05-17,42.770000,43.580002,42.220001,43.570000,43.570000,618000
2021-05-18,43.700001,44.830002,43.520000,44.230000,44.230000,460300
2021-05-19,43.750000,45.000000,43.459999,44.950001,44.950001,617800
2021-05-20,45.200001,45.740002,44.610001,45.150002,45.150002,438500
2021-05-21,45.380001,45.480000,44.470001,44.470001,44.470001,246700
2021-05-24,44.480000,45.070000,44.330002,44.790001,44.790001,152300
2021-05-25,44.770000,45.000000,43.880001,43.900002,43.900002,245800
2021-05-26,44.220001,44.619999,44.180000,44.259998,44.259998,278000
2021-05-27,44.200001,44.720001,43.900002,44.049999,44.049999,336500
2021-05-28,44.360001,44.419998,43.830002,43.970001,43.970001,187700
2021-06-01,44.029999,44.130001,43.270000,43.959999,43.959999,570500
2021-06-02,44.000000,47.139999,43.860001,46.799999,46.799999,1124600
2021-06-03,46.470001,46.959999,46.230000,46.910000,46.910000,475300
2021-06-04,47.000000,48.549999,47.000000,48.500000,48.500000,501500
2021-06-07,48.209999,49.450001,48.090000,49.410000,49.410000,308200
2021-06-08,49.669998,50.820000,49.630001,50.650002,50.650002,346900
2021-06-09,50.650002,51.040001,50.540001,50.779999,50.779999,297100
2021-06-10,50.500000,50.959999,50.330002,50.820000,50.820000,206100
2021-06-11,50.779999,51.150002,50.259998,50.959999,50.959999,239300
2021-06-14,50.889999,51.430000,50.869999,51.099998,51.099998,284100
2021-06-15,51.060001,51.099998,50.209999,50.450001,50.450001,290600
2021-06-16,50.400002,50.959999,50.220001,50.700001,50.700001,234900
2021-06-17,50.720001,51.630001,50.360001,50.990002,50.990002,262200
2021-06-18,50.610001,51.189999,50.459999,51.009998,51.009998,557100
2021-06-21,51.259998,51.490002,50.509998,51.240002,51.240002,200500
2021-06-22,51.150002,51.360001,50.820000,51.270000,51.270000,235100
2021-06-23,51.380001,51.669998,51.070000,51.310001,51.310001,216700
2021-06-24,51.830002,51.880001,51.000000,51.759998,51.759998,228300
2021-06-25,52.000000,52.560001,51.610001,52.410000,52.410000,679100
2021-06-28,52.570000,52.910000,51.980000,52.779999,52.779999,296400
2021-06-29,52.770000,53.130001,52.230000,53.049999,53.049999,233200
2021-06-30,53.279999,53.279999,51.490002,51.580002,51.580002,775700
2021-07-01,51.400002,52.090000,51.279999,51.959999,51.959999,374900
2021-07-02,51.970001,52.320000,51.799999,52.160000,52.160000,230000
2021-07-06,52.310001,52.849998,51.930000,52.400002,52.400002,347100
2021-07-07,52.740002,52.770000,51.389999,51.889999,51.889999,482000
2021-07-08,51.240002,51.720001,50.419998,51.599998,51.599998,388100
2021-07-09,51.689999,51.849998,51.270000,51.689999,51.689999,182300
2021-07-12,51.779999,51.930000,51.259998,51.900002,51.900002,205500
2021-07-13,52.000000,52.150002,51.240002,51.389999,51.389999,174100
2021-07-14,51.480000,51.759998,50.290001,50.619999,50.619999,236200
2021-07-15,50.650002,50.650002,49.509998,50.070000,50.070000,246300
2021-07-16,50.560001,50.590000,49.680000,49.740002,49.740002,354100
2021-07-19,49.160000,49.759998,48.009998,49.250000,49.250000,471100
2021-07-20,49.619999,50.529999,49.259998,49.799999,49.799999,699300
2021-07-21,49.770000,50.160000,49.430000,49.680000,49.680000,534100
2021-07-22,49.500000,49.900002,48.830002,48.869999,48.869999,362400
2021-07-23,49.110001,49.389999,48.639999,48.919998,48.919998,354800
2021-07-26,49.130001,49.279999,48.369999,48.450001,48.450001,328000
2021-07-27,48.220001,48.270000,46.759998,47.480000,47.480000,378800
2021-07-28,47.570000,48.430000,47.439999,48.160000,48.160000,363600
2021-07-29,48.200001,48.820000,47.970001,48.080002,48.080002,330200
2021-07-30,47.820000,48.709999,47.630001,47.939999,47.939999,315300
2021-08-02,48.049999,48.790001,47.889999,48.709999,48.709999,312300
2021-08-03,48.849998,49.049999,48.000000,48.779999,48.779999,185700
2021-08-04,49.299999,49.500000,48.639999,49.410000,49.410000,238300
2021-08-05,49.349998,50.380001,49.259998,49.919998,49.919998,347900
2021-08-06,56.849998,57.000000,56.169998,56.660000,56.660000,7443200
2021-08-09,56.639999,56.689999,56.470001,56.549999,56.549999,2926400
2021-08-10,56.730000,56.779999,56.520000,56.570000,56.570000,2170700
2021-08-11,56.650002,56.779999,56.549999,56.759998,56.759998,2227300
2021-08-12,56.750000,56.779999,56.619999,56.720001,56.720001,1286500
2021-08-13,56.730000,56.750000,56.610001,56.639999,56.639999,951100
2021-08-16,56.639999,56.709999,56.630001,56.650002,56.650002,1390000
2021-08-17,56.650002,56.730000,56.599998,56.680000,56.680000,1799900
2021-08-18,56.660000,56.720001,56.529999,56.610001,56.610001,2103500
2021-08-19,56.599998,56.880001,56.599998,56.669998,56.669998,1957700
2021-08-20,56.650002,56.750000,56.599998,56.650002,56.650002,1389800
2021-08-23,56.700001,56.869999,56.650002,56.779999,56.779999,1173200
2021-08-24,56.730000,56.930000,56.730000,56.880001,56.880001,2251900
2021-08-25,56.759998,56.930000,56.759998,56.830002,56.830002,1445300
2021-08-26,56.849998,56.919998,56.779999,56.869999,56.869999,2308900
2021-08-27,56.889999,56.980000,56.849998,56.900002,56.900002,1330000
2021-08-30,56.930000,57.020000,56.910000,56.980000,56.980000,1729200