Date,Open,High,Low,Close,Adj Close,Volume
2021-01-04,55.619999,55.790001,54.000000,54.599998,54.599998,313900
2021-01-05,53.980000,55.090000,53.919998,54.889999,54.889999,249100
2021-01-06,55.070000,56.660000,53.820000,56.259998,56.259998,356700
2021-01-07,56.040001,57.730000,56.040001,57.369999,57.369999,256600
2021-01-08,57.740002,58.000000,56.779999,57.299999,57.299999,236900
2021-01-11,56.790001,57.330002,56.119999,56.430000,56.430000,179100
2021-01-12,58.000000,59.900002,57.169998,58.400002,58.400002,368000
2021-01-13,59.810001,59.810001,57.720001,57.779999,57.779999,377000
2021-01-14,57.840000,58.500000,57.119999,57.230000,57.230000,297900
2021-01-15,56.889999,57.950001,56.529999,57.480000,57.480000,260300
2021-01-19,57.450001,58.810001,57.450001,58.419998,58.419998,287100
2021-01-20,58.790001,60.200001,58.180000,59.830002,59.830002,542600
2021-01-21,60.259998,60.259998,58.500000,58.520000,58.520000,246500
2021-01-22,58.230000,59.959999,57.799999,59.840000,59.840000,288500
2021-01-25,60.290001,60.349998,58.700001,59.439999,59.439999,214700
2021-01-26,59.480000,60.849998,58.959999,60.630001,60.630001,471700
2021-01-27,59.849998,60.630001,56.990002,59.880001,59.880001,803000
2021-01-28,61.029999,63.889999,57.849998,63.139999,63.139999,1203400
2021-01-29,63.570000,65.250000,61.740002,62.779999,62.779999,699000
2021-02-01,63.230000,64.930000,62.619999,64.480003,64.480003,403300
2021-02-02,64.870003,65.169998,62.430000,63.759998,63.759998,454800
2021-02-03,63.720001,65.040001,63.419998,64.430000,64.430000,424300
2021-02-04,64.750000,65.000000,63.759998,64.720001,64.720001,293200
2021-02-05,64.449997,67.190002,64.449997,67.169998,67.169998,383300
2021-02-08,67.070000,68.160004,67.010002,68.160004,68.160004,299800
2021-02-09,67.820000,69.849998,67.500000,69.099998,69.099998,287700
2021-02-10,69.449997,71.059998,68.459999,70.410004,70.410004,614500
2021-02-11,70.970001,71.940002,69.839996,71.080002,71.080002,550000
2021-02-12,70.889999,72.330002,70.360001,71.260002,71.260002,335200
2021-02-16,71.440002,71.440002,68.889999,69.480003,69.480003,448200
2021-02-17,67.839996,69.339996,65.800003,67.889999,67.889999,451100
2021-02-18,67.750000,68.139999,67.110001,67.589996,67.589996,449500
2021-02-19,67.830002,68.400002,67.190002,67.629997,67.629997,462000
2021-02-22,67.629997,68.199997,66.459999,66.760002,66.760002,325700
2021-02-23,65.589996,66.139999,64.330002,65.029999,65.029999,442300
2021-02-24,64.980003,66.599998,64.459999,66.570000,66.570000,337800
2021-02-25,66.000000,66.669998,64.360001,64.559998,64.559998,256300
2021-02-26,64.949997,65.519997,63.650002,63.730000,63.730000,335300
2021-03-01,64.029999,67.099998,64.029999,67.059998,67.059998,347700
2021-03-02,66.730003,66.730003,64.610001,64.680000,64.680000,234400
2021-03-03,64.790001,65.000000,62.150002,62.389999,62.389999,324900
2021-03-04,62.070000,62.779999,59.560001,60.150002,60.150002,451100
2021-03-05,61.020000,62.610001,58.880001,62.270000,62.270000,365100
2021-03-08,62.500000,63.240002,61.790001,62.160000,62.160000,299800
2021-03-09,63.689999,67.150002,63.029999,66.580002,66.580002,442700
2021-03-10,67.300003,68.139999,66.580002,67.300003,67.300003,451000
2021-03-11,68.169998,68.489998,66.970001,67.339996,67.339996,223000
2021-03-12,66.720001,67.550003,66.010002,67.480003,67.480003,182500
2021-03-15,67.800003,68.440002,67.470001,67.750000,67.750000,254900
2021-03-16,68.000000,68.199997,66.279999,67.000000,67.000000,173800
2021-03-17,66.400002,67.900002,65.870003,67.599998,67.599998,258100
2021-03-18,66.930000,66.989998,64.260002,64.639999,64.639999,218600
2021-03-19,64.190002,66.510002,64.089996,64.830002,64.830002,917800
2021-03-22,65.389999,66.989998,65.300003,65.879997,65.879997,273100
2021-03-23,65.529999,66.410004,64.519997,64.760002,64.760002,372900
2021-03-24,65.080002,65.120003,62.660000,62.750000,62.750000,258600
2021-03-25,62.480000,64.239998,60.770000,63.549999,63.549999,341700
2021-03-26,63.779999,64.849998,63.540001,64.730003,64.730003,268300
2021-03-29,64.300003,66.059998,63.480000,63.730000,63.730000,294100
2021-03-30,63.279999,63.480000,62.230000,63.180000,63.180000,218600
2021-03-31,63.520000,65.250000,63.520000,64.500000,64.500000,322000
2021-04-01,65.110001,66.660004,65.110001,66.120003,66.120003,247900
2021-04-05,65.660004,66.199997,64.790001,65.550003,65.550003,310800
2021-04-06,65.830002,67.730003,65.739998,67.180000,67.180000,283200
2021-04-07,67.000000,67.400002,65.050003,65.239998,65.239998,187200
2021-04-08,65.879997,66.830002,65.330002,66.610001,66.610001,217100
2021-04-09,66.570000,67.559998,66.010002,67.349998,67.349998,264800
2021-04-12,67.330002,67.910004,66.830002,67.400002,67.400002,213500
2021-04-13,67.559998,68.410004,67.300003,68.230003,68.230003,256500
2021-04-14,68.230003,69.970001,67.239998,67.660004,67.660004,444100
2021-04-15,67.889999,69.419998,67.769997,68.860001,68.860001,309200
2021-04-16,68.370003,69.309998,67.919998,68.120003,68.120003,281700
2021-04-19,67.970001,68.830002,66.860001,68.730003,68.730003,353000
2021-04-20,67.930000,69.540001,67.320000,67.889999,67.889999,323600
2021-04-21,67.900002,68.739998,67.470001,68.720001,68.720001,203400
2021-04-22,69.129997,70.370003,68.389999,68.459999,68.459999,342500
2021-04-23,69.260002,71.040001,69.070000,70.699997,70.699997,340900
2021-04-26,70.830002,71.680000,70.639999,70.669998,70.669998,241400
2021-04-27,70.559998,71.269997,70.110001,70.519997,70.519997,288900
2021-04-28,70.129997,70.370003,68.830002,69.750000,69.750000,211400
2021-04-29,70.000000,70.300003,68.599998,69.650002,69.650002,205600
2021-04-30,69.139999,69.860001,68.860001,69.510002,69.510002,494900
2021-05-03,69.839996,69.839996,68.250000,68.540001,68.540001,384500
2021-05-04,69.129997,71.720001,67.919998,71.269997,71.269997,631300
2021-05-05,70.599998,71.000000,68.129997,68.510002,68.510002,443200
2021-05-06,68.400002,68.400002,66.830002,67.559998,67.559998,442600
2021-05-07,67.970001,68.970001,66.220001,68.150002,68.150002,334000
2021-05-10,68.230003,68.809998,66.010002,66.050003,66.050003,314700
2021-05-11,64.339996,67.059998,64.339996,66.029999,66.029999,335300
2021-05-12,65.360001,65.790001,64.400002,64.959999,64.959999,440600
2021-05-13,65.160004,66.790001,65.160004,66.320000,66.320000,485900
2021-05-14,67.290001,69.220001,64.220001,68.870003,68.870003,383400
2021-05-17,68.379997,68.580002,67.260002,68.470001,68.470001,232500
2021-05-18,67.400002,68.989998,67.180000,67.820000,67.820000,357800
2021-05-19,66.370003,68.629997,66.370003,68.300003,68.300003,311200
2021-05-20,68.529999,70.570000,67.860001,70.570000,70.570000,324600
2021-05-21,71.220001,71.900002,69.980003,70.580002,70.580002,755000
2021-05-24,71.120003,75.129997,70.779999,74.699997,74.699997,904800
2021-05-25,72.379997,76.800003,72.160004,75.529999,75.529999,1068400
2021-05-26,75.739998,75.970001,74.419998,75.529999,75.529999,346900
2021-05-27,76.059998,77.070000,75.010002,76.839996,76.839996,474000
2021-05-28,77.669998,77.769997,76.080002,76.169998,76.169998,364900
2021-06-01,76.449997,76.449997,74.839996,75.970001,75.970001,388000
2021-06-02,76.309998,77.279999,75.800003,76.139999,76.139999,837800
2021-06-03,75.370003,76.320000,74.529999,75.980003,75.980003,287000
2021-06-04,76.610001,78.760002,76.540001,78.629997,78.629997,380500
2021-06-07,78.419998,79.110001,77.949997,78.750000,78.750000,258600
2021-06-08,79.419998,79.760002,78.760002,79.339996,79.339996,216500
2021-06-09,78.900002,79.949997,78.419998,79.050003,79.050003,234600
2021-06-10,79.300003,80.970001,79.300003,80.870003,80.870003,268500
2021-06-11,81.360001,81.720001,80.449997,80.660004,80.660004,272800
2021-06-14,80.610001,81.550003,80.599998,81.349998,81.349998,257000
2021-06-15,81.099998,81.209999,78.949997,79.250000,79.250000,369600
2021-06-16,78.889999,81.879997,78.489998,79.910004,79.910004,584000
2021-06-17,79.550003,81.190002,79.139999,79.699997,79.699997,345400
2021-06-18,79.230003,79.769997,77.360001,77.750000,77.750000,776300
2021-06-21,76.599998,79.629997,75.559998,79.239998,79.239998,256600
2021-06-22,78.910004,80.750000,78.610001,80.660004,80.660004,254400
2021-06-23,81.000000,81.000000,79.790001,80.410004,80.410004,285700
2021-06-24,80.800003,81.349998,80.559998,81.040001,81.040001,158400
2021-06-25,81.050003,81.900002,80.620003,81.639999,81.639999,637300
2021-06-28,81.949997,82.169998,80.959999,81.010002,81.010002,282200
2021-06-29,81.209999,81.260002,79.470001,79.580002,79.580002,227500
2021-06-30,79.120003,79.309998,77.699997,78.169998,78.169998,384900
2021-07-01,78.349998,79.040001,78.120003,78.489998,78.489998,244300
2021-07-02,77.000000,77.989998,76.519997,77.250000,77.250000,356100
2021-07-06,77.709999,79.040001,77.230003,78.669998,78.669998,268400
2021-07-07,79.080002,79.860001,78.320000,78.900002,78.900002,257000
2021-07-08,77.580002,79.580002,76.739998,79.139999,79.139999,222100
2021-07-09,79.300003,79.970001,78.290001,79.290001,79.290001,272700
2021-07-12,79.550003,79.680000,78.919998,79.050003,79.050003,183500
2021-07-13,78.870003,79.150002,77.260002,77.459999,77.459999,205900
2021-07-14,77.910004,78.519997,77.190002,77.250000,77.250000,196600
2021-07-15,76.949997,77.000000,75.680000,76.349998,76.349998,196000
2021-07-16,76.830002,77.360001,75.599998,76.599998,76.599998,409200
2021-07-19,75.690002,77.820000,75.589996,77.110001,77.110001,282400
2021-07-20,77.410004,79.860001,77.290001,79.349998,79.349998,408900
2021-07-21,79.570000,80.620003,79.129997,80.290001,80.290001,371400
2021-07-22,80.750000,80.989998,79.959999,80.139999,80.139999,192900
2021-07-23,80.870003,82.379997,80.370003,82.160004,82.160004,271700
2021-07-26,82.320000,83.410004,82.209999,82.680000,82.680000,459700
2021-07-27,82.019997,82.230003,74.410004,74.949997,74.949997,686500
2021-07-28,75.110001,77.529999,75.080002,75.800003,75.800003,455500
2021-07-29,75.599998,76.089996,74.639999,76.089996,76.089996,498800
2021-07-30,75.599998,76.300003,74.680000,75.589996,75.589996,501300
2021-08-02,76.089996,76.760002,75.250000,76.080002,76.080002,384900
2021-08-03,76.440002,76.830002,75.129997,76.709999,76.709999,261100
2021-08-04,76.669998,76.839996,75.570000,76.199997,76.199997,339500
2021-08-05,76.570000,77.080002,75.900002,76.250000,76.250000,245600
2021-08-06,76.370003,76.379997,74.879997,75.900002,75.900002,259600
2021-08-09,75.669998,75.919998,74.459999,74.930000,74.930000,223200
2021-08-10,74.919998,75.809998,74.620003,75.470001,75.470001,243600
2021-08-11,75.650002,76.459999,74.589996,76.410004,76.410004,289000
2021-08-12,76.540001,78.099998,75.599998,76.570000,76.570000,442000
2021-08-13,76.510002,76.900002,75.739998,76.769997,76.769997,152900
2021-08-16,76.769997,76.769997,75.629997,75.779999,75.779999,162200
2021-08-17,74.430000,75.129997,73.699997,75.080002,75.080002,324400
2021-08-18,74.900002,75.620003,74.430000,74.540001,74.540001,268400
2021-08-19,73.860001,74.400002,72.900002,73.230003,73.230003,237100
2021-08-20,73.320000,74.949997,73.320000,74.610001,74.610001,253200
2021-08-23,75.220001,77.320000,74.989998,77.080002,77.080002,356700
2021-08-24,77.059998,77.820000,77.059998,77.500000,77.500000,247300
2021-08-25,77.790001,78.940002,77.320000,78.330002,78.330002,241800
2021-08-26,78.980003,80.849998,78.559998,79.050003,79.050003,337400
2021-08-27,78.970001,81.470001,78.970001,80.779999,80.779999,422500
2021-08-30,80.750000,81.519997,80.190002,81.070000,81.070000,254400