Date,Open,High,Low,Close,Adj Close,Volume
2021-01-04,62.400002,62.790001,60.090000,60.509998,60.509998,389800
2021-01-05,60.500000,61.119999,59.930000,60.650002,60.650002,227700
2021-01-06,61.040001,62.529999,60.330002,61.209999,61.209999,684200
2021-01-07,61.160000,62.360001,60.200001,60.680000,60.680000,264900
2021-01-08,60.480000,60.709999,58.480000,58.980000,58.980000,354900
2021-01-11,58.590000,59.049999,57.900002,58.380001,58.380001,250900
2021-01-12,58.400002,59.389999,57.869999,58.349998,58.349998,317500
2021-01-13,58.160000,58.230000,55.480000,55.970001,55.970001,440800
2021-01-14,56.009998,56.990002,53.430000,54.150002,54.150002,505700
2021-01-15,54.090000,55.410000,53.889999,55.139999,55.139999,625000
2021-01-19,55.509998,57.099998,54.790001,56.930000,56.930000,350000
2021-01-20,57.320000,58.680000,57.139999,58.509998,58.509998,483300
2021-01-21,58.919998,59.570000,58.720001,59.389999,59.389999,305600
2021-01-22,59.060001,59.869999,58.700001,59.709999,59.709999,247800
2021-01-25,59.820000,59.820000,58.669998,58.840000,58.840000,223200
2021-01-26,58.930000,58.930000,57.400002,58.480000,58.480000,255900
2021-01-27,57.450001,58.349998,56.599998,56.970001,56.970001,578000
2021-01-28,57.970001,59.849998,57.139999,58.250000,58.250000,309800
2021-01-29,58.020000,58.209999,56.869999,57.240002,57.240002,335500
2021-02-01,57.779999,58.220001,57.150002,57.669998,57.669998,215200
2021-02-02,58.119999,58.619999,57.369999,58.000000,58.000000,299100
2021-02-03,57.779999,57.779999,56.669998,56.779999,56.779999,160800
2021-02-04,56.799999,58.480000,56.320000,58.389999,58.389999,211100
2021-02-05,58.820000,58.919998,57.900002,58.540001,58.540001,141500
2021-02-08,58.790001,60.099998,58.270000,60.070000,60.070000,200800
2021-02-09,60.080002,60.470001,59.540001,59.889999,59.889999,180700
2021-02-10,60.119999,60.299999,58.529999,58.730000,58.730000,127000
2021-02-11,58.860001,59.689999,58.820000,59.360001,59.360001,204200
2021-02-12,59.410000,60.029999,58.939999,59.700001,59.700001,152900
2021-02-16,59.549999,59.750000,58.840000,59.139999,59.139999,186300
2021-02-17,58.709999,59.139999,58.270000,59.040001,59.040001,132500
2021-02-18,58.820000,60.799999,58.730000,59.980000,59.980000,327000
2021-02-19,57.139999,60.689999,57.020000,60.000000,60.000000,551500
2021-02-22,59.369999,59.930000,58.549999,59.040001,59.040001,552000
2021-02-23,58.939999,59.830002,58.500000,59.230000,59.230000,344700
2021-02-24,59.400002,61.040001,58.900002,60.580002,60.580002,239500
2021-02-25,60.340000,61.529999,60.060001,60.360001,60.360001,280400
2021-02-26,60.450001,60.900002,57.709999,57.919998,57.919998,356600
2021-03-01,58.689999,60.630001,58.180000,60.630001,60.630001,289000
2021-03-02,60.320000,61.400002,60.119999,61.169998,61.169998,275600
2021-03-03,61.330002,61.810001,60.330002,61.689999,61.689999,229000
2021-03-04,61.950001,63.240002,60.119999,61.419998,61.419998,426600
2021-03-05,62.400002,63.119999,61.509998,62.279999,62.279999,417700
2021-03-08,62.450001,63.830002,61.950001,62.759998,62.759998,234400
2021-03-09,63.209999,64.169998,62.259998,62.290001,62.290001,319200
2021-03-10,62.470001,64.050003,61.130001,63.389999,63.389999,178000
2021-03-11,63.230000,63.730000,62.500000,63.619999,63.619999,187300
2021-03-12,64.000000,64.839996,61.340000,64.699997,64.699997,185900
2021-03-15,64.470001,64.830002,63.700001,64.820000,64.820000,142200
2021-03-16,64.980003,65.470001,64.110001,65.370003,65.370003,198100
2021-03-17,65.250000,65.370003,63.400002,63.669998,63.669998,254700
2021-03-18,63.040001,63.910000,62.320000,63.200001,63.200001,174000
2021-03-19,63.160000,64.080002,62.439999,63.509998,63.509998,539100
2021-03-22,63.860001,64.029999,63.040001,63.820000,63.820000,101300
2021-03-23,63.230000,63.959999,62.959999,63.410000,63.410000,223800
2021-03-24,63.700001,64.970001,63.480000,63.980000,63.980000,197500
2021-03-25,64.029999,65.120003,63.299999,64.870003,64.870003,149600
2021-03-26,65.150002,66.199997,64.419998,66.190002,66.190002,163200
2021-03-29,65.760002,65.889999,63.990002,64.000000,64.000000,272800
2021-03-30,64.010002,64.010002,63.189999,63.380001,63.380001,293400
2021-03-31,63.250000,65.940002,63.099998,63.570000,63.570000,302700
2021-04-01,63.580002,65.489998,63.419998,65.180000,65.180000,307700
2021-04-05,65.709999,66.279999,65.379997,65.489998,65.489998,226100
2021-04-06,65.300003,65.800003,65.019997,65.370003,65.370003,143500
2021-04-07,65.720001,65.900002,64.949997,65.029999,65.029999,213900
2021-04-08,65.410004,65.430000,64.500000,64.910004,64.910004,186000
2021-04-09,65.110001,66.019997,64.430000,65.620003,65.620003,172500
2021-04-12,66.279999,66.279999,65.419998,65.500000,65.500000,162700
2021-04-13,65.190002,67.800003,65.000000,67.099998,67.099998,499100
2021-04-14,67.110001,67.419998,66.690002,67.349998,67.349998,197800
2021-04-15,67.389999,67.900002,66.309998,66.820000,66.820000,247500
2021-04-16,67.300003,67.559998,66.879997,67.139999,67.139999,166100
2021-04-19,66.940002,67.930000,66.510002,67.629997,67.629997,165000
2021-04-20,67.550003,68.410004,67.160004,67.660004,67.660004,108100
2021-04-21,67.760002,68.480003,67.660004,67.940002,67.940002,91500
2021-04-22,67.790001,68.389999,66.860001,67.180000,67.180000,274300
2021-04-23,67.230003,68.339996,67.230003,68.000000,68.000000,411600
2021-04-26,68.209999,68.209999,66.459999,66.500000,66.500000,135200
2021-04-27,66.290001,66.669998,65.940002,66.410004,66.410004,171700
2021-04-28,66.739998,66.879997,66.089996,66.669998,66.669998,229700
2021-04-29,66.779999,67.610001,66.550003,67.150002,67.150002,221600
2021-04-30,67.099998,67.900002,66.610001,67.110001,67.110001,217400
2021-05-03,67.800003,68.290001,67.430000,67.629997,67.629997,125500
2021-05-04,67.440002,67.620003,66.589996,67.080002,67.080002,134500
2021-05-05,67.269997,67.839996,66.199997,67.279999,67.279999,112300
2021-05-06,67.400002,67.820000,66.730003,67.410004,67.410004,170100
2021-05-07,67.449997,68.529999,67.449997,67.970001,67.970001,115800
2021-05-10,67.989998,68.639999,67.419998,67.489998,67.489998,123400
2021-05-11,66.949997,67.489998,66.400002,66.849998,66.849998,119700
2021-05-12,66.330002,66.559998,65.349998,65.750000,65.750000,218600
2021-05-13,65.730003,67.010002,65.730003,66.570000,66.570000,155000
2021-05-14,66.800003,68.870003,66.639999,68.650002,68.650002,202000
2021-05-17,68.430000,68.839996,67.970001,68.489998,68.489998,171100
2021-05-18,68.430000,69.040001,67.930000,68.010002,68.010002,171200
2021-05-19,67.550003,67.550003,66.449997,67.309998,67.309998,105800
2021-05-20,67.279999,69.129997,66.599998,69.089996,69.089996,268100
2021-05-21,69.599998,69.599998,68.139999,68.449997,68.449997,109000
2021-05-24,68.680000,68.949997,68.279999,68.480003,68.480003,88700
2021-05-25,68.440002,68.459999,67.430000,67.669998,67.669998,231300
2021-05-26,67.980003,68.309998,67.000000,67.110001,67.110001,143800
2021-05-27,67.519997,67.519997,66.660004,66.959999,66.959999,180400
2021-05-28,67.190002,67.790001,66.860001,67.430000,67.430000,99900
2021-06-01,67.580002,68.820000,66.790001,67.050003,67.050003,178500
2021-06-02,67.330002,67.330002,66.070000,66.559998,66.559998,136300
2021-06-03,66.459999,66.459999,65.629997,66.220001,66.220001,79000
2021-06-04,66.370003,66.400002,65.510002,66.029999,66.029999,114500
2021-06-07,66.029999,66.339996,65.860001,66.019997,66.019997,125500
2021-06-08,66.050003,66.570000,65.660004,66.139999,66.139999,94700
2021-06-09,66.470001,66.809998,65.889999,66.040001,66.040001,105600
2021-06-10,66.209999,66.309998,65.360001,65.660004,65.660004,126900
2021-06-11,65.660004,66.379997,65.410004,65.809998,65.809998,80200
2021-06-14,65.970001,65.970001,65.129997,65.639999,65.639999,143900
2021-06-15,65.779999,66.169998,65.430000,66.080002,66.080002,103300
2021-06-16,66.080002,66.900002,65.349998,65.580002,65.580002,348900
2021-06-17,65.300003,65.400002,63.590000,64.410004,64.410004,199000
2021-06-18,63.470001,63.730000,62.799999,62.930000,62.930000,292900
2021-06-21,63.189999,64.519997,63.020000,64.379997,64.379997,134900
2021-06-22,64.230003,64.400002,63.709999,64.230003,64.230003,114000
2021-06-23,64.150002,64.660004,63.310001,64.070000,64.070000,133700
2021-06-24,64.400002,64.849998,63.770000,64.360001,64.360001,106700
2021-06-25,64.279999,64.889999,63.500000,63.830002,63.830002,520600
2021-06-28,63.610001,63.830002,62.830002,63.639999,63.639999,125500
2021-06-29,63.700001,64.610001,63.270000,63.549999,63.549999,133200
2021-06-30,63.590000,63.869999,62.880001,63.430000,63.430000,267500
2021-07-01,63.799999,64.769997,63.799999,64.239998,64.239998,107500
2021-07-02,64.540001,64.919998,63.660000,64.629997,64.629997,148600
2021-07-06,64.680000,64.680000,63.150002,64.269997,64.269997,183000
2021-07-07,64.309998,65.529999,64.230003,64.940002,64.940002,141000
2021-07-08,64.320000,64.519997,63.419998,63.500000,63.500000,106100
2021-07-09,63.779999,64.440002,63.570000,64.309998,64.309998,68400
2021-07-12,64.070000,64.220001,63.700001,63.970001,63.970001,82100
2021-07-13,63.610001,64.129997,62.900002,63.049999,63.049999,65800
2021-07-14,63.299999,63.720001,62.680000,62.790001,62.790001,61300
2021-07-15,62.799999,63.540001,62.470001,63.389999,63.389999,113100
2021-07-16,63.810001,65.199997,63.810001,64.830002,64.830002,149500
2021-07-19,64.269997,64.489998,63.689999,64.300003,64.300003,179000
2021-07-20,64.269997,66.470001,64.269997,66.019997,66.019997,284200
2021-07-21,66.300003,66.300003,65.150002,65.739998,65.739998,196100
2021-07-22,65.629997,65.970001,64.860001,64.870003,64.870003,125300
2021-07-23,65.360001,65.959999,64.330002,65.430000,65.430000,121400
2021-07-26,65.559998,66.980003,64.720001,65.930000,65.930000,141100
2021-07-27,66.019997,66.449997,65.160004,65.279999,65.279999,172800
2021-07-28,65.570000,65.570000,64.080002,64.830002,64.830002,150600
2021-07-29,64.980003,65.870003,64.980003,65.440002,65.440002,169700
2021-07-30,65.910004,69.510002,65.669998,68.779999,68.779999,508200
2021-08-02,69.000000,69.180000,66.919998,68.150002,68.150002,417900
2021-08-03,68.529999,69.660004,68.230003,69.629997,69.629997,216900
2021-08-04,69.599998,70.150002,68.169998,68.629997,68.629997,457200
2021-08-05,68.660004,69.000000,68.040001,68.660004,68.660004,198300
2021-08-06,67.400002,69.019997,67.400002,68.870003,68.870003,182600
2021-08-09,68.510002,69.320000,67.989998,68.080002,68.080002,301200
2021-08-10,68.339996,68.820000,67.440002,67.809998,67.809998,270800
2021-08-11,68.180000,69.709999,67.720001,69.620003,69.620003,182000
2021-08-12,69.699997,70.059998,68.510002,68.559998,68.559998,128300
2021-08-13,68.419998,69.300003,68.139999,69.199997,69.199997,93100
2021-08-16,68.949997,69.650002,68.379997,69.559998,69.559998,78900
2021-08-17,69.000000,69.169998,67.910004,68.410004,68.410004,196000
2021-08-18,68.309998,69.040001,67.919998,68.410004,68.410004,151300
2021-08-19,68.190002,69.889999,68.000000,69.559998,69.559998,222300
2021-08-20,69.489998,74.330002,68.919998,73.540001,73.540001,661800
2021-08-23,73.750000,74.430000,72.650002,74.349998,74.349998,402000
2021-08-24,74.760002,74.910004,72.690002,72.970001,72.970001,150400
2021-08-25,73.040001,73.489998,72.250000,73.139999,73.139999,103500
2021-08-26,73.309998,73.349998,72.199997,72.540001,72.540001,111200
2021-08-27,72.720001,74.220001,72.620003,73.309998,73.309998,145900
2021-08-30,73.309998,75.070000,73.080002,74.379997,74.379997,200500