Date,Open,High,Low,Close,Adj Close,Volume
2021-01-04,54.000000,54.410000,52.770000,53.450001,52.833866,231400
2021-01-05,53.430000,54.040001,52.689999,53.709999,53.090870,189000
2021-01-06,54.320000,57.200001,54.320000,56.950001,56.293526,329600
2021-01-07,56.970001,57.220001,56.139999,56.310001,55.660900,173100
2021-01-08,55.320000,55.939999,54.630001,55.799999,55.156776,251200
2021-01-11,55.500000,56.009998,54.650002,55.360001,54.721848,140800
2021-01-12,55.279999,56.250000,54.720001,55.759998,55.117237,243700
2021-01-13,55.740002,56.310001,55.290001,55.369999,54.731735,241400
2021-01-14,55.750000,55.869999,54.689999,54.709999,54.079342,170200
2021-01-15,54.279999,54.820000,54.049999,54.529999,53.901413,249800
2021-01-19,54.990002,55.020000,54.169998,54.419998,53.792679,193500
2021-01-20,54.250000,55.139999,53.740002,54.810001,54.178192,252500
2021-01-21,54.750000,54.750000,53.330002,53.959999,53.337982,202000
2021-01-22,53.549999,54.430000,53.200001,54.340000,53.713608,200700
2021-01-25,53.950001,56.130001,53.570000,55.430000,54.791042,261400
2021-01-26,55.549999,56.209999,54.849998,55.750000,55.107353,147700
2021-01-27,54.959999,55.470001,53.880001,54.360001,53.733379,264700
2021-01-28,54.990002,56.470001,54.160000,54.560001,53.931072,265500
2021-01-29,54.299999,55.570000,54.049999,54.639999,54.010147,560000
2021-02-01,55.150002,55.540001,54.070000,55.200001,54.563698,142800
2021-02-02,55.380001,56.570000,54.950001,56.430000,55.779514,198900
2021-02-03,56.020000,56.509998,55.029999,55.849998,55.206200,136500
2021-02-04,55.630001,56.310001,55.200001,56.009998,55.364353,144000
2021-02-05,56.220001,57.480000,56.000000,57.480000,57.051689,139900
2021-02-08,57.740002,58.099998,57.009998,57.830002,57.399082,185500
2021-02-09,58.009998,59.490002,57.860001,59.430000,58.987156,171800
2021-02-10,59.830002,60.419998,59.130001,59.810001,59.364330,147900
2021-02-11,59.959999,60.500000,59.400002,60.270000,59.820900,176800
2021-02-12,59.990002,60.220001,58.430000,58.959999,58.520657,119600
2021-02-16,59.119999,59.119999,57.900002,58.110001,57.676994,122400
2021-02-17,58.080002,58.470001,57.689999,58.330002,57.895355,87500
2021-02-18,58.430000,59.189999,58.220001,58.419998,57.984684,95900
2021-02-19,58.529999,59.200001,58.009998,58.450001,58.014462,131900
2021-02-22,58.160000,58.599998,56.450001,57.259998,56.833324,134500
2021-02-23,57.490002,59.020000,57.180000,57.270000,56.843254,153300
2021-02-24,57.090000,57.200001,55.759998,55.840000,55.423908,230600
2021-02-25,55.200001,57.150002,55.000000,55.209999,54.798603,143100
2021-02-26,55.450001,56.020000,54.840000,54.950001,54.540543,244600
2021-03-01,55.480000,55.840000,54.549999,55.160000,54.748974,168700
2021-03-02,55.040001,55.040001,53.820000,53.959999,53.557915,183400
2021-03-03,53.950001,53.950001,52.680000,53.209999,52.813507,171700
2021-03-04,52.160000,53.830002,51.900002,52.590000,52.198124,256100
2021-03-05,53.020000,53.330002,52.450001,52.959999,52.565369,421900
2021-03-08,53.349998,53.910000,52.689999,53.349998,52.952461,405300
2021-03-09,53.560001,53.750000,52.610001,52.779999,52.386711,297200
2021-03-10,53.000000,53.650002,52.439999,52.880001,52.485970,213800
2021-03-11,52.930000,53.430000,52.549999,53.080002,52.684475,194600
2021-03-12,53.250000,54.259998,53.189999,53.959999,53.557915,308400
2021-03-15,53.720001,53.869999,53.000000,53.779999,53.379257,198700
2021-03-16,53.939999,54.250000,53.619999,54.150002,53.746506,145100
2021-03-17,54.009998,54.009998,53.200001,53.500000,53.101345,148100
2021-03-18,53.509998,53.799999,52.939999,53.570000,53.170822,227000
2021-03-19,53.599998,53.730000,53.230000,53.599998,53.200600,937700
2021-03-22,53.590000,53.590000,51.810001,53.310001,52.912762,232200
2021-03-23,53.099998,55.250000,53.020000,54.919998,54.510761,233300
2021-03-24,55.000000,55.570000,54.650002,54.950001,54.540543,170300
2021-03-25,54.919998,55.630001,54.590000,55.389999,54.977264,175600
2021-03-26,55.470001,56.180000,55.080002,56.060001,55.642269,208000
2021-03-29,56.000000,56.980000,55.930000,56.169998,55.751450,215100
2021-03-30,56.310001,56.459999,55.549999,55.730000,55.314728,200200
2021-03-31,55.730000,56.720001,55.490002,56.340000,55.920185,287000
2021-04-01,56.500000,56.869999,55.849998,56.209999,55.791149,148800
2021-04-05,56.310001,57.360001,56.250000,57.169998,56.743996,158000
2021-04-06,57.349998,58.419998,56.970001,57.860001,57.428860,178300
2021-04-07,57.889999,58.009998,56.830002,57.490002,57.061615,205800
2021-04-08,57.619999,57.619999,57.040001,57.299999,56.873028,178900
2021-04-09,57.480000,57.730000,57.029999,57.500000,57.071537,118700
2021-04-12,57.709999,58.639999,57.709999,58.320000,57.885429,146200
2021-04-13,58.270000,58.910000,58.119999,58.830002,58.391632,122600
2021-04-14,58.880001,59.570000,58.730000,59.299999,58.858128,126500
2021-04-15,59.380001,60.570000,59.000000,60.549999,60.098812,119800
2021-04-16,60.410000,60.930000,59.970001,60.310001,59.860603,320900
2021-04-19,60.169998,60.169998,58.900002,59.330002,58.887905,186300
2021-04-20,59.279999,60.529999,59.279999,60.439999,59.989632,148700
2021-04-21,60.680000,61.389999,60.320000,61.220001,60.763821,195400
2021-04-22,61.290001,61.910000,61.150002,61.349998,60.892853,154900
2021-04-23,61.590000,61.980000,61.009998,61.180000,60.724121,198600
2021-04-26,61.580002,61.860001,59.869999,60.360001,59.910229,156600
2021-04-27,60.270000,60.330002,58.549999,58.889999,58.451180,164000
2021-04-28,58.830002,59.830002,58.830002,59.320000,58.877979,255700
2021-04-29,59.000000,60.090000,58.040001,58.470001,58.034313,207200
2021-04-30,57.950001,59.250000,57.500000,58.750000,58.312225,756700
2021-05-03,58.860001,59.669998,58.590000,59.000000,58.560364,294600
2021-05-04,58.900002,59.189999,58.160000,58.889999,58.451180,144800
2021-05-05,58.730000,58.730000,56.630001,57.779999,57.349453,201900
2021-05-06,57.930000,58.259998,57.509998,57.919998,57.488407,206300
2021-05-07,57.730000,57.970001,57.240002,57.830002,57.627922,146000
2021-05-10,57.980000,58.400002,57.500000,57.669998,57.468475,287100
2021-05-11,57.529999,57.650002,56.400002,57.160000,56.960262,165800
2021-05-12,56.860001,57.060001,55.110001,55.259998,55.066898,174800
2021-05-13,55.250000,56.939999,55.250000,56.700001,56.501869,199600
2021-05-14,56.759998,57.049999,56.439999,56.639999,56.442078,173600
2021-05-17,56.529999,56.779999,56.209999,56.290001,56.093304,118900
2021-05-18,52.709999,55.910000,51.020000,55.669998,55.475468,884500
2021-05-19,55.680000,56.119999,55.180000,55.599998,55.405712,163500
2021-05-20,55.340000,56.250000,55.270000,56.009998,55.814278,175600
2021-05-21,56.380001,56.820000,55.820000,56.450001,56.252743,252400
2021-05-24,56.509998,57.040001,56.439999,56.939999,56.741028,188300
2021-05-25,57.040001,57.299999,56.610001,56.680000,56.481937,228500
2021-05-26,56.709999,58.000000,56.709999,57.680000,57.478443,246900
2021-05-27,58.000000,58.000000,56.700001,56.720001,56.521801,145500
2021-05-28,57.139999,57.590000,56.720001,56.840000,56.641380,109600
2021-06-01,57.189999,57.230000,56.580002,56.830002,56.631416,161100
2021-06-02,56.860001,57.270000,56.330002,56.779999,56.581589,138700
2021-06-03,56.779999,57.119999,56.320000,56.939999,56.741028,102300
2021-06-04,57.040001,57.290001,56.650002,56.660000,56.462009,106000
2021-06-07,56.900002,57.139999,56.689999,56.820000,56.621449,134500
2021-06-08,56.820000,57.029999,56.180000,56.720001,56.521801,147300
2021-06-09,56.959999,57.279999,56.759998,57.110001,56.910435,102000
2021-06-10,57.250000,57.910000,57.209999,57.869999,57.667778,129100
2021-06-11,58.230000,58.869999,57.849998,58.830002,58.624428,131200
2021-06-14,59.060001,59.279999,58.180000,58.849998,58.644356,228300
2021-06-15,58.930000,59.169998,58.400002,58.910000,58.704147,170800
2021-06-16,59.049999,59.340000,58.119999,58.250000,58.046452,147800
2021-06-17,58.150002,59.080002,58.040001,58.430000,58.225822,195600
2021-06-18,57.869999,58.049999,55.970001,56.060001,55.864105,380300
2021-06-21,56.060001,57.220001,55.779999,56.950001,56.750996,177400
2021-06-22,57.000000,57.000000,56.049999,56.669998,56.471973,154000
2021-06-23,56.580002,56.869999,55.630001,55.740002,55.545223,193200
2021-06-24,55.849998,56.250000,55.459999,55.980000,55.784386,123000
2021-06-25,56.200001,56.509998,55.980000,56.500000,56.302567,1899100
2021-06-28,56.720001,57.139999,56.090000,56.220001,56.023548,175300
2021-06-29,56.180000,56.389999,55.320000,55.490002,55.296097,124700
2021-06-30,55.209999,56.020000,55.209999,55.540001,55.345924,203700
2021-07-01,55.590000,56.209999,55.570000,56.070000,55.874069,125800
2021-07-02,56.369999,56.939999,56.110001,56.619999,56.422146,116700
2021-07-06,56.790001,56.830002,55.619999,56.810001,56.611485,144800
2021-07-07,56.700001,58.470001,56.700001,58.230000,58.026524,181900
2021-07-08,57.900002,58.470001,57.209999,57.320000,57.119701,186000
2021-07-09,57.540001,58.139999,57.220001,57.959999,57.757465,134800
2021-07-12,57.939999,58.430000,57.330002,58.299999,58.096275,146300
2021-07-13,58.259998,58.540001,57.779999,57.849998,57.647850,139100
2021-07-14,58.060001,58.250000,57.480000,57.939999,57.737534,138200
2021-07-15,57.880001,58.820000,57.630001,58.790001,58.584568,133300
2021-07-16,59.090000,61.070000,59.090000,60.549999,60.338413,191900
2021-07-19,60.130001,60.560001,58.860001,59.520000,59.312016,224700
2021-07-20,59.869999,61.400002,59.869999,60.400002,60.188942,269000
2021-07-21,60.400002,60.590000,59.520000,59.590000,59.381771,167100
2021-07-22,59.340000,60.160000,59.340000,59.610001,59.401699,134800
2021-07-23,59.750000,60.770000,59.259998,60.720001,60.507824,161800
2021-07-26,60.700001,60.970001,60.419998,60.919998,60.707119,152600
2021-07-27,60.900002,61.549999,60.660000,61.490002,61.275131,130000
2021-07-28,61.700001,61.959999,61.130001,61.570000,61.354851,160300
2021-07-29,61.220001,63.439999,61.220001,62.740002,62.520763,185700
2021-07-30,63.410000,64.139999,62.400002,62.680000,62.460972,448000
2021-08-02,62.610001,63.380001,62.419998,63.240002,63.019016,178500
2021-08-03,63.380001,64.290001,63.380001,64.250000,64.025482,235900
2021-08-04,63.840000,64.779999,63.540001,64.620003,64.394196,144900
2021-08-05,64.980003,65.820000,64.800003,65.820000,65.589996,116200
2021-08-06,65.580002,65.989998,64.580002,64.779999,64.779999,189400
2021-08-09,64.800003,64.860001,63.349998,64.160004,64.160004,131600
2021-08-10,64.379997,64.400002,63.820000,64.129997,64.129997,126100
2021-08-11,64.419998,64.550003,63.400002,63.779999,63.779999,87800
2021-08-12,63.500000,64.300003,63.410000,63.650002,63.650002,111400
2021-08-13,63.889999,64.489998,63.630001,64.430000,64.430000,164700
2021-08-16,64.430000,65.129997,64.260002,65.099998,65.099998,127900
2021-08-17,64.839996,65.059998,63.910000,64.739998,64.739998,107800
2021-08-18,64.870003,65.120003,63.779999,63.889999,63.889999,110900
2021-08-19,63.849998,64.300003,63.650002,63.840000,63.840000,198800
2021-08-20,63.889999,64.410004,63.660000,64.360001,64.360001,238100
2021-08-23,64.599998,64.599998,63.700001,63.790001,63.790001,116900
2021-08-24,63.639999,64.050003,62.869999,63.150002,63.150002,122700
2021-08-25,63.369999,63.480000,62.750000,63.160000,63.160000,134800
2021-08-26,63.040001,63.049999,62.470001,62.950001,62.950001,138400
2021-08-27,63.060001,64.139999,62.720001,63.000000,63.000000,328600
2021-08-30,63.189999,64.019997,63.189999,63.730000,63.730000,164300