Date,Open,High,Low,Close,Adj Close,Volume
2021-01-04,19.750000,19.809999,18.750000,19.080000,18.849586,1252600
2021-01-05,19.000000,20.660000,18.930000,20.219999,19.975819,2616300
2021-01-06,20.719999,22.059999,20.660000,21.450001,21.190966,1903200
2021-01-07,21.790001,22.520000,21.590000,22.360001,22.089977,1598300
2021-01-08,22.469999,22.530001,21.420000,21.790001,21.526859,1499300
2021-01-11,20.730000,21.820000,20.500000,21.750000,21.487343,1459600
2021-01-12,21.799999,22.670000,21.559999,22.650000,22.376474,1840000
2021-01-13,22.670000,22.690001,21.480000,21.480000,21.220602,1740500
2021-01-14,21.780001,21.900000,21.040001,21.100000,20.845192,1639900
2021-01-15,20.709999,20.860001,20.100000,20.709999,20.459902,1994000
2021-01-19,20.930000,21.410000,20.490000,21.400000,21.141571,1542300
2021-01-20,21.870001,22.049999,21.129999,21.490000,21.230482,1111100
2021-01-21,21.559999,21.770000,21.330000,21.500000,21.240362,1653700
2021-01-22,21.410000,21.860001,21.080000,21.500000,21.240362,1179400
2021-01-25,21.309999,21.500000,20.160000,20.879999,20.627848,1394100
2021-01-26,21.040001,21.180000,20.480000,20.540001,20.291956,920800
2021-01-27,19.820000,20.160000,19.240000,19.400000,19.165722,1610900
2021-01-28,19.719999,20.469999,19.580000,19.930000,19.689322,1570500
2021-01-29,19.809999,20.290001,18.850000,19.360001,19.126205,2475500
2021-02-01,19.620001,19.940001,19.250000,19.879999,19.639925,972000
2021-02-02,20.250000,20.790001,20.030001,20.650000,20.400625,1101000
2021-02-03,20.610001,21.420000,20.580000,21.389999,21.131689,1146500
2021-02-04,21.500000,21.799999,21.320000,21.700001,21.437948,2426500
2021-02-05,22.740000,22.740000,21.950001,22.059999,21.793598,2193400
2021-02-08,22.260000,23.570000,22.170000,23.530001,23.245848,1434900
2021-02-09,23.389999,23.600000,23.010000,23.430000,23.147055,1663300
2021-02-10,23.719999,23.719999,22.670000,22.969999,22.692608,975800
2021-02-11,23.080000,23.450001,22.010000,22.510000,22.238167,1191800
2021-02-12,22.209999,22.510000,21.969999,22.330000,22.060339,881300
2021-02-16,22.620001,22.790001,22.340000,22.629999,22.356714,764300
2021-02-17,22.309999,22.930000,22.010000,22.809999,22.534540,1049300
2021-02-18,21.490000,22.260000,20.620001,20.990000,20.736523,1888200
2021-02-19,21.760000,22.590000,21.469999,22.280001,22.010942,1784000
2021-02-22,21.980000,23.490000,21.820000,23.309999,23.028503,1740600
2021-02-23,22.990000,23.719999,22.389999,23.320000,23.038383,2003100
2021-02-24,23.530001,25.040001,23.090000,24.900000,24.599302,1553900
2021-02-25,25.139999,25.250000,23.600000,23.650000,23.364397,975000
2021-02-26,23.809999,24.190001,22.930000,23.809999,23.522465,946800
2021-03-01,24.459999,25.020000,23.879999,24.410000,24.115221,1867000
2021-03-02,24.340000,24.860001,24.120001,24.309999,24.016428,1064400
2021-03-03,24.620001,25.790001,24.430000,24.430000,24.134977,1259700
2021-03-04,24.309999,24.830000,22.680000,23.440001,23.252113,1259400
2021-03-05,24.010000,24.340000,22.620001,24.330000,24.134977,1962000
2021-03-08,24.719999,25.280001,24.260000,24.980000,24.779770,1434400
2021-03-09,25.370001,25.750000,24.670000,25.260000,25.057526,1367600
2021-03-10,25.549999,26.340000,25.299999,25.959999,25.751913,812300
2021-03-11,26.150000,26.420000,25.730000,26.020000,25.811432,861100
2021-03-12,26.299999,27.150000,26.080000,26.860001,26.644699,1163800
2021-03-15,27.160000,27.469999,26.150000,26.790001,26.575260,1085300
2021-03-16,26.590000,26.680000,25.750000,26.139999,25.930470,803400
2021-03-17,25.900000,26.850000,25.830000,26.820000,26.605019,679300
2021-03-18,26.530001,27.030001,25.469999,25.590000,25.384880,843200
2021-03-19,25.590000,25.820000,24.860001,25.299999,25.097202,2525500
2021-03-22,25.219999,25.219999,24.090000,24.530001,24.333376,1393700
2021-03-23,23.840000,24.290001,23.000000,23.280001,23.093395,1508900
2021-03-24,23.780001,24.070000,22.590000,22.600000,22.418846,1346500
2021-03-25,22.200001,23.490000,21.620001,23.290001,23.103317,1233900
2021-03-26,24.180000,24.540001,23.559999,24.500000,24.303616,969800
2021-03-29,24.490000,24.610001,23.660000,23.690001,23.500109,1016700
2021-03-30,23.809999,24.740000,23.799999,24.660000,24.462334,992000
2021-03-31,24.930000,25.000000,24.280001,24.330000,24.134977,1074000
2021-04-01,24.440001,24.600000,24.030001,24.570000,24.373056,1255700
2021-04-05,25.020000,25.280001,24.459999,24.610001,24.412735,816900
2021-04-06,24.570000,25.219999,24.510000,25.040001,24.839289,1601800
2021-04-07,24.860001,25.100000,24.049999,24.290001,24.095301,1311000
2021-04-08,24.260000,24.559999,23.750000,24.400000,24.204416,2067700
2021-04-09,25.370001,25.889999,24.809999,25.830000,25.622955,2225600
2021-04-12,26.010000,26.660000,25.700001,26.650000,26.436382,1251400
2021-04-13,26.780001,26.840000,25.230000,25.559999,25.355120,981300
2021-04-14,25.670000,26.540001,25.660000,26.490000,26.277664,1106900
2021-04-15,26.629999,26.830000,26.190001,26.650000,26.436382,790100
2021-04-16,26.920000,27.240000,26.389999,26.700001,26.485983,783600
2021-04-19,26.459999,26.770000,26.080000,26.440001,26.228067,1156500
2021-04-20,26.200001,26.290001,25.200001,25.740000,25.533676,805500
2021-04-21,25.670000,26.900000,25.330000,26.870001,26.654621,813200
2021-04-22,27.020000,27.330000,26.570000,26.790001,26.575260,1181700
2021-04-23,27.170000,27.990000,26.879999,27.700001,27.477966,1185000
2021-04-26,27.950001,28.340000,27.280001,27.290001,27.071253,1156400
2021-04-27,27.190001,27.719999,27.040001,27.670000,27.448206,723500
2021-04-28,28.420000,28.440001,27.100000,27.709999,27.487886,1143100
2021-04-29,27.980000,28.250000,26.400000,26.459999,26.247904,1354700
2021-04-30,26.059999,26.299999,25.290001,25.299999,25.097202,1552300
2021-05-03,25.900000,26.240000,25.450001,25.780001,25.573357,1483100
2021-05-04,25.389999,25.670000,24.850000,25.250000,25.047606,1008300
2021-05-05,25.430000,25.530001,24.940001,25.219999,25.017845,1344300
2021-05-06,25.150000,26.100000,24.930000,26.100000,25.993860,769400
2021-05-07,25.969999,26.770000,25.680000,26.740000,26.631256,651600
2021-05-10,26.719999,27.170000,26.280001,26.290001,26.183086,739200
2021-05-11,25.490000,26.389999,25.270000,26.049999,25.944061,685800
2021-05-12,25.700001,26.180000,25.049999,25.110001,25.007885,828000
2021-05-13,25.250000,26.549999,25.180000,26.379999,26.272720,789100
2021-05-14,26.700001,27.410000,26.490000,27.370001,27.258696,1118300
2021-05-17,27.250000,27.850000,26.889999,27.799999,27.686945,958800
2021-05-18,28.000000,28.100000,26.850000,26.879999,26.770685,606200
2021-05-19,26.110001,26.320000,25.570000,26.320000,26.212963,661400
2021-05-20,26.320000,26.400000,25.760000,26.040001,25.934103,750300
2021-05-21,26.450001,26.930000,26.260000,26.719999,26.611338,966400
2021-05-24,26.980000,26.980000,26.320000,26.360001,26.252802,588900
2021-05-25,26.389999,26.770000,25.750000,25.760000,25.655241,857900
2021-05-26,25.889999,26.350000,25.760000,26.240000,26.133289,475400
2021-05-27,26.620001,27.450001,26.540001,27.330000,27.218857,913300
2021-05-28,27.520000,27.520000,26.480000,27.129999,27.019669,689500
2021-06-01,27.389999,27.889999,27.139999,27.820000,27.706863,958700
2021-06-02,28.059999,28.129999,26.820000,26.969999,26.860321,936000
2021-06-03,27.000000,28.200001,26.809999,28.010000,27.896091,740000
2021-06-04,28.070000,28.120001,27.379999,27.900000,27.786539,763300
2021-06-07,27.830000,27.959999,27.080000,27.170000,27.059507,1143700
2021-06-08,27.010000,27.490000,26.559999,27.340000,27.228817,555500
2021-06-09,27.150000,27.180000,26.430000,26.650000,26.541622,687500
2021-06-10,26.900000,27.010000,25.879999,25.900000,25.794672,661900
2021-06-11,26.180000,26.389999,26.070000,26.330000,26.222923,421100
2021-06-14,26.260000,26.510000,25.610001,25.719999,25.615404,692000
2021-06-15,25.760000,26.059999,25.570000,25.990000,25.884306,490000
2021-06-16,25.770000,26.020000,25.250000,25.490000,25.386339,667800
2021-06-17,25.530001,25.530001,23.430000,23.750000,23.653416,1126300
2021-06-18,23.240000,23.350000,22.629999,22.959999,22.866627,2407800
2021-06-21,23.290001,23.820000,23.200001,23.410000,23.314798,1102700
2021-06-22,23.330000,23.690001,22.959999,23.559999,23.464188,943900
2021-06-23,23.629999,23.969999,23.590000,23.740000,23.643456,729700
2021-06-24,24.160000,24.299999,23.920000,24.190001,24.091627,621000
2021-06-25,24.270000,24.570000,23.900000,23.930000,23.832684,4535000
2021-06-28,24.059999,24.070000,23.309999,23.590000,23.494066,669800
2021-06-29,23.709999,24.010000,23.299999,23.500000,23.404432,671200
2021-06-30,23.270000,23.850000,23.200001,23.760000,23.663376,776000
2021-07-01,24.080000,24.469999,23.990000,24.320000,24.221098,705000
2021-07-02,24.250000,24.250000,23.670000,23.719999,23.623537,498000
2021-07-06,23.690001,23.690001,22.500000,22.760000,22.667442,818100
2021-07-07,22.650000,23.010000,22.040001,22.410000,22.318865,944300
2021-07-08,21.780001,22.400000,21.350000,21.990000,21.900574,798400
2021-07-09,22.680000,23.180000,22.450001,23.000000,22.906466,843400
2021-07-12,22.770000,23.160000,22.590000,23.049999,22.956263,629200
2021-07-13,23.020000,23.260000,22.740000,23.020000,22.926384,1577600
2021-07-14,23.270000,23.549999,22.959999,23.120001,23.025978,964200
2021-07-15,22.680000,23.299999,22.629999,23.200001,23.105654,1598600
2021-07-16,23.080000,23.299999,22.290001,22.370001,22.279028,2216900
2021-07-19,21.639999,22.490000,21.490000,22.049999,21.960329,1826100
2021-07-20,22.110001,23.360001,22.030001,23.230000,23.135530,1174300
2021-07-21,23.559999,24.059999,23.370001,23.440001,23.344677,724800
2021-07-22,23.240000,23.410000,22.620001,22.650000,22.557888,727200
2021-07-23,22.959999,23.080000,22.650000,22.799999,22.707279,638100
2021-07-26,22.950001,23.320000,22.790001,23.200001,23.105654,554300
2021-07-27,22.910000,23.040001,22.420000,22.730000,22.637564,524300
2021-07-28,22.879999,23.340000,22.610001,23.090000,22.996099,595100
2021-07-29,23.610001,24.070000,23.389999,23.799999,23.703211,779100
2021-07-30,23.900000,24.350000,23.530001,24.160000,24.061749,1094200
2021-08-02,24.559999,25.219999,23.480000,23.590000,23.494066,1394000
2021-08-03,23.610001,23.900000,23.080000,23.870001,23.772928,821900
2021-08-04,23.549999,23.559999,22.969999,22.980000,22.886547,974500
2021-08-05,23.020000,23.549999,22.990000,23.250000,23.155449,765200
2021-08-06,23.570000,23.959999,23.299999,23.780001,23.683294,783200
2021-08-09,23.490000,23.799999,23.090000,23.660000,23.563782,1118500
2021-08-10,23.580000,24.110001,23.410000,24.070000,23.972115,594500
2021-08-11,24.129999,24.610001,23.799999,24.590000,24.490000,775200
2021-08-12,24.590000,24.639999,23.990000,24.260000,24.260000,769200
2021-08-13,24.290001,24.309999,23.820000,24.049999,24.049999,305900
2021-08-16,23.750000,24.120001,23.450001,24.030001,24.030001,642600
2021-08-17,23.549999,23.660000,22.770000,23.420000,23.420000,904300
2021-08-18,23.430000,23.910000,23.340000,23.459999,23.459999,697600
2021-08-19,23.030001,23.080000,22.250000,22.450001,22.450001,869900
2021-08-20,22.350000,22.549999,22.080000,22.480000,22.480000,631600
2021-08-23,22.590000,22.790001,22.490000,22.770000,22.770000,463000
2021-08-24,22.959999,23.469999,22.959999,23.260000,23.260000,389300
2021-08-25,23.330000,23.559999,23.080000,23.360001,23.360001,569900
2021-08-26,23.430000,23.450001,22.840000,22.900000,22.900000,433100
2021-08-27,22.940001,23.969999,22.940001,23.860001,23.860001,566400
2021-08-30,24.010000,24.010000,23.379999,23.450001,23.450001,485900