Date,Open,High,Low,Close,Adj Close,Volume
2021-01-04,4.810000,4.920000,4.555000,4.630000,4.630000,3470300
2021-01-05,4.590000,4.760000,4.590000,4.680000,4.680000,4323400
2021-01-06,4.750000,4.970000,4.660000,4.890000,4.890000,4088600
2021-01-07,4.900000,5.115000,4.880000,5.100000,5.100000,3594900
2021-01-08,5.120000,5.200000,4.820000,4.970000,4.970000,4400600
2021-01-11,4.910000,5.040000,4.900000,4.930000,4.930000,2545900
2021-01-12,4.920000,4.960000,4.850000,4.940000,4.940000,2343500
2021-01-13,4.900000,5.000000,4.860000,4.890000,4.890000,2115900
2021-01-14,4.930000,4.980000,4.830000,4.920000,4.920000,2514100
2021-01-15,4.890000,4.940000,4.830000,4.890000,4.890000,2167900
2021-01-19,4.910000,4.910000,4.730000,4.850000,4.850000,2532300
2021-01-20,4.890000,4.915000,4.820000,4.880000,4.880000,3510100
2021-01-21,4.870000,4.890000,4.730000,4.750000,4.750000,3377300
2021-01-22,4.700000,4.770000,4.640000,4.770000,4.770000,4290500
2021-01-25,4.760000,4.820000,4.580000,4.750000,4.750000,4029700
2021-01-26,4.750000,4.760000,4.570000,4.630000,4.630000,3730400
2021-01-27,4.500000,4.550000,4.340000,4.430000,4.430000,13532600
2021-01-28,4.480000,4.910000,4.400000,4.900000,4.900000,9766200
2021-01-29,4.830000,5.110000,4.760000,4.960000,4.960000,17081900
2021-02-01,5.000000,5.080000,4.870000,5.020000,5.020000,4292600
2021-02-02,5.010000,5.090000,4.940000,4.970000,4.970000,3042000
2021-02-03,4.940000,5.095000,4.885000,5.050000,5.050000,4042400
2021-02-04,5.050000,5.330000,5.050000,5.320000,5.320000,6671000
2021-02-05,5.390000,5.490000,5.300000,5.440000,5.440000,3184700
2021-02-08,5.440000,5.563000,5.400000,5.550000,5.550000,4148300
2021-02-09,5.580000,5.645000,5.475000,5.540000,5.540000,2387300
2021-02-10,5.610000,5.820000,5.560000,5.590000,5.590000,4008700
2021-02-11,5.600000,5.690000,5.455000,5.560000,5.560000,2324500
2021-02-12,5.530000,5.580000,5.465000,5.510000,5.510000,2068700
2021-02-16,5.560000,5.580000,5.400000,5.430000,5.430000,2166800
2021-02-17,5.400000,5.400000,5.245000,5.290000,5.290000,3128200
2021-02-18,5.280000,5.450000,5.220000,5.250000,5.250000,5338600
2021-02-19,5.290000,5.625000,5.280000,5.580000,5.580000,4442100
2021-02-22,5.600000,5.970000,5.590000,5.900000,5.900000,9783400
2021-02-23,5.890000,5.910000,5.590000,5.710000,5.710000,5487600
2021-02-24,5.710000,6.130000,5.690000,6.110000,6.110000,9117500
2021-02-25,6.040000,6.160000,5.730000,5.850000,5.850000,5294100
2021-02-26,5.960000,6.060000,5.810000,5.920000,5.920000,4361500
2021-03-01,6.080000,6.190000,6.050000,6.090000,6.090000,2831100
2021-03-02,6.070000,6.130000,5.950000,5.950000,5.950000,1881900
2021-03-03,5.930000,6.020000,5.870000,5.900000,5.900000,3277300
2021-03-04,5.890000,6.050000,5.635000,5.810000,5.810000,6214100
2021-03-05,5.950000,6.020000,5.695000,6.000000,6.000000,5305500
2021-03-08,6.020000,6.370000,6.020000,6.220000,6.220000,5026200
2021-03-09,6.560000,6.865000,6.255000,6.680000,6.680000,8112200
2021-03-10,6.590000,6.910000,6.560000,6.680000,6.680000,5030400
2021-03-11,6.650000,6.850000,6.530000,6.800000,6.800000,4219800
2021-03-12,6.800000,6.970000,6.770000,6.970000,6.970000,3281600
2021-03-15,6.930000,7.003000,6.635000,6.730000,6.730000,4435300
2021-03-16,6.700000,6.820000,6.560000,6.620000,6.620000,2665200
2021-03-17,6.580000,6.790000,6.480000,6.750000,6.750000,3083300
2021-03-18,6.700000,6.740000,6.410000,6.470000,6.470000,2305000
2021-03-19,6.490000,6.750000,6.350000,6.700000,6.700000,6606900
2021-03-22,6.680000,6.685000,6.410000,6.560000,6.560000,2493700
2021-03-23,6.500000,6.580000,6.160000,6.230000,6.230000,1982400
2021-03-24,6.300000,6.475000,6.060000,6.060000,6.060000,2354200
2021-03-25,5.970000,6.410000,5.790000,6.370000,6.370000,3287800
2021-03-26,6.420000,6.460000,6.110000,6.230000,6.230000,1865200
2021-03-29,6.210000,6.310000,6.010000,6.150000,6.150000,2871400
2021-03-30,6.170000,6.415000,6.150000,6.390000,6.390000,2706200
2021-03-31,6.390000,6.580000,6.370000,6.480000,6.480000,4669100
2021-04-01,6.540000,6.720000,6.500000,6.720000,6.720000,2441700
2021-04-05,6.760000,6.860000,6.650000,6.710000,6.710000,2994600
2021-04-06,6.710000,6.900000,6.700000,6.800000,6.800000,2538600
2021-04-07,6.800000,6.885000,6.660000,6.700000,6.700000,1706800
2021-04-08,6.700000,6.830000,6.647000,6.760000,6.760000,2772300
2021-04-09,6.740000,6.765000,6.590000,6.720000,6.720000,1583000
2021-04-12,6.700000,6.750000,6.555000,6.670000,6.670000,1067000
2021-04-13,6.730000,6.760000,6.520000,6.690000,6.690000,1799100
2021-04-14,6.700000,6.850000,6.670000,6.700000,6.700000,1931100
2021-04-15,6.780000,6.790000,6.660000,6.760000,6.760000,1769300
2021-04-16,6.820000,6.958000,6.780000,6.800000,6.800000,2035500
2021-04-19,6.750000,6.860000,6.640000,6.840000,6.840000,2825600
2021-04-20,6.840000,6.850000,6.460000,6.650000,6.650000,3116000
2021-04-21,6.600000,6.730000,6.425000,6.560000,6.560000,4999500
2021-04-22,6.650000,6.890000,6.580000,6.740000,6.740000,3539400
2021-04-23,6.810000,7.065000,6.700000,6.910000,6.910000,7092100
2021-04-26,6.980000,7.040000,6.865000,6.900000,6.900000,1769400
2021-04-27,6.910000,7.120000,6.840000,7.110000,7.110000,2537700
2021-04-28,7.100000,7.220000,7.065000,7.120000,7.120000,2329700
2021-04-29,7.130000,7.210000,6.930000,7.020000,7.020000,1879000
2021-04-30,7.000000,7.020000,6.855000,7.000000,7.000000,3404500
2021-05-03,7.100000,7.160000,6.980000,7.110000,7.110000,1927100
2021-05-04,7.060000,7.080000,6.925000,7.000000,7.000000,2664100
2021-05-05,7.000000,7.150000,6.955000,7.020000,7.020000,2064100
2021-05-06,7.000000,7.050000,6.755000,6.880000,6.880000,4056900
2021-05-07,6.930000,7.050000,6.850000,7.000000,7.000000,2591100
2021-05-10,6.990000,7.070000,6.600000,6.600000,6.600000,4117700
2021-05-11,6.500000,6.640000,6.380000,6.510000,6.510000,4827900
2021-05-12,6.510000,6.560000,6.230000,6.260000,6.260000,3333500
2021-05-13,6.270000,6.460000,6.180000,6.250000,6.250000,3529400
2021-05-14,6.340000,6.570000,6.310000,6.520000,6.520000,3184900
2021-05-17,6.500000,6.640000,6.350000,6.550000,6.550000,1977800
2021-05-18,6.590000,6.730000,6.520000,6.540000,6.540000,1541500
2021-05-19,6.420000,6.440000,6.310000,6.410000,6.410000,3412000
2021-05-20,6.400000,6.530000,6.315000,6.530000,6.530000,1845900
2021-05-21,6.660000,6.778000,6.640000,6.680000,6.680000,1812400
2021-05-24,6.710000,6.850000,6.660000,6.820000,6.820000,2176300
2021-05-25,6.930000,6.930000,6.680000,6.680000,6.680000,2594000
2021-05-26,6.710000,6.840000,6.630000,6.790000,6.790000,1797600
2021-05-27,6.910000,7.100000,6.820000,7.020000,7.020000,4794800
2021-05-28,7.030000,7.060000,6.840000,6.870000,6.870000,2134400
2021-06-01,6.900000,6.970000,6.820000,6.950000,6.950000,2114400
2021-06-02,6.970000,7.150000,6.880000,7.140000,7.140000,2499200
2021-06-03,7.120000,7.120000,6.910000,7.010000,7.010000,3400100
2021-06-04,7.100000,7.550000,7.090000,7.320000,7.320000,10328300
2021-06-07,7.350000,7.610000,7.280000,7.550000,7.550000,5271000
2021-06-08,7.630000,8.096000,7.453000,7.930000,7.930000,6769400
2021-06-09,7.900000,8.238000,7.845000,8.190000,8.190000,7285500
2021-06-10,8.250000,8.270000,8.020000,8.040000,8.040000,3011000
2021-06-11,8.010000,8.060000,7.861000,7.940000,7.940000,2108800
2021-06-14,7.950000,8.005000,7.825000,7.900000,7.900000,2248200
2021-06-15,7.860000,7.930000,7.630000,7.840000,7.840000,3058900
2021-06-16,7.810000,7.970000,7.730000,7.960000,7.960000,2874400
2021-06-17,7.980000,8.065000,7.850000,8.030000,8.030000,2630500
2021-06-18,7.910000,8.190000,7.890000,7.980000,7.980000,12751000
2021-06-21,8.110000,8.695000,8.060000,8.500000,8.500000,7108100
2021-06-22,8.110000,8.540000,8.065000,8.420000,8.420000,2489900
2021-06-23,8.440000,8.490000,8.230000,8.230000,8.230000,3174500
2021-06-24,8.310000,8.410000,8.160000,8.280000,8.280000,3845000
2021-06-25,8.340000,8.360000,8.130000,8.200000,8.200000,7906700
2021-06-28,8.300000,8.300000,7.865000,7.970000,7.970000,3041000
2021-06-29,7.960000,8.055000,7.910000,7.980000,7.980000,1534900
2021-06-30,7.950000,8.010000,7.850000,7.900000,7.900000,2909300
2021-07-01,7.930000,8.070000,7.880000,7.960000,7.960000,1422300
2021-07-02,8.030000,8.080000,7.890000,7.900000,7.900000,1326200
2021-07-06,7.900000,7.980000,7.655000,7.960000,7.960000,1708600
2021-07-07,7.920000,7.990000,7.740000,7.810000,7.810000,1974300
2021-07-08,7.610000,7.700000,7.470000,7.530000,7.530000,1857600
2021-07-09,7.620000,7.720000,7.540000,7.690000,7.690000,1288300
2021-07-12,7.700000,7.905000,7.615000,7.890000,7.890000,2178600
2021-07-13,7.840000,7.840000,7.550000,7.550000,7.550000,1478000
2021-07-14,7.550000,7.690000,7.355000,7.360000,7.360000,1581800
2021-07-15,7.370000,7.440000,7.200000,7.400000,7.400000,1581100
2021-07-16,7.450000,7.532000,7.200000,7.240000,7.240000,1916200
2021-07-19,7.100000,7.175000,6.900000,7.030000,7.030000,9009400
2021-07-20,7.040000,7.300000,6.840000,6.930000,6.930000,12412500
2021-07-21,7.010000,7.220000,6.740000,6.870000,6.870000,11158600
2021-07-22,6.900000,6.970000,6.780000,6.820000,6.820000,5139600
2021-07-23,6.900000,6.970000,6.720000,6.760000,6.760000,4153300
2021-07-26,6.770000,6.910000,6.700000,6.880000,6.880000,2395500
2021-07-27,6.860000,6.920000,6.655000,6.690000,6.690000,2881500
2021-07-28,6.780000,6.870000,6.635000,6.730000,6.730000,2470300
2021-07-29,6.770000,6.980000,6.740000,6.840000,6.840000,7135700
2021-07-30,6.840000,7.080000,6.831000,6.960000,6.960000,3906000
2021-08-02,6.970000,7.040000,6.690000,6.810000,6.810000,2926300
2021-08-03,6.860000,6.860000,6.640000,6.760000,6.760000,1472900
2021-08-04,6.690000,6.880000,6.680000,6.820000,6.820000,2255000
2021-08-05,6.800000,7.030000,6.800000,6.980000,6.980000,2593400
2021-08-06,6.960000,7.120000,6.650000,7.060000,7.060000,3954900
2021-08-09,7.030000,7.130000,6.860000,7.000000,7.000000,3433700
2021-08-10,7.060000,7.250000,6.970000,7.130000,7.130000,1905000
2021-08-11,7.070000,7.265000,7.070000,7.190000,7.190000,1726900
2021-08-12,7.240000,7.245000,7.020000,7.150000,7.150000,2329600
2021-08-13,7.140000,7.150000,6.995000,7.020000,7.020000,1231200
2021-08-16,6.990000,6.990000,6.820000,6.890000,6.890000,2509300
2021-08-17,6.800000,6.870000,6.700000,6.790000,6.790000,2765500
2021-08-18,6.760000,6.820000,6.645000,6.750000,6.750000,1868000
2021-08-19,6.630000,6.740000,6.610000,6.660000,6.660000,2795900
2021-08-20,6.620000,6.830000,6.610000,6.800000,6.800000,2041400
2021-08-23,6.850000,6.930000,6.745000,6.880000,6.880000,1883300
2021-08-24,6.900000,6.920000,6.780000,6.810000,6.810000,2435600
2021-08-25,6.810000,7.020000,6.785000,6.950000,6.950000,1659600
2021-08-26,6.920000,6.920000,6.725000,6.770000,6.770000,1806600
2021-08-27,6.750000,7.085000,6.750000,7.010000,7.010000,2152800
2021-08-30,7.010000,7.045000,6.850000,6.880000,6.880000,1539300