Date,Open,High,Low,Close,Adj Close,Volume
2021-01-04,10.730000,10.810000,10.280000,10.470000,10.470000,2383700
2021-01-05,10.380000,11.110000,10.370000,10.890000,10.890000,2105000
2021-01-06,10.860000,11.500000,10.790000,11.240000,11.240000,3040400
2021-01-07,12.360000,25.330000,12.360000,22.959999,22.959999,193566700
2021-01-08,21.090000,31.450001,19.600000,23.530001,23.530001,133731200
2021-01-11,22.459999,28.500000,22.389999,27.590000,27.590000,60131100
2021-01-12,27.410000,28.400000,23.680000,24.240000,24.240000,21375900
2021-01-13,24.400000,25.549999,23.030001,23.500000,23.500000,10546300
2021-01-14,23.500000,32.130001,23.450001,32.009998,32.009998,36068000
2021-01-15,28.270000,31.500000,28.129999,28.250000,28.250000,21067900
2021-01-19,29.540001,33.500000,29.530001,30.990000,30.990000,15703000
2021-01-20,31.500000,32.689999,30.400000,30.719999,30.719999,9110900
2021-01-21,31.000000,32.660000,29.660000,31.379999,31.379999,6710200
2021-01-22,30.100000,35.360001,30.049999,34.480000,34.480000,15823200
2021-01-25,36.029999,38.959999,34.299999,36.509998,36.509998,12319900
2021-01-26,36.580002,37.270000,34.799999,37.189999,37.189999,8268600
2021-01-27,35.889999,44.169998,35.580002,42.230000,42.230000,12080100
2021-01-28,40.750000,41.799999,33.549999,37.990002,37.990002,11927700
2021-01-29,37.799999,39.990002,35.540001,35.540001,35.540001,6920800
2021-02-01,36.000000,40.020000,35.849998,38.910000,38.910000,7757000
2021-02-02,39.320000,39.570000,36.880001,38.860001,38.860001,4566200
2021-02-03,38.790001,46.119999,38.790001,43.730000,43.730000,9915500
2021-02-04,43.919998,46.680000,42.849998,44.400002,44.400002,5313200
2021-02-05,45.000000,48.590000,43.150002,47.950001,47.950001,6061800
2021-02-08,47.939999,52.880001,47.099998,52.349998,52.349998,7198500
2021-02-09,51.990002,55.959999,49.110001,55.349998,55.349998,7383200
2021-02-10,55.020000,56.500000,49.000000,51.480000,51.480000,7259000
2021-02-11,52.939999,54.889999,47.110001,49.939999,49.939999,6150400
2021-02-12,48.480000,49.490002,45.560001,47.880001,47.880001,5392100
2021-02-16,48.080002,50.790001,47.540001,47.849998,47.849998,4380200
2021-02-17,46.130001,47.610001,43.000000,45.070000,45.070000,5022800
2021-02-18,42.040001,44.009998,40.049999,41.410000,41.410000,5558200
2021-02-19,41.950001,45.549999,41.860001,43.189999,43.189999,4020500
2021-02-22,42.740002,44.590000,39.900002,40.349998,40.349998,4459900
2021-02-23,36.009998,37.939999,32.590000,36.500000,36.500000,7729500
2021-02-24,35.950001,38.240002,33.759998,37.439999,37.439999,5640900
2021-02-25,38.110001,39.669998,34.410000,35.869999,35.869999,4383100
2021-02-26,35.830002,37.990002,34.400002,35.840000,35.840000,3804500
2021-03-01,38.700001,39.230000,37.000000,38.790001,38.790001,3756500
2021-03-02,37.340000,38.169998,31.040001,31.170000,31.170000,8014800
2021-03-03,31.879999,32.680000,27.170000,27.490000,27.490000,8071400
2021-03-04,26.190001,29.100000,24.620001,25.629999,25.629999,8845900
2021-03-05,26.400000,26.469999,22.000000,24.750000,24.750000,8091600
2021-03-08,24.809999,25.620001,22.730000,22.870001,22.870001,5530800
2021-03-09,23.990000,26.620001,23.520000,26.010000,26.010000,7522600
2021-03-10,26.700001,27.860001,25.450001,26.510000,26.510000,4779000
2021-03-11,28.000000,29.920000,27.340000,29.920000,29.920000,5266900
2021-03-12,29.680000,31.790001,29.049999,31.139999,31.139999,5749900
2021-03-15,32.389999,33.720001,31.870001,32.740002,32.740002,5036000
2021-03-16,33.500000,34.250000,29.360001,29.879999,29.879999,5390600
2021-03-17,28.820000,32.650002,28.309999,32.220001,32.220001,3186500
2021-03-18,31.549999,31.990000,29.600000,29.850000,29.850000,3406900
2021-03-19,29.570000,30.379999,28.360001,28.760000,28.760000,6873700
2021-03-22,30.170000,30.170000,28.139999,29.010000,29.010000,2635500
2021-03-23,29.080000,29.570000,25.969999,26.219999,26.219999,4366400
2021-03-24,27.500000,27.900000,24.420000,24.650000,24.650000,4109600
2021-03-25,23.760000,27.260000,23.350000,26.950001,26.950001,4286100
2021-03-26,26.820000,27.450001,25.420000,27.000000,27.000000,3020500
2021-03-29,26.700001,27.139999,24.860001,25.100000,25.100000,2786400
2021-03-30,25.080000,26.389999,24.500000,26.100000,26.100000,2328100
2021-03-31,26.709999,27.879999,26.680000,27.440001,27.440001,3238200
2021-04-01,28.490000,28.969999,26.840000,27.049999,27.049999,2871800
2021-04-05,27.400000,28.170000,26.709999,27.090000,27.090000,2208600
2021-04-06,27.120001,27.180000,25.900000,26.270000,26.270000,2605700
2021-04-07,25.940001,26.190001,24.120001,24.420000,24.420000,2763400
2021-04-08,24.690001,24.900000,23.700001,24.070000,24.070000,1889000
2021-04-09,24.000000,24.000000,23.299999,23.900000,23.900000,1520100
2021-04-12,23.719999,23.770000,22.110001,22.160000,22.160000,3507300
2021-04-13,22.450001,23.280001,22.059999,22.969999,22.969999,3406400
2021-04-14,23.049999,24.590000,22.799999,22.950001,22.950001,2945300
2021-04-15,23.360001,23.360001,20.799999,21.030001,21.030001,4866900
2021-04-16,20.719999,21.700001,20.200001,21.330000,21.330000,3449700
2021-04-19,20.680000,20.770000,18.459999,18.940001,18.940001,5765400
2021-04-20,19.080000,19.950001,18.799999,19.350000,19.350000,3459100
2021-04-21,19.000000,21.680000,18.590000,21.660000,21.660000,4918700
2021-04-22,22.309999,22.850000,21.389999,21.580000,21.580000,5338100
2021-04-23,21.870001,22.629999,21.250000,22.180000,22.180000,2625500
2021-04-26,22.450001,23.469999,22.209999,23.150000,23.150000,2729100
2021-04-27,23.379999,23.450001,22.450001,22.959999,22.959999,2346500
2021-04-28,22.719999,23.160000,22.100000,22.830000,22.830000,1177100
2021-04-29,23.000000,23.000000,21.520000,21.990000,21.990000,2195600
2021-04-30,21.750000,22.370001,21.270000,21.540001,21.540001,2158500
2021-05-03,21.430000,21.580000,20.370001,20.450001,20.450001,2866600
2021-05-04,20.120001,20.120001,19.059999,19.530001,19.530001,2639300
2021-05-05,19.700001,20.250000,18.889999,19.030001,19.030001,2192300
2021-05-06,19.120001,19.120001,17.959999,18.420000,18.420000,3572000
2021-05-07,18.650000,19.650000,18.459999,19.209999,19.209999,2571600
2021-05-10,18.950001,18.990000,17.469999,17.770000,17.770000,5557200
2021-05-11,20.280001,24.290001,19.700001,24.030001,24.030001,60233200
2021-05-12,23.170000,23.650000,20.580000,21.020000,21.020000,15565400
2021-05-13,21.299999,22.639999,19.200001,20.120001,20.120001,9182200
2021-05-14,20.280001,22.389999,20.260000,22.330000,22.330000,5699900
2021-05-17,22.500000,23.850000,22.139999,22.709999,22.709999,6898400
2021-05-18,22.670000,26.450001,22.430000,24.969999,24.969999,15646800
2021-05-19,23.459999,25.250000,23.129999,24.709999,24.709999,7518600
2021-05-20,25.110001,25.780001,23.809999,24.950001,24.950001,4949200
2021-05-21,25.610001,27.850000,25.410000,27.139999,27.139999,11306600
2021-05-24,26.600000,28.530001,25.820000,27.910000,27.910000,7626300
2021-05-25,28.190001,28.790001,26.570000,26.969999,26.969999,5821400
2021-05-26,27.290001,29.879999,27.100000,29.370001,29.370001,6787900
2021-05-27,28.950001,31.120001,28.559999,30.889999,30.889999,5654200
2021-05-28,31.000000,32.500000,29.219999,29.410000,29.410000,6970700
2021-06-01,29.930000,30.250000,28.570000,29.049999,29.049999,4080300
2021-06-02,29.309999,33.000000,29.170000,32.340000,32.340000,7197600
2021-06-03,31.559999,32.470001,30.010000,30.240000,30.240000,5220600
2021-06-04,30.559999,30.719999,29.350000,30.000000,30.000000,3473800
2021-06-07,30.049999,31.709999,29.360001,31.360001,31.360001,3298600
2021-06-08,31.549999,31.980000,30.340000,31.139999,31.139999,3411000
2021-06-09,31.450001,31.690001,29.780001,29.860001,29.860001,3265300
2021-06-10,29.820000,30.500000,28.780001,29.299999,29.299999,2646200
2021-06-11,29.610001,31.010000,29.360001,29.830000,29.830000,2413000
2021-06-14,30.020000,30.639999,28.750000,29.350000,29.350000,2842300
2021-06-15,29.270000,29.410000,27.320000,27.860001,27.860001,3183100
2021-06-16,27.129999,28.059999,26.850000,28.000000,28.000000,2437800
2021-06-17,27.680000,29.270000,27.559999,29.020000,29.020000,3183500
2021-06-18,28.830000,29.400000,27.430000,27.950001,27.950001,4425100
2021-06-21,28.180000,28.879999,27.270000,28.879999,28.879999,3489800
2021-06-22,29.600000,38.549999,29.600000,36.869999,36.869999,41662400
2021-06-23,36.209999,38.340000,35.820000,38.040001,38.040001,11697500
2021-06-24,38.220001,39.389999,36.180000,38.119999,38.119999,6200600
2021-06-25,38.200001,41.480000,37.310001,39.299999,39.299999,14728700
2021-06-28,39.259998,41.450001,39.180000,40.060001,40.060001,4133500
2021-06-29,40.459999,41.450001,38.160000,38.400002,38.400002,3400000
2021-06-30,38.000000,40.139999,36.630001,39.970001,39.970001,4597900
2021-07-01,40.419998,40.529999,37.330002,38.500000,38.500000,3079700
2021-07-02,39.000000,39.900002,36.049999,36.110001,36.110001,3351300
2021-07-06,36.250000,37.619999,34.180000,36.000000,36.000000,3971500
2021-07-07,35.980000,36.150002,33.810001,34.049999,34.049999,2305700
2021-07-08,32.880001,34.939999,32.169998,34.220001,34.220001,4403500
2021-07-09,34.150002,34.730000,33.310001,34.410000,34.410000,1937100
2021-07-12,34.599998,35.980000,30.889999,31.100000,31.100000,5545900
2021-07-13,30.700001,31.080000,29.450001,29.459999,29.459999,3539200
2021-07-14,29.629999,31.500000,28.430000,28.650000,28.650000,5729500
2021-07-15,28.750000,29.110001,26.879999,27.270000,27.270000,3541500
2021-07-16,27.370001,27.719999,25.219999,25.299999,25.299999,3773300
2021-07-19,24.500000,26.480000,24.120001,25.900000,25.900000,4203400
2021-07-20,25.900000,26.990000,24.930000,26.639999,26.639999,2969600
2021-07-21,26.799999,27.879999,26.520000,27.580000,27.580000,2423700
2021-07-22,27.510000,27.700001,25.650000,25.990000,25.990000,2661600
2021-07-23,26.049999,26.290001,25.120001,25.820000,25.820000,2023900
2021-07-26,25.799999,25.840000,24.040001,24.820000,24.820000,4096700
2021-07-27,24.549999,25.170000,23.240000,24.940001,24.940001,3073500
2021-07-28,25.320000,27.040001,25.240000,26.730000,26.730000,3941800
2021-07-29,27.219999,28.280001,26.610001,27.770000,27.770000,4303400
2021-07-30,27.240000,28.129999,27.100000,27.540001,27.540001,2366000
2021-08-02,27.910000,28.389999,27.260000,27.510000,27.510000,1872900
2021-08-03,27.340000,27.500000,25.860001,26.600000,26.600000,1877700
2021-08-04,26.490000,27.299999,26.209999,26.290001,26.290001,1488500
2021-08-05,26.959999,29.459999,26.629999,28.070000,28.070000,3681200
2021-08-06,28.160000,28.400000,27.250000,27.660000,27.660000,1523900
2021-08-09,27.670000,28.730000,27.400000,28.350000,28.350000,3376700
2021-08-10,32.549999,40.400002,32.009998,34.439999,34.439999,43649200
2021-08-11,34.590000,36.200001,32.849998,33.840000,33.840000,10757100
2021-08-12,33.270000,34.029999,32.560001,33.270000,33.270000,3277700
2021-08-13,33.139999,33.200001,30.030001,30.139999,30.139999,4293600
2021-08-16,29.950001,30.780001,28.629999,28.760000,28.760000,4479200
2021-08-17,29.010000,29.850000,27.230000,27.600000,27.600000,3960600
2021-08-18,28.190001,29.750000,27.879999,28.120001,28.120001,3587800
2021-08-19,27.790001,28.469999,26.910000,27.230000,27.230000,2614300
2021-08-20,27.180000,27.950001,26.820000,27.889999,27.889999,2220100
2021-08-23,28.120001,29.290001,27.620001,29.209999,29.209999,2919800
2021-08-24,29.320000,30.420000,28.990000,30.209999,30.209999,3183000
2021-08-25,29.750000,30.820000,28.950001,29.650000,29.650000,2538000
2021-08-26,29.410000,30.700001,28.620001,28.709999,28.709999,1918300
2021-08-27,28.799999,30.330000,28.680000,29.990000,29.990000,2081200
2021-08-30,30.379999,31.200001,29.389999,30.129999,30.129999,2345700