Date,Open,High,Low,Close,Adj Close,Volume
2021-01-04,25.650000,27.200001,25.650000,26.809999,26.809999,420000
2021-01-05,27.160000,28.299999,26.844999,27.660000,27.660000,444100
2021-01-06,27.760000,30.000000,27.450001,29.299999,29.299999,1389000
2021-01-07,29.290001,29.990000,28.480000,28.780001,28.780001,565700
2021-01-08,27.520000,28.295000,26.139999,27.990000,27.990000,341800
2021-01-11,27.860001,28.280001,26.950001,28.000000,28.000000,170000
2021-01-12,27.969999,28.549999,27.139999,27.980000,27.980000,495100
2021-01-13,28.059999,28.059999,26.735001,27.280001,27.280001,842100
2021-01-14,27.340000,28.860001,27.309999,28.670000,28.670000,614700
2021-01-15,28.170000,28.650000,27.139999,27.900000,27.900000,473300
2021-01-19,28.230000,28.600000,27.510000,27.760000,27.760000,332800
2021-01-20,28.170000,29.389999,28.000000,28.700001,28.700001,291500
2021-01-21,28.629999,30.070000,27.520000,29.180000,29.180000,483700
2021-01-22,28.709999,31.490000,28.020000,31.150000,31.150000,922300
2021-01-25,31.340000,32.950001,30.400000,32.500000,32.500000,677600
2021-01-26,32.500000,33.398998,30.510000,30.620001,30.620001,791100
2021-01-27,30.090000,30.680000,28.035000,28.600000,28.600000,674900
2021-01-28,28.090000,28.920000,27.610001,28.860001,28.860001,656300
2021-01-29,28.990000,30.389999,28.559999,28.610001,28.610001,497600
2021-02-01,28.700001,30.809999,28.700001,30.080000,30.080000,467300
2021-02-02,30.680000,31.290001,30.059999,31.000000,31.000000,366100
2021-02-03,31.280001,33.044998,30.920000,32.250000,32.250000,694400
2021-02-04,32.650002,32.869999,31.830000,32.619999,32.619999,271900
2021-02-05,33.040001,33.939999,32.544998,33.060001,33.060001,419400
2021-02-08,33.009998,34.130001,33.000000,33.599998,33.599998,962900
2021-02-09,33.529999,34.200001,33.105000,33.910000,33.910000,542300
2021-02-10,34.250000,35.965000,33.930000,35.110001,35.110001,1090000
2021-02-11,35.000000,36.509998,34.310001,36.240002,36.240002,594600
2021-02-12,36.080002,38.320000,35.549999,37.770000,37.770000,297900
2021-02-16,38.330002,38.759998,37.250000,37.919998,37.919998,586900
2021-02-17,37.860001,39.167999,37.580002,38.759998,38.759998,845900
2021-02-18,38.700001,38.900002,37.000000,38.189999,38.189999,519600
2021-02-19,38.220001,39.040001,38.220001,39.009998,39.009998,626300
2021-02-22,39.189999,40.570000,39.080002,40.020000,40.020000,819000
2021-02-23,39.709999,42.000000,37.090000,41.570000,41.570000,884000
2021-02-24,41.660000,44.610001,41.660000,43.619999,43.619999,909400
2021-02-25,43.830002,45.099998,42.410000,43.430000,43.430000,653800
2021-02-26,43.730000,43.990002,41.410000,42.750000,42.750000,487800
2021-03-01,43.189999,44.200001,41.660000,42.139999,42.139999,585300
2021-03-02,42.209999,43.619999,41.599998,43.090000,43.090000,662300
2021-03-03,43.759998,46.264999,43.215000,44.139999,44.139999,4738200
2021-03-04,44.509998,45.290001,43.305000,44.279999,44.279999,1924800
2021-03-05,45.389999,46.130001,41.799999,43.150002,43.150002,801200
2021-03-08,42.910000,43.110001,38.029999,39.500000,39.500000,956600
2021-03-09,39.310001,42.840000,38.049999,41.000000,41.000000,400300
2021-03-10,40.680000,42.619999,40.345001,42.470001,42.470001,518100
2021-03-11,43.259998,43.389999,41.299999,42.730000,42.730000,695800
2021-03-12,42.570000,44.270000,41.660000,43.630001,43.630001,711200
2021-03-15,44.049999,44.529999,42.599998,43.130001,43.130001,570900
2021-03-16,42.500000,42.930000,40.209999,41.299999,41.299999,574800
2021-03-17,40.790001,43.396999,40.630001,41.869999,41.869999,878300
2021-03-18,41.549999,42.520000,38.689999,39.200001,39.200001,780500
2021-03-19,39.209999,41.904999,39.209999,41.599998,41.599998,2859500
2021-03-22,41.139999,43.650002,40.110001,43.270000,43.270000,836200
2021-03-23,42.099998,43.470001,41.220001,41.259998,41.259998,682900
2021-03-24,42.020000,44.080002,41.570000,43.360001,43.360001,1236800
2021-03-25,43.070000,43.889999,41.049999,43.580002,43.580002,1963000
2021-03-26,44.500000,47.830002,44.500000,45.419998,45.419998,1975500
2021-03-29,45.549999,46.490002,44.189999,45.299999,45.299999,726100
2021-03-30,45.099998,46.889999,44.730000,46.119999,46.119999,961300
2021-03-31,46.299999,48.419998,46.000000,47.889999,47.889999,1165700
2021-04-01,48.230000,51.299999,47.700001,50.869999,50.869999,1568200
2021-04-05,51.040001,51.709999,47.889999,48.759998,48.759998,646300
2021-04-06,48.810001,49.380001,47.709999,48.950001,48.950001,941400
2021-04-07,48.450001,49.500000,45.080002,45.939999,45.939999,1255300
2021-04-08,45.419998,46.180000,43.439999,45.549999,45.549999,864900
2021-04-09,45.680000,46.759998,45.560001,46.220001,46.220001,874900
2021-04-12,46.380001,48.619999,45.919998,46.270000,46.270000,550300
2021-04-13,46.349998,47.250000,44.709999,47.000000,47.000000,308800
2021-04-14,48.320000,51.180000,48.275002,49.980000,49.980000,925300
2021-04-15,50.009998,50.985001,49.430000,49.930000,49.930000,810600
2021-04-16,50.080002,50.990002,48.049999,48.400002,48.400002,620700
2021-04-19,48.599998,49.630001,48.259998,48.880001,48.880001,380400
2021-04-20,49.080002,49.669998,46.035000,47.889999,47.889999,504900
2021-04-21,46.700001,49.599998,46.700001,49.049999,49.049999,411900
2021-04-22,49.270000,50.330002,48.865002,49.520000,49.520000,390800
2021-04-23,49.770000,50.599998,49.320000,49.980000,49.980000,506400
2021-04-26,50.230000,54.000000,50.150002,52.660000,52.660000,1229300
2021-04-27,53.110001,55.000000,52.290001,53.540001,53.540001,693400
2021-04-28,53.450001,55.419998,52.860001,54.369999,54.369999,987100
2021-04-29,55.259998,55.549999,52.924999,53.959999,53.959999,826500
2021-04-30,53.000000,55.250000,53.000000,54.410000,54.410000,786900
2021-05-03,54.830002,57.060001,54.480000,56.000000,56.000000,786000
2021-05-04,55.779999,56.680000,53.820000,55.619999,55.619999,552200
2021-05-05,56.290001,56.480000,54.570000,55.410000,55.410000,751600
2021-05-06,54.880001,57.790001,53.160000,57.000000,57.000000,759100
2021-05-07,57.060001,59.730000,56.310001,58.810001,58.810001,1842800
2021-05-10,59.630001,61.500000,56.090000,56.360001,56.360001,517700
2021-05-11,55.290001,57.549999,53.150002,56.740002,56.740002,1172900
2021-05-12,56.779999,59.625999,55.220001,55.500000,55.500000,963500
2021-05-13,54.680000,56.240002,52.349998,53.000000,53.000000,482100
2021-05-14,52.500000,53.525002,50.540001,51.750000,51.750000,839300
2021-05-17,51.520000,55.669998,51.520000,55.459999,55.459999,572100
2021-05-18,56.349998,59.220001,56.160000,57.500000,57.500000,1031200
2021-05-19,55.959999,58.070000,55.209999,57.700001,57.700001,4210700
2021-05-20,57.869999,60.910000,56.980000,60.810001,60.810001,1328200
2021-05-21,62.029999,63.869999,60.842999,62.200001,62.200001,1001800
2021-05-24,62.869999,64.129997,61.290001,63.900002,63.900002,758500
2021-05-25,64.610001,65.085999,62.200001,63.290001,63.290001,664600
2021-05-26,62.740002,64.389999,62.049999,63.709999,63.709999,691100
2021-05-27,64.339996,66.000000,63.709999,65.949997,65.949997,1359500
2021-05-28,65.959999,68.029999,65.769997,67.019997,67.019997,646600
2021-06-01,67.690002,71.660004,67.690002,70.019997,70.019997,1218700
2021-06-02,70.449997,71.410004,67.510002,68.410004,68.410004,1022900
2021-06-03,67.970001,69.820000,67.279999,68.839996,68.839996,1058200
2021-06-04,69.599998,69.720001,67.430000,69.389999,69.389999,883000
2021-06-07,70.180000,71.589996,69.550003,70.389999,70.389999,1958000
2021-06-08,69.389999,70.735001,68.449997,70.370003,70.370003,1096700
2021-06-09,70.080002,71.449997,67.680000,70.300003,70.300003,560700
2021-06-10,71.430000,71.699997,69.279999,70.019997,70.019997,420000
2021-06-11,72.169998,73.769997,70.250000,73.489998,73.489998,1535900
2021-06-14,74.370003,75.129997,73.059998,74.330002,74.330002,984300
2021-06-15,74.500000,75.489998,73.669998,75.000000,75.000000,715100
2021-06-16,75.500000,75.739998,74.000000,75.000000,75.000000,1715700
2021-06-17,74.620003,75.760002,65.800003,72.029999,72.029999,2094100
2021-06-18,70.440002,75.820000,70.400002,75.379997,75.379997,2683300
2021-06-21,75.320000,78.820000,74.510002,78.400002,78.400002,2163500
2021-06-22,77.849998,79.004997,75.930000,78.769997,78.769997,1518900
2021-06-23,79.519997,80.269997,76.750000,76.959999,76.959999,1841800
2021-06-24,78.019997,81.370003,76.669998,80.910004,80.910004,1290100
2021-06-25,81.239998,81.260002,78.970001,79.959999,79.959999,7368500
2021-06-28,79.260002,79.260002,73.820000,74.730003,74.730003,993200
2021-06-29,75.970001,76.650002,73.660004,73.809998,73.809998,693400
2021-06-30,73.809998,76.820000,73.809998,76.779999,76.779999,595900
2021-07-01,79.000000,79.940002,77.555000,78.180000,78.180000,924400
2021-07-02,78.000000,78.650002,75.550003,75.690002,75.690002,541100
2021-07-06,75.800003,76.629997,71.529999,73.370003,73.370003,778900
2021-07-07,72.639999,73.250000,68.080002,70.650002,70.650002,1002800
2021-07-08,68.809998,72.330002,68.047997,71.449997,71.449997,653100
2021-07-09,72.010002,72.510002,71.000000,72.000000,72.000000,400700
2021-07-12,70.959999,72.410004,70.510002,72.000000,72.000000,284900
2021-07-13,72.559998,74.309998,71.139999,72.980003,72.980003,318100
2021-07-14,73.160004,73.930000,69.165001,69.599998,69.599998,506700
2021-07-15,69.320000,70.300003,66.644997,67.949997,67.949997,520100
2021-07-16,68.589996,69.334999,64.519997,65.040001,65.040001,583100
2021-07-19,62.570000,64.169998,61.209999,63.200001,63.200001,910800
2021-07-20,63.209999,65.089996,62.494999,64.750000,64.750000,595600
2021-07-21,66.050003,66.989998,64.985001,66.070000,66.070000,555500
2021-07-22,65.750000,65.805000,63.599998,64.010002,64.010002,316000
2021-07-23,64.370003,64.370003,61.380001,63.330002,63.330002,368400
2021-07-26,63.130001,65.660004,62.880001,64.489998,64.489998,237800
2021-07-27,63.889999,63.889999,61.029999,62.529999,62.529999,395100
2021-07-28,62.669998,64.879997,61.930000,64.180000,64.180000,403300
2021-07-29,65.360001,66.860001,63.910000,65.879997,65.879997,374900
2021-07-30,65.510002,66.440002,63.980000,65.709999,65.709999,328800
2021-08-02,66.000000,67.860001,63.830002,64.550003,64.550003,415800
2021-08-03,64.360001,67.010002,63.118000,66.040001,66.040001,422300
2021-08-04,64.419998,65.544998,62.509998,63.270000,63.270000,456600
2021-08-05,64.000000,68.455002,63.389999,67.790001,67.790001,731000
2021-08-06,68.790001,69.745003,66.940002,69.010002,69.010002,450200
2021-08-09,68.019997,68.889999,65.400002,66.870003,66.870003,405000
2021-08-10,67.470001,68.299004,66.050003,67.949997,67.949997,316400
2021-08-11,67.050003,69.529999,65.331001,69.339996,69.339996,425100
2021-08-12,70.099998,73.199997,68.410004,69.540001,69.540001,824400
2021-08-13,69.320000,70.139999,67.680000,67.989998,67.989998,421600
2021-08-16,66.680000,68.279999,65.019997,67.150002,67.150002,591500
2021-08-17,66.389999,67.889999,64.474998,65.519997,65.519997,406100
2021-08-18,66.239998,66.809998,62.709999,62.840000,62.840000,557100
2021-08-19,61.270000,63.000000,60.450001,61.500000,61.500000,595600
2021-08-20,61.040001,63.419998,61.040001,61.939999,61.939999,435600
2021-08-23,64.040001,68.400002,64.040001,68.260002,68.260002,574100
2021-08-24,69.669998,70.129997,67.529999,69.379997,69.379997,947500
2021-08-25,69.470001,70.809998,68.050003,69.970001,69.970001,503800
2021-08-26,70.000000,72.359001,68.129997,69.190002,69.190002,711400
2021-08-27,70.190002,73.150002,69.824997,71.139999,71.139999,717600
2021-08-30,72.449997,72.830002,69.410004,69.419998,69.419998,350200