Date,Open,High,Low,Close,Adj Close,Volume
2021-01-04,70.680000,72.470001,69.760002,71.239998,71.239998,308400
2021-01-05,71.330002,75.029999,70.570000,74.019997,74.019997,649100
2021-01-06,74.099998,77.449997,74.099998,77.360001,77.360001,427200
2021-01-07,78.330002,79.419998,77.489998,79.089996,79.089996,284700
2021-01-08,79.639999,79.839996,76.470001,77.040001,77.040001,259200
2021-01-11,76.320000,77.980003,75.500000,77.510002,77.510002,189200
2021-01-12,77.739998,78.879997,77.519997,78.470001,78.470001,218200
2021-01-13,78.629997,79.320000,77.169998,78.529999,78.529999,221900
2021-01-14,79.120003,80.639999,78.650002,79.150002,79.150002,273800
2021-01-15,78.150002,79.449997,75.139999,76.940002,76.940002,313800
2021-01-19,77.820000,79.680000,77.730003,79.519997,79.519997,181800
2021-01-20,80.120003,81.260002,79.330002,79.779999,79.779999,164700
2021-01-21,80.029999,80.559998,78.830002,79.919998,79.919998,186200
2021-01-22,78.459999,80.160004,78.360001,79.860001,79.860001,150800
2021-01-25,79.980003,80.570000,78.190002,78.879997,78.879997,219100
2021-01-26,79.330002,79.330002,76.709999,77.230003,77.230003,239400
2021-01-27,74.980003,75.629997,70.690002,71.040001,71.040001,384700
2021-01-28,72.440002,75.309998,71.300003,74.760002,74.760002,268500
2021-01-29,74.239998,74.470001,70.769997,70.779999,70.779999,225800
2021-02-01,72.000000,74.720001,71.790001,74.070000,74.070000,148400
2021-02-02,75.430000,75.900002,73.949997,75.269997,75.269997,150200
2021-02-03,75.180000,75.860001,72.919998,73.040001,73.040001,156800
2021-02-04,72.580002,74.739998,72.570000,74.589996,74.589996,158200
2021-02-05,75.660004,76.000000,74.169998,75.559998,75.559998,131900
2021-02-08,75.989998,79.570000,75.790001,79.570000,79.570000,230400
2021-02-09,78.959999,79.400002,77.959999,79.040001,79.040001,190500
2021-02-10,79.769997,79.790001,77.129997,78.120003,78.120003,175100
2021-02-11,78.779999,80.470001,78.180000,80.349998,80.349998,209300
2021-02-12,80.209999,82.720001,79.639999,82.139999,82.139999,242300
2021-02-16,82.769997,83.500000,81.160004,81.779999,81.779999,188000
2021-02-17,77.010002,82.800003,75.250000,81.940002,81.940002,470000
2021-02-18,81.639999,81.639999,79.900002,80.300003,80.300003,242100
2021-02-19,80.930000,84.120003,80.550003,84.099998,84.099998,511700
2021-02-22,82.620003,84.760002,81.779999,82.830002,82.830002,599700
2021-02-23,79.800003,80.889999,75.059998,79.800003,79.800003,506700
2021-02-24,79.379997,81.709999,77.989998,81.570000,81.570000,373600
2021-02-25,80.629997,81.000000,75.610001,75.769997,75.769997,202200
2021-02-26,76.910004,79.800003,75.790001,78.519997,78.519997,333300
2021-03-01,80.300003,82.099998,79.209999,81.940002,81.940002,327800
2021-03-02,81.709999,82.150002,77.089996,77.900002,77.900002,763700
2021-03-03,77.870003,79.480003,76.550003,76.790001,76.790001,209700
2021-03-04,76.750000,77.040001,72.370003,73.120003,73.120003,340700
2021-03-05,75.239998,77.080002,72.489998,76.820000,76.820000,482600
2021-03-08,76.709999,77.900002,75.190002,75.870003,75.870003,550000
2021-03-09,78.220001,82.629997,77.790001,81.169998,81.169998,507200
2021-03-10,81.540001,83.099998,80.830002,81.070000,81.070000,389500
2021-03-11,83.099998,84.900002,81.379997,84.800003,84.800003,444200
2021-03-12,83.849998,84.790001,82.879997,83.470001,83.470001,288400
2021-03-15,82.910004,84.419998,80.230003,83.769997,83.769997,442800
2021-03-16,83.989998,84.570000,82.730003,83.779999,83.779999,473300
2021-03-17,83.599998,86.209999,82.669998,85.589996,85.589996,503200
2021-03-18,84.690002,87.510002,84.220001,85.040001,85.040001,549800
2021-03-19,86.349998,88.989998,83.330002,88.900002,88.900002,1594900
2021-03-22,88.709999,90.949997,86.900002,90.860001,90.860001,587400
2021-03-23,91.000000,91.019997,81.570000,82.470001,82.470001,511000
2021-03-24,82.940002,85.070000,76.160004,77.779999,77.779999,815300
2021-03-25,76.529999,78.660004,75.089996,78.010002,78.010002,381400
2021-03-26,78.800003,80.720001,77.870003,80.449997,80.449997,335300
2021-03-29,79.570000,81.080002,76.459999,77.209999,77.209999,398900
2021-03-30,76.699997,78.589996,76.290001,78.389999,78.389999,224700
2021-03-31,79.389999,81.129997,79.000000,79.839996,79.839996,399300
2021-04-01,80.870003,83.099998,80.820000,82.620003,82.620003,253500
2021-04-05,83.690002,84.480003,82.820000,83.790001,83.790001,225600
2021-04-06,83.519997,84.750000,82.419998,82.690002,82.690002,195900
2021-04-07,82.580002,82.599998,79.110001,79.190002,79.190002,325400
2021-04-08,80.510002,81.709999,79.570000,81.250000,81.250000,228400
2021-04-09,80.320000,80.989998,79.250000,79.699997,79.699997,245500
2021-04-12,79.160004,79.160004,77.769997,78.790001,78.790001,120600
2021-04-13,79.470001,79.730003,77.760002,78.949997,78.949997,165800
2021-04-14,78.709999,81.169998,78.709999,78.989998,78.989998,217000
2021-04-15,80.330002,80.889999,79.339996,80.769997,80.769997,126600
2021-04-16,80.610001,81.970001,80.129997,81.360001,81.360001,229700
2021-04-19,80.150002,81.419998,77.389999,79.470001,79.470001,259500
2021-04-20,78.760002,79.750000,77.080002,77.839996,77.839996,217500
2021-04-21,78.029999,80.970001,78.029999,80.870003,80.870003,167400
2021-04-22,80.930000,81.470001,79.269997,79.809998,79.809998,176600
2021-04-23,80.750000,83.279999,80.750000,82.440002,82.440002,170000
2021-04-26,83.070000,84.209999,82.379997,83.029999,83.029999,160200
2021-04-27,83.860001,83.919998,81.839996,81.949997,81.949997,187500
2021-04-28,81.570000,81.570000,79.709999,79.900002,79.900002,213300
2021-04-29,81.050003,81.050003,78.180000,79.269997,79.269997,530400
2021-04-30,77.750000,79.900002,76.110001,76.809998,76.809998,249000
2021-05-03,77.370003,77.370003,75.150002,75.669998,75.669998,456400
2021-05-04,74.730003,74.900002,71.690002,72.220001,72.220001,311400
2021-05-05,73.089996,73.580002,71.830002,72.599998,72.599998,527600
2021-05-06,72.300003,73.050003,70.440002,72.330002,72.330002,372300
2021-05-07,77.690002,77.690002,73.120003,74.559998,74.559998,489200
2021-05-10,75.330002,75.330002,70.010002,70.790001,70.790001,288500
2021-05-11,68.070000,71.790001,68.010002,71.610001,71.610001,417200
2021-05-12,70.129997,71.180000,68.930000,69.169998,69.169998,302000
2021-05-13,70.320000,71.739998,69.459999,70.769997,70.769997,185700
2021-05-14,71.529999,72.050003,70.430000,71.529999,71.529999,227200
2021-05-17,69.550003,71.400002,69.160004,70.820000,70.820000,188600
2021-05-18,71.099998,71.980003,70.010002,70.010002,70.010002,275000
2021-05-19,68.959999,72.690002,68.470001,72.570000,72.570000,278300
2021-05-20,72.849998,74.550003,72.000000,74.230003,74.230003,218300
2021-05-21,75.000000,75.989998,73.889999,74.459999,74.459999,334000
2021-05-24,75.410004,75.989998,75.000000,75.290001,75.290001,163300
2021-05-25,76.379997,76.660004,74.500000,74.720001,74.720001,176700
2021-05-26,75.459999,75.989998,74.209999,74.970001,74.970001,159100
2021-05-27,74.489998,76.160004,74.449997,75.230003,75.230003,157600
2021-05-28,75.129997,76.199997,74.940002,75.669998,75.669998,163400
2021-06-01,75.910004,77.489998,74.800003,75.580002,75.580002,171700
2021-06-02,75.820000,76.349998,74.739998,75.120003,75.120003,161800
2021-06-03,74.389999,74.800003,73.370003,74.190002,74.190002,139100
2021-06-04,74.769997,77.070000,74.769997,76.730003,76.730003,250800
2021-06-07,76.870003,77.750000,75.639999,76.180000,76.180000,147300
2021-06-08,76.430000,76.820000,75.400002,76.389999,76.389999,118200
2021-06-09,76.879997,76.879997,75.580002,76.129997,76.129997,133000
2021-06-10,76.410004,76.870003,75.970001,76.430000,76.430000,118200
2021-06-11,76.389999,77.269997,76.360001,77.050003,77.050003,104500
2021-06-14,77.139999,78.000000,76.910004,77.610001,77.610001,266500
2021-06-15,77.250000,78.099998,76.790001,77.110001,77.110001,132800
2021-06-16,77.430000,78.589996,76.720001,77.529999,77.529999,293500
2021-06-17,77.290001,78.900002,77.290001,78.260002,78.260002,268100
2021-06-18,75.730003,77.669998,74.720001,75.000000,75.000000,584900
2021-06-21,75.050003,75.900002,74.379997,75.889999,75.889999,218800
2021-06-22,75.839996,76.540001,74.889999,76.320000,76.320000,159700
2021-06-23,76.389999,77.320000,76.290001,76.370003,76.370003,237000
2021-06-24,77.019997,78.370003,76.980003,78.010002,78.010002,127000
2021-06-25,78.669998,79.000000,77.279999,77.739998,77.739998,1199400
2021-06-28,78.320000,79.980003,77.879997,79.650002,79.650002,214300
2021-06-29,79.510002,80.019997,78.589996,79.580002,79.580002,147300
2021-06-30,79.599998,80.010002,78.790001,79.769997,79.769997,160000
2021-07-01,79.489998,80.010002,78.900002,79.150002,79.150002,110400
2021-07-02,78.709999,79.879997,78.209999,79.809998,79.809998,185500
2021-07-06,79.940002,80.489998,77.870003,79.449997,79.449997,146400
2021-07-07,79.849998,80.050003,77.209999,77.589996,77.589996,187100
2021-07-08,75.790001,76.599998,74.150002,75.400002,75.400002,162100
2021-07-09,75.809998,76.870003,75.150002,76.669998,76.669998,163100
2021-07-12,76.879997,77.419998,75.760002,77.339996,77.339996,115300
2021-07-13,76.800003,77.190002,75.900002,76.760002,76.760002,95400
2021-07-14,77.500000,78.389999,76.239998,76.510002,76.510002,91200
2021-07-15,74.470001,75.930000,74.209999,75.019997,75.019997,164100
2021-07-16,75.699997,75.779999,73.320000,73.550003,73.550003,129200
2021-07-19,72.120003,73.419998,71.580002,72.750000,72.750000,174000
2021-07-20,72.820000,75.610001,72.550003,74.449997,74.449997,220600
2021-07-21,75.080002,77.180000,74.589996,77.129997,77.129997,125000
2021-07-22,76.389999,76.389999,75.070000,75.849998,75.849998,98900
2021-07-23,76.290001,77.320000,75.260002,77.199997,77.199997,120800
2021-07-26,77.290001,78.000000,76.910004,77.750000,77.750000,132600
2021-07-27,77.040001,77.040001,73.769997,75.669998,75.669998,150000
2021-07-28,76.089996,78.449997,75.760002,77.919998,77.919998,130000
2021-07-29,78.309998,80.500000,78.309998,80.180000,80.180000,144600
2021-07-30,79.639999,82.089996,79.290001,82.000000,82.000000,235200
2021-08-02,83.000000,84.500000,82.230003,82.430000,82.430000,292600
2021-08-03,83.019997,84.660004,81.800003,84.199997,84.199997,255500
2021-08-04,84.000000,86.489998,83.279999,86.379997,86.379997,254900
2021-08-05,87.000000,87.949997,86.040001,87.379997,87.379997,183500
2021-08-06,88.930000,90.250000,88.180000,89.989998,89.989998,200400
2021-08-09,90.449997,90.489998,87.599998,89.330002,89.330002,135100
2021-08-10,89.290001,90.000000,87.919998,89.639999,89.639999,132900
2021-08-11,89.919998,90.570000,88.279999,90.570000,90.570000,124700
2021-08-12,90.260002,90.720001,89.099998,90.239998,90.239998,171000
2021-08-13,90.260002,90.800003,89.930000,90.699997,90.699997,125700
2021-08-16,90.459999,90.989998,89.389999,90.900002,90.900002,197600
2021-08-17,90.080002,90.199997,85.309998,87.970001,87.970001,213200
2021-08-18,88.120003,89.620003,87.360001,87.389999,87.389999,186400
2021-08-19,86.849998,88.730003,86.120003,88.570000,88.570000,181300
2021-08-20,88.599998,90.440002,88.209999,90.230003,90.230003,210900
2021-08-23,91.000000,92.959999,90.500000,92.410004,92.410004,436100
2021-08-24,93.000000,94.160004,91.169998,91.669998,91.669998,323900
2021-08-25,91.830002,93.800003,91.589996,93.750000,93.750000,240700
2021-08-26,93.739998,94.510002,93.040001,93.930000,93.930000,210600
2021-08-27,94.110001,98.879997,94.110001,97.959999,97.959999,346400
2021-08-30,98.540001,98.540001,96.239998,98.169998,98.169998,225900