Date,Open,High,Low,Close,Adj Close,Volume
2021-01-04,84.250000,84.250000,64.570000,70.860001,70.860001,2360200
2021-01-05,70.379997,74.259003,68.519997,70.239998,70.239998,810000
2021-01-06,69.589996,70.510002,66.635002,68.040001,68.040001,1085900
2021-01-07,67.849998,73.980003,67.800003,73.879997,73.879997,711700
2021-01-08,75.970001,80.750000,75.500000,80.029999,80.029999,682400
2021-01-11,79.989998,79.989998,76.154999,76.629997,76.629997,582200
2021-01-12,76.610001,78.639999,76.169998,77.739998,77.739998,455900
2021-01-13,77.970001,79.370003,75.919998,76.199997,76.199997,440300
2021-01-14,76.190002,77.448997,73.199997,73.989998,73.989998,464900
2021-01-15,73.440002,74.400002,69.430000,73.029999,73.029999,691800
2021-01-19,73.500000,76.580002,73.235001,75.980003,75.980003,499400
2021-01-20,76.489998,80.430000,75.709999,77.510002,77.510002,533100
2021-01-21,77.650002,79.418999,72.800003,75.199997,75.199997,509000
2021-01-22,74.629997,79.614998,74.288002,79.129997,79.129997,341700
2021-01-25,79.099998,81.690002,77.610001,81.529999,81.529999,546300
2021-01-26,81.419998,83.985001,72.669998,72.980003,72.980003,520100
2021-01-27,71.989998,73.860001,68.070000,69.730003,69.730003,633200
2021-01-28,71.540001,73.949997,70.519997,70.860001,70.860001,418100
2021-01-29,71.120003,71.449997,67.870003,68.500000,68.500000,434100
2021-02-01,69.379997,70.650002,67.379997,69.730003,69.730003,368900
2021-02-02,70.669998,73.809998,69.279999,72.879997,72.879997,331800
2021-02-03,73.540001,74.059998,67.690002,68.279999,68.279999,394800
2021-02-04,68.230003,70.470001,66.190002,69.699997,69.699997,348500
2021-02-05,71.059998,73.730003,69.059998,70.570000,70.570000,611300
2021-02-08,70.410004,77.339996,69.530998,76.959999,76.959999,720600
2021-02-09,76.589996,76.589996,72.089996,72.940002,72.940002,356200
2021-02-10,76.559998,79.080002,73.120003,73.459999,73.459999,749000
2021-02-11,73.290001,74.486000,68.779999,69.550003,69.550003,619200
2021-02-12,71.324997,71.324997,66.269997,67.510002,67.510002,781300
2021-02-16,67.000000,67.349998,62.779999,63.439999,63.439999,871700
2021-02-17,63.330002,64.000000,61.310001,62.810001,62.810001,867200
2021-02-18,61.540001,64.250000,61.540001,63.330002,63.330002,543800
2021-02-19,63.590000,65.419998,61.689999,65.279999,65.279999,684600
2021-02-22,63.290001,67.300003,63.000000,65.709999,65.709999,918700
2021-02-23,64.139999,66.709999,61.619999,64.650002,64.650002,882900
2021-02-24,64.139999,69.000000,63.290001,66.760002,66.760002,605100
2021-02-25,65.760002,67.660004,62.200001,63.000000,63.000000,561000
2021-02-26,66.110001,72.519997,65.110001,71.800003,71.800003,994100
2021-03-01,71.550003,71.550003,64.080002,64.660004,64.660004,1060800
2021-03-02,65.190002,65.440002,62.720001,62.919998,62.919998,562100
2021-03-03,63.099998,64.830002,59.639999,61.360001,61.360001,614000
2021-03-04,60.470001,62.785000,57.660000,58.700001,58.700001,663900
2021-03-05,58.820000,61.099998,55.610001,61.040001,61.040001,643100
2021-03-08,61.680000,62.730000,56.500000,56.630001,56.630001,414200
2021-03-09,57.980000,60.369999,55.959999,58.230000,58.230000,741100
2021-03-10,58.910000,60.500000,58.049999,58.540001,58.540001,491000
2021-03-11,61.230000,66.139999,60.009998,65.720001,65.720001,578700
2021-03-12,64.599998,65.110001,62.630001,64.690002,64.690002,431200
2021-03-15,63.669998,63.669998,60.540001,62.009998,62.009998,538400
2021-03-16,63.240002,64.379997,61.200001,62.450001,62.450001,541000
2021-03-17,61.650002,64.910004,60.700001,64.360001,64.360001,323900
2021-03-18,63.240002,63.634998,59.139999,59.500000,59.500000,435100
2021-03-19,59.139999,62.230000,58.860001,62.009998,62.009998,1138100
2021-03-22,62.500000,63.970001,61.220001,61.509998,61.509998,423900
2021-03-23,60.910000,60.910000,57.220001,58.200001,58.200001,432600
2021-03-24,58.970001,59.220001,54.470001,54.590000,54.590000,529200
2021-03-25,53.220001,56.810001,53.220001,55.599998,55.599998,555000
2021-03-26,55.500000,56.240002,53.689999,55.250000,55.250000,274800
2021-03-29,54.869999,55.060001,53.080002,53.799999,53.799999,386800
2021-03-30,52.869999,55.990002,52.224998,54.209999,54.209999,434900
2021-03-31,54.380001,57.680000,54.380001,57.099998,57.099998,741900
2021-04-01,57.740002,58.169998,55.209999,55.930000,55.930000,860400
2021-04-05,56.759998,57.860001,55.000000,55.400002,55.400002,272400
2021-04-06,55.070000,57.395000,54.500000,54.790001,54.790001,412100
2021-04-07,54.500000,55.639999,52.080002,52.430000,52.430000,261200
2021-04-08,53.320000,54.457001,52.349998,52.990002,52.990002,330700
2021-04-09,53.070000,53.070000,50.700001,52.259998,52.259998,324000
2021-04-12,52.770000,52.779999,50.020000,50.299999,50.299999,548900
2021-04-13,50.500000,54.189999,50.494999,54.060001,54.060001,403600
2021-04-14,54.570000,56.480000,54.340000,55.279999,55.279999,448500
2021-04-15,55.830002,57.720001,55.509998,56.040001,56.040001,264900
2021-04-16,56.910000,57.220001,53.080002,54.009998,54.009998,298900
2021-04-19,54.169998,56.590000,52.189999,53.090000,53.090000,368900
2021-04-20,52.869999,54.150002,50.695000,52.330002,52.330002,911500
2021-04-21,52.639999,55.590000,51.709999,55.480000,55.480000,371500
2021-04-22,55.599998,56.459999,53.264999,55.060001,55.060001,298200
2021-04-23,55.540001,57.650002,55.130001,56.790001,56.790001,305000
2021-04-26,57.590000,60.404999,57.119999,60.189999,60.189999,459900
2021-04-27,60.759998,62.330002,59.380001,61.369999,61.369999,530200
2021-04-28,60.939999,63.279999,59.630001,63.240002,63.240002,447500
2021-04-29,63.720001,63.950001,60.290001,61.320000,61.320000,323700
2021-04-30,60.779999,61.810001,59.720001,60.439999,60.439999,348600
2021-05-03,60.220001,61.000000,57.740002,58.310001,58.310001,479900
2021-05-04,57.540001,58.150002,54.520000,55.619999,55.619999,727300
2021-05-05,56.049999,56.849998,52.980000,53.439999,53.439999,432100
2021-05-06,52.500000,54.160000,51.410000,53.970001,53.970001,441500
2021-05-07,54.340000,55.689999,53.485001,54.299999,54.299999,310200
2021-05-10,51.810001,53.990002,51.470001,51.570000,51.570000,332800
2021-05-11,50.520000,54.970001,49.200001,54.490002,54.490002,462900
2021-05-12,54.000000,54.759998,50.990002,51.169998,51.169998,712600
2021-05-13,51.549999,52.369999,50.230000,51.700001,51.700001,399000
2021-05-14,51.799999,54.000000,51.029999,53.900002,53.900002,322100
2021-05-17,53.689999,54.000000,52.240002,53.639999,53.639999,231600
2021-05-18,54.639999,57.200001,53.889999,55.509998,55.509998,612800
2021-05-19,55.040001,56.139999,54.400002,55.480000,55.480000,256100
2021-05-20,55.976002,59.250000,55.174999,59.000000,59.000000,360300
2021-05-21,59.709999,60.919998,58.490002,58.900002,58.900002,382000
2021-05-24,59.220001,62.799999,59.220001,61.540001,61.540001,623100
2021-05-25,61.270000,64.949997,60.500000,64.639999,64.639999,2615200
2021-05-26,65.440002,67.080002,64.525002,64.889999,64.889999,484200
2021-05-27,64.830002,66.754997,63.970001,65.970001,65.970001,394200
2021-05-28,66.699997,67.680000,63.540001,63.590000,63.590000,457100
2021-06-01,63.500000,64.180000,60.470001,61.590000,61.590000,380900
2021-06-02,61.910000,63.810001,61.099998,63.759998,63.759998,753500
2021-06-03,63.430000,64.690002,62.279999,64.510002,64.510002,556500
2021-06-04,65.099998,66.480003,63.590000,64.639999,64.639999,489100
2021-06-07,64.720001,72.709999,64.019997,71.839996,71.839996,1284700
2021-06-08,73.180000,73.489998,69.459999,72.739998,72.739998,721000
2021-06-09,72.690002,73.370003,71.430000,72.500000,72.500000,443300
2021-06-10,72.949997,74.389999,71.535004,74.209999,74.209999,543100
2021-06-11,74.250000,75.290001,73.349998,75.000000,75.000000,481400
2021-06-14,74.959999,76.919998,74.269997,75.059998,75.059998,403900
2021-06-15,74.849998,74.849998,71.459999,73.580002,73.580002,385200
2021-06-16,73.699997,74.589996,71.639999,73.610001,73.610001,537500
2021-06-17,73.459999,75.570000,72.870003,74.809998,74.809998,638800
2021-06-18,73.900002,74.989998,72.110001,73.730003,73.730003,1705000
2021-06-21,74.000000,74.474998,72.050003,72.730003,72.730003,944800
2021-06-22,72.480003,73.320000,67.690002,69.139999,69.139999,836600
2021-06-23,69.389999,71.500000,69.389999,71.029999,71.029999,444400
2021-06-24,72.000000,74.830002,71.680000,73.440002,73.440002,376500
2021-06-25,74.000000,75.584999,73.059998,74.680000,74.680000,3968000
2021-06-28,75.599998,76.500000,74.129997,75.050003,75.050003,460700
2021-06-29,75.440002,78.589996,74.635002,76.879997,76.879997,562000
2021-06-30,76.290001,79.699997,76.080002,78.440002,78.440002,868300
2021-07-01,78.209999,78.300003,75.529999,78.230003,78.230003,604800
2021-07-02,79.230003,79.500000,76.464996,77.000000,77.000000,593100
2021-07-06,76.169998,78.074997,75.680000,77.830002,77.830002,454700
2021-07-07,77.940002,78.889999,75.720001,76.209999,76.209999,331600
2021-07-08,74.150002,75.500000,73.430000,74.099998,74.099998,560800
2021-07-09,74.190002,75.260002,71.889999,72.239998,72.239998,557400
2021-07-12,72.230003,73.419998,69.360001,69.529999,69.529999,502700
2021-07-13,68.830002,69.500000,66.940002,67.150002,67.150002,945100
2021-07-14,67.379997,67.540001,63.540001,63.959999,63.959999,586800
2021-07-15,64.269997,64.639999,62.285000,64.220001,64.220001,534600
2021-07-16,64.900002,64.900002,62.209999,64.449997,64.449997,390000
2021-07-19,63.029999,66.750000,62.910000,64.669998,64.669998,309500
2021-07-20,64.540001,65.870003,63.430000,64.800003,64.800003,571700
2021-07-21,64.800003,66.120003,63.230000,65.410004,65.410004,361400
2021-07-22,65.480003,66.790001,63.340000,64.540001,64.540001,310800
2021-07-23,64.730003,65.269997,62.270000,63.900002,63.900002,384500
2021-07-26,51.480000,57.480000,47.020000,54.139999,54.139999,3234100
2021-07-27,53.910000,54.130001,48.130001,49.000000,49.000000,1051700
2021-07-28,49.040001,52.500000,49.040001,51.520000,51.520000,561700
2021-07-29,51.880001,52.505001,50.439999,50.990002,50.990002,431300
2021-07-30,50.790001,53.040001,50.750000,51.029999,51.029999,563800
2021-08-02,51.380001,52.439999,50.400002,50.480000,50.480000,517500
2021-08-03,50.450001,51.320000,49.630001,51.130001,51.130001,289100
2021-08-04,50.930000,53.090000,50.770000,50.880001,50.880001,321400
2021-08-05,51.000000,53.240002,50.240002,52.930000,52.930000,503900
2021-08-06,52.730000,53.380001,51.680000,52.049999,52.049999,315600
2021-08-09,52.250000,54.410000,52.110001,53.490002,53.490002,350600
2021-08-10,53.480000,54.040001,51.610001,53.630001,53.630001,319700
2021-08-11,53.639999,54.139000,52.049999,52.950001,52.950001,331900
2021-08-12,52.000000,53.200001,51.439999,52.930000,52.930000,322600
2021-08-13,53.330002,54.459999,52.520000,52.730000,52.730000,379100
2021-08-16,52.639999,53.290001,50.619999,51.799999,51.799999,326200
2021-08-17,50.990002,52.205002,50.430000,51.910000,51.910000,237800
2021-08-18,52.169998,52.619999,50.779999,50.900002,50.900002,210500
2021-08-19,50.520000,50.860001,48.310001,48.480000,48.480000,487800
2021-08-20,48.230000,49.669998,48.180000,48.939999,48.939999,446900
2021-08-23,48.910000,51.849998,48.910000,51.709999,51.709999,325200
2021-08-24,51.639999,52.480000,51.060001,52.380001,52.380001,196000
2021-08-25,52.080002,53.345001,51.549999,52.209999,52.209999,298900
2021-08-26,52.099998,52.730000,49.619999,50.000000,50.000000,322700
2021-08-27,50.099998,55.310001,50.099998,53.150002,53.150002,682200
2021-08-30,53.299999,55.240002,52.689999,52.910000,52.910000,297600