Date,Open,High,Low,Close,Adj Close,Volume
2021-01-04,17.680000,17.709999,16.760000,16.760000,16.339216,2825800
2021-01-05,16.830000,17.110001,16.830000,16.879999,16.456203,2099100
2021-01-06,16.910000,17.160000,16.709999,16.889999,16.465952,2832500
2021-01-07,16.790001,16.889999,16.570000,16.730000,16.309969,2041900
2021-01-08,16.799999,17.010000,16.770000,16.969999,16.543943,1886600
2021-01-11,16.920000,17.150000,16.610001,16.750000,16.329468,2141300
2021-01-12,16.750000,17.190001,16.709999,17.160000,16.729174,1970600
2021-01-13,17.340000,17.760000,17.320000,17.690001,17.245867,2161800
2021-01-14,17.780001,17.889999,17.610001,17.660000,17.216621,1470200
2021-01-15,17.590000,18.000000,17.510000,17.940001,17.489592,2293800
2021-01-19,17.990000,18.000000,17.450001,17.580000,17.138628,1449500
2021-01-20,17.580000,18.260000,17.469999,18.219999,17.762560,1648900
2021-01-21,18.120001,18.219999,17.980000,18.120001,17.665073,1347800
2021-01-22,18.000000,18.219999,17.920000,18.209999,17.752811,1072700
2021-01-25,18.250000,18.360001,18.030001,18.180000,17.723564,1437900
2021-01-26,18.180000,18.350000,18.100000,18.280001,17.821056,1100600
2021-01-27,18.080000,18.260000,17.540001,17.600000,17.158127,1484800
2021-01-28,17.620001,17.900000,17.480000,17.709999,17.265364,1616100
2021-01-29,17.620001,17.830000,17.350000,17.629999,17.187372,1786800
2021-02-01,17.709999,18.090000,17.480000,18.070000,17.616325,1651900
2021-02-02,18.160000,18.360001,17.959999,18.219999,17.762560,1680400
2021-02-03,18.070000,18.270000,17.799999,18.190001,17.733315,1953100
2021-02-04,18.150000,18.340000,18.049999,18.200001,17.743063,1864500
2021-02-05,18.299999,18.299999,18.020000,18.219999,17.762560,1867000
2021-02-08,18.260000,18.280001,18.049999,18.120001,17.665073,1631700
2021-02-09,18.200001,18.270000,18.030001,18.170000,17.713818,1236700
2021-02-10,18.299999,18.420000,18.170000,18.379999,17.918543,2154000
2021-02-11,18.420000,18.650000,18.320000,18.360001,17.899046,1366900
2021-02-12,18.330000,18.400000,18.120001,18.190001,17.733315,1056700
2021-02-16,18.270000,18.270000,18.010000,18.070000,17.616325,1534700
2021-02-17,18.000000,18.110001,17.770000,17.799999,17.353104,1468100
2021-02-18,17.840000,17.940001,17.600000,17.610001,17.167877,1679000
2021-02-19,17.670000,17.770000,17.350000,17.410000,16.972897,1639400
2021-02-22,17.370001,17.690001,17.299999,17.639999,17.197123,1502700
2021-02-23,17.690001,17.959999,17.629999,17.809999,17.362854,1655000
2021-02-24,17.850000,17.930000,17.580000,17.620001,17.177624,1577900
2021-02-25,17.670000,18.110001,17.450001,17.459999,17.021641,2468800
2021-02-26,17.450001,17.520000,17.000000,17.000000,16.573191,2539700
2021-03-01,17.230000,17.520000,17.190001,17.209999,16.777918,1964200
2021-03-02,17.180000,17.309999,17.010000,17.139999,16.709675,1652500
2021-03-03,17.150000,17.290001,17.040001,17.090000,16.660931,1496800
2021-03-04,17.170000,17.420000,16.980000,17.129999,16.699926,2387700
2021-03-05,17.209999,17.280001,16.920000,17.209999,16.777918,2014600
2021-03-08,17.250000,17.580000,17.120001,17.400000,16.963146,1865000
2021-03-09,17.469999,17.719999,17.350000,17.400000,16.963146,1537700
2021-03-10,17.389999,17.600000,17.350000,17.520000,17.080135,2017500
2021-03-11,17.559999,17.770000,17.490000,17.650000,17.206871,1919300
2021-03-12,17.670000,18.090000,17.620001,18.080000,17.626076,1558600
2021-03-15,18.370001,18.790001,18.250000,18.600000,18.133020,4282100
2021-03-16,18.570000,18.610001,18.180000,18.290001,17.830803,2266800
2021-03-17,18.230000,18.610001,18.170000,18.570000,18.103773,1620100
2021-03-18,18.490000,18.629999,18.290001,18.389999,17.928293,1447600
2021-03-19,18.120001,18.430000,17.920000,17.920000,17.470093,4573500
2021-03-22,18.000000,18.129999,17.920000,18.100000,17.645575,1832800
2021-03-23,18.139999,18.299999,17.920000,18.030001,17.577332,2579600
2021-03-24,18.030001,18.290001,17.900000,17.930000,17.479841,3471400
2021-03-25,17.959999,18.090000,17.430000,17.730000,17.284863,2798500
2021-03-26,17.820000,18.040001,17.719999,18.040001,17.587080,2704600
2021-03-29,18.000000,18.110001,17.750000,17.900000,17.450594,2196500
2021-03-30,17.910000,18.080000,17.870001,17.950001,17.499342,2003600
2021-03-31,17.719999,17.870001,17.549999,17.670000,17.449963,3802900
2021-04-01,17.770000,18.280001,17.690001,18.280001,18.052366,3193400
2021-04-05,18.309999,18.400000,18.059999,18.340000,18.111620,2465300
2021-04-06,18.350000,18.540001,18.320000,18.459999,18.230124,4516000
2021-04-07,18.480000,18.570000,18.340000,18.450001,18.220251,1810800
2021-04-08,18.459999,18.570000,18.280001,18.320000,18.091867,2310700
2021-04-09,18.299999,18.379999,18.200001,18.260000,18.032616,1221100
2021-04-12,18.299999,18.309999,18.070000,18.260000,18.032616,1285700
2021-04-13,18.200001,18.490000,18.190001,18.450001,18.220251,1541600
2021-04-14,18.480000,18.500000,18.160000,18.170000,17.943737,1483500
2021-04-15,18.219999,18.469999,18.180000,18.430000,18.200499,1671600
2021-04-16,18.549999,18.610001,18.450001,18.540001,18.309130,1062700
2021-04-19,18.540001,18.590000,18.389999,18.580000,18.348631,1628400
2021-04-20,18.590000,19.250000,18.590000,19.219999,18.980659,2938200
2021-04-21,19.250000,19.260000,19.030001,19.139999,18.901657,1885300
2021-04-22,19.150000,19.270000,19.070000,19.090000,18.852280,1124000
2021-04-23,19.150000,19.160000,18.730000,18.809999,18.575766,1832300
2021-04-26,18.910000,19.059999,18.740000,18.990000,18.753525,1482700
2021-04-27,19.040001,19.040001,18.690001,18.709999,18.477011,1394500
2021-04-28,18.740000,18.850000,18.709999,18.809999,18.575766,1420700
2021-04-29,18.879999,19.100000,18.610001,18.650000,18.417759,1754400
2021-04-30,18.559999,18.820000,18.530001,18.730000,18.496763,2019500
2021-05-03,18.809999,18.910000,18.610001,18.660000,18.427635,2213400
2021-05-04,18.660000,18.809999,18.480000,18.530001,18.299253,1996800
2021-05-05,18.230000,18.510000,17.780001,18.139999,17.914108,2979000
2021-05-06,18.190001,18.270000,18.000000,18.160000,17.933861,1571600
2021-05-07,18.110001,18.700001,18.100000,18.660000,18.427635,2462000
2021-05-10,18.680000,19.049999,18.549999,18.549999,18.319004,2285200
2021-05-11,18.420000,18.500000,18.129999,18.370001,18.141247,1743100
2021-05-12,18.309999,18.360001,17.889999,17.900000,17.677097,1817800
2021-05-13,17.969999,18.270000,17.889999,18.139999,17.914108,2065100
2021-05-14,18.180000,18.260000,18.049999,18.090000,17.864733,1214000
2021-05-17,18.070000,18.129999,18.010000,18.030001,17.805481,1418600
2021-05-18,18.010000,18.209999,17.940001,18.000000,17.775852,965000
2021-05-19,17.900000,18.030001,17.629999,18.030001,17.805481,2025200
2021-05-20,18.000000,18.209999,17.940001,18.150000,17.923985,1259200
2021-05-21,18.190001,18.320000,18.129999,18.209999,17.983236,3865000
2021-05-24,18.280001,18.500000,18.250000,18.400000,18.170872,1158200
2021-05-25,18.420000,18.480000,18.309999,18.360001,18.131371,1396800
2021-05-26,18.360001,18.580000,18.350000,18.400000,18.170872,1503500
2021-05-27,18.590000,18.600000,18.129999,18.139999,17.914108,1700700
2021-05-28,18.200001,18.240000,18.049999,18.129999,17.904234,2648200
2021-06-01,18.180000,18.420000,18.030001,18.410000,18.180748,1945000
2021-06-02,18.459999,18.500000,18.350000,18.360001,18.131371,1871000
2021-06-03,18.330000,18.400000,18.100000,18.219999,17.993113,2409400
2021-06-04,18.250000,18.309999,18.080000,18.200001,17.973364,2149900
2021-06-07,18.260000,18.799999,18.260000,18.719999,18.486887,2196000
2021-06-08,18.799999,18.910000,18.750000,18.860001,18.625145,1876600
2021-06-09,19.030001,19.410000,18.959999,19.320000,19.079416,3617100
2021-06-10,19.350000,19.570000,19.219999,19.549999,19.306551,1670600
2021-06-11,19.549999,19.570000,19.290001,19.469999,19.227547,1125200
2021-06-14,19.410000,19.559999,19.360001,19.540001,19.296677,1593800
2021-06-15,19.520000,19.590000,19.290001,19.309999,19.069540,1808600
2021-06-16,19.299999,19.530001,19.160000,19.200001,18.960911,2331100
2021-06-17,19.200001,19.280001,18.969999,19.080000,18.842403,1466400
2021-06-18,19.080000,19.129999,18.719999,18.770000,18.536264,3065500
2021-06-21,18.840000,19.180000,18.799999,19.080000,18.842403,1677000
2021-06-22,19.090000,19.139999,18.990000,19.040001,18.802904,1577000
2021-06-23,18.969999,19.190001,18.940001,18.980000,18.743649,2983300
2021-06-24,19.040001,19.070000,18.850000,18.980000,18.743649,1211700
2021-06-25,18.950001,19.080000,18.930000,18.980000,18.743649,2575600
2021-06-28,18.980000,19.049999,18.660000,18.879999,18.644894,1915100
2021-06-29,18.860001,18.950001,18.610001,18.639999,18.407883,1367100
2021-06-30,18.590000,18.719999,18.459999,18.469999,18.240000,2584700
2021-07-01,18.280001,18.590000,18.219999,18.299999,18.299999,1886700
2021-07-02,18.410000,18.480000,18.150000,18.290001,18.290001,1474700
2021-07-06,18.280001,18.629999,18.100000,18.559999,18.559999,2118100
2021-07-07,18.540001,18.540001,18.400000,18.440001,18.440001,1334500
2021-07-08,18.330000,18.490000,18.200001,18.270000,18.270000,1271900
2021-07-09,18.400000,18.650000,18.290001,18.639999,18.639999,1560600
2021-07-12,18.570000,18.770000,18.540001,18.750000,18.750000,982300
2021-07-13,18.670000,18.719999,18.379999,18.440001,18.440001,1157100
2021-07-14,18.389999,18.650000,18.350000,18.510000,18.510000,1466100
2021-07-15,18.510000,18.570000,18.410000,18.530001,18.530001,965900
2021-07-16,18.590000,18.799999,18.580000,18.639999,18.639999,1359200
2021-07-19,18.540001,18.719999,18.280001,18.440001,18.440001,2305600
2021-07-20,18.510000,18.950001,18.469999,18.860001,18.860001,2434900
2021-07-21,18.940001,19.020000,18.830000,18.850000,18.850000,1579500
2021-07-22,18.740000,18.850000,18.559999,18.730000,18.730000,1322100
2021-07-23,18.730000,18.889999,18.730000,18.860001,18.860001,1070000
2021-07-26,18.900000,18.969999,18.700001,18.790001,18.790001,1100300
2021-07-27,18.770000,18.959999,18.690001,18.879999,18.879999,919100
2021-07-28,18.879999,18.920000,18.730000,18.830000,18.830000,865200
2021-07-29,18.850000,18.950001,18.799999,18.850000,18.850000,1021400
2021-07-30,18.900000,19.170000,18.900000,18.950001,18.950001,1683300
2021-08-02,19.049999,19.190001,18.700001,18.760000,18.760000,1221500
2021-08-03,18.730000,18.799999,18.590000,18.719999,18.719999,1246900
2021-08-04,18.530001,18.740000,18.350000,18.520000,18.520000,1436400
2021-08-05,18.570000,18.740000,18.459999,18.740000,18.740000,1595200
2021-08-06,18.809999,18.889999,18.600000,18.600000,18.600000,1163500
2021-08-09,18.600000,18.639999,18.410000,18.510000,18.510000,914500
2021-08-10,18.510000,18.559999,18.219999,18.230000,18.230000,1248200
2021-08-11,18.350000,18.480000,18.219999,18.400000,18.400000,1177300
2021-08-12,18.480000,18.490000,18.250000,18.400000,18.400000,1515700
2021-08-13,18.430000,18.709999,18.400000,18.709999,18.709999,1270800
2021-08-16,18.700001,18.760000,18.400000,18.400000,18.400000,1303900
2021-08-17,18.299999,18.360001,18.160000,18.330000,18.330000,1128600
2021-08-18,18.320000,18.400000,18.180000,18.290001,18.290001,2337500
2021-08-19,18.350000,18.650000,18.250000,18.500000,18.500000,2280000
2021-08-20,18.430000,18.629999,18.080000,18.559999,18.559999,2303600
2021-08-23,18.559999,18.629999,18.180000,18.340000,18.340000,1930500
2021-08-24,18.379999,18.580000,18.250000,18.520000,18.520000,1424200
2021-08-25,18.520000,18.590000,18.370001,18.379999,18.379999,1286500
2021-08-26,18.370001,18.410000,18.100000,18.110001,18.110001,1861100
2021-08-27,18.190001,18.450001,18.160000,18.309999,18.309999,1463800
2021-08-30,18.219999,18.440001,18.209999,18.440001,18.440001,1237800