Date,Open,High,Low,Close,Adj Close,Volume
2021-01-04,99.739998,100.040001,94.120003,96.000000,96.000000,139000
2021-01-05,96.050003,97.540001,95.239998,96.160004,96.160004,244800
2021-01-06,97.480003,102.379997,97.480003,101.320000,101.320000,144300
2021-01-07,101.139999,103.190002,100.000000,102.860001,102.860001,104100
2021-01-08,102.779999,102.870003,98.150002,98.480003,98.480003,128400
2021-01-11,97.010002,98.139999,96.660004,96.959999,96.959999,145400
2021-01-12,97.500000,98.720001,96.419998,98.349998,98.349998,162800
2021-01-13,97.690002,98.199997,96.470001,97.099998,97.099998,111700
2021-01-14,97.959999,98.879997,96.169998,96.580002,96.580002,89900
2021-01-15,94.470001,96.519997,92.760002,95.900002,95.900002,148800
2021-01-19,96.639999,101.070000,96.500000,100.040001,100.040001,172400
2021-01-20,101.470001,107.489998,101.449997,106.410004,106.410004,172900
2021-01-21,106.410004,110.570000,106.410004,107.779999,107.779999,237100
2021-01-22,106.940002,108.860001,105.989998,108.709999,108.709999,119400
2021-01-25,107.820000,108.430000,106.239998,107.059998,107.059998,174300
2021-01-26,108.070000,108.070000,104.860001,105.309998,105.309998,207800
2021-01-27,102.650002,102.949997,98.169998,99.360001,99.360001,241300
2021-01-28,101.360001,103.010002,99.980003,101.610001,101.610001,189900
2021-01-29,101.870003,101.959999,98.510002,99.500000,99.500000,201000
2021-02-01,101.000000,104.019997,99.050003,103.589996,103.589996,96200
2021-02-02,107.949997,107.949997,103.940002,106.680000,106.680000,130500
2021-02-03,106.209999,107.000000,103.279999,104.870003,104.870003,97300
2021-02-04,104.099998,107.980003,104.099998,107.680000,107.680000,87800
2021-02-05,108.430000,109.190002,106.410004,107.739998,107.739998,86200
2021-02-08,108.650002,111.440002,107.440002,111.379997,111.379997,96600
2021-02-09,112.620003,113.570000,110.580002,111.370003,111.370003,116300
2021-02-10,112.139999,112.589996,108.709999,109.779999,109.779999,72000
2021-02-11,110.589996,110.589996,107.239998,108.800003,108.800003,164800
2021-02-12,107.519997,109.839996,107.150002,109.529999,109.529999,138200
2021-02-16,109.550003,110.269997,104.879997,104.879997,104.879997,202600
2021-02-17,103.089996,105.970001,102.830002,105.230003,105.230003,192000
2021-02-18,104.190002,106.349998,103.510002,104.739998,104.739998,124400
2021-02-19,105.629997,108.820000,105.410004,107.680000,107.680000,165800
2021-02-22,106.680000,110.839996,105.760002,109.250000,109.250000,118500
2021-02-23,108.169998,110.389999,105.080002,110.059998,110.059998,137900
2021-02-24,109.870003,115.529999,109.300003,115.230003,115.230003,251900
2021-02-25,104.860001,113.379997,104.860001,110.750000,110.750000,209600
2021-02-26,110.809998,112.919998,109.709999,109.720001,109.720001,187500
2021-03-01,112.660004,115.419998,110.540001,114.470001,114.470001,177500
2021-03-02,114.820000,115.169998,112.879997,113.330002,113.330002,199500
2021-03-03,113.500000,114.610001,110.320000,111.559998,111.559998,156800
2021-03-04,111.339996,112.370003,104.980003,108.500000,108.500000,197100
2021-03-05,110.870003,110.870003,104.779999,110.250000,110.250000,275700
2021-03-08,111.910004,115.029999,111.110001,112.669998,112.669998,143500
2021-03-09,114.879997,114.879997,113.029999,113.430000,113.430000,110500
2021-03-10,114.500000,117.250000,113.470001,116.800003,116.800003,150200
2021-03-11,118.190002,118.919998,116.459999,118.800003,118.800003,101900
2021-03-12,118.800003,120.059998,117.959999,118.980003,118.980003,90000
2021-03-15,117.769997,119.959999,116.669998,119.660004,119.660004,107100
2021-03-16,119.660004,119.660004,116.779999,117.449997,117.449997,82100
2021-03-17,116.839996,119.349998,115.330002,119.080002,119.080002,105600
2021-03-18,118.059998,120.480003,115.739998,116.000000,116.000000,114400
2021-03-19,116.360001,118.489998,113.169998,117.029999,117.029999,350800
2021-03-22,120.000000,120.000000,116.470001,117.500000,117.500000,132400
2021-03-23,115.930000,117.629997,111.489998,112.180000,112.180000,164700
2021-03-24,113.459999,116.760002,110.199997,110.559998,110.559998,147000
2021-03-25,109.830002,115.360001,108.650002,114.410004,114.410004,140100
2021-03-26,116.250000,119.559998,114.629997,119.480003,119.480003,127400
2021-03-29,119.820000,119.820000,112.519997,112.519997,112.519997,127500
2021-03-30,112.150002,115.760002,111.820000,115.120003,115.120003,110200
2021-03-31,115.760002,117.970001,114.019997,115.239998,115.239998,137700
2021-04-01,116.519997,119.989998,116.279999,119.919998,119.919998,91900
2021-04-05,122.000000,122.370003,118.879997,120.379997,120.379997,110300
2021-04-06,120.779999,124.339996,120.779999,123.510002,123.510002,158200
2021-04-07,123.050003,124.919998,120.400002,121.550003,121.550003,141600
2021-04-08,122.279999,123.320000,120.250000,123.209999,123.209999,97900
2021-04-09,123.169998,126.010002,122.919998,125.430000,125.430000,98900
2021-04-12,125.139999,127.180000,124.269997,126.860001,126.860001,82900
2021-04-13,126.660004,126.660004,122.019997,123.000000,123.000000,64300
2021-04-14,123.440002,125.309998,123.000000,123.900002,123.900002,57100
2021-04-15,125.519997,125.989998,123.400002,125.680000,125.680000,66300
2021-04-16,127.180000,131.520004,126.660004,130.699997,130.699997,241100
2021-04-19,130.089996,131.000000,128.440002,129.860001,129.860001,150200
2021-04-20,129.020004,130.750000,123.339996,125.000000,125.000000,195500
2021-04-21,125.330002,126.300003,123.870003,125.209999,125.209999,114300
2021-04-22,125.610001,127.129997,124.849998,125.720001,125.720001,95200
2021-04-23,125.800003,127.139999,124.870003,126.489998,126.489998,119500
2021-04-26,127.930000,128.460007,127.250000,127.970001,127.970001,133400
2021-04-27,129.429993,129.759995,127.620003,128.789993,128.789993,110800
2021-04-28,128.639999,128.830002,126.879997,128.139999,128.139999,61600
2021-04-29,129.740005,132.220001,128.770004,129.990005,129.990005,64400
2021-04-30,128.419998,128.419998,125.550003,126.290001,126.290001,87000
2021-05-03,127.959999,129.639999,127.040001,128.839996,128.839996,182400
2021-05-04,127.529999,130.289993,125.309998,126.250000,126.250000,204400
2021-05-05,120.650002,125.160004,118.370003,124.070000,124.070000,229400
2021-05-06,125.279999,128.509995,123.230003,128.509995,128.509995,171300
2021-05-07,127.220001,131.389999,127.220001,129.919998,129.919998,134600
2021-05-10,130.000000,130.880005,127.980003,128.149994,128.149994,118300
2021-05-11,125.050003,125.660004,121.930000,124.940002,124.940002,145100
2021-05-12,124.699997,124.699997,116.440002,116.910004,116.910004,152400
2021-05-13,118.779999,122.750000,118.500000,121.500000,121.500000,218500
2021-05-14,123.000000,124.190002,122.000000,124.010002,124.010002,56800
2021-05-17,123.690002,124.709999,120.519997,124.070000,124.070000,84300
2021-05-18,124.019997,124.940002,120.500000,120.540001,120.540001,136400
2021-05-19,118.379997,118.559998,116.849998,118.430000,118.430000,205300
2021-05-20,118.330002,119.209999,117.250000,118.849998,118.849998,78600
2021-05-21,120.980003,122.410004,118.790001,118.910004,118.910004,73500
2021-05-24,119.489998,119.739998,118.339996,119.480003,119.480003,85300
2021-05-25,119.910004,120.739998,118.739998,118.739998,118.739998,126000
2021-05-26,119.639999,121.169998,119.430000,120.250000,120.250000,87300
2021-05-27,121.389999,121.389999,119.029999,119.410004,119.410004,80400
2021-05-28,121.739998,121.739998,116.980003,119.550003,119.550003,82600
2021-06-01,120.300003,121.730003,119.669998,121.510002,121.510002,76500
2021-06-02,122.010002,122.010002,118.769997,119.889999,119.889999,245500
2021-06-03,118.250000,119.349998,116.160004,118.019997,118.019997,131600
2021-06-04,119.070000,120.190002,117.050003,118.239998,118.239998,99200
2021-06-07,118.080002,118.989998,117.629997,118.290001,118.290001,98900
2021-06-08,118.639999,119.709999,117.790001,119.290001,119.290001,59700
2021-06-09,119.559998,119.559998,117.029999,117.150002,117.150002,77200
2021-06-10,117.279999,119.129997,115.599998,115.769997,115.769997,124300
2021-06-11,116.120003,117.209999,116.120003,116.690002,116.690002,55300
2021-06-14,117.260002,117.260002,114.349998,115.360001,115.360001,101700
2021-06-15,115.980003,115.980003,114.430000,115.519997,115.519997,181100
2021-06-16,115.120003,115.120003,111.599998,111.830002,111.830002,135800
2021-06-17,111.110001,111.570000,108.589996,110.709999,110.709999,174100
2021-06-18,108.760002,109.900002,108.410004,109.419998,109.419998,266800
2021-06-21,110.669998,112.199997,110.669998,111.849998,111.849998,153600
2021-06-22,111.290001,112.379997,110.559998,111.639999,111.639999,111800
2021-06-23,111.239998,112.500000,111.110001,111.730003,111.730003,145100
2021-06-24,112.430000,113.070000,110.449997,111.709999,111.709999,98200
2021-06-25,111.970001,112.639999,111.400002,111.489998,111.489998,362500
2021-06-28,112.199997,112.639999,110.209999,111.760002,111.760002,192000
2021-06-29,112.650002,113.099998,111.750000,111.760002,111.760002,78000
2021-06-30,111.410004,112.589996,111.010002,111.790001,111.790001,111800
2021-07-01,112.970001,115.010002,112.150002,113.949997,113.949997,161000
2021-07-02,114.070000,114.070000,112.529999,112.690002,112.690002,107600
2021-07-06,113.209999,113.739998,108.480003,110.430000,110.430000,134600
2021-07-07,110.389999,113.279999,110.150002,111.959999,111.959999,123500
2021-07-08,110.000000,111.459999,108.389999,109.419998,109.419998,145000
2021-07-09,110.779999,113.769997,110.779999,113.290001,113.290001,162800
2021-07-12,112.790001,114.779999,112.279999,114.580002,114.580002,130800
2021-07-13,113.489998,113.510002,109.580002,109.750000,109.750000,167000
2021-07-14,110.250000,110.779999,108.860001,109.459999,109.459999,85500
2021-07-15,109.070000,111.000000,108.010002,110.199997,110.199997,104300
2021-07-16,111.029999,111.099998,106.489998,106.540001,106.540001,90700
2021-07-19,105.690002,107.059998,103.629997,105.129997,105.129997,154800
2021-07-20,105.510002,110.250000,105.250000,109.349998,109.349998,189300
2021-07-21,110.260002,113.540001,110.260002,111.440002,111.440002,132300
2021-07-22,110.779999,110.800003,107.589996,107.809998,107.809998,156600
2021-07-23,108.970001,110.809998,108.699997,110.070000,110.070000,136200
2021-07-26,111.070000,111.070000,109.550003,109.900002,109.900002,100300
2021-07-27,108.779999,110.260002,108.250000,109.440002,109.440002,106300
2021-07-28,109.879997,111.070000,107.010002,110.000000,110.000000,183000
2021-07-29,111.269997,113.360001,111.150002,112.809998,112.809998,67200
2021-07-30,112.150002,114.129997,112.150002,113.160004,113.160004,124600
2021-08-02,113.190002,116.389999,112.320000,112.639999,112.639999,172900
2021-08-03,112.050003,113.849998,110.480003,113.750000,113.750000,88100
2021-08-04,112.230003,114.360001,111.800003,112.160004,112.160004,104900
2021-08-05,112.889999,114.629997,112.529999,114.120003,114.120003,69600
2021-08-06,115.190002,116.660004,114.139999,114.870003,114.870003,195800
2021-08-09,113.930000,115.529999,112.949997,114.169998,114.169998,130800
2021-08-10,113.629997,117.000000,112.180000,116.570000,116.570000,194300
2021-08-11,117.250000,123.300003,117.250000,122.660004,122.660004,271700
2021-08-12,123.550003,127.470001,122.910004,123.639999,123.639999,261400
2021-08-13,123.089996,124.059998,122.089996,122.769997,122.769997,126900
2021-08-16,122.000000,122.870003,120.389999,120.699997,120.699997,106400
2021-08-17,119.110001,119.449997,114.260002,115.599998,115.599998,173400
2021-08-18,114.750000,117.800003,114.750000,115.180000,115.180000,109800
2021-08-19,113.440002,115.599998,112.980003,115.279999,115.279999,163800
2021-08-20,115.279999,117.169998,114.680000,116.709999,116.709999,99200
2021-08-23,117.440002,117.629997,114.900002,116.690002,116.690002,79500
2021-08-24,116.620003,120.000000,116.620003,120.000000,120.000000,99000
2021-08-25,120.000000,122.389999,119.980003,121.290001,121.290001,80300
2021-08-26,120.809998,121.589996,118.809998,119.059998,119.059998,66000
2021-08-27,119.389999,124.650002,119.389999,124.080002,124.080002,112300
2021-08-30,125.449997,125.459999,122.559998,122.760002,122.760002,85200