Date,Open,High,Low,Close,Adj Close,Volume
2021-01-04,16.360001,16.375000,15.485000,15.740000,15.630469,2042900
2021-01-05,15.770000,16.219999,15.710000,16.180000,16.067410,1401700
2021-01-06,16.320000,16.809999,16.280001,16.639999,16.524206,2296800
2021-01-07,16.730000,17.049999,16.730000,16.959999,16.841980,1572700
2021-01-08,16.920000,16.920000,16.230000,16.540001,16.424904,810100
2021-01-11,16.320000,16.600000,16.290001,16.530001,16.414974,536800
2021-01-12,16.580000,16.700001,16.113001,16.280001,16.166714,851500
2021-01-13,16.250000,16.305000,15.950000,16.260000,16.146851,2071500
2021-01-14,16.320000,16.590000,16.090000,16.510000,16.395111,640300
2021-01-15,16.360001,16.500000,16.195000,16.389999,16.275946,493600
2021-01-19,16.450001,16.570000,16.240000,16.400000,16.285875,576900
2021-01-20,16.450001,16.490000,16.150000,16.320000,16.206432,453200
2021-01-21,16.280001,16.299999,16.090000,16.150000,16.037615,585000
2021-01-22,16.020000,16.230000,15.880000,16.230000,16.117060,926700
2021-01-25,16.120001,16.430000,15.960000,16.299999,16.186571,810800
2021-01-26,16.389999,16.440001,16.120001,16.170000,16.057476,557700
2021-01-27,15.960000,16.190001,15.880000,16.000000,15.888660,1081200
2021-01-28,16.000000,16.260000,15.950000,16.100000,15.987966,876200
2021-01-29,16.100000,16.330000,15.870000,15.940000,15.829078,1255800
2021-02-01,15.990000,16.200001,15.960000,16.100000,15.987966,565000
2021-02-02,16.200001,16.504999,16.115000,16.209999,16.097198,909200
2021-02-03,16.150000,16.320000,16.059999,16.320000,16.206432,502900
2021-02-04,16.290001,16.440001,16.240000,16.299999,16.186571,788600
2021-02-05,16.370001,16.379999,16.129999,16.180000,16.067410,1165600
2021-02-08,16.200001,16.360001,16.070000,16.350000,16.236225,1184600
2021-02-09,16.350000,16.389999,16.100000,16.230000,16.117060,1029500
2021-02-10,16.129999,16.410000,16.129999,16.230000,16.117060,598800
2021-02-11,16.209999,16.485001,16.180000,16.459999,16.345459,582300
2021-02-12,16.459999,16.780001,16.370001,16.719999,16.603649,954100
2021-02-16,16.799999,16.959999,16.764999,16.790001,16.673164,742700
2021-02-17,16.690001,16.860001,16.570000,16.590000,16.474554,391300
2021-02-18,16.610001,16.889999,16.590000,16.700001,16.583790,519700
2021-02-19,16.670000,16.860001,16.650000,16.850000,16.732744,509200
2021-02-22,16.850000,17.299999,16.850000,17.250000,17.129961,1097800
2021-02-23,17.290001,17.580000,16.920000,17.230000,17.110102,1279700
2021-02-24,17.290001,18.010000,17.200001,17.959999,17.835020,1117000
2021-02-25,17.879999,18.299999,17.709999,17.980000,17.854881,1487200
2021-02-26,17.879999,18.049999,17.420000,17.610001,17.487457,902800
2021-03-01,17.790001,17.945000,17.559999,17.809999,17.686064,509900
2021-03-02,17.670000,18.170000,17.540001,18.059999,17.994947,541300
2021-03-03,18.160000,18.290001,17.610001,18.049999,17.984983,721100
2021-03-04,17.840000,18.430000,17.780001,17.879999,17.815596,1112600
2021-03-05,18.120001,18.270000,17.629999,17.920000,17.855453,848100
2021-03-08,17.950001,18.370001,17.930000,18.180000,18.114517,653100
2021-03-09,18.120001,18.455000,17.764999,18.420000,18.353651,675500
2021-03-10,18.379999,18.780001,18.219999,18.459999,18.393507,1035100
2021-03-11,18.510000,18.910000,18.110001,18.870001,18.802032,1222400
2021-03-12,18.900000,19.309999,18.670000,19.150000,19.081022,1049300
2021-03-15,19.330000,19.500000,19.120001,19.250000,19.180662,1317300
2021-03-16,19.160000,19.230000,18.750000,19.010000,18.941526,1375800
2021-03-17,19.090000,19.340000,18.792999,19.340000,19.270338,745800
2021-03-18,19.500000,20.150000,19.120001,19.209999,19.140806,1747100
2021-03-19,19.100000,19.830000,18.690001,19.709999,19.639004,7884300
2021-03-22,19.580000,19.740000,19.139999,19.480000,19.409834,994000
2021-03-23,19.309999,19.680000,18.930000,19.010000,18.941526,847400
2021-03-24,19.100000,19.350000,18.799999,18.830000,18.762175,631600
2021-03-25,18.719999,19.049999,18.549999,18.969999,18.901670,555200
2021-03-26,19.139999,19.469999,18.930000,19.459999,19.389904,591700
2021-03-29,19.370001,19.530001,19.070000,19.160000,19.090986,538400
2021-03-30,19.150000,19.520000,19.150000,19.290001,19.220518,472300
2021-03-31,19.290001,19.500000,19.070000,19.290001,19.220518,673900
2021-04-01,19.250000,19.600000,19.100000,19.600000,19.529402,455300
2021-04-05,19.670000,19.799999,19.180000,19.370001,19.300230,451800
2021-04-06,19.400000,19.670000,19.330000,19.385000,19.315176,439500
2021-04-07,19.340000,19.570000,19.120001,19.200001,19.130842,504600
2021-04-08,19.000000,19.389999,18.620001,19.129999,19.061094,2218800
2021-04-09,19.280001,19.500000,19.180000,19.450001,19.379942,1094400
2021-04-12,19.620001,19.825001,19.510000,19.650000,19.579222,836600
2021-04-13,19.700001,19.730000,19.370001,19.450001,19.379942,499600
2021-04-14,19.540001,19.840000,19.540001,19.639999,19.569256,519600
2021-04-15,19.620001,20.000000,19.620001,19.969999,19.898067,800800
2021-04-16,20.000000,20.370001,19.959999,20.230000,20.157131,1161800
2021-04-19,20.250000,20.520000,20.000000,20.040001,19.967817,528600
2021-04-20,19.910000,20.309999,19.740000,19.770000,19.698790,846600
2021-04-21,19.709999,20.190001,19.520000,20.150000,20.077419,728200
2021-04-22,20.219999,20.559999,20.084999,20.180000,20.107313,605100
2021-04-23,20.150000,21.100000,20.150000,21.049999,20.974178,1249400
2021-04-26,21.049999,21.540001,21.020000,21.209999,21.133602,1138900
2021-04-27,21.290001,21.320000,20.980000,21.219999,21.143566,1276800
2021-04-28,21.299999,21.400000,21.120001,21.250000,21.173458,531900
2021-04-29,21.170000,21.790001,21.170000,21.580000,21.502270,842700
2021-04-30,21.799999,21.930000,21.309999,21.330000,21.253170,880600
2021-05-03,21.629999,21.809999,21.469999,21.590000,21.512234,726000
2021-05-04,21.400000,21.750000,21.290001,21.750000,21.671658,772300
2021-05-05,21.790001,22.195000,21.610001,22.000000,21.920757,720500
2021-05-06,22.160000,22.240000,21.940001,22.200001,22.120037,753500
2021-05-07,22.040001,22.219999,21.770000,22.180000,22.100109,729400
2021-05-10,22.290001,22.540001,22.059999,22.090000,22.010433,938200
2021-05-11,21.840000,22.040001,21.480000,21.910000,21.831081,856000
2021-05-12,21.920000,22.250000,21.070000,21.129999,21.053890,1109300
2021-05-13,21.059999,21.570000,20.950001,21.389999,21.312954,1043800
2021-05-14,21.530001,21.740000,21.330000,21.680000,21.601910,560300
2021-05-17,21.650000,21.750000,21.299999,21.740000,21.661694,946600
2021-05-18,21.780001,22.145000,21.680000,21.900000,21.821117,804000
2021-05-19,21.730000,22.250000,21.629999,22.170000,22.090145,659800
2021-05-20,22.120001,22.459999,22.000000,22.299999,22.219675,928500
2021-05-21,22.490000,22.924999,22.459999,22.719999,22.638163,1290300
2021-05-24,22.830000,22.920000,22.629999,22.840000,22.757730,667700
2021-05-25,22.930000,23.030001,22.379999,22.410000,22.329279,959500
2021-05-26,22.510000,22.730000,22.370001,22.580000,22.498667,758100
2021-05-27,22.820000,22.860001,22.600000,22.740000,22.658091,2865500
2021-05-28,22.799999,22.799999,22.299999,22.400000,22.319315,717600
2021-06-01,22.540001,22.570000,22.110001,22.209999,22.129999,1099900
2021-06-02,22.120001,22.250000,21.900000,21.990000,21.990000,915000
2021-06-03,22.000000,22.000000,21.719999,21.750000,21.750000,1038700
2021-06-04,21.730000,21.885000,21.650000,21.790001,21.790001,652100
2021-06-07,21.700001,22.170000,21.650000,21.980000,21.980000,1057400
2021-06-08,21.900000,22.170000,21.660000,22.090000,22.090000,972400
2021-06-09,22.030001,22.219999,21.680000,21.840000,21.840000,528200
2021-06-10,22.049999,22.070000,21.450001,21.480000,21.480000,618100
2021-06-11,21.549999,21.719999,21.080000,21.219999,21.219999,850400
2021-06-14,21.120001,21.379999,20.940001,21.320000,21.320000,1079500
2021-06-15,21.420000,21.820000,21.165001,21.670000,21.670000,825200
2021-06-16,21.570000,22.065001,21.150000,21.969999,21.969999,1062200
2021-06-17,22.000000,22.077000,21.309999,21.379999,21.379999,1039500
2021-06-18,21.120001,21.480000,20.745001,21.090000,21.090000,4068700
2021-06-21,21.139999,21.530001,21.020000,21.379999,21.379999,1430700
2021-06-22,21.360001,21.639999,21.180000,21.290001,21.290001,1003300
2021-06-23,21.350000,21.350000,20.969999,20.969999,20.969999,683300
2021-06-24,21.040001,21.070000,20.600000,20.870001,20.870001,882400
2021-06-25,20.889999,21.285000,20.780001,21.020000,21.020000,1622900
2021-06-28,20.940001,21.020000,20.295000,20.400000,20.400000,857700
2021-06-29,20.520000,20.680000,20.309999,20.430000,20.430000,525300
2021-06-30,20.340000,20.680000,20.309999,20.570000,20.570000,610800
2021-07-01,20.690001,20.690001,20.290001,20.350000,20.350000,502800
2021-07-02,20.309999,20.500000,20.090000,20.290001,20.290001,583800
2021-07-06,20.330000,20.330000,19.530001,19.559999,19.559999,750700
2021-07-07,19.520000,19.750000,19.260000,19.290001,19.290001,637200
2021-07-08,19.070000,19.139999,18.639999,19.139999,19.139999,763300
2021-07-09,19.420000,19.799999,19.209999,19.790001,19.790001,724500
2021-07-12,19.639999,19.770000,19.405001,19.670000,19.670000,324800
2021-07-13,19.620001,19.639999,19.080000,19.240000,19.240000,692500
2021-07-14,19.320000,19.676001,18.920000,19.170000,19.170000,604300
2021-07-15,19.020000,19.469999,19.000000,19.330000,19.330000,538500
2021-07-16,19.459999,19.459999,18.840000,18.879999,18.879999,499100
2021-07-19,18.750000,18.750000,18.139999,18.340000,18.340000,990100
2021-07-20,18.340000,19.010000,18.309999,18.540001,18.540001,1018700
2021-07-21,18.709999,19.049999,18.709999,18.870001,18.870001,438200
2021-07-22,19.440001,19.440001,18.280001,18.360001,18.360001,486000
2021-07-23,18.530001,18.660000,18.240000,18.430000,18.430000,334500
2021-07-26,18.450001,18.690001,18.330000,18.420000,18.420000,237500
2021-07-27,18.260000,18.440001,18.110001,18.190001,18.190001,280600
2021-07-28,18.290001,18.670000,18.250000,18.500000,18.500000,523400
2021-07-29,18.950001,18.950001,18.450001,18.900000,18.900000,608400
2021-07-30,19.230000,19.230000,18.160000,18.250000,18.250000,859200
2021-08-02,18.760000,18.780001,18.100000,18.120001,18.120001,649200
2021-08-03,18.180000,18.350000,17.940001,18.280001,18.280001,573500
2021-08-04,18.080000,18.350000,18.000000,18.129999,18.129999,455600
2021-08-05,18.250000,18.740000,18.243999,18.709999,18.709999,386500
2021-08-06,18.965000,19.280001,18.885000,19.170000,19.170000,455600
2021-08-09,19.070000,19.420000,18.969999,19.000000,19.000000,365400
2021-08-10,18.940001,19.420000,18.940001,19.320000,19.320000,373200
2021-08-11,19.400000,19.610001,19.120001,19.580000,19.580000,496700
2021-08-12,19.570000,19.760000,19.510000,19.549999,19.549999,395000
2021-08-13,19.520000,19.620001,19.309999,19.350000,19.350000,321700
2021-08-16,19.209999,19.559999,18.950001,19.490000,19.490000,726400
2021-08-17,19.320000,19.389999,18.889999,19.059999,19.059999,463200
2021-08-18,19.000000,19.360001,18.830000,19.070000,19.070000,709600
2021-08-19,18.850000,19.105000,18.660000,19.040001,19.040001,581500
2021-08-20,18.940001,19.570000,18.940001,19.540001,19.540001,469200
2021-08-23,19.620001,19.695000,19.139999,19.520000,19.520000,399500
2021-08-24,19.559999,19.660000,19.430000,19.490000,19.490000,222600
2021-08-25,19.580000,19.889999,19.430000,19.740000,19.740000,471800
2021-08-26,19.790001,19.900000,19.389999,19.410000,19.410000,364800
2021-08-27,19.420000,19.900000,19.420000,19.900000,19.900000,466900
2021-08-30,19.959999,20.000000,19.570000,19.629999,19.629999,464600