Date,Open,High,Low,Close,Adj Close,Volume
2021-01-04,89.879997,93.730003,89.599998,93.099998,93.099998,406400
2021-01-05,93.010002,97.849998,93.010002,96.989998,96.989998,489300
2021-01-06,95.680000,100.139999,94.360001,97.970001,97.970001,608700
2021-01-07,98.519997,102.099998,97.779999,100.769997,100.769997,395700
2021-01-08,97.080002,100.169998,95.000000,97.230003,97.230003,512700
2021-01-11,102.099998,102.099998,97.540001,98.889999,98.889999,406100
2021-01-12,101.900002,104.129997,101.580002,103.379997,103.379997,577200
2021-01-13,104.320000,110.650002,104.000000,107.650002,107.650002,777600
2021-01-14,108.239998,109.449997,105.250000,105.989998,105.989998,884500
2021-01-15,105.010002,107.930000,104.510002,106.290001,106.290001,518800
2021-01-19,108.000000,109.889999,106.250000,106.870003,106.870003,474100
2021-01-20,107.000000,110.000000,106.169998,107.870003,107.870003,513200
2021-01-21,107.750000,110.370003,105.849998,110.059998,110.059998,501000
2021-01-22,108.849998,109.339996,106.000000,107.120003,107.120003,429600
2021-01-25,107.120003,107.129997,104.260002,106.370003,106.370003,513600
2021-01-26,107.610001,112.610001,106.750000,109.370003,109.370003,496100
2021-01-27,107.500000,108.790001,104.459999,107.230003,107.230003,501800
2021-01-28,107.639999,111.900002,107.309998,108.489998,108.489998,439200
2021-01-29,109.199997,109.599998,106.050003,106.849998,106.849998,438500
2021-02-01,108.000000,117.930000,108.000000,115.790001,115.790001,667400
2021-02-02,117.000000,117.970001,113.410004,116.790001,116.790001,443700
2021-02-03,116.790001,119.050003,114.849998,117.980003,117.980003,675000
2021-02-04,117.360001,118.540001,113.699997,116.430000,116.430000,526700
2021-02-05,117.709999,117.750000,113.930000,117.550003,117.550003,434300
2021-02-08,118.250000,124.010002,118.010002,123.449997,123.449997,648500
2021-02-09,123.000000,126.150002,118.199997,119.440002,119.440002,633400
2021-02-10,119.500000,122.000000,117.010002,119.919998,119.919998,376300
2021-02-11,121.010002,124.129997,120.099998,123.870003,123.870003,472900
2021-02-12,123.559998,125.570000,122.639999,125.190002,125.190002,333200
2021-02-16,125.889999,127.199997,122.339996,123.230003,123.230003,326600
2021-02-17,122.120003,123.910004,118.739998,122.510002,122.510002,316700
2021-02-18,120.309998,121.410004,115.709999,117.059998,117.059998,334800
2021-02-19,106.980003,110.000000,102.050003,103.040001,103.040001,2119200
2021-02-22,101.510002,103.489998,97.180000,97.739998,97.739998,1266800
2021-02-23,93.260002,93.949997,89.139999,93.489998,93.489998,1311700
2021-02-24,98.000000,99.150002,96.290001,98.800003,98.800003,564300
2021-02-25,98.449997,101.410004,96.389999,97.150002,97.150002,509000
2021-02-26,97.500000,98.680000,92.860001,96.000000,96.000000,548900
2021-03-01,98.779999,102.300003,98.010002,102.199997,102.199997,737200
2021-03-02,102.459999,102.879997,98.910004,99.300003,99.300003,588200
2021-03-03,98.870003,101.230003,94.370003,94.730003,94.730003,855200
2021-03-04,93.360001,94.800003,88.910004,90.870003,90.870003,755800
2021-03-05,92.599998,92.989998,86.160004,92.309998,92.309998,726100
2021-03-08,90.699997,92.080002,86.169998,86.230003,86.230003,846600
2021-03-09,87.660004,90.330002,86.620003,86.989998,86.989998,813900
2021-03-10,89.010002,90.470001,88.599998,89.629997,89.629997,520400
2021-03-11,91.790001,94.879997,91.290001,91.900002,91.900002,573800
2021-03-12,90.930000,91.300003,88.540001,90.190002,90.190002,561100
2021-03-15,90.820000,93.239998,90.230003,91.839996,91.839996,451800
2021-03-16,91.910004,94.989998,91.120003,93.029999,93.029999,449900
2021-03-17,91.550003,92.820000,89.779999,91.650002,91.650002,501300
2021-03-18,90.309998,91.980003,88.000000,88.290001,88.290001,375600
2021-03-19,88.839996,91.199997,88.300003,90.980003,90.980003,1268800
2021-03-22,92.110001,96.029999,91.610001,95.029999,95.029999,512000
2021-03-23,94.529999,95.440002,92.699997,93.180000,93.180000,575200
2021-03-24,93.489998,94.610001,90.550003,90.849998,90.849998,354000
2021-03-25,90.000000,94.040001,89.860001,93.879997,93.879997,465000
2021-03-26,94.260002,95.589996,92.440002,94.529999,94.529999,297600
2021-03-29,94.300003,94.889999,92.180000,92.830002,92.830002,281500
2021-03-30,92.320000,93.459999,90.000000,90.300003,90.300003,820100
2021-03-31,91.480003,94.000000,91.440002,92.910004,92.910004,410500
2021-04-01,85.000000,85.449997,79.379997,80.459999,80.459999,3196800
2021-04-05,80.029999,80.120003,77.199997,78.620003,78.620003,1416300
2021-04-06,78.949997,80.250000,77.919998,79.250000,79.250000,1334700
2021-04-07,79.550003,82.309998,78.320000,78.860001,78.860001,1310800
2021-04-08,79.750000,79.750000,76.389999,78.580002,78.580002,885400
2021-04-09,77.470001,78.000000,75.089996,77.349998,77.349998,979900
2021-04-12,77.410004,77.540001,75.110001,75.860001,75.860001,626200
2021-04-13,73.260002,75.570000,71.550003,72.760002,72.760002,1452700
2021-04-14,73.519997,75.730003,73.339996,74.470001,74.470001,1202200
2021-04-15,75.489998,75.489998,74.349998,74.470001,74.470001,828200
2021-04-16,74.889999,77.800003,74.419998,77.639999,77.639999,493800
2021-04-19,75.239998,75.239998,67.529999,67.870003,67.870003,1603800
2021-04-20,67.019997,67.500000,64.870003,65.620003,65.620003,2106000
2021-04-21,65.300003,66.730003,64.870003,66.000000,66.000000,1170800
2021-04-22,63.259998,64.470001,61.000000,63.119999,63.119999,1771900
2021-04-23,63.470001,63.470001,60.700001,61.939999,61.939999,1400700
2021-04-26,62.410000,64.769997,62.209999,63.990002,63.990002,860800
2021-04-27,63.840000,64.949997,63.200001,63.750000,63.750000,602500
2021-04-28,63.189999,63.430000,62.000000,62.049999,62.049999,536700
2021-04-29,62.900002,63.250000,61.099998,63.150002,63.150002,858300
2021-04-30,61.820000,63.110001,60.720001,60.980000,60.980000,997600
2021-05-03,61.349998,61.939999,60.709999,61.590000,61.590000,708600
2021-05-04,60.849998,61.230000,58.830002,59.099998,59.099998,929600
2021-05-05,58.790001,62.369999,58.790001,61.009998,61.009998,735400
2021-05-06,60.000000,61.880001,59.900002,60.849998,60.849998,965200
2021-05-07,61.410000,62.500000,61.099998,61.619999,61.619999,432600
2021-05-10,61.730000,61.990002,59.740002,59.869999,59.869999,524500
2021-05-11,55.180000,59.500000,55.070000,58.799999,58.799999,870700
2021-05-12,58.320000,59.970001,58.139999,58.599998,58.599998,546300
2021-05-13,59.029999,59.910000,58.299999,58.500000,58.500000,621700
2021-05-14,59.680000,62.180000,59.410000,62.000000,62.000000,489000
2021-05-17,61.919998,62.240002,60.200001,60.290001,60.290001,559800
2021-05-18,59.939999,60.099998,57.660000,58.230000,58.230000,805900
2021-05-19,57.310001,57.700001,55.849998,56.689999,56.689999,1022600
2021-05-20,57.520000,58.689999,57.180000,58.639999,58.639999,524900
2021-05-21,59.009998,59.490002,58.049999,58.500000,58.500000,439300
2021-05-24,58.849998,58.990002,56.820000,56.869999,56.869999,333900
2021-05-25,56.860001,57.509998,56.009998,56.610001,56.610001,401700
2021-05-26,56.860001,57.619999,56.459999,57.450001,57.450001,322900
2021-05-27,57.419998,58.020000,56.590000,57.799999,57.799999,431800
2021-05-28,60.689999,62.119999,59.639999,60.650002,60.650002,1534500
2021-06-01,60.700001,62.349998,60.200001,61.740002,61.740002,784100
2021-06-02,61.680000,61.930000,60.330002,61.779999,61.779999,1047900
2021-06-03,61.000000,62.630001,60.930000,61.639999,61.639999,464700
2021-06-04,62.000000,64.559998,62.000000,64.400002,64.400002,743400
2021-06-07,64.300003,66.220001,63.910000,65.489998,65.489998,990900
2021-06-08,65.989998,66.099998,62.799999,63.910000,63.910000,543200
2021-06-09,64.620003,65.709999,63.930000,65.059998,65.059998,467600
2021-06-10,65.129997,66.029999,64.809998,65.480003,65.480003,374800
2021-06-11,65.510002,66.120003,62.720001,63.509998,63.509998,829400
2021-06-14,63.580002,63.980000,60.570000,61.790001,61.790001,809900
2021-06-15,61.360001,63.189999,61.020000,61.570000,61.570000,862300
2021-06-16,61.919998,62.860001,61.119999,61.959999,61.959999,459300
2021-06-17,61.520000,63.619999,61.450001,63.119999,63.119999,556000
2021-06-18,62.799999,63.639999,60.200001,60.549999,60.549999,2017100
2021-06-21,60.930000,61.730000,60.250000,61.090000,61.090000,596300
2021-06-22,60.750000,61.130001,58.660000,58.849998,58.849998,646900
2021-06-23,58.720001,60.290001,58.700001,60.049999,60.049999,446500
2021-06-24,60.450001,62.130001,60.180000,61.849998,61.849998,420900
2021-06-25,62.480000,63.459999,62.310001,63.369999,63.369999,2860700
2021-06-28,64.040001,64.169998,62.029999,62.680000,62.680000,478700
2021-06-29,62.680000,64.169998,62.080002,64.000000,64.000000,1178900
2021-06-30,63.660000,63.950001,62.919998,62.990002,62.990002,873500
2021-07-01,63.080002,64.120003,62.720001,64.029999,64.029999,450400
2021-07-02,64.000000,65.610001,62.869999,63.759998,63.759998,522100
2021-07-06,63.169998,63.470001,60.889999,61.669998,61.669998,370200
2021-07-07,61.790001,62.000000,60.860001,61.529999,61.529999,617500
2021-07-08,60.270000,60.470001,58.230000,59.070000,59.070000,596600
2021-07-09,59.439999,60.900002,59.009998,60.150002,60.150002,380900
2021-07-12,60.380001,60.840000,59.509998,59.740002,59.740002,285000
2021-07-13,59.020000,59.580002,57.820000,57.919998,57.919998,412600
2021-07-14,58.360001,59.259998,57.849998,58.590000,58.590000,314500
2021-07-15,58.040001,60.840000,57.910000,60.430000,60.430000,476800
2021-07-16,61.160000,63.830002,60.500000,62.430000,62.430000,585600
2021-07-19,61.000000,63.700001,60.490002,63.680000,63.680000,523700
2021-07-20,63.689999,65.760002,63.250000,65.120003,65.120003,897400
2021-07-21,65.250000,66.180000,63.730000,66.050003,66.050003,672100
2021-07-22,65.699997,66.279999,63.549999,63.650002,63.650002,284800
2021-07-23,64.389999,64.699997,63.770000,64.389999,64.389999,234800
2021-07-26,64.389999,64.389999,62.160000,62.369999,62.369999,238600
2021-07-27,61.779999,62.779999,60.820000,62.709999,62.709999,305500
2021-07-28,63.279999,65.650002,62.709999,65.160004,65.160004,444400
2021-07-29,66.239998,68.029999,65.160004,65.220001,65.220001,675100
2021-07-30,60.610001,67.690002,60.500000,65.900002,65.900002,887900
2021-08-02,65.930000,66.779999,62.040001,63.720001,63.720001,721500
2021-08-03,63.490002,64.199997,62.610001,63.380001,63.380001,403900
2021-08-04,62.639999,64.080002,61.700001,62.040001,62.040001,397900
2021-08-05,62.000000,62.459999,61.110001,61.549999,61.549999,359000
2021-08-06,61.270000,62.360001,60.419998,60.810001,60.810001,403700
2021-08-09,60.849998,62.330002,60.759998,61.250000,61.250000,232700
2021-08-10,61.040001,61.959999,59.180000,60.360001,60.360001,307400
2021-08-11,60.590000,61.290001,59.450001,60.450001,60.450001,284900
2021-08-12,61.099998,62.930000,60.639999,62.689999,62.689999,360700
2021-08-13,63.230000,64.010002,61.299999,61.580002,61.580002,334000
2021-08-16,60.880001,61.099998,59.520000,59.860001,59.860001,269900
2021-08-17,59.130001,62.779999,58.810001,62.660000,62.660000,361000
2021-08-18,62.840000,62.900002,60.740002,60.759998,60.759998,300400
2021-08-19,60.209999,62.209999,59.860001,61.049999,61.049999,352000
2021-08-20,61.099998,63.459999,60.889999,63.230000,63.230000,351100
2021-08-23,63.939999,65.040001,63.380001,63.669998,63.669998,383200
2021-08-24,63.840000,63.840000,62.349998,62.759998,62.759998,247000
2021-08-25,62.759998,64.580002,62.200001,64.330002,64.330002,317900
2021-08-26,64.400002,64.889999,62.689999,62.849998,62.849998,336200
2021-08-27,63.480000,64.449997,62.540001,64.160004,64.160004,476000
2021-08-30,64.650002,65.089996,63.709999,63.820000,63.820000,310600