Date,Open,High,Low,Close,Adj Close,Volume
2021-01-04,71.300003,73.500000,68.580002,71.589996,71.589996,2138100
2021-01-05,71.040001,76.889999,70.599998,76.839996,76.839996,1523600
2021-01-06,75.000000,86.339996,74.419998,80.540001,80.540001,2783600
2021-01-07,81.959999,90.629997,81.250000,89.660004,89.660004,2743300
2021-01-08,90.589996,99.949997,86.190002,90.580002,90.580002,4016500
2021-01-11,87.010002,88.000000,75.050003,76.940002,76.940002,5062900
2021-01-12,78.269997,81.779999,74.500000,75.000000,75.000000,2621400
2021-01-13,75.250000,76.949997,72.690002,73.300003,73.300003,2417600
2021-01-14,73.629997,76.949997,72.970001,75.919998,75.919998,2509200
2021-01-15,76.489998,83.949997,76.040001,76.139999,76.139999,4305600
2021-01-19,74.000000,76.900002,69.669998,72.110001,72.110001,3744900
2021-01-20,73.529999,74.550003,70.464996,71.760002,71.760002,2560200
2021-01-21,67.910004,70.000000,62.500000,63.790001,63.790001,8313400
2021-01-22,64.209999,66.639999,63.439999,65.760002,65.760002,3276400
2021-01-25,66.510002,67.660004,61.340000,65.470001,65.470001,2938700
2021-01-26,65.309998,66.410004,60.325001,60.680000,60.680000,2581400
2021-01-27,58.880001,62.500000,54.009998,60.500000,60.500000,4379900
2021-01-28,61.700001,64.449997,59.040001,61.130001,61.130001,2643800
2021-01-29,61.639999,63.700001,59.099998,61.349998,61.349998,1776400
2021-02-01,62.570000,63.470001,60.099998,62.889999,62.889999,1932200
2021-02-02,64.379997,67.610001,63.950001,65.669998,65.669998,2908700
2021-02-03,66.169998,68.570000,61.820000,62.160000,62.160000,2375900
2021-02-04,63.500000,64.000000,60.750000,63.180000,63.180000,1503000
2021-02-05,63.770000,64.820000,62.500000,64.059998,64.059998,1263600
2021-02-08,65.000000,70.400002,63.509998,69.750000,69.750000,3296600
2021-02-09,69.809998,70.059998,64.260002,66.730003,66.730003,3061900
2021-02-10,67.760002,68.900002,58.900002,59.110001,59.110001,4464100
2021-02-11,60.310001,60.919998,56.279999,57.169998,57.169998,3236400
2021-02-12,57.169998,59.299999,54.700001,57.939999,57.939999,2463300
2021-02-16,59.250000,59.430000,55.799999,56.450001,56.450001,2083800
2021-02-17,55.939999,56.509998,52.750000,56.509998,56.509998,2803100
2021-02-18,54.500000,56.240002,53.830002,55.360001,55.360001,2078900
2021-02-19,56.650002,58.270000,55.700001,56.490002,56.490002,1964600
2021-02-22,56.000000,56.250000,51.340000,52.419998,52.419998,2054700
2021-02-23,49.900002,50.160000,44.169998,49.139999,49.139999,3911700
2021-02-24,50.230000,50.889999,47.333000,49.700001,49.700001,2314700
2021-02-25,49.340000,50.900002,44.299999,44.759998,44.759998,3585000
2021-02-26,45.090000,46.243000,42.330002,43.860001,43.860001,3043300
2021-03-01,44.220001,47.939999,44.070000,46.889999,46.889999,2310300
2021-03-02,46.939999,48.240002,45.459999,45.689999,45.689999,1498700
2021-03-03,45.400002,45.599998,42.002998,43.130001,43.130001,2711400
2021-03-04,42.665001,43.379002,37.630001,40.360001,40.360001,4305800
2021-03-05,42.410000,42.939999,36.099998,41.630001,41.630001,3833100
2021-03-08,42.389999,45.099998,40.070000,40.540001,40.540001,2888500
2021-03-09,42.950001,46.419998,42.500000,45.330002,45.330002,2961500
2021-03-10,46.500000,48.400002,45.540001,46.660000,46.660000,2580700
2021-03-11,48.150002,48.820000,46.750000,47.320000,47.320000,2051500
2021-03-12,46.130001,46.700001,44.340000,46.279999,46.279999,1467100
2021-03-15,46.310001,48.540001,45.810001,47.970001,47.970001,1249700
2021-03-16,48.599998,48.650002,43.939999,45.669998,45.669998,1697700
2021-03-17,44.195000,47.880001,43.270000,46.570000,46.570000,1247400
2021-03-18,45.669998,45.889999,43.150002,43.250000,43.250000,1363900
2021-03-19,43.500000,45.250000,43.279999,45.000000,45.000000,2186500
2021-03-22,45.910000,49.169998,45.330002,48.480000,48.480000,1820700
2021-03-23,47.810001,48.430000,45.533001,46.080002,46.080002,1810500
2021-03-24,46.169998,46.700001,40.799999,40.990002,40.990002,1991400
2021-03-25,39.310001,42.389999,37.375999,42.180000,42.180000,2255500
2021-03-26,42.119999,42.400002,38.119999,40.480000,40.480000,1816400
2021-03-29,40.279999,41.459999,38.865002,39.709999,39.709999,1324900
2021-03-30,39.160000,41.389999,37.139999,40.500000,40.500000,1447600
2021-03-31,41.389999,43.160000,41.049999,42.000000,42.000000,2040700
2021-04-01,43.080002,45.590000,42.619999,42.830002,42.830002,1742600
2021-04-05,44.509998,45.431000,42.580002,42.860001,42.860001,933400
2021-04-06,42.389999,44.139999,41.500000,42.639999,42.639999,1357800
2021-04-07,42.169998,42.282001,40.209999,40.400002,40.400002,1032100
2021-04-08,41.430000,42.396999,40.590000,40.759998,40.759998,1030400
2021-04-09,40.110001,40.349998,38.759998,39.459999,39.459999,1006400
2021-04-12,40.689999,40.689999,38.250000,39.509998,39.509998,1095700
2021-04-13,39.130001,42.049999,39.119999,41.660000,41.660000,1465400
2021-04-14,41.980000,43.410000,41.209999,41.529999,41.529999,1374400
2021-04-15,42.040001,43.430000,40.730000,40.980000,40.980000,903500
2021-04-16,38.270000,39.220001,33.583000,34.669998,34.669998,6787300
2021-04-19,33.709999,35.477001,33.000000,34.169998,34.169998,1871200
2021-04-20,33.680000,35.180000,32.830002,34.470001,34.470001,1332200
2021-04-21,33.990002,35.869999,33.270000,35.860001,35.860001,1376700
2021-04-22,36.180000,37.220001,34.735001,36.290001,36.290001,1084700
2021-04-23,35.859001,37.439999,35.689999,36.910000,36.910000,858900
2021-04-26,36.980000,39.514999,36.209999,39.080002,39.080002,1222300
2021-04-27,39.169998,39.368000,37.619999,39.150002,39.150002,941300
2021-04-28,38.630001,39.360001,38.000000,38.919998,38.919998,649900
2021-04-29,39.240002,39.240002,37.021000,37.369999,37.369999,1004900
2021-04-30,36.910000,38.310001,36.270000,37.009998,37.009998,734200
2021-05-03,37.799999,37.990002,35.060001,35.590000,35.590000,991200
2021-05-04,35.000000,35.000000,32.630001,34.660000,34.660000,1364100
2021-05-05,35.000000,36.869999,34.280998,34.720001,34.720001,1386900
2021-05-06,34.000000,35.090000,33.020000,34.340000,34.340000,1360500
2021-05-07,35.320000,36.770000,34.049999,34.110001,34.110001,1300600
2021-05-10,33.480000,33.630001,31.260000,31.290001,31.290001,1354800
2021-05-11,29.700001,33.349998,29.350000,32.799999,32.799999,1783500
2021-05-12,31.719999,32.911999,31.530001,31.719999,31.719999,999200
2021-05-13,31.719999,33.244999,29.775000,31.400000,31.400000,1524400
2021-05-14,31.750000,33.419998,31.580000,33.220001,33.220001,1428200
2021-05-17,33.509998,33.790001,32.060001,33.110001,33.110001,1028600
2021-05-18,33.369999,35.070000,32.570000,33.570000,33.570000,1324000
2021-05-19,32.000000,33.419998,31.850000,33.110001,33.110001,1030700
2021-05-20,33.529999,34.900002,32.914001,34.180000,34.180000,761800
2021-05-21,34.720001,34.990002,33.180000,33.209999,33.209999,691200
2021-05-24,33.549999,33.810001,32.389999,33.189999,33.189999,757700
2021-05-25,33.450001,34.070000,32.380001,32.939999,32.939999,677900
2021-05-26,32.950001,35.380001,32.950001,35.060001,35.060001,1051900
2021-05-27,34.900002,35.130001,33.700001,34.590000,34.590000,758200
2021-05-28,34.750000,36.570000,33.720001,33.950001,33.950001,877400
2021-06-01,34.049999,34.470001,33.400002,34.220001,34.220001,831600
2021-06-02,34.000000,35.080002,33.759998,35.040001,35.040001,870100
2021-06-03,34.484001,34.869999,32.689999,33.360001,33.360001,1253400
2021-06-04,34.000000,34.759998,33.450001,33.669998,33.669998,816900
2021-06-07,33.980000,36.340000,33.320999,35.509998,35.509998,1192700
2021-06-08,36.029999,36.610001,34.080002,35.990002,35.990002,894600
2021-06-09,36.355000,38.590000,36.355000,36.400002,36.400002,1702800
2021-06-10,36.060001,37.270000,35.169998,36.900002,36.900002,1214400
2021-06-11,37.540001,38.250000,36.610001,37.419998,37.419998,1028100
2021-06-14,37.830002,38.880001,37.326000,38.529999,38.529999,1146000
2021-06-15,38.349998,38.349998,34.900002,35.099998,35.099998,1757100
2021-06-16,35.009998,35.240002,33.150002,35.000000,35.000000,1036700
2021-06-17,34.146999,36.721001,34.021000,36.160000,36.160000,1032000
2021-06-18,35.700001,36.169998,34.680000,35.880001,35.880001,1345000
2021-06-21,35.720001,37.240002,34.750000,36.860001,36.860001,849200
2021-06-22,36.860001,36.889999,35.709999,36.410000,36.410000,757700
2021-06-23,36.410000,38.240002,36.360001,37.820000,37.820000,1179200
2021-06-24,38.180000,40.919998,38.000000,40.869999,40.869999,2045200
2021-06-25,41.220001,41.930000,40.259998,41.880001,41.880001,1907700
2021-06-28,49.340000,50.330002,43.419998,43.990002,43.990002,7542900
2021-06-29,44.900002,46.689999,44.400002,46.099998,46.099998,2720000
2021-06-30,45.400002,58.470001,44.299999,56.639999,56.639999,15576200
2021-07-01,57.169998,60.000000,51.730000,56.520000,56.520000,6537800
2021-07-02,56.090000,56.889999,53.299999,54.900002,54.900002,2590200
2021-07-06,53.720001,55.000000,47.509998,48.139999,48.139999,3860600
2021-07-07,49.150002,50.500000,45.330002,45.700001,45.700001,2024100
2021-07-08,43.889999,47.409000,43.185001,46.220001,46.220001,1747300
2021-07-09,46.419998,48.599998,44.632999,48.570000,48.570000,1581800
2021-07-12,48.580002,49.238998,45.400002,46.070000,46.070000,1346900
2021-07-13,46.000000,46.549999,43.639999,43.799999,43.799999,1059300
2021-07-14,43.959999,45.230000,42.599998,43.080002,43.080002,1344300
2021-07-15,42.180000,43.249001,40.150002,41.990002,41.990002,1351400
2021-07-16,42.410000,43.575001,41.430000,42.389999,42.389999,1078500
2021-07-19,41.410000,44.700001,41.000000,43.599998,43.599998,1506600
2021-07-20,43.669998,43.669998,41.360001,43.450001,43.450001,1498000
2021-07-21,43.500000,45.119999,42.380001,44.090000,44.090000,1114900
2021-07-22,44.110001,44.450001,42.630001,43.009998,43.009998,798100
2021-07-23,42.535000,42.626999,40.180000,40.840000,40.840000,1021200
2021-07-26,40.639999,41.950001,39.500000,39.849998,39.849998,1018100
2021-07-27,39.950001,40.259998,37.630001,39.270000,39.270000,1085900
2021-07-28,39.369999,42.160000,39.369999,41.779999,41.779999,826700
2021-07-29,42.299999,43.000000,41.279999,41.900002,41.900002,768100
2021-07-30,41.270000,43.360001,41.270000,41.860001,41.860001,637800
2021-08-02,42.215000,42.599998,41.160000,41.540001,41.540001,685000
2021-08-03,41.529999,42.240002,40.389999,42.110001,42.110001,781100
2021-08-04,41.340000,46.180000,41.250000,46.049999,46.049999,2073600
2021-08-05,47.549999,55.000000,47.490002,54.509998,54.509998,4882700
2021-08-06,54.619999,56.880001,53.119999,55.590000,55.590000,2455400
2021-08-09,57.169998,61.980000,56.580002,58.060001,58.060001,3493300
2021-08-10,58.570000,62.650002,58.360001,61.090000,61.090000,2405600
2021-08-11,61.035000,66.388000,60.000000,64.389999,64.389999,2937200
2021-08-12,64.136002,68.790001,64.000000,65.349998,65.349998,3023400
2021-08-13,63.799999,66.250000,61.270000,62.660000,62.660000,2269600
2021-08-16,61.910000,61.910000,57.610001,60.000000,60.000000,1881700
2021-08-17,58.730000,61.970001,57.599998,61.099998,61.099998,1159800
2021-08-18,61.200001,64.980003,58.919998,59.980000,59.980000,1281600
2021-08-19,59.119999,60.000000,57.900002,58.099998,58.099998,904600
2021-08-20,58.049999,61.779999,57.970001,60.380001,60.380001,892900
2021-08-23,65.040001,68.360001,62.905998,65.360001,65.360001,2612700
2021-08-24,65.389999,65.835999,62.639999,64.720001,64.720001,1315300
2021-08-25,64.099998,66.080002,63.150002,65.589996,65.589996,889000
2021-08-26,65.610001,67.430000,62.820000,63.869999,63.869999,1205800
2021-08-27,64.699997,66.550003,62.660000,65.529999,65.529999,1046300
2021-08-30,66.410004,68.169998,60.799999,61.799999,61.799999,2038700