Date,Open,High,Low,Close,Adj Close,Volume
2021-01-04,138.940002,138.940002,132.410004,132.600006,131.255295,238200
2021-01-05,132.619995,134.830002,132.619995,133.630005,132.274841,203100
2021-01-06,134.070007,135.220001,131.740005,134.380005,133.017242,321300
2021-01-07,133.789993,134.320007,132.330002,134.000000,132.641083,159600
2021-01-08,133.869995,136.229996,133.869995,136.210007,134.828690,110300
2021-01-11,135.429993,136.160004,133.910004,134.750000,133.383484,189700
2021-01-12,134.500000,135.770004,133.660004,134.850006,133.482483,278000
2021-01-13,135.070007,137.080002,134.839996,135.240005,133.868515,193400
2021-01-14,136.080002,136.080002,134.300003,135.029999,133.660645,208900
2021-01-15,134.320007,135.410004,132.539993,133.759995,132.403503,264800
2021-01-19,134.570007,134.570007,132.539993,133.820007,132.462921,170400
2021-01-20,133.440002,138.830002,133.440002,138.460007,137.055862,176400
2021-01-21,139.160004,139.160004,136.190002,138.500000,137.095444,119000
2021-01-22,137.360001,140.320007,136.800003,139.960007,138.540649,210100
2021-01-25,139.660004,143.320007,139.220001,141.410004,139.975952,194000
2021-01-26,142.039993,144.869995,142.039993,143.740005,142.282318,200400
2021-01-27,141.279999,143.160004,138.850006,139.000000,137.590393,234200
2021-01-28,138.970001,139.660004,137.070007,137.190002,135.798752,181200
2021-01-29,136.229996,138.679993,134.509995,135.139999,133.769516,251100
2021-02-01,136.110001,142.199997,134.979996,141.830002,140.391693,238600
2021-02-02,142.339996,144.699997,140.600006,144.389999,142.925720,167100
2021-02-03,143.570007,143.570007,140.160004,142.100006,140.658951,151900
2021-02-04,141.910004,144.820007,141.910004,144.660004,143.192978,251000
2021-02-05,145.779999,146.320007,143.960007,145.750000,144.271927,129200
2021-02-08,145.529999,146.479996,144.570007,146.059998,144.578781,133900
2021-02-09,146.580002,146.800003,145.050003,145.509995,144.034348,138100
2021-02-10,146.440002,149.649994,144.669998,145.199997,143.727509,228900
2021-02-11,145.500000,148.889999,144.690002,145.979996,144.499588,150200
2021-02-12,145.339996,146.550003,144.710007,146.380005,144.895538,92300
2021-02-16,146.919998,147.139999,142.500000,144.350006,142.886139,168500
2021-02-17,143.779999,145.320007,142.619995,142.889999,141.440918,132500
2021-02-18,142.479996,143.389999,140.619995,140.619995,139.193954,114800
2021-02-19,140.929993,142.619995,140.350006,140.479996,139.055359,158100
2021-02-22,140.000000,141.100006,139.119995,140.229996,138.807892,192500
2021-02-23,140.360001,142.750000,140.360001,140.869995,139.441406,176400
2021-02-24,141.059998,141.960007,140.029999,141.139999,139.708679,117900
2021-02-25,140.289993,142.610001,138.210007,138.929993,137.521072,158500
2021-02-26,139.610001,140.250000,136.059998,136.110001,134.729691,193600
2021-03-01,138.429993,139.820007,137.479996,137.800003,136.402542,207300
2021-03-02,137.380005,138.419998,133.729996,136.399994,135.016739,250000
2021-03-03,136.110001,136.449997,133.960007,134.089996,132.730164,132900
2021-03-04,134.639999,136.460007,132.210007,132.470001,131.126602,184600
2021-03-05,134.110001,136.419998,131.279999,135.789993,134.412933,160000
2021-03-08,136.399994,138.399994,134.509995,136.830002,135.442398,148500
2021-03-09,137.470001,139.089996,137.360001,137.690002,136.293671,194300
2021-03-10,138.889999,139.580002,137.250000,138.779999,137.372604,161800
2021-03-11,139.139999,140.539993,138.570007,139.639999,138.223892,148100
2021-03-12,139.589996,142.369995,138.460007,142.369995,140.926208,201100
2021-03-15,142.210007,145.259995,140.750000,144.580002,143.113800,214200
2021-03-16,144.220001,146.339996,144.059998,146.130005,144.648087,146800
2021-03-17,145.669998,145.669998,142.279999,144.460007,142.995010,168100
2021-03-18,143.630005,144.630005,142.210007,143.380005,141.925964,254300
2021-03-19,143.039993,144.089996,139.559998,140.009995,138.590134,595800
2021-03-22,139.779999,142.750000,139.220001,141.770004,140.332291,179700
2021-03-23,141.160004,143.850006,140.500000,142.649994,141.203354,161700
2021-03-24,143.100006,144.679993,141.429993,141.449997,140.015533,150000
2021-03-25,141.149994,142.850006,139.160004,142.169998,140.728241,146200
2021-03-26,142.809998,147.000000,142.779999,146.850006,145.360779,164900
2021-03-29,146.750000,147.770004,144.259995,145.960007,144.479813,156100
2021-03-30,145.009995,145.720001,144.160004,144.630005,143.942368,101500
2021-03-31,144.559998,146.039993,143.279999,143.279999,142.598785,235800
2021-04-01,144.190002,147.889999,144.080002,147.800003,147.097305,192400
2021-04-05,148.580002,148.979996,146.369995,148.000000,147.296341,130300
2021-04-06,148.059998,148.610001,146.539993,148.139999,147.435684,167200
2021-04-07,147.940002,148.149994,146.089996,147.479996,146.778809,157500
2021-04-08,147.910004,150.190002,147.470001,149.210007,148.500595,147000
2021-04-09,149.410004,149.410004,148.100006,148.839996,148.132355,113600
2021-04-12,149.050003,149.850006,147.160004,149.720001,149.008163,71200
2021-04-13,150.789993,150.820007,148.910004,150.550003,149.834229,118300
2021-04-14,150.550003,151.460007,148.500000,148.539993,147.833771,103400
2021-04-15,149.529999,152.429993,149.070007,152.250000,151.526138,81900
2021-04-16,152.800003,153.039993,151.360001,151.910004,151.187759,113300
2021-04-19,151.759995,153.600006,150.970001,153.360001,152.630859,144200
2021-04-20,153.210007,156.289993,153.210007,155.699997,154.959732,143800
2021-04-21,156.539993,157.320007,155.889999,155.990005,155.248367,111300
2021-04-22,156.190002,156.419998,154.029999,154.660004,153.924683,95600
2021-04-23,154.880005,156.169998,154.490005,154.929993,154.193390,108400
2021-04-26,156.210007,157.240005,155.460007,156.339996,155.596695,84300
2021-04-27,156.000000,157.309998,155.240005,156.330002,155.586746,142500
2021-04-28,156.910004,158.309998,155.500000,157.429993,156.681503,153800
2021-04-29,158.559998,159.289993,156.259995,157.460007,156.711380,83300
2021-04-30,156.479996,159.259995,155.720001,158.660004,157.905670,211000
2021-05-03,159.539993,159.539993,156.009995,156.179993,155.437454,184900
2021-05-04,155.520004,156.830002,154.369995,154.809998,154.073959,168800
2021-05-05,154.839996,155.750000,151.240005,152.289993,151.565948,154100
2021-05-06,152.690002,155.190002,152.570007,154.330002,153.596252,154100
2021-05-07,154.000000,156.389999,154.000000,156.149994,155.407593,151400
2021-05-10,156.470001,157.850006,155.070007,155.070007,154.332733,146200
2021-05-11,153.279999,153.500000,151.509995,152.869995,152.143188,129900
2021-05-12,151.899994,152.520004,148.690002,149.529999,148.819077,141600
2021-05-13,150.009995,153.600006,149.229996,153.070007,152.342255,226800
2021-05-14,153.960007,155.250000,153.250000,154.710007,153.974457,209100
2021-05-17,154.860001,155.220001,152.830002,153.380005,152.650772,171500
2021-05-18,153.419998,154.990005,151.660004,153.789993,153.058807,105300
2021-05-19,152.440002,154.039993,150.910004,154.039993,153.307617,122800
2021-05-20,153.809998,156.520004,152.610001,156.250000,155.507126,110700
2021-05-21,157.059998,159.039993,154.770004,155.460007,154.720886,439600
2021-05-24,156.070007,159.539993,156.070007,158.550003,157.796188,120100
2021-05-25,159.199997,159.649994,157.210007,158.000000,157.248795,251800
2021-05-26,158.110001,159.960007,157.350006,159.020004,158.263962,180700
2021-05-27,159.050003,159.050003,156.880005,156.949997,156.203796,222800
2021-05-28,158.009995,159.000000,157.160004,158.080002,157.328415,183400
2021-06-01,159.009995,161.369995,158.080002,161.199997,160.433578,154700
2021-06-02,162.229996,163.880005,161.539993,163.660004,162.881897,222800
2021-06-03,163.660004,165.470001,162.899994,164.889999,164.106049,211500
2021-06-04,165.309998,165.960007,163.520004,164.479996,163.697983,201600
2021-06-07,164.990005,166.649994,164.990005,166.460007,165.668579,194000
2021-06-08,166.880005,169.259995,166.639999,167.929993,167.131577,166400
2021-06-09,168.419998,168.429993,167.330002,167.559998,166.763351,165500
2021-06-10,167.710007,171.220001,167.050003,170.970001,170.157135,224400
2021-06-11,171.419998,171.419998,167.960007,168.639999,167.838211,233500
2021-06-14,168.960007,170.889999,167.479996,170.509995,169.699310,169600
2021-06-15,170.309998,170.789993,169.100006,169.520004,168.714035,150500
2021-06-16,170.300003,171.369995,167.979996,168.039993,167.241058,211400
2021-06-17,167.990005,169.169998,167.259995,168.660004,167.858124,166700
2021-06-18,167.589996,168.850006,163.809998,163.990005,163.210327,388700
2021-06-21,165.229996,169.970001,164.160004,169.639999,168.833466,165600
2021-06-22,169.330002,169.360001,167.199997,168.279999,167.479919,217000
2021-06-23,167.759995,168.809998,166.389999,166.699997,165.907440,163000
2021-06-24,167.000000,167.000000,164.580002,166.330002,165.539200,119800
2021-06-25,166.350006,167.509995,165.940002,166.919998,166.126389,423600
2021-06-28,166.970001,167.220001,164.690002,166.160004,165.370010,125700
2021-06-29,165.449997,166.830002,165.320007,165.490005,165.490005,122300
2021-06-30,165.250000,166.240005,164.389999,164.449997,164.449997,218200
2021-07-01,164.830002,166.660004,164.139999,164.520004,164.520004,223100
2021-07-02,165.029999,166.399994,164.369995,165.229996,165.229996,140700
2021-07-06,165.330002,167.820007,164.139999,167.110001,167.110001,227300
2021-07-07,167.309998,169.320007,167.100006,168.350006,168.350006,175400
2021-07-08,166.710007,169.330002,166.229996,168.470001,168.470001,157300
2021-07-09,169.520004,171.139999,168.160004,171.059998,171.059998,144200
2021-07-12,171.229996,173.490005,171.220001,172.800003,172.800003,131000
2021-07-13,171.899994,173.559998,170.250000,170.490005,170.490005,118500
2021-07-14,170.600006,172.559998,170.240005,171.729996,171.729996,107000
2021-07-15,171.589996,173.130005,171.050003,172.720001,172.720001,92800
2021-07-16,173.360001,175.199997,172.940002,173.059998,173.059998,132300
2021-07-19,171.399994,173.429993,169.869995,171.009995,171.009995,122600
2021-07-20,172.399994,177.259995,172.199997,175.369995,175.369995,232800
2021-07-21,175.759995,176.910004,174.770004,175.240005,175.240005,120000
2021-07-22,174.830002,176.149994,173.729996,174.410004,174.410004,175500
2021-07-23,175.130005,177.490005,174.559998,177.130005,177.130005,136900
2021-07-26,177.929993,178.649994,175.080002,175.800003,175.800003,84400
2021-07-27,175.330002,177.320007,174.440002,176.110001,176.110001,101000
2021-07-28,176.949997,177.399994,174.179993,175.770004,175.770004,185800
2021-07-29,177.039993,178.360001,175.100006,175.509995,175.509995,148300
2021-07-30,176.039993,178.529999,175.779999,176.220001,176.220001,213700
2021-08-02,176.779999,177.850006,173.679993,174.339996,174.339996,178600
2021-08-03,174.779999,175.000000,173.330002,174.729996,174.729996,134700
2021-08-04,174.369995,175.470001,173.169998,173.660004,173.660004,140500
2021-08-05,174.410004,175.279999,173.050003,175.279999,175.279999,131100
2021-08-06,176.039993,176.259995,174.259995,174.550003,174.550003,90200
2021-08-09,174.270004,174.470001,173.229996,173.820007,173.820007,90100
2021-08-10,174.309998,174.309998,171.089996,171.229996,171.229996,96900
2021-08-11,172.309998,172.309998,170.610001,171.990005,171.990005,144000
2021-08-12,172.679993,173.059998,171.639999,172.649994,172.649994,130300
2021-08-13,173.080002,175.000000,172.899994,174.970001,174.970001,143700
2021-08-16,174.550003,175.759995,173.800003,175.059998,175.059998,118800
2021-08-17,173.740005,175.839996,173.550003,175.440002,175.440002,113100
2021-08-18,175.690002,175.690002,172.509995,172.610001,172.610001,86800
2021-08-19,172.009995,174.839996,171.960007,174.720001,174.720001,117200
2021-08-20,174.309998,176.479996,172.960007,175.779999,175.779999,126700
2021-08-23,176.169998,176.169998,174.270004,174.410004,174.410004,114300
2021-08-24,174.460007,174.460007,171.039993,171.520004,171.520004,119400
2021-08-25,171.350006,172.550003,170.020004,171.179993,171.179993,125100
2021-08-26,170.630005,171.979996,170.240005,171.139999,171.139999,114700
2021-08-27,172.240005,175.600006,172.009995,175.199997,175.199997,215100
2021-08-30,175.550003,179.830002,175.369995,179.410004,179.410004,184200