Date,Open,High,Low,Close,Adj Close,Volume
2021-01-04,24.260000,24.660000,24.049999,24.280001,24.280001,1901000
2021-01-05,24.090000,24.840000,23.750000,24.799999,24.799999,1208100
2021-01-06,24.860001,25.990000,24.850000,25.790001,25.790001,2192900
2021-01-07,25.900000,26.610001,25.900000,26.160000,26.160000,1116700
2021-01-08,26.469999,26.629999,25.580000,26.370001,26.370001,982300
2021-01-11,26.030001,26.600000,25.820000,26.570000,26.570000,2188200
2021-01-12,26.570000,27.820000,26.490000,27.320000,27.320000,1685500
2021-01-13,27.309999,27.360001,26.420000,26.840000,26.840000,1354600
2021-01-14,27.100000,27.600000,26.870001,27.049999,27.049999,1791500
2021-01-15,26.780001,27.370001,26.580000,27.000000,27.000000,1480600
2021-01-19,27.290001,27.459999,26.180000,27.260000,27.260000,1600700
2021-01-20,27.760000,29.490000,27.730000,28.930000,28.930000,2400900
2021-01-21,29.129999,29.360001,28.430000,28.610001,28.610001,1219600
2021-01-22,28.400000,28.980000,28.270000,28.950001,28.950001,1343200
2021-01-25,29.020000,30.700001,28.379999,28.900000,28.900000,2049900
2021-01-26,29.170000,29.190001,28.100000,28.870001,28.870001,1558300
2021-01-27,28.000000,28.600000,26.900000,27.129999,27.129999,2352700
2021-01-28,27.240000,27.920000,26.570000,27.379999,27.379999,1887800
2021-01-29,27.379999,29.020000,27.070000,27.889999,27.889999,1941700
2021-02-01,28.330000,28.709999,27.209999,28.510000,28.510000,1258000
2021-02-02,28.879999,29.299999,28.420000,28.510000,28.510000,1005500
2021-02-03,28.670000,29.780001,27.790001,29.480000,29.480000,1755900
2021-02-04,29.459999,30.700001,29.459999,30.600000,30.600000,1201700
2021-02-05,30.850000,31.230000,30.450001,30.780001,30.780001,1602000
2021-02-08,31.379999,32.400002,31.379999,31.740000,31.740000,2493300
2021-02-09,31.639999,32.139999,30.889999,31.389999,31.389999,1741500
2021-02-10,31.860001,32.590000,30.780001,31.620001,31.620001,3802500
2021-02-11,29.180000,31.459999,28.500000,30.660000,30.660000,5883700
2021-02-12,30.360001,30.500000,29.209999,29.930000,29.930000,2833000
2021-02-16,29.459999,29.629999,28.110001,28.270000,28.270000,2577700
2021-02-17,28.000000,28.740000,27.309999,28.400000,28.400000,3609500
2021-02-18,28.260000,28.400000,27.230000,27.469999,27.469999,1771100
2021-02-19,28.500000,28.690001,27.549999,28.100000,28.100000,2186900
2021-02-22,27.860001,28.570000,27.290001,27.370001,27.370001,2877100
2021-02-23,27.160000,27.830000,25.879999,27.730000,27.730000,2238800
2021-02-24,27.719999,28.219999,27.450001,27.840000,27.840000,1430100
2021-02-25,27.840000,28.040001,27.139999,27.200001,27.200001,1441800
2021-02-26,27.520000,28.389999,27.049999,27.950001,27.950001,1860600
2021-03-01,28.650000,29.120001,28.260000,28.990000,28.990000,1767400
2021-03-02,29.180000,29.180000,28.100000,28.500000,28.500000,1528400
2021-03-03,28.650000,28.820000,27.620001,27.719999,27.719999,1901500
2021-03-04,27.520000,28.080000,26.350000,27.320000,27.320000,2619400
2021-03-05,27.959999,28.780001,27.049999,28.600000,28.600000,2175500
2021-03-08,28.850000,30.950001,28.530001,29.520000,29.520000,2914100
2021-03-09,29.969999,30.540001,29.629999,30.280001,30.280001,1575300
2021-03-10,30.450001,30.590000,29.709999,30.299999,30.299999,1669500
2021-03-11,30.780001,31.360001,30.430000,30.820000,30.820000,2225600
2021-03-12,30.660000,30.969999,30.379999,30.900000,30.900000,1211300
2021-03-15,30.830000,31.120001,30.219999,30.360001,30.360001,1251700
2021-03-16,30.150000,30.370001,29.430000,29.570000,29.570000,1300300
2021-03-17,29.290001,29.809999,28.590000,29.639999,29.639999,1987700
2021-03-18,29.500000,30.530001,29.120001,29.219999,29.219999,2391900
2021-03-19,29.250000,29.500000,28.350000,28.430000,28.430000,2618100
2021-03-22,28.450001,28.639999,27.600000,28.530001,28.530001,1830300
2021-03-23,28.299999,28.559999,26.719999,26.959999,26.959999,1624400
2021-03-24,27.389999,27.600000,26.129999,26.139999,26.139999,2079100
2021-03-25,25.860001,26.820000,25.340000,26.629999,26.629999,2022900
2021-03-26,26.830000,27.639999,26.830000,27.629999,27.629999,2035000
2021-03-29,27.360001,27.700001,26.219999,26.320000,26.320000,1777900
2021-03-30,26.459999,27.000000,25.760000,26.799999,26.799999,1369600
2021-03-31,27.139999,27.200001,26.570000,26.750000,26.750000,1391300
2021-04-01,27.010000,27.360001,26.930000,27.150000,27.150000,986800
2021-04-05,27.559999,27.620001,26.910000,27.110001,27.110001,1002700
2021-04-06,27.040001,27.930000,27.040001,27.280001,27.280001,838100
2021-04-07,27.540001,27.610001,27.100000,27.340000,27.340000,958100
2021-04-08,27.639999,27.709999,27.120001,27.260000,27.260000,1867500
2021-04-09,27.240000,27.799999,26.740000,27.799999,27.799999,1547200
2021-04-12,27.530001,28.010000,27.340000,28.000000,28.000000,2871400
2021-04-13,28.030001,28.030001,27.360001,27.900000,27.900000,1118400
2021-04-14,28.000000,29.030001,27.969999,28.930000,28.930000,1733400
2021-04-15,29.309999,29.400000,28.730000,28.900000,28.900000,902100
2021-04-16,29.150000,29.490000,28.930000,29.139999,29.139999,1039900
2021-04-19,29.059999,29.230000,28.680000,28.809999,28.809999,1123500
2021-04-20,28.670000,28.959999,27.650000,28.370001,28.370001,1026400
2021-04-21,28.190001,29.510000,28.049999,29.459999,29.459999,1273100
2021-04-22,29.639999,30.000000,29.059999,29.139999,29.139999,1182800
2021-04-23,29.190001,29.719999,29.100000,29.290001,29.290001,1141200
2021-04-26,29.440001,29.549999,29.049999,29.209999,29.209999,1248900
2021-04-27,29.350000,29.709999,29.230000,29.580000,29.580000,863300
2021-04-28,29.450001,29.809999,29.240000,29.799999,29.799999,1149400
2021-04-29,29.990000,30.520000,29.629999,29.780001,29.780001,1656800
2021-04-30,29.540001,29.840000,28.639999,28.950001,28.950001,1226400
2021-05-03,29.250000,29.389999,28.760000,29.049999,29.049999,2005200
2021-05-04,28.790001,29.059999,28.250000,28.870001,28.870001,1434900
2021-05-05,29.129999,29.389999,28.690001,28.840000,28.840000,911500
2021-05-06,28.980000,31.360001,28.879999,30.940001,30.940001,4315400
2021-05-07,30.799999,31.590000,30.799999,31.129999,31.129999,2178300
2021-05-10,31.430000,31.540001,29.850000,29.930000,29.930000,3133300
2021-05-11,30.980000,34.259998,30.059999,33.889999,33.889999,8663700
2021-05-12,31.950001,32.980000,31.280001,31.549999,31.549999,5525100
2021-05-13,31.610001,33.049999,31.610001,32.580002,32.580002,2536400
2021-05-14,33.000000,34.090000,32.680000,33.820000,33.820000,2147300
2021-05-17,33.880001,34.930000,33.299999,34.490002,34.490002,2572000
2021-05-18,34.709999,35.549999,34.490002,35.110001,35.110001,2018300
2021-05-19,34.349998,34.750000,33.000000,34.060001,34.060001,2080400
2021-05-20,34.389999,34.480000,33.740002,34.000000,34.000000,1391300
2021-05-21,34.500000,34.529999,33.610001,33.959999,33.959999,1956200
2021-05-24,34.240002,35.509998,33.840000,34.860001,34.860001,2480300
2021-05-25,35.000000,35.470001,34.919998,35.270000,35.270000,1750800
2021-05-26,35.500000,37.290001,35.500000,37.180000,37.180000,3189500
2021-05-27,37.000000,37.259998,36.650002,37.060001,37.060001,2021200
2021-05-28,37.299999,37.470001,36.830002,36.919998,36.919998,1894200
2021-06-01,37.200001,37.750000,37.000000,37.290001,37.290001,2615300
2021-06-02,37.299999,37.509998,36.720001,37.209999,37.209999,1893500
2021-06-03,36.700001,36.840000,35.750000,36.369999,36.369999,3364100
2021-06-04,36.380001,36.540001,35.139999,35.310001,35.310001,2957000
2021-06-07,35.540001,36.310001,35.310001,35.580002,35.580002,1572500
2021-06-08,35.639999,36.590000,35.639999,36.430000,36.430000,2141300
2021-06-09,36.580002,36.610001,35.580002,35.770000,35.770000,1186600
2021-06-10,36.049999,36.369999,34.919998,35.259998,35.259998,1756500
2021-06-11,33.549999,34.779999,33.130001,34.410000,34.410000,7497100
2021-06-14,34.410000,34.650002,33.770000,34.509998,34.509998,21949200
2021-06-15,34.700001,34.770000,33.700001,34.459999,34.459999,2191700
2021-06-16,34.369999,34.900002,33.900002,34.330002,34.330002,2993500
2021-06-17,34.549999,34.910000,32.730000,33.230000,33.230000,5276700
2021-06-18,32.820000,33.029999,31.540001,31.940001,31.940001,10074100
2021-06-21,32.029999,33.779999,32.029999,33.450001,33.450001,3332200
2021-06-22,33.439999,34.080002,32.980000,33.910000,33.910000,3933700
2021-06-23,33.959999,34.200001,33.419998,34.029999,34.029999,1945900
2021-06-24,34.400002,34.450001,33.619999,34.099998,34.099998,1157600
2021-06-25,34.459999,34.799999,33.549999,33.570000,33.570000,4449200
2021-06-28,33.580002,33.779999,33.090000,33.650002,33.650002,1288500
2021-06-29,33.990002,34.180000,33.549999,33.610001,33.610001,891600
2021-06-30,33.400002,33.840000,33.200001,33.730000,33.730000,902000
2021-07-01,34.110001,34.160000,33.500000,33.529999,33.529999,929900
2021-07-02,33.720001,33.720001,33.049999,33.270000,33.270000,667600
2021-07-06,33.349998,33.349998,32.080002,32.740002,32.740002,974300
2021-07-07,32.490002,32.980000,32.049999,32.299999,32.299999,1276100
2021-07-08,31.559999,32.770000,31.209999,32.380001,32.380001,1298700
2021-07-09,32.820000,32.930000,32.340000,32.779999,32.779999,850400
2021-07-12,32.720001,32.919998,32.369999,32.680000,32.680000,774100
2021-07-13,32.450001,32.660000,32.150002,32.330002,32.330002,676300
2021-07-14,32.480000,32.730000,31.299999,31.459999,31.459999,1568000
2021-07-15,31.190001,31.490000,30.440001,30.870001,30.870001,1339800
2021-07-16,30.969999,31.270000,29.709999,29.809999,29.809999,1671200
2021-07-19,29.299999,29.719999,29.000000,29.600000,29.600000,2172200
2021-07-20,29.760000,31.559999,29.420000,31.400000,31.400000,1913800
2021-07-21,31.730000,32.799999,31.719999,32.599998,32.599998,2053600
2021-07-22,32.500000,32.580002,31.610001,31.900000,31.900000,993600
2021-07-23,32.049999,32.320000,31.820000,31.980000,31.980000,1037200
2021-07-26,32.279999,32.889999,32.000000,32.750000,32.750000,1628600
2021-07-27,32.310001,32.619999,31.330000,31.670000,31.670000,988700
2021-07-28,31.809999,32.180000,31.299999,31.820000,31.820000,875400
2021-07-29,32.150002,32.480000,31.889999,31.980000,31.980000,563400
2021-07-30,31.790001,32.259998,31.320000,31.680000,31.680000,865700
2021-08-02,31.770000,32.930000,31.700001,32.560001,32.560001,2080400
2021-08-03,32.849998,33.240002,31.700001,33.189999,33.189999,2185700
2021-08-04,32.689999,33.500000,32.630001,33.060001,33.060001,1752200
2021-08-05,33.349998,33.750000,32.590000,32.619999,32.619999,1822200
2021-08-06,32.830002,33.279999,32.330002,33.110001,33.110001,1386500
2021-08-09,33.150002,34.240002,32.700001,33.689999,33.689999,4307500
2021-08-10,34.000000,34.200001,31.170000,31.730000,31.730000,6275900
2021-08-11,31.770000,32.220001,30.340000,31.080000,31.080000,3562200
2021-08-12,31.010000,31.230000,30.320000,30.549999,30.549999,2329200
2021-08-13,30.549999,30.959999,29.180000,29.320000,29.320000,2229800
2021-08-16,29.100000,30.010000,28.840000,29.750000,29.750000,1617800
2021-08-17,29.200001,29.459999,28.420000,28.700001,28.700001,2221400
2021-08-18,28.480000,28.889999,27.920000,28.040001,28.040001,3491200
2021-08-19,28.090000,28.360001,26.719999,27.719999,27.719999,2924900
2021-08-20,27.770000,28.570000,27.590000,28.549999,28.549999,2287500
2021-08-23,28.590000,28.959999,28.250000,28.330000,28.330000,1662800
2021-08-24,28.440001,29.240000,28.440001,29.090000,29.090000,1243100
2021-08-25,29.379999,29.459999,28.920000,29.080000,29.080000,1118100
2021-08-26,28.879999,29.010000,28.440001,28.570000,28.570000,1083400
2021-08-27,28.629999,29.480000,28.540001,29.049999,29.049999,1767500
2021-08-30,28.959999,29.070000,28.320000,28.450001,28.450001,943100