Date,Open,High,Low,Close,Adj Close,Volume
2021-01-04,92.169998,92.400002,88.260002,89.239998,88.930161,253900
2021-01-05,89.239998,92.050003,89.199997,91.410004,91.092628,293500
2021-01-06,93.379997,100.029999,93.070000,99.279999,98.935295,432700
2021-01-07,99.559998,101.330002,98.550003,101.120003,100.768921,195200
2021-01-08,101.300003,101.330002,97.820000,99.040001,98.696136,199800
2021-01-11,97.519997,98.599998,97.290001,98.000000,97.659744,163800
2021-01-12,98.879997,99.349998,98.050003,99.209999,98.865540,242000
2021-01-13,98.669998,99.349998,97.830002,98.260002,97.918846,181600
2021-01-14,99.059998,99.839996,98.089996,99.180000,98.835648,126800
2021-01-15,97.580002,99.000000,96.230003,98.099998,97.887703,183100
2021-01-19,98.910004,99.589996,97.620003,98.129997,97.917641,252100
2021-01-20,98.360001,99.480003,97.949997,98.900002,98.685974,201500
2021-01-21,98.019997,99.050003,94.839996,94.849998,94.644737,310200
2021-01-22,94.070000,97.349998,94.070000,97.269997,97.059502,271100
2021-01-25,96.559998,96.949997,92.879997,94.110001,93.906342,372600
2021-01-26,94.790001,95.000000,93.379997,93.889999,93.686821,198500
2021-01-27,91.769997,91.959999,87.769997,88.610001,88.418251,270500
2021-01-28,90.099998,91.879997,89.349998,91.139999,90.942772,250300
2021-01-29,90.480003,90.889999,87.879997,88.300003,88.108917,252500
2021-02-01,89.650002,91.160004,87.360001,90.800003,90.603516,270400
2021-02-02,92.260002,92.449997,90.449997,92.199997,92.000473,108500
2021-02-03,91.769997,92.349998,90.449997,92.160004,91.960564,143400
2021-02-04,92.230003,93.430000,91.739998,93.269997,93.068153,189800
2021-02-05,94.699997,94.870003,93.790001,94.139999,93.936279,156100
2021-02-08,94.739998,96.300003,94.489998,95.790001,95.582710,195000
2021-02-09,96.199997,96.199997,94.360001,95.160004,94.954071,147600
2021-02-10,95.959999,96.320000,94.260002,95.519997,95.313293,177400
2021-02-11,95.919998,96.010002,92.940002,94.589996,94.385300,223900
2021-02-12,93.870003,94.430000,93.099998,93.449997,93.247765,161400
2021-02-16,93.669998,94.250000,93.080002,93.660004,93.457321,217500
2021-02-17,92.470001,93.570000,91.839996,92.080002,91.880737,172300
2021-02-18,91.820000,91.820000,89.639999,90.419998,90.224327,246100
2021-02-19,90.930000,92.459999,90.610001,92.260002,92.060356,228600
2021-02-22,91.639999,94.110001,90.510002,93.440002,93.237801,226700
2021-02-23,93.370003,95.720001,92.669998,95.089996,94.884216,211500
2021-02-24,95.599998,98.809998,94.570000,98.720001,98.506371,242900
2021-02-25,100.000000,104.000000,97.980003,100.000000,99.783600,582700
2021-02-26,100.000000,100.570000,97.110001,97.370003,97.159286,415300
2021-03-01,99.769997,102.290001,98.610001,101.580002,101.360184,396100
2021-03-02,101.430000,101.430000,98.879997,100.040001,99.823509,320300
2021-03-03,100.790001,104.419998,100.790001,101.750000,101.529808,244500
2021-03-04,101.199997,102.230003,99.639999,100.279999,100.062996,315200
2021-03-05,101.739998,105.150002,100.680000,104.480003,104.253899,320900
2021-03-08,105.650002,108.629997,104.690002,107.059998,106.828316,213600
2021-03-09,108.160004,108.709999,106.400002,107.330002,107.097733,237400
2021-03-10,107.629997,112.309998,107.230003,111.839996,111.597977,400100
2021-03-11,112.339996,113.459999,110.820000,112.489998,112.246567,296700
2021-03-12,113.260002,115.589996,112.809998,115.300003,115.050491,264000
2021-03-15,114.690002,114.739998,112.110001,113.930000,113.683456,226900
2021-03-16,112.889999,113.610001,110.709999,112.470001,112.226616,174400
2021-03-17,112.870003,113.709999,110.440002,113.610001,113.364143,242400
2021-03-18,113.669998,114.419998,112.809998,113.129997,112.885178,346300
2021-03-19,112.769997,113.699997,110.449997,112.860001,112.615768,803600
2021-03-22,113.500000,113.500000,109.050003,109.790001,109.552414,198100
2021-03-23,108.459999,109.459999,104.639999,105.040001,104.812691,333800
2021-03-24,106.709999,108.690002,105.989998,106.279999,106.050011,295300
2021-03-25,105.580002,110.279999,104.849998,109.599998,109.362823,245900
2021-03-26,111.010002,112.400002,109.870003,112.129997,111.887344,201900
2021-03-29,111.669998,113.809998,109.180000,110.250000,110.011414,220600
2021-03-30,110.870003,113.330002,110.199997,112.900002,112.655685,197100
2021-03-31,113.559998,114.559998,111.500000,112.160004,111.917290,278000
2021-04-01,112.790001,113.699997,111.949997,113.660004,113.414040,215800
2021-04-05,115.239998,115.879997,113.620003,114.250000,114.002762,212800
2021-04-06,114.389999,115.779999,114.000000,114.610001,114.361984,298300
2021-04-07,114.419998,115.139999,113.349998,114.250000,114.002762,230700
2021-04-08,114.129997,115.620003,112.650002,115.430000,115.180206,226700
2021-04-09,115.559998,117.480003,115.000000,117.000000,116.746811,256900
2021-04-12,117.910004,118.930000,117.480003,118.529999,118.273499,221700
2021-04-13,118.110001,118.269997,116.099998,117.300003,117.046165,216900
2021-04-14,117.449997,119.389999,117.449997,118.309998,118.053970,203700
2021-04-15,118.889999,118.889999,117.410004,118.750000,118.623367,185700
2021-04-16,119.480003,120.970001,119.230003,119.930000,119.802109,253800
2021-04-19,120.029999,120.029999,118.639999,119.699997,119.572350,297000
2021-04-20,119.449997,120.099998,116.870003,118.029999,117.904137,217600
2021-04-21,117.930000,120.070000,117.930000,119.300003,119.172783,251000
2021-04-22,120.000000,120.589996,118.370003,118.889999,118.763214,288800
2021-04-23,119.239998,121.879997,118.709999,120.959999,120.831009,246900
2021-04-26,121.769997,122.400002,120.650002,120.750000,120.621231,198700
2021-04-27,121.650002,121.930000,120.190002,120.669998,120.541321,170800
2021-04-28,120.419998,121.279999,119.419998,120.570000,120.441429,185400
2021-04-29,121.480003,122.050003,119.220001,121.610001,121.480316,221900
2021-04-30,120.570000,121.930000,118.550003,119.800003,119.672249,571100
2021-05-03,120.839996,122.190002,120.099998,120.519997,120.391479,596800
2021-05-04,120.120003,121.040001,119.389999,120.709999,120.581276,578600
2021-05-05,120.629997,122.510002,119.480003,122.349998,122.219528,385200
2021-05-06,123.320000,124.529999,122.290001,124.099998,123.967659,232100
2021-05-07,123.309998,125.809998,122.040001,125.309998,125.176369,174300
2021-05-10,125.589996,127.330002,124.260002,124.360001,124.227386,204800
2021-05-11,122.540001,124.839996,122.050003,124.169998,124.037582,235900
2021-05-12,123.769997,124.949997,119.339996,119.519997,119.392540,267100
2021-05-13,119.209999,124.120003,118.639999,123.180000,123.048645,308800
2021-05-14,123.900002,124.860001,122.120003,124.779999,124.646935,211900
2021-05-17,123.500000,125.330002,122.739998,125.199997,125.066483,147200
2021-05-18,125.099998,125.589996,121.779999,121.889999,121.760017,177100
2021-05-19,120.089996,121.669998,119.040001,121.440002,121.310501,244200
2021-05-20,121.480003,122.190002,120.349998,121.790001,121.660126,201600
2021-05-21,123.300003,123.889999,121.669998,121.949997,121.819954,178400
2021-05-24,122.459999,123.730003,121.739998,122.919998,122.788918,134500
2021-05-25,122.760002,123.709999,121.250000,121.300003,121.170647,176900
2021-05-26,121.470001,123.540001,121.389999,123.339996,123.208466,187100
2021-05-27,124.970001,125.620003,123.449997,125.300003,125.166382,254400
2021-05-28,125.900002,126.330002,124.510002,126.110001,125.975517,253600
2021-06-01,127.000000,128.220001,126.309998,127.750000,127.613770,266400
2021-06-02,128.130005,128.130005,125.449997,126.050003,125.915588,382600
2021-06-03,125.400002,126.040001,123.180000,125.739998,125.605911,190000
2021-06-04,126.389999,127.809998,125.430000,127.379997,127.244164,387100
2021-06-07,127.370003,128.289993,125.790001,128.199997,128.063293,368600
2021-06-08,128.500000,129.449997,126.639999,129.070007,128.932373,370200
2021-06-09,128.940002,129.270004,127.669998,127.750000,127.613770,254100
2021-06-10,128.389999,128.779999,124.529999,124.690002,124.557037,201900
2021-06-11,125.559998,126.820000,125.000000,126.720001,126.584869,222900
2021-06-14,126.680000,126.680000,124.290001,124.790001,124.656929,253600
2021-06-15,125.099998,126.709999,124.309998,126.220001,126.085403,224200
2021-06-16,125.860001,126.959999,124.209999,125.709999,125.575943,229600
2021-06-17,125.930000,125.930000,121.260002,122.550003,122.419319,270900
2021-06-18,121.389999,121.559998,118.279999,118.410004,118.283730,646500
2021-06-21,119.540001,122.599998,119.400002,122.129997,121.999756,203300
2021-06-22,121.870003,122.440002,119.790001,122.290001,122.159592,193700
2021-06-23,122.209999,122.790001,121.099998,121.889999,121.760017,242700
2021-06-24,125.059998,126.150002,123.489998,125.510002,125.376160,304800
2021-06-25,125.930000,127.139999,123.570000,123.629997,123.498161,934200
2021-06-28,123.370003,123.660004,121.410004,122.519997,122.389343,300900
2021-06-29,122.750000,124.199997,121.720001,121.790001,121.660126,216900
2021-06-30,121.459999,123.550003,121.089996,123.190002,123.058632,231700
2021-07-01,124.250000,124.470001,123.110001,123.330002,123.198486,233000
2021-07-02,123.599998,123.599998,121.809998,122.129997,121.999756,128600
2021-07-06,122.379997,122.400002,117.940002,120.230003,120.101791,186100
2021-07-07,119.720001,121.540001,119.720001,121.430000,121.300507,152400
2021-07-08,118.769997,121.349998,117.180000,119.529999,119.402534,132400
2021-07-09,121.800003,123.019997,121.269997,122.559998,122.429298,121600
2021-07-12,121.279999,123.750000,121.220001,123.449997,123.318352,153800
2021-07-13,122.690002,123.489998,121.650002,122.059998,121.929832,143000
2021-07-14,122.970001,123.489998,121.529999,122.040001,121.909859,175700
2021-07-15,121.050003,123.199997,120.680000,121.910004,121.779999,155600
2021-07-16,122.879997,122.930000,119.290001,119.570000,119.570000,173400
2021-07-19,116.750000,118.260002,115.449997,116.690002,116.690002,215500
2021-07-20,116.599998,122.279999,116.599998,121.279999,121.279999,319500
2021-07-21,122.919998,124.690002,121.220001,121.690002,121.690002,194200
2021-07-22,121.459999,121.459999,118.239998,118.639999,118.639999,336300
2021-07-23,120.000000,121.470001,118.910004,121.440002,121.440002,268100
2021-07-26,122.339996,123.199997,121.000000,121.459999,121.459999,237000
2021-07-27,120.360001,122.610001,120.150002,121.720001,121.720001,242700
2021-07-28,122.360001,124.610001,120.709999,123.199997,123.199997,226300
2021-07-29,123.010002,123.930000,118.440002,122.949997,122.949997,272700
2021-07-30,123.699997,124.570000,121.599998,121.809998,121.809998,299700
2021-08-02,122.459999,125.239998,118.330002,118.470001,118.470001,217100
2021-08-03,118.919998,120.970001,116.779999,120.730003,120.730003,215500
2021-08-04,119.430000,120.589996,118.860001,119.540001,119.540001,213400
2021-08-05,120.440002,121.519997,120.110001,120.550003,120.550003,167300
2021-08-06,122.260002,123.000000,120.769997,121.330002,121.330002,295100
2021-08-09,121.000000,121.000000,119.050003,119.220001,119.220001,147000
2021-08-10,119.180000,120.949997,118.250000,120.589996,120.589996,197900
2021-08-11,121.559998,122.019997,120.029999,122.019997,122.019997,296600
2021-08-12,122.620003,123.550003,120.459999,120.580002,120.580002,181500
2021-08-13,121.019997,121.529999,119.500000,119.839996,119.839996,123900
2021-08-16,118.889999,120.029999,117.610001,119.199997,119.199997,123500
2021-08-17,117.779999,118.230003,116.589996,117.970001,117.970001,217500
2021-08-18,117.430000,119.699997,116.570000,118.519997,118.519997,210600
2021-08-19,117.129997,119.290001,117.129997,119.040001,119.040001,278300
2021-08-20,119.339996,120.220001,118.849998,119.900002,119.900002,213000
2021-08-23,121.029999,121.169998,119.190002,119.589996,119.589996,223400
2021-08-24,119.500000,121.300003,119.489998,120.879997,120.879997,139200
2021-08-25,121.440002,122.980003,121.050003,122.419998,122.419998,170000
2021-08-26,123.050003,123.050003,120.250000,120.580002,120.580002,168000
2021-08-27,120.820000,124.769997,119.809998,124.099998,124.099998,217800
2021-08-30,124.760002,124.830002,122.480003,123.010002,123.010002,187100