Date,Open,High,Low,Close,Adj Close,Volume
2021-01-04,84.120003,85.070000,80.570000,81.120003,80.825912,263000
2021-01-05,80.669998,84.980003,80.669998,84.680000,84.373001,273900
2021-01-06,86.000000,90.779999,85.389999,89.980003,89.653793,543000
2021-01-07,90.709999,92.089996,90.320000,91.220001,90.889297,198800
2021-01-08,92.139999,92.269997,87.690002,89.220001,88.896545,369200
2021-01-11,87.669998,89.830002,87.599998,89.769997,89.444550,174800
2021-01-12,89.959999,91.300003,88.989998,91.089996,90.759766,215200
2021-01-13,91.879997,92.220001,89.220001,90.180000,89.853073,228800
2021-01-14,91.360001,91.360001,89.680000,90.720001,90.391106,221600
2021-01-15,89.269997,89.269997,86.989998,87.800003,87.481697,245400
2021-01-19,88.930000,89.739998,88.389999,89.660004,89.334961,216900
2021-01-20,89.830002,91.190002,88.800003,90.959999,90.630234,222400
2021-01-21,91.599998,92.580002,90.529999,92.370003,92.035133,277600
2021-01-22,91.400002,93.389999,90.809998,93.190002,92.852158,281900
2021-01-25,92.459999,94.389999,90.190002,90.639999,90.311394,246200
2021-01-26,91.900002,91.900002,88.050003,88.150002,87.830429,220200
2021-01-27,85.540001,86.629997,82.660004,85.190002,84.881157,310800
2021-01-28,86.330002,86.730003,84.809998,85.110001,84.801445,280900
2021-01-29,84.900002,85.110001,81.699997,82.230003,81.931892,265500
2021-02-01,83.360001,85.550003,83.000000,85.269997,84.960869,227800
2021-02-02,86.910004,87.360001,85.389999,87.019997,86.704521,141800
2021-02-03,86.860001,87.349998,85.910004,87.139999,86.824089,200000
2021-02-04,87.199997,89.209999,87.089996,88.239998,87.920097,164700
2021-02-05,89.739998,90.440002,88.290001,90.309998,89.982597,190900
2021-02-08,91.580002,93.959999,91.349998,93.349998,93.011574,343600
2021-02-09,93.360001,94.680000,91.779999,94.660004,94.316833,194500
2021-02-10,95.160004,96.040001,93.839996,93.980003,93.639297,328900
2021-02-11,91.230003,93.730003,90.040001,93.209999,92.872086,300000
2021-02-12,92.699997,93.669998,92.269997,92.800003,92.463577,530600
2021-02-16,93.019997,93.150002,91.339996,92.059998,91.726250,234500
2021-02-17,91.209999,92.610001,90.150002,90.430000,90.102158,286100
2021-02-18,90.000000,90.199997,87.839996,88.459999,88.139305,294500
2021-02-19,89.400002,91.720001,89.309998,91.330002,90.998901,194000
2021-02-22,91.559998,91.629997,90.169998,91.309998,90.978966,170200
2021-02-23,90.410004,91.389999,89.129997,91.309998,90.978966,230300
2021-02-24,91.820000,94.089996,91.550003,93.389999,93.051430,252900
2021-02-25,93.480003,94.050003,89.570000,89.660004,89.334961,221200
2021-02-26,89.970001,91.580002,87.879997,90.279999,89.952705,235000
2021-03-01,92.510002,94.419998,91.570000,94.089996,93.748894,196100
2021-03-02,93.470001,93.660004,91.760002,91.870003,91.536949,199200
2021-03-03,92.160004,92.320000,89.930000,89.980003,89.653793,207500
2021-03-04,89.690002,90.680000,85.220001,85.959999,85.648369,425800
2021-03-05,87.470001,89.440002,85.190002,89.320000,88.996193,325800
2021-03-08,90.839996,92.730003,89.690002,90.919998,90.590385,198900
2021-03-09,92.430000,93.169998,90.669998,92.510002,92.174629,244500
2021-03-10,93.690002,96.489998,93.660004,96.410004,96.060486,338200
2021-03-11,97.169998,98.650002,95.239998,98.639999,98.461121,241000
2021-03-12,98.699997,101.540001,98.540001,101.459999,101.276001,248900
2021-03-15,100.930000,101.949997,99.830002,101.879997,101.695244,244300
2021-03-16,101.550003,101.650002,99.980003,101.250000,101.066383,263000
2021-03-17,101.019997,103.089996,100.779999,102.550003,102.364029,236300
2021-03-18,102.400002,104.470001,100.750000,101.250000,101.066383,227600
2021-03-19,100.860001,101.339996,98.730003,99.389999,99.209755,839200
2021-03-22,100.190002,100.190002,97.669998,97.860001,97.682533,253200
2021-03-23,96.180000,97.500000,92.570000,93.290001,93.120819,329100
2021-03-24,94.570000,95.440002,90.720001,90.790001,90.625359,368500
2021-03-25,89.930000,92.199997,88.089996,91.599998,91.433884,308000
2021-03-26,93.190002,94.550003,92.040001,93.699997,93.530075,193200
2021-03-29,93.040001,93.650002,89.809998,90.040001,89.876717,335000
2021-03-30,89.650002,92.660004,89.650002,91.599998,91.433884,307500
2021-03-31,92.349998,93.070000,90.470001,90.800003,90.635338,287100
2021-04-01,91.940002,93.760002,91.489998,93.760002,93.589973,168700
2021-04-05,95.339996,95.699997,93.529999,94.239998,94.069099,157800
2021-04-06,94.250000,95.419998,93.910004,94.239998,94.069099,145000
2021-04-07,94.050003,94.570000,91.910004,92.389999,92.222450,137000
2021-04-08,92.959999,93.459999,91.769997,93.400002,93.230621,164800
2021-04-09,93.260002,94.169998,92.610001,93.940002,93.769646,161300
2021-04-12,94.260002,94.889999,93.339996,94.559998,94.388519,180800
2021-04-13,94.180000,94.879997,92.150002,92.410004,92.242424,290200
2021-04-14,92.889999,95.059998,92.879997,92.989998,92.821365,224000
2021-04-15,94.059998,94.110001,92.519997,93.190002,93.021004,190000
2021-04-16,94.449997,94.800003,92.900002,93.019997,92.851311,275800
2021-04-19,92.720001,93.559998,91.480003,91.970001,91.803215,331700
2021-04-20,91.230003,92.000000,88.160004,88.910004,88.748772,299900
2021-04-21,88.669998,92.059998,88.669998,91.879997,91.713379,228100
2021-04-22,92.830002,92.830002,91.000000,91.860001,91.693413,229600
2021-04-23,92.330002,93.830002,92.250000,92.959999,92.791420,357300
2021-04-26,93.980003,94.489998,93.519997,93.849998,93.679802,364500
2021-04-27,94.040001,94.699997,92.879997,93.680000,93.510117,194200
2021-04-28,93.309998,93.949997,92.620003,93.000000,92.831345,204800
2021-04-29,94.379997,94.419998,92.300003,92.959999,92.791420,243500
2021-04-30,91.830002,93.029999,91.050003,91.580002,91.413925,203100
2021-05-03,92.779999,93.029999,91.010002,91.209999,91.044594,208900
2021-05-04,90.370003,90.449997,88.629997,88.910004,88.748772,301800
2021-05-05,89.419998,89.620003,87.809998,88.360001,88.199760,225200
2021-05-06,88.309998,89.739998,87.849998,89.730003,89.567284,391200
2021-05-07,89.769997,91.220001,88.879997,91.150002,90.984703,148000
2021-05-10,90.930000,91.730003,88.620003,88.680000,88.519180,269800
2021-05-11,86.559998,88.320000,86.480003,86.879997,86.722443,299200
2021-05-12,85.930000,87.129997,84.570000,84.919998,84.765999,331000
2021-05-13,85.970001,89.360001,85.160004,89.160004,88.998314,418200
2021-05-14,90.169998,91.510002,89.430000,91.449997,91.284157,218800
2021-05-17,90.500000,91.169998,89.089996,91.129997,90.964737,184300
2021-05-18,91.419998,91.419998,89.500000,89.550003,89.387604,118200
2021-05-19,88.010002,89.570000,87.419998,89.510002,89.347679,133100
2021-05-20,89.750000,90.750000,89.029999,90.389999,90.226082,194200
2021-05-21,90.809998,93.500000,90.010002,92.410004,92.242424,494100
2021-05-24,93.400002,94.550003,92.230003,93.389999,93.220642,197000
2021-05-25,93.540001,93.769997,91.199997,91.309998,91.144409,228400
2021-05-26,91.709999,92.269997,90.150002,92.160004,91.992874,148900
2021-05-27,93.690002,95.650002,93.040001,95.000000,94.827721,446700
2021-05-28,95.540001,95.540001,93.209999,94.239998,94.069099,257500
2021-06-01,95.389999,97.089996,94.739998,96.699997,96.524635,299100
2021-06-02,97.150002,97.150002,95.470001,95.860001,95.686165,295700
2021-06-03,95.370003,95.709999,94.290001,95.550003,95.376724,181600
2021-06-04,96.199997,97.000000,96.000000,96.669998,96.494690,175800
2021-06-07,96.669998,97.410004,96.320000,97.139999,96.963837,230700
2021-06-08,97.559998,99.430000,96.379997,99.169998,98.990158,289200
2021-06-09,99.570000,99.570000,95.940002,96.500000,96.324997,210000
2021-06-10,96.879997,97.059998,94.339996,94.529999,94.529999,142300
2021-06-11,95.000000,95.489998,94.550003,94.900002,94.900002,175700
2021-06-14,95.529999,95.529999,93.500000,94.379997,94.379997,180100
2021-06-15,94.360001,95.430000,93.820000,95.430000,95.430000,137900
2021-06-16,97.419998,98.699997,96.010002,98.250000,98.250000,349300
2021-06-17,97.940002,98.419998,94.500000,95.849998,95.849998,247900
2021-06-18,94.360001,95.300003,93.010002,93.620003,93.620003,406800
2021-06-21,94.760002,95.889999,94.650002,95.150002,95.150002,195100
2021-06-22,94.910004,95.300003,93.849998,95.169998,95.169998,188300
2021-06-23,95.110001,96.449997,94.709999,95.750000,95.750000,159800
2021-06-24,96.500000,97.580002,95.709999,97.349998,97.349998,162200
2021-06-25,97.760002,98.750000,97.489998,97.709999,97.709999,496600
2021-06-28,97.739998,97.739998,96.199997,96.750000,96.750000,172500
2021-06-29,97.250000,97.519997,96.519997,96.669998,96.669998,170400
2021-06-30,95.860001,98.660004,95.860001,97.730003,97.730003,214100
2021-07-01,98.839996,98.839996,97.320000,98.160004,98.160004,150200
2021-07-02,98.529999,98.930000,97.120003,97.279999,97.279999,173300
2021-07-06,97.379997,97.599998,94.760002,96.150002,96.150002,138300
2021-07-07,96.279999,97.019997,95.059998,95.860001,95.860001,117600
2021-07-08,93.620003,95.900002,92.440002,94.769997,94.769997,135400
2021-07-09,96.290001,97.730003,96.290001,97.239998,97.239998,100600
2021-07-12,96.610001,98.400002,96.349998,98.290001,98.290001,118500
2021-07-13,97.260002,97.930000,96.150002,96.220001,96.220001,83800
2021-07-14,97.260002,97.709999,94.889999,95.379997,95.379997,143800
2021-07-15,94.599998,95.440002,93.129997,94.580002,94.580002,126000
2021-07-16,95.580002,95.580002,92.959999,93.000000,93.000000,310600
2021-07-19,90.639999,92.510002,89.230003,90.790001,90.790001,249000
2021-07-20,91.669998,95.930000,90.779999,95.419998,95.419998,311800
2021-07-21,96.529999,99.360001,96.110001,98.500000,98.500000,262700
2021-07-22,98.169998,99.000000,96.040001,97.699997,97.699997,142800
2021-07-23,98.730003,98.730003,96.250000,96.800003,96.800003,292900
2021-07-26,97.830002,98.070000,95.879997,96.360001,96.360001,124800
2021-07-27,95.320000,95.839996,93.860001,95.250000,95.250000,135700
2021-07-28,95.889999,97.459999,94.309998,96.559998,96.559998,155200
2021-07-29,97.680000,99.099998,96.830002,98.489998,98.489998,128900
2021-07-30,98.650002,99.989998,98.250000,98.660004,98.660004,154300
2021-08-02,99.089996,100.230003,97.199997,97.550003,97.550003,150800
2021-08-03,98.000000,98.370003,97.050003,98.169998,98.169998,175700
2021-08-04,97.010002,98.580002,95.900002,96.050003,96.050003,169300
2021-08-05,96.290001,97.059998,95.629997,96.879997,96.879997,190700
2021-08-06,98.250000,98.559998,97.419998,97.970001,97.970001,110000
2021-08-09,97.980003,99.099998,96.699997,98.370003,98.370003,115700
2021-08-10,99.029999,99.669998,97.940002,98.459999,98.459999,171700
2021-08-11,98.639999,99.320000,97.120003,99.300003,99.300003,218700
2021-08-12,96.320000,96.320000,91.620003,94.129997,94.129997,446400
2021-08-13,93.019997,93.519997,91.379997,91.839996,91.839996,234600
2021-08-16,91.379997,92.900002,90.669998,91.809998,91.809998,235400
2021-08-17,90.510002,91.410004,87.870003,89.029999,89.029999,214800
2021-08-18,88.599998,89.220001,87.449997,87.550003,87.550003,242200
2021-08-19,86.570000,87.059998,84.940002,85.760002,85.760002,203500
2021-08-20,85.250000,86.349998,85.190002,85.669998,85.669998,249400
2021-08-23,86.279999,86.900002,85.419998,86.199997,86.199997,178800
2021-08-24,86.629997,87.599998,86.199997,87.160004,87.160004,113700
2021-08-25,87.070000,88.309998,87.000000,87.750000,87.750000,211700
2021-08-26,87.970001,88.000000,85.169998,85.220001,85.220001,194600
2021-08-27,85.449997,87.449997,85.410004,86.750000,86.750000,176700
2021-08-30,86.940002,87.250000,85.839996,86.160004,86.160004,139300