Date,Open,High,Low,Close,Adj Close,Volume
2021-01-04,73.019997,76.699997,73.019997,75.339996,75.251518,403600
2021-01-05,75.339996,81.239998,75.000000,80.610001,80.515327,381900
2021-01-06,81.199997,87.919998,81.199997,86.110001,86.008865,552400
2021-01-07,86.900002,87.050003,83.720001,85.389999,85.289711,357600
2021-01-08,85.570000,86.739998,82.029999,83.930000,83.831429,389300
2021-01-11,83.239998,84.550003,80.000000,83.459999,83.361977,189300
2021-01-12,83.489998,84.980003,83.360001,83.910004,83.811455,171700
2021-01-13,83.410004,83.860001,81.970001,83.500000,83.401932,331100
2021-01-14,84.000000,86.150002,83.639999,84.720001,84.620499,273100
2021-01-15,84.199997,85.400002,81.660004,84.699997,84.600525,254500
2021-01-19,85.400002,85.779999,83.699997,84.820000,84.720383,194500
2021-01-20,85.370003,88.120003,84.349998,85.320000,85.219795,256400
2021-01-21,85.809998,85.809998,82.820000,83.250000,83.152229,188000
2021-01-22,84.070000,86.010002,83.120003,85.180000,85.079956,213400
2021-01-25,85.190002,85.900002,83.029999,85.790001,85.689247,273300
2021-01-26,86.019997,86.750000,84.269997,84.620003,84.520622,167800
2021-01-27,82.029999,83.550003,81.230003,81.400002,81.304405,323100
2021-01-28,82.250000,83.290001,80.610001,81.360001,81.264450,208100
2021-01-29,80.800003,82.330002,77.349998,78.279999,78.188065,330400
2021-02-01,78.199997,85.209999,77.370003,84.800003,84.700409,352400
2021-02-02,86.680000,87.129997,84.690002,86.260002,86.158691,338700
2021-02-03,86.120003,89.160004,84.419998,88.970001,88.865509,396800
2021-02-04,89.169998,92.389999,85.660004,86.610001,86.508278,527500
2021-02-05,87.309998,87.620003,82.440002,83.820000,83.721558,297800
2021-02-08,84.120003,84.680000,82.339996,84.459999,84.360802,306900
2021-02-09,83.379997,86.000000,83.199997,85.639999,85.539413,216800
2021-02-10,86.080002,86.930000,84.279999,86.360001,86.258568,314700
2021-02-11,86.559998,88.349998,86.489998,88.199997,88.096413,245000
2021-02-12,87.720001,88.839996,86.129997,86.650002,86.548233,202800
2021-02-16,87.000000,87.000000,83.339996,84.239998,84.141060,156200
2021-02-17,83.160004,85.419998,83.160004,84.709999,84.610512,201500
2021-02-18,84.449997,84.500000,82.389999,83.209999,83.112274,158800
2021-02-19,83.129997,84.639999,82.550003,83.639999,83.541763,130800
2021-02-22,82.620003,84.099998,82.129997,83.430000,83.332016,131800
2021-02-23,82.860001,84.250000,81.879997,82.470001,82.373138,290300
2021-02-24,82.440002,86.290001,82.440002,85.440002,85.339653,201800
2021-02-25,84.610001,85.629997,80.620003,80.930000,80.834946,210900
2021-02-26,81.620003,83.529999,80.519997,82.019997,81.923668,249800
2021-03-01,83.220001,83.470001,81.669998,83.220001,83.122261,180600
2021-03-02,82.919998,83.279999,81.110001,82.029999,81.933662,181000
2021-03-03,82.750000,83.389999,80.000000,82.339996,82.243286,250700
2021-03-04,82.050003,84.809998,81.120003,82.540001,82.443062,287100
2021-03-05,83.680000,83.680000,78.050003,80.849998,80.755043,371400
2021-03-08,80.650002,84.699997,80.110001,83.250000,83.152229,251200
2021-03-09,82.750000,87.739998,82.750000,86.010002,85.908989,321500
2021-03-10,87.000000,89.220001,86.610001,87.959999,87.856697,261600
2021-03-11,88.519997,90.000000,86.919998,88.839996,88.735657,231100
2021-03-12,88.769997,90.589996,88.410004,90.010002,89.904289,417800
2021-03-15,88.809998,92.019997,88.610001,91.870003,91.762100,229000
2021-03-16,91.750000,92.500000,87.500000,87.959999,87.856697,297400
2021-03-17,87.500000,88.489998,85.510002,87.019997,86.917793,327600
2021-03-18,86.750000,90.800003,85.940002,88.800003,88.695709,284900
2021-03-19,89.150002,90.669998,87.379997,89.739998,89.634598,782100
2021-03-22,89.739998,91.650002,88.250000,90.779999,90.673378,339100
2021-03-23,89.839996,90.220001,87.820000,88.330002,88.226265,290000
2021-03-24,89.220001,92.910004,89.089996,90.320000,90.213921,324900
2021-03-25,89.849998,93.830002,89.260002,93.209999,93.100533,366000
2021-03-26,94.099998,96.709999,92.680000,96.129997,96.017090,494700
2021-03-29,96.739998,98.660004,90.860001,91.290001,91.182785,479600
2021-03-30,91.279999,93.500000,90.239998,92.650002,92.594940,396900
2021-03-31,92.980003,94.650002,92.230003,93.839996,93.784233,638600
2021-04-01,94.389999,95.120003,92.830002,93.750000,93.694290,331700
2021-04-05,94.970001,96.320000,94.019997,94.230003,94.174004,311300
2021-04-06,94.660004,97.040001,94.470001,94.580002,94.523796,396300
2021-04-07,94.620003,94.910004,91.510002,91.879997,91.825394,324300
2021-04-08,92.800003,95.860001,92.000000,95.519997,95.463234,311900
2021-04-09,95.050003,95.669998,92.959999,93.440002,93.384476,434000
2021-04-12,92.889999,93.019997,91.639999,92.000000,91.945328,435200
2021-04-13,91.440002,93.029999,90.000000,92.000000,91.945328,270900
2021-04-14,90.760002,94.889999,90.760002,92.930000,92.874779,272800
2021-04-15,93.959999,94.000000,92.330002,93.309998,93.254547,227800
2021-04-16,93.320000,93.320000,91.680000,92.070000,92.015289,178700
2021-04-19,92.070000,92.070000,87.010002,88.250000,88.197556,449000
2021-04-20,88.120003,88.980003,86.690002,87.629997,87.577919,276200
2021-04-21,87.580002,90.230003,86.910004,89.529999,89.476791,207000
2021-04-22,89.970001,90.919998,86.970001,87.080002,87.028252,410500
2021-04-23,87.320000,89.690002,86.220001,88.379997,88.327477,427200
2021-04-26,89.129997,89.779999,87.720001,88.620003,88.567337,281300
2021-04-27,88.779999,90.300003,87.910004,88.360001,88.307495,223900
2021-04-28,87.830002,89.629997,87.080002,88.750000,88.697258,282700
2021-04-29,89.370003,89.720001,86.269997,86.680000,86.628487,317200
2021-04-30,85.500000,88.760002,76.949997,85.849998,85.798981,353600
2021-05-03,82.050003,88.129997,82.050003,87.430000,87.378044,423300
2021-05-04,87.010002,87.970001,85.330002,86.540001,86.488571,216900
2021-05-05,86.519997,87.209999,85.360001,86.320000,86.268700,177400
2021-05-06,86.089996,86.720001,83.300003,85.269997,85.219322,324100
2021-05-07,85.010002,87.279999,85.010002,86.339996,86.288689,170000
2021-05-10,86.370003,88.480003,83.959999,83.970001,83.920105,221400
2021-05-11,82.720001,85.070000,82.040001,84.000000,83.950081,250200
2021-05-12,83.360001,84.750000,81.339996,81.750000,81.701416,155900
2021-05-13,81.769997,83.430000,81.349998,82.889999,82.840744,154900
2021-05-14,83.720001,84.739998,83.230003,83.959999,83.910103,160300
2021-05-17,83.139999,83.949997,81.639999,82.110001,82.061203,173900
2021-05-18,82.059998,83.949997,81.400002,82.040001,81.991249,246300
2021-05-19,80.769997,83.150002,80.410004,82.629997,82.580894,265100
2021-05-20,82.669998,83.570000,82.019997,83.339996,83.290474,205600
2021-05-21,84.400002,85.209999,82.250000,82.669998,82.620872,138300
2021-05-24,81.849998,82.669998,81.099998,81.239998,81.191719,192300
2021-05-25,81.750000,83.419998,81.750000,82.199997,82.151146,250200
2021-05-26,82.160004,84.099998,82.099998,83.010002,82.960670,149200
2021-05-27,83.570000,83.870003,82.160004,82.199997,82.151146,137800
2021-05-28,82.230003,83.769997,82.230003,83.199997,83.150558,144000
2021-06-01,83.459999,84.260002,82.879997,83.919998,83.870125,268900
2021-06-02,84.099998,84.190002,81.669998,82.309998,82.261086,689100
2021-06-03,81.470001,82.480003,80.320000,82.459999,82.410995,265900
2021-06-04,82.669998,83.110001,82.160004,82.629997,82.580894,150800
2021-06-07,83.099998,83.879997,82.680000,83.260002,83.210526,209100
2021-06-08,83.580002,84.169998,82.769997,83.809998,83.760193,179300
2021-06-09,84.169998,84.209999,83.000000,83.110001,83.060616,244700
2021-06-10,83.529999,84.000000,82.839996,83.419998,83.370422,164800
2021-06-11,83.389999,84.330002,83.120003,84.330002,84.279884,175800
2021-06-14,85.190002,85.760002,83.709999,84.139999,84.089996,275500
2021-06-15,83.949997,86.870003,83.809998,85.400002,85.349251,649600
2021-06-16,85.000000,85.269997,84.320000,84.930000,84.879532,228500
2021-06-17,84.919998,86.449997,84.410004,86.010002,85.958893,209200
2021-06-18,85.059998,86.730003,82.820000,83.379997,83.330444,631100
2021-06-21,83.720001,84.830002,82.910004,84.349998,84.299873,213200
2021-06-22,84.250000,85.250000,83.529999,85.010002,84.959488,156600
2021-06-23,85.489998,85.900002,84.849998,85.250000,85.199341,170100
2021-06-24,85.750000,87.459999,85.010002,87.010002,86.958298,245800
2021-06-25,86.900002,87.889999,86.300003,87.550003,87.497978,461000
2021-06-28,87.620003,89.370003,86.709999,89.190002,89.137001,260000
2021-06-29,89.199997,90.230003,88.000000,88.129997,88.129997,252900
2021-06-30,87.669998,88.129997,85.660004,86.669998,86.669998,347700
2021-07-01,87.489998,89.000000,86.730003,88.860001,88.860001,227500
2021-07-02,88.980003,89.779999,88.209999,88.629997,88.629997,150600
2021-07-06,88.629997,88.720001,86.290001,88.040001,88.040001,165800
2021-07-07,87.820000,88.879997,87.110001,88.650002,88.650002,171000
2021-07-08,87.029999,88.180000,86.580002,87.199997,87.199997,200000
2021-07-09,87.889999,88.989998,87.239998,87.519997,87.519997,138400
2021-07-12,87.260002,89.360001,86.550003,89.320000,89.320000,161700
2021-07-13,89.169998,89.480003,87.410004,87.650002,87.650002,97100
2021-07-14,88.050003,88.230003,86.540001,87.290001,87.290001,122600
2021-07-15,86.769997,87.389999,85.870003,86.699997,86.699997,99900
2021-07-16,87.489998,88.330002,86.260002,86.949997,86.949997,137000
2021-07-19,85.580002,87.639999,85.500000,86.190002,86.190002,149500
2021-07-20,86.570000,88.760002,85.879997,86.949997,86.949997,284000
2021-07-21,86.949997,88.050003,86.129997,86.370003,86.370003,135600
2021-07-22,86.370003,86.370003,84.540001,84.809998,84.809998,122500
2021-07-23,84.910004,86.330002,84.199997,86.269997,86.269997,94400
2021-07-26,86.660004,87.980003,84.779999,85.080002,85.080002,129400
2021-07-27,84.750000,85.589996,84.129997,85.519997,85.519997,128000
2021-07-28,86.110001,87.650002,84.980003,86.510002,86.510002,147600
2021-07-29,83.919998,86.010002,82.940002,83.410004,83.410004,241800
2021-07-30,83.309998,86.410004,83.250000,85.070000,85.070000,248700
2021-08-02,85.110001,87.129997,84.290001,84.379997,84.379997,152000
2021-08-03,84.800003,85.849998,83.660004,85.260002,85.260002,178300
2021-08-04,84.750000,85.290001,83.339996,83.500000,83.500000,118800
2021-08-05,83.750000,84.419998,82.849998,84.269997,84.269997,129500
2021-08-06,84.750000,85.379997,83.760002,84.910004,84.910004,153300
2021-08-09,84.690002,84.800003,84.180000,84.610001,84.610001,96700
2021-08-10,84.669998,84.730003,84.010002,84.250000,84.250000,120800
2021-08-11,84.150002,84.169998,82.349998,83.540001,83.540001,150200
2021-08-12,83.699997,84.690002,82.790001,84.139999,84.139999,176100
2021-08-13,84.320000,84.550003,83.389999,83.589996,83.589996,84100
2021-08-16,83.510002,84.320000,82.739998,83.349998,83.349998,78400
2021-08-17,82.699997,82.849998,80.900002,81.830002,81.830002,201800
2021-08-18,81.709999,82.230003,79.629997,79.809998,79.809998,185000
2021-08-19,79.129997,80.180000,78.269997,79.620003,79.620003,249700
2021-08-20,79.360001,81.699997,79.169998,81.589996,81.589996,157200
2021-08-23,81.709999,82.190002,80.930000,82.070000,82.070000,167800
2021-08-24,81.970001,82.440002,81.220001,81.430000,81.430000,131900
2021-08-25,81.459999,82.239998,80.419998,80.580002,80.580002,134200
2021-08-26,80.830002,81.000000,79.500000,79.879997,79.879997,153600
2021-08-27,79.900002,82.480003,79.900002,82.309998,82.309998,199400
2021-08-30,82.250000,82.589996,79.570000,81.360001,81.360001,96800