Date,Open,High,Low,Close,Adj Close,Volume
2021-01-04,82.790001,82.959999,79.699997,79.879997,79.879997,384400
2021-01-05,80.000000,81.660004,79.019997,80.699997,80.699997,726300
2021-01-06,80.870003,83.889999,80.370003,82.629997,82.629997,482800
2021-01-07,82.730003,84.330002,82.730003,84.190002,84.190002,304400
2021-01-08,84.610001,86.290001,84.230003,85.620003,85.620003,1463100
2021-01-11,85.070000,85.830002,82.959999,84.680000,84.680000,223600
2021-01-12,84.989998,86.750000,84.470001,86.230003,86.230003,521900
2021-01-13,86.209999,86.879997,84.400002,84.440002,84.440002,176600
2021-01-14,84.639999,85.559998,83.760002,84.690002,84.690002,211000
2021-01-15,83.870003,85.489998,83.870003,85.199997,85.199997,543800
2021-01-19,85.750000,87.000000,84.949997,86.949997,86.949997,321000
2021-01-20,87.000000,88.449997,86.919998,86.949997,86.949997,263200
2021-01-21,87.320000,87.760002,85.220001,86.410004,86.410004,326900
2021-01-22,86.089996,86.610001,82.440002,83.190002,83.190002,399800
2021-01-25,82.879997,83.129997,81.190002,82.680000,82.680000,306000
2021-01-26,83.629997,84.220001,82.790001,83.139999,83.139999,283500
2021-01-27,81.730003,82.339996,79.320000,79.889999,79.889999,510800
2021-01-28,81.120003,81.599998,79.910004,79.989998,79.989998,365900
2021-01-29,79.830002,80.500000,76.139999,76.730003,76.730003,461900
2021-02-01,77.110001,80.440002,77.110001,79.610001,79.610001,318100
2021-02-02,80.489998,83.300003,79.779999,82.989998,82.989998,427600
2021-02-03,83.089996,83.559998,81.809998,81.949997,81.949997,304600
2021-02-04,81.910004,84.900002,81.570000,84.599998,84.599998,266300
2021-02-05,85.489998,86.190002,84.470001,85.790001,85.790001,347300
2021-02-08,86.230003,86.360001,81.029999,81.349998,81.349998,713400
2021-02-09,81.339996,82.550003,81.010002,81.059998,81.059998,554800
2021-02-10,81.019997,82.190002,80.389999,80.930000,80.930000,273400
2021-02-11,81.440002,81.959999,80.430000,81.309998,81.309998,216800
2021-02-12,80.800003,81.839996,80.610001,80.889999,80.889999,170600
2021-02-16,80.949997,81.300003,79.599998,79.620003,79.620003,390800
2021-02-17,78.660004,79.230003,77.779999,78.629997,78.629997,318400
2021-02-18,78.320000,80.739998,77.760002,80.250000,80.250000,467100
2021-02-19,80.959999,81.389999,80.050003,80.089996,80.089996,356100
2021-02-22,79.290001,79.849998,78.879997,79.190002,79.190002,307200
2021-02-23,78.889999,81.440002,78.209999,81.239998,81.239998,450400
2021-02-24,81.330002,84.169998,80.599998,83.910004,83.910004,431300
2021-02-25,83.510002,84.779999,80.000000,80.000000,80.000000,570700
2021-02-26,67.510002,70.470001,61.000000,64.019997,64.019997,5255100
2021-03-01,64.360001,68.540001,64.309998,67.820000,67.820000,1836300
2021-03-02,67.650002,68.870003,66.910004,68.260002,68.260002,1016900
2021-03-03,67.959999,70.150002,67.650002,69.989998,69.989998,760900
2021-03-04,70.099998,71.269997,68.190002,69.550003,69.550003,898500
2021-03-05,70.610001,71.279999,69.320000,71.260002,71.260002,904200
2021-03-08,71.480003,71.959999,67.809998,67.949997,67.949997,867900
2021-03-09,69.389999,71.709999,68.900002,70.250000,70.250000,786600
2021-03-10,71.080002,71.199997,69.110001,69.300003,69.300003,1064300
2021-03-11,70.370003,71.699997,69.830002,70.290001,70.290001,765500
2021-03-12,70.339996,71.449997,69.540001,71.290001,71.290001,859100
2021-03-15,70.900002,71.980003,70.559998,71.010002,71.010002,801400
2021-03-16,71.349998,71.480003,69.669998,70.010002,70.010002,650400
2021-03-17,69.750000,72.940002,68.290001,72.389999,72.389999,599000
2021-03-18,71.589996,72.610001,70.599998,70.959999,70.959999,510900
2021-03-19,70.889999,71.839996,69.989998,70.860001,70.860001,950300
2021-03-22,70.820000,71.959999,70.529999,71.110001,71.110001,295100
2021-03-23,70.519997,72.190002,70.519997,71.150002,71.150002,498400
2021-03-24,71.699997,72.430000,70.889999,71.949997,71.949997,488800
2021-03-25,71.370003,73.870003,70.019997,73.410004,73.410004,810000
2021-03-26,73.889999,74.889999,73.199997,74.400002,74.400002,403800
2021-03-29,73.660004,74.320000,71.779999,73.680000,73.680000,417900
2021-03-30,73.209999,73.519997,72.169998,72.430000,72.430000,396100
2021-03-31,72.580002,74.209999,72.230003,72.230003,72.230003,576900
2021-04-01,72.849998,74.629997,71.720001,74.320000,74.320000,452700
2021-04-05,75.269997,75.500000,74.070000,74.379997,74.379997,380600
2021-04-06,74.349998,74.930000,73.870003,73.910004,73.910004,213900
2021-04-07,73.720001,74.610001,73.690002,74.029999,74.029999,237500
2021-04-08,74.900002,75.139999,73.989998,74.309998,74.309998,319800
2021-04-09,74.269997,74.820000,73.820000,74.699997,74.699997,257200
2021-04-12,74.529999,74.980003,73.839996,74.300003,74.300003,213000
2021-04-13,73.970001,74.629997,73.379997,74.269997,74.269997,219800
2021-04-14,74.620003,75.190002,73.110001,73.269997,73.269997,390700
2021-04-15,74.339996,75.550003,73.580002,74.709999,74.709999,518300
2021-04-16,75.349998,76.300003,74.820000,75.209999,75.209999,340800
2021-04-19,74.959999,75.330002,73.160004,73.559998,73.559998,457400
2021-04-20,73.279999,74.089996,71.800003,72.099998,72.099998,235800
2021-04-21,71.620003,72.910004,71.510002,72.550003,72.550003,262100
2021-04-22,72.300003,73.230003,71.599998,71.629997,71.629997,358400
2021-04-23,72.370003,74.019997,71.809998,72.809998,72.809998,308000
2021-04-26,73.160004,74.559998,73.160004,73.680000,73.680000,440600
2021-04-27,73.779999,75.129997,73.720001,74.089996,74.089996,311700
2021-04-28,74.099998,74.699997,73.690002,74.470001,74.470001,163700
2021-04-29,74.739998,74.739998,73.300003,74.230003,74.230003,192100
2021-04-30,73.470001,74.050003,73.099998,73.830002,73.830002,245000
2021-05-03,74.290001,74.470001,72.410004,72.410004,72.410004,298300
2021-05-04,71.820000,72.080002,70.940002,71.430000,71.430000,360300
2021-05-05,71.820000,71.949997,70.589996,70.669998,70.669998,237900
2021-05-06,70.680000,71.320000,69.980003,70.709999,70.709999,667500
2021-05-07,70.709999,72.860001,68.489998,68.589996,68.589996,730900
2021-05-10,68.110001,69.089996,67.309998,67.360001,67.360001,375800
2021-05-11,66.010002,67.970001,66.010002,67.459999,67.459999,336600
2021-05-12,66.820000,67.269997,64.820000,65.180000,65.180000,546200
2021-05-13,65.320000,66.300003,64.699997,65.389999,65.389999,330300
2021-05-14,66.029999,68.309998,65.370003,67.779999,67.779999,284000
2021-05-17,67.120003,67.839996,65.419998,66.320000,66.320000,301500
2021-05-18,67.019997,67.589996,66.120003,66.160004,66.160004,366600
2021-05-19,65.099998,67.839996,64.750000,67.669998,67.669998,400100
2021-05-20,67.839996,69.449997,67.699997,69.169998,69.169998,550000
2021-05-21,69.430000,69.800003,68.449997,68.470001,68.470001,295700
2021-05-24,69.309998,71.570000,69.059998,71.559998,71.559998,394000
2021-05-25,71.779999,72.320000,70.949997,71.010002,71.010002,332000
2021-05-26,71.290001,72.209999,70.339996,70.349998,70.349998,494400
2021-05-27,70.529999,71.849998,70.139999,71.349998,71.349998,381300
2021-05-28,72.010002,72.669998,71.209999,71.970001,71.970001,378600
2021-06-01,72.099998,72.419998,71.660004,72.059998,72.059998,360100
2021-06-02,72.190002,72.589996,71.519997,72.040001,72.040001,294700
2021-06-03,71.690002,71.739998,70.540001,71.559998,71.559998,186500
2021-06-04,78.089996,80.129997,77.389999,79.400002,79.400002,3408500
2021-06-07,79.389999,80.419998,78.059998,79.360001,79.360001,1479200
2021-06-08,79.800003,80.709999,78.209999,78.400002,78.400002,9954700
2021-06-09,78.599998,79.750000,77.089996,78.199997,78.199997,1360500
2021-06-10,78.489998,79.599998,77.300003,79.250000,79.250000,923900
2021-06-11,78.519997,79.980003,78.449997,79.239998,79.239998,513200
2021-06-14,78.970001,79.610001,78.459999,78.570000,78.570000,372100
2021-06-15,78.440002,78.980003,77.820000,78.000000,78.000000,349000
2021-06-16,78.040001,79.449997,78.040001,79.269997,79.269997,628400
2021-06-17,79.129997,80.120003,78.449997,78.919998,78.919998,349400
2021-06-18,78.610001,78.769997,77.000000,77.279999,77.279999,460800
2021-06-21,77.449997,78.620003,76.839996,77.900002,77.900002,260800
2021-06-22,77.709999,77.870003,76.919998,77.139999,77.139999,304900
2021-06-23,76.519997,77.169998,76.309998,76.330002,76.330002,425900
2021-06-24,77.000000,77.459999,76.269997,77.430000,77.430000,307000
2021-06-25,77.400002,79.260002,76.800003,78.959999,78.959999,1215300
2021-06-28,79.080002,80.169998,79.000000,79.489998,79.489998,766800
2021-06-29,79.589996,79.589996,77.970001,78.000000,78.000000,321500
2021-06-30,77.599998,77.599998,75.290001,75.860001,75.860001,690200
2021-07-01,75.769997,76.790001,75.580002,75.739998,75.739998,360500
2021-07-02,75.570000,75.820000,74.919998,74.919998,74.919998,356200
2021-07-06,75.160004,75.360001,73.910004,74.449997,74.449997,419200
2021-07-07,74.889999,75.489998,74.070000,74.699997,74.699997,470800
2021-07-08,73.610001,74.970001,73.139999,73.900002,73.900002,258600
2021-07-09,74.389999,75.260002,74.019997,75.080002,75.080002,405500
2021-07-12,75.500000,75.500000,74.279999,74.989998,74.989998,383800
2021-07-13,74.519997,75.169998,74.470001,74.660004,74.660004,348900
2021-07-14,75.139999,75.279999,73.410004,73.919998,73.919998,364900
2021-07-15,73.410004,74.500000,72.940002,73.260002,73.260002,345200
2021-07-16,73.800003,74.239998,72.760002,72.940002,72.940002,403300
2021-07-19,72.120003,73.160004,71.610001,72.190002,72.190002,485900
2021-07-20,72.639999,74.639999,72.360001,73.589996,73.589996,347000
2021-07-21,73.889999,75.500000,73.820000,75.449997,75.449997,277000
2021-07-22,73.040001,74.029999,72.349998,73.959999,73.959999,860500
2021-07-23,74.379997,74.669998,73.650002,74.620003,74.620003,386700
2021-07-26,74.519997,75.269997,74.279999,74.449997,74.449997,653200
2021-07-27,73.580002,74.400002,73.559998,74.269997,74.269997,316900
2021-07-28,74.529999,75.430000,74.470001,75.050003,75.050003,272500
2021-07-29,75.349998,76.660004,74.669998,75.980003,75.980003,300000
2021-07-30,75.750000,76.730003,75.000000,75.230003,75.230003,277400
2021-08-02,75.510002,75.750000,74.849998,74.900002,74.900002,383300
2021-08-03,74.940002,74.940002,73.889999,74.360001,74.360001,348600
2021-08-04,73.660004,74.879997,72.559998,74.339996,74.339996,787900
2021-08-05,74.779999,74.889999,73.129997,74.440002,74.440002,540900
2021-08-06,77.839996,78.489998,74.360001,76.510002,76.510002,635000
2021-08-09,76.769997,77.370003,76.540001,77.160004,77.160004,405900
2021-08-10,77.000000,77.449997,76.279999,77.139999,77.139999,374200
2021-08-11,77.410004,77.690002,76.839996,77.339996,77.339996,241100
2021-08-12,77.029999,77.589996,76.669998,77.260002,77.260002,160500
2021-08-13,77.400002,77.839996,77.110001,77.570000,77.570000,194000
2021-08-16,77.169998,78.029999,76.580002,77.470001,77.470001,186700
2021-08-17,76.809998,77.760002,76.779999,77.699997,77.699997,217400
2021-08-18,77.769997,77.769997,76.599998,76.949997,76.949997,288100
2021-08-19,76.419998,77.459999,76.360001,77.010002,77.010002,285500
2021-08-20,77.379997,77.900002,76.260002,77.449997,77.449997,238600
2021-08-23,77.769997,79.019997,77.510002,78.709999,78.709999,325500
2021-08-24,79.180000,79.480003,78.330002,78.620003,78.620003,236400
2021-08-25,78.940002,79.470001,78.120003,79.220001,79.220001,242100
2021-08-26,79.290001,79.300003,77.849998,77.879997,77.879997,167700
2021-08-27,77.870003,79.989998,77.870003,79.449997,79.449997,299800
2021-08-30,79.910004,79.910004,78.720001,78.769997,78.769997,184600