Date,Open,High,Low,Close,Adj Close,Volume
2021-01-04,21.190001,21.420000,20.080000,20.430000,20.032711,775000
2021-01-05,20.500000,20.940001,20.500000,20.600000,20.199408,669500
2021-01-06,20.969999,21.260000,20.400000,21.080000,20.670071,853700
2021-01-07,21.010000,21.129999,20.100000,20.639999,20.238626,925400
2021-01-08,20.639999,21.180000,20.450001,21.059999,20.650459,1062100
2021-01-11,20.940001,21.000000,20.344999,20.570000,20.169989,699900
2021-01-12,20.530001,20.719999,20.400000,20.420000,20.022905,585000
2021-01-13,20.389999,20.670000,20.290001,20.480000,20.081739,280500
2021-01-14,20.740000,20.740000,20.340000,20.510000,20.111156,427200
2021-01-15,20.410000,20.530001,20.000000,20.430000,20.032711,558200
2021-01-19,20.590000,20.590000,20.264999,20.410000,20.013102,417700
2021-01-20,20.410000,21.180000,20.360001,21.070000,20.660265,850800
2021-01-21,20.950001,20.958000,20.360001,20.500000,20.101351,620400
2021-01-22,20.400000,20.520000,20.139999,20.459999,20.062126,390200
2021-01-25,20.490000,21.150000,20.240000,20.750000,20.346489,720300
2021-01-26,21.030001,21.760000,21.030001,21.660000,21.238792,1022900
2021-01-27,21.280001,21.650000,20.770000,21.049999,20.640654,1065200
2021-01-28,21.270000,21.990000,21.020000,21.709999,21.287821,919400
2021-01-29,21.520000,21.959999,20.780001,20.820000,20.415127,607400
2021-02-01,20.830000,21.129999,20.309999,21.049999,20.640654,470200
2021-02-02,21.240000,21.735001,20.950001,21.549999,21.130930,671700
2021-02-03,21.500000,21.650000,20.879999,21.549999,21.130930,405800
2021-02-04,21.500000,22.320000,21.480000,22.250000,21.817318,434600
2021-02-05,22.490000,22.559999,22.030001,22.370001,21.934986,520700
2021-02-08,22.290001,22.500000,22.049999,22.290001,21.856543,629300
2021-02-09,22.270000,22.270000,21.950001,22.190001,21.758488,429600
2021-02-10,22.370001,23.330000,22.370001,23.120001,22.670403,806300
2021-02-11,23.180000,23.740000,23.080000,23.610001,23.150873,853200
2021-02-12,23.440001,23.670000,22.980000,23.110001,22.660597,735400
2021-02-16,23.299999,23.350000,22.799999,23.049999,22.601761,987500
2021-02-17,22.820000,23.080000,22.570000,22.730000,22.287983,781600
2021-02-18,22.690001,23.090000,22.680000,23.000000,22.552734,973400
2021-02-19,23.000000,23.219999,22.895000,23.030001,22.582151,838500
2021-02-22,22.969999,23.680000,22.950001,23.549999,23.092037,934800
2021-02-23,23.459999,23.980000,23.379999,23.389999,22.935150,700900
2021-02-24,23.459999,24.270000,22.510000,24.230000,23.758814,1861300
2021-02-25,24.230000,24.990000,23.320000,23.600000,23.141068,2218000
2021-02-26,23.780001,23.879999,22.980000,23.200001,22.748846,1758800
2021-03-01,23.350000,24.070000,23.240000,23.670000,23.209705,772800
2021-03-02,23.540001,23.549999,22.520000,23.209999,22.758650,782000
2021-03-03,23.299999,23.670000,23.139999,23.420000,22.964567,657600
2021-03-04,23.639999,23.639999,21.980000,22.559999,22.121290,955300
2021-03-05,22.840000,22.930000,21.740000,22.889999,22.444874,769400
2021-03-08,22.930000,23.250000,22.500000,22.700001,22.258570,548400
2021-03-09,22.860001,23.159000,22.600000,22.620001,22.180126,888100
2021-03-10,22.590000,24.070000,22.590000,23.760000,23.297955,3153000
2021-03-11,23.840000,23.959999,23.510000,23.730000,23.268538,888800
2021-03-12,23.750000,24.299999,23.530001,24.219999,23.749010,639100
2021-03-15,24.040001,25.059999,24.040001,24.920000,24.435398,883000
2021-03-16,24.760000,24.969999,24.450001,24.790001,24.307926,1714700
2021-03-17,24.790001,25.219999,24.209999,24.870001,24.386370,3713300
2021-03-18,24.730000,24.730000,23.400000,23.559999,23.101843,1005400
2021-03-19,22.820000,24.280001,22.820000,23.010000,22.562540,2015700
2021-03-22,23.070000,23.150000,22.549999,22.750000,22.307596,579900
2021-03-23,22.510000,22.930000,22.400000,22.559999,22.121290,1069900
2021-03-24,22.809999,23.370001,22.500000,22.549999,22.111485,1476600
2021-03-25,22.309999,23.280001,21.934999,23.170000,22.719429,390300
2021-03-26,23.410000,23.719999,23.129999,23.690001,23.229317,563000
2021-03-29,23.520000,24.129999,23.110001,23.150000,22.699816,677500
2021-03-30,22.889999,23.330000,22.841999,23.120001,22.907892,681800
2021-03-31,23.090000,23.400000,22.820000,22.830000,22.620550,815700
2021-04-01,23.139999,23.620001,23.020000,23.580000,23.363670,457400
2021-04-05,23.830000,23.969999,23.510000,23.910000,23.690643,481500
2021-04-06,23.920000,24.139999,23.660000,23.840000,23.621284,384800
2021-04-07,24.250000,24.389999,23.850000,23.990000,23.769909,656800
2021-04-08,23.969999,24.415001,23.860001,24.270000,24.047340,724300
2021-04-09,24.280001,24.410000,23.930000,24.299999,24.077065,403400
2021-04-12,24.280001,24.469999,23.750000,24.370001,24.146423,587100
2021-04-13,24.049999,24.490000,23.850000,24.379999,24.156330,5759800
2021-04-14,24.629999,24.879999,24.320000,24.510000,24.285139,3572600
2021-04-15,24.549999,24.969999,24.360001,24.820000,24.592295,924800
2021-04-16,25.120001,25.370001,24.780001,25.080000,24.849909,1439500
2021-04-19,25.120001,25.120001,24.570000,24.879999,24.651743,958000
2021-04-20,24.700001,25.209999,24.700001,25.080000,24.849909,1266800
2021-04-21,25.209999,25.860001,25.120001,25.850000,25.612844,751600
2021-04-22,25.980000,26.620001,25.889999,26.440001,26.197432,1664100
2021-04-23,26.450001,26.700001,25.980000,26.080000,25.840734,990500
2021-04-26,26.230000,26.535000,26.080000,26.290001,26.048809,747400
2021-04-27,26.500000,26.500000,26.080000,26.120001,25.880369,567900
2021-04-28,26.020000,26.350000,25.969999,26.129999,25.890276,543800
2021-04-29,26.389999,26.620001,26.100000,26.320000,26.078533,577300
2021-04-30,26.190001,26.440001,25.850000,26.190001,25.949726,655100
2021-05-03,26.410000,26.530001,26.059999,26.410000,26.167707,1354300
2021-05-04,26.450001,26.750000,25.790001,25.920000,25.682203,823300
2021-05-05,25.879999,25.920000,24.830000,25.200001,24.968809,781200
2021-05-06,25.240000,25.680000,25.170000,25.680000,25.444405,559300
2021-05-07,25.549999,25.959999,25.549999,25.920000,25.682203,374300
2021-05-10,25.920000,25.969999,25.320000,25.340000,25.107523,954400
2021-05-11,24.940001,24.940001,24.209999,24.730000,24.503119,994800
2021-05-12,24.610001,24.639999,23.730000,23.750000,23.532110,727000
2021-05-13,23.780001,24.459999,23.780001,24.219999,23.997799,446100
2021-05-14,24.459999,24.860001,24.389999,24.820000,24.592295,313000
2021-05-17,24.610001,25.129999,24.320000,25.049999,24.820183,462100
2021-05-18,24.980000,25.090000,24.520000,24.530001,24.304955,342600
2021-05-19,24.180000,24.420000,23.715000,24.400000,24.176147,711100
2021-05-20,24.340000,24.709999,24.100000,24.660000,24.433762,541700
2021-05-21,24.840000,24.840000,24.440001,24.690001,24.463488,611100
2021-05-24,24.950001,25.340000,24.760000,25.150000,24.919266,2667300
2021-05-25,25.200001,25.700001,25.160000,25.370001,25.137249,419600
2021-05-26,25.580000,25.860001,25.370001,25.770000,25.533579,542300
2021-05-27,25.940001,25.940001,25.379999,25.379999,25.147156,900000
2021-05-28,25.459999,25.719999,25.270000,25.600000,25.365139,413700
2021-06-01,25.700001,26.400000,25.600000,26.379999,26.137981,978200
2021-06-02,26.400000,26.530001,26.125000,26.520000,26.276699,1331600
2021-06-03,26.540001,27.150000,26.280001,27.059999,26.811743,1317000
2021-06-04,27.280001,27.330000,27.000000,27.280001,27.029726,905900
2021-06-07,27.590000,27.959999,27.340000,27.690001,27.435965,785400
2021-06-08,27.660000,28.379999,27.625000,28.120001,27.862020,1247700
2021-06-09,28.370001,28.610001,28.150000,28.370001,28.109726,542900
2021-06-10,28.330000,28.690001,28.112000,28.490000,28.228624,769000
2021-06-11,28.530001,28.620001,28.230000,28.450001,28.188992,683000
2021-06-14,28.450001,29.040001,28.450001,28.879999,28.615046,771500
2021-06-15,29.020000,29.290001,28.459999,28.660000,28.397064,833100
2021-06-16,28.540001,28.830000,28.040001,28.040001,27.782753,1435500
2021-06-17,28.010000,28.260000,27.770000,28.000000,27.743120,1289800
2021-06-18,27.719999,27.990000,27.240000,27.280001,27.029726,2845800
2021-06-21,27.280001,28.045000,27.225000,27.600000,27.346790,1514000
2021-06-22,27.459999,27.639999,27.059999,27.340000,27.089174,1218400
2021-06-23,27.280001,27.530001,27.270000,27.370001,27.118900,907400
2021-06-24,27.440001,27.709999,27.180000,27.350000,27.099083,773500
2021-06-25,27.330000,27.705000,27.170000,27.250000,27.000000,2713600
2021-06-28,27.250000,27.570000,26.830000,27.250000,27.000000,759700
2021-06-29,27.080000,27.549999,27.070000,27.190001,27.190001,492100
2021-06-30,27.150000,27.309999,26.870001,27.040001,27.040001,737900
2021-07-01,27.110001,27.610001,26.830000,27.389999,27.389999,1179600
2021-07-02,27.590000,27.730000,27.139999,27.309999,27.309999,755100
2021-07-06,27.190001,27.695000,26.780001,27.629999,27.629999,543700
2021-07-07,27.629999,27.850000,27.360001,27.500000,27.500000,581000
2021-07-08,27.190001,27.639999,26.860001,27.270000,27.270000,714900
2021-07-09,27.480000,27.990000,27.320000,27.980000,27.980000,413800
2021-07-12,27.830000,28.400000,27.830000,28.309999,28.309999,554000
2021-07-13,28.250000,28.250000,27.709999,27.760000,27.760000,753700
2021-07-14,27.809999,28.190001,27.700001,28.070000,28.070000,592000
2021-07-15,28.070000,28.260000,27.910000,28.059999,28.059999,417800
2021-07-16,28.250000,28.350000,27.950001,27.959999,27.959999,407300
2021-07-19,27.370001,27.549999,26.915001,27.230000,27.230000,732400
2021-07-20,27.480000,29.030001,27.330000,28.790001,28.790001,713600
2021-07-21,28.850000,29.459999,28.730000,29.090000,29.090000,450700
2021-07-22,28.900000,29.190001,28.530001,28.690001,28.690001,286300
2021-07-23,28.809999,29.200001,28.600000,29.139999,29.139999,333800
2021-07-26,29.200001,29.510000,28.900000,29.110001,29.110001,486900
2021-07-27,28.910000,29.180000,28.799999,29.170000,29.170000,349700
2021-07-28,29.309999,29.440001,28.879999,28.959999,28.959999,406000
2021-07-29,29.200001,30.280001,29.000000,29.780001,29.780001,1097500
2021-07-30,29.610001,30.093000,29.309999,29.799999,29.799999,586100
2021-08-02,29.969999,30.479000,29.350000,29.490000,29.490000,475500
2021-08-03,29.490000,29.559999,28.990000,29.540001,29.540001,538100
2021-08-04,29.480000,29.639999,29.250000,29.370001,29.370001,305900
2021-08-05,29.610001,30.170000,29.500000,30.160000,30.160000,363300
2021-08-06,30.155001,30.610001,30.070000,30.139999,30.139999,363400
2021-08-09,30.010000,30.174999,29.719999,30.100000,30.100000,383800
2021-08-10,30.070000,30.160000,29.680000,29.700001,29.700001,701500
2021-08-11,29.700001,30.260000,29.466999,30.139999,30.139999,435700
2021-08-12,30.330000,30.469999,30.090000,30.340000,30.340000,672000
2021-08-13,30.500000,31.120001,30.350000,31.040001,31.040001,570100
2021-08-16,30.969999,31.240000,30.780001,30.840000,30.840000,423500
2021-08-17,30.510000,31.020000,30.230000,30.860001,30.860001,663000
2021-08-18,30.830000,30.965000,30.500000,30.570000,30.570000,426200
2021-08-19,30.299999,30.790001,30.070000,30.340000,30.340000,417400
2021-08-20,30.299999,30.969999,30.180000,30.740000,30.740000,605200
2021-08-23,30.900000,31.139999,30.500000,30.580000,30.580000,562900
2021-08-24,30.870001,31.049999,30.500000,30.790001,30.790001,509000
2021-08-25,30.809999,31.450001,30.620001,31.250000,31.250000,411000
2021-08-26,31.270000,31.490000,31.049999,31.320000,31.320000,629700
2021-08-27,31.450001,32.299999,31.400000,31.850000,31.850000,881000
2021-08-30,31.900000,32.290001,31.570000,32.250000,32.250000,548400