Date,Open,High,Low,Close,Adj Close,Volume
2021-01-04,27.280001,27.490000,26.840000,26.940001,26.940001,1263000
2021-01-05,26.879999,27.020000,26.469999,26.549999,26.549999,976900
2021-01-06,26.580000,27.000000,26.520000,26.959999,26.959999,856800
2021-01-07,26.969999,27.110001,26.730000,26.969999,26.969999,952000
2021-01-08,26.980000,27.270000,26.870001,27.230000,27.230000,710900
2021-01-11,27.100000,27.370001,26.940001,27.260000,27.260000,855900
2021-01-12,27.280001,27.350000,26.990000,26.990000,26.990000,572900
2021-01-13,26.969999,27.340000,26.920000,27.090000,27.090000,566300
2021-01-14,27.160000,27.540001,27.100000,27.490000,27.490000,1017800
2021-01-15,27.410000,27.799999,27.299999,27.790001,27.790001,847100
2021-01-19,27.879999,28.150000,27.650000,28.080000,28.080000,986700
2021-01-20,28.110001,28.660000,27.850000,28.459999,28.459999,613800
2021-01-21,28.330000,28.350000,27.610001,28.100000,28.100000,646900
2021-01-22,28.049999,28.160000,27.870001,28.129999,28.129999,362200
2021-01-25,28.129999,28.540001,28.000000,28.250000,28.250000,574900
2021-01-26,28.330000,28.469999,28.160000,28.379999,28.379999,505600
2021-01-27,28.340000,28.549999,28.070000,28.549999,28.549999,1249200
2021-01-28,28.559999,28.740000,28.299999,28.500000,28.500000,1069200
2021-01-29,28.360001,28.670000,28.100000,28.510000,28.510000,1009600
2021-02-01,28.530001,28.750000,28.240000,28.600000,28.600000,815000
2021-02-02,28.559999,28.719999,28.330000,28.580000,28.580000,472900
2021-02-03,28.440001,28.650000,28.170000,28.459999,28.459999,546800
2021-02-04,28.580000,28.709999,28.410000,28.540001,28.540001,634300
2021-02-05,28.629999,28.660000,28.350000,28.520000,28.520000,397800
2021-02-08,28.559999,28.770000,28.410000,28.760000,28.760000,515200
2021-02-09,28.850000,29.049999,28.709999,28.969999,28.969999,468200
2021-02-10,29.120001,29.290001,28.930000,29.250000,29.250000,503800
2021-02-11,29.230000,29.230000,28.780001,28.850000,28.850000,521600
2021-02-12,28.730000,29.040001,28.469999,28.940001,28.940001,362300
2021-02-16,28.930000,28.959999,28.719999,28.820000,28.820000,550900
2021-02-17,28.910000,28.950001,28.540001,28.600000,28.600000,512600
2021-02-18,28.620001,28.770000,28.520000,28.680000,28.680000,664700
2021-02-19,28.730000,28.920000,28.250000,28.250000,28.250000,637500
2021-02-22,28.260000,28.580000,28.150000,28.490000,28.490000,440800
2021-02-23,28.440001,29.180000,28.309999,29.080000,29.080000,776800
2021-02-24,29.080000,29.290001,28.700001,28.709999,28.709999,633700
2021-02-25,28.790001,29.100000,28.629999,28.719999,28.719999,953900
2021-02-26,28.709999,28.750000,28.200001,28.209999,28.209999,978000
2021-03-01,28.440001,28.780001,28.120001,28.120001,28.120001,1058300
2021-03-02,28.070000,28.500000,27.910000,28.030001,28.030001,939500
2021-03-03,27.940001,28.450001,27.910000,28.260000,28.260000,525300
2021-03-04,28.260000,28.840000,28.100000,28.530001,28.530001,1151000
2021-03-05,28.700001,28.719999,28.290001,28.709999,28.709999,902600
2021-03-08,28.770000,29.180000,28.590000,28.700001,28.700001,989400
2021-03-09,28.639999,28.809999,28.360001,28.530001,28.530001,741600
2021-03-10,28.570000,28.709999,28.400000,28.580000,28.580000,872000
2021-03-11,28.500000,28.620001,28.309999,28.500000,28.500000,754200
2021-03-12,28.570000,28.670000,28.400000,28.500000,28.500000,1098500
2021-03-15,28.559999,28.610001,28.230000,28.450001,28.450001,763500
2021-03-16,28.420000,28.490000,28.160000,28.400000,28.400000,739800
2021-03-17,28.320000,28.500000,28.250000,28.379999,28.379999,453200
2021-03-18,28.379999,28.480000,28.070000,28.280001,28.280001,1063800
2021-03-19,28.309999,28.530001,28.080000,28.100000,28.100000,1808900
2021-03-22,28.000000,28.459999,28.000000,28.389999,28.389999,751400
2021-03-23,28.389999,28.530001,28.280001,28.530001,28.530001,1307500
2021-03-24,28.500000,28.620001,28.219999,28.260000,28.260000,1175600
2021-03-25,28.260000,28.450001,27.950001,28.340000,28.340000,658000
2021-03-26,28.360001,28.500000,28.250000,28.469999,28.469999,777800
2021-03-29,28.389999,28.650000,28.280001,28.309999,28.309999,972500
2021-03-30,28.280001,28.570000,28.270000,28.379999,28.379999,1242500
2021-03-31,28.280001,28.299999,27.799999,27.799999,27.799999,1624100
2021-04-01,27.850000,28.309999,27.709999,28.299999,28.299999,1349800
2021-04-05,28.299999,28.440001,27.920000,28.260000,28.260000,736300
2021-04-06,28.340000,28.420000,28.190001,28.400000,28.400000,653400
2021-04-07,28.480000,28.480000,28.230000,28.340000,28.340000,640200
2021-04-08,28.330000,28.530001,28.150000,28.150000,28.150000,894600
2021-04-09,28.150000,28.340000,27.990000,28.200001,28.200001,807900
2021-04-12,28.309999,28.370001,28.080000,28.150000,28.150000,681900
2021-04-13,28.200001,28.370001,28.110001,28.260000,28.260000,682900
2021-04-14,28.260000,28.500000,28.180000,28.280001,28.280001,591500
2021-04-15,28.330000,28.510000,28.309999,28.440001,28.440001,1152000
2021-04-16,28.600000,28.680000,28.400000,28.600000,28.600000,1236500
2021-04-19,28.680000,28.850000,28.540001,28.590000,28.590000,711400
2021-04-20,28.490000,28.940001,28.490000,28.850000,28.850000,724700
2021-04-21,28.990000,29.030001,28.730000,28.740000,28.740000,1011700
2021-04-22,28.629999,28.740000,28.520000,28.520000,28.520000,755900
2021-04-23,28.650000,28.680000,28.309999,28.360001,28.360001,751700
2021-04-26,28.410000,28.590000,28.400000,28.480000,28.480000,504900
2021-04-27,28.540001,28.670000,28.350000,28.480000,28.480000,628300
2021-04-28,28.450001,28.620001,28.389999,28.400000,28.400000,558000
2021-04-29,28.450001,28.740000,28.400000,28.570000,28.570000,733200
2021-04-30,28.570000,28.889999,28.500000,28.799999,28.799999,794400
2021-05-03,28.840000,28.950001,28.750000,28.780001,28.780001,767000
2021-05-04,28.889999,29.070000,28.750000,28.950001,28.950001,1061900
2021-05-05,27.500000,27.870001,26.420000,27.660000,27.660000,5462300
2021-05-06,27.799999,27.910000,27.410000,27.510000,27.510000,2964700
2021-05-07,27.170000,27.700001,27.120001,27.670000,27.670000,2443200
2021-05-10,27.740000,27.750000,27.240000,27.250000,27.250000,1934500
2021-05-11,27.180000,27.260000,26.610001,26.709999,26.709999,2135400
2021-05-12,26.670000,26.750000,26.320000,26.580000,26.580000,2303700
2021-05-13,26.680000,27.049999,26.620001,27.000000,27.000000,2411000
2021-05-14,27.110001,27.200001,26.870001,27.160000,27.160000,1329100
2021-05-17,27.219999,27.559999,27.170000,27.270000,27.270000,1075100
2021-05-18,27.230000,27.620001,27.150000,27.420000,27.420000,1280400
2021-05-19,27.360001,27.580000,27.240000,27.570000,27.570000,895900
2021-05-20,27.570000,27.760000,27.290001,27.430000,27.430000,1009800
2021-05-21,27.430000,27.709999,27.350000,27.620001,27.620001,963700
2021-05-24,27.780001,27.950001,27.670000,27.760000,27.760000,575000
2021-05-25,27.730000,27.840000,27.600000,27.620001,27.620001,581300
2021-05-26,27.670000,27.780001,27.600000,27.690001,27.690001,432200
2021-05-27,27.680000,27.709999,27.370001,27.389999,27.389999,1349200
2021-05-28,27.480000,27.600000,27.360001,27.440001,27.440001,685800
2021-06-01,27.400000,27.969999,27.389999,27.930000,27.930000,1064600
2021-06-02,27.980000,27.980000,27.730000,27.809999,27.809999,841000
2021-06-03,27.750000,27.840000,27.570000,27.770000,27.770000,1227500
2021-06-04,27.740000,27.889999,27.709999,27.850000,27.850000,840000
2021-06-07,27.959999,27.980000,27.760000,27.830000,27.830000,886000
2021-06-08,27.930000,28.030001,27.840000,27.900000,27.900000,1013500
2021-06-09,27.990000,28.200001,27.900000,28.020000,28.020000,663100
2021-06-10,28.020000,28.180000,27.840000,28.170000,28.170000,1046100
2021-06-11,28.070000,28.120001,27.700001,28.010000,28.010000,1010900
2021-06-14,27.950001,28.129999,27.730000,28.120001,28.120001,1072200
2021-06-15,28.120001,28.190001,27.940001,27.969999,27.969999,721200
2021-06-16,27.990000,28.059999,27.719999,27.719999,27.719999,706800
2021-06-17,27.680000,27.799999,27.570000,27.770000,27.770000,788900
2021-06-18,27.709999,27.780001,27.330000,27.330000,27.330000,1538100
2021-06-21,27.389999,27.950001,27.389999,27.809999,27.809999,861000
2021-06-22,27.830000,28.000000,27.309999,27.309999,27.309999,1132300
2021-06-23,27.270000,27.410000,27.020000,27.020000,27.020000,819600
2021-06-24,27.010000,27.150000,26.790001,26.870001,26.870001,1058000
2021-06-25,26.850000,26.980000,26.620001,26.760000,26.760000,14119200
2021-06-28,26.760000,26.799999,26.320000,26.580000,26.580000,1361700
2021-06-29,26.480000,26.570000,26.299999,26.299999,26.299999,834300
2021-06-30,26.250000,26.420000,26.180000,26.200001,26.200001,1420600
2021-07-01,26.219999,26.420000,26.110001,26.129999,26.129999,1045100
2021-07-02,26.150000,26.379999,26.070000,26.309999,26.309999,1294500
2021-07-06,26.430000,26.670000,26.170000,26.620001,26.620001,1382400
2021-07-07,26.500000,26.760000,26.420000,26.530001,26.530001,1011300
2021-07-08,26.430000,26.740000,26.350000,26.469999,26.469999,1047200
2021-07-09,26.570000,26.840000,26.500000,26.799999,26.799999,839000
2021-07-12,26.870001,27.160000,26.700001,27.010000,27.010000,981600
2021-07-13,26.920000,26.990000,26.670000,26.840000,26.840000,915400
2021-07-14,26.770000,27.059999,26.770000,26.809999,26.809999,1133700
2021-07-15,26.809999,27.209999,26.799999,27.150000,27.150000,742200
2021-07-16,27.219999,27.340000,27.000000,27.110001,27.110001,1093200
2021-07-19,27.070000,27.129999,26.740000,26.980000,26.980000,1115900
2021-07-20,27.090000,27.540001,26.959999,27.070000,27.070000,1530400
2021-07-21,27.070000,27.340000,26.990000,27.000000,27.000000,834100
2021-07-22,26.950001,26.959999,26.500000,26.610001,26.610001,1083400
2021-07-23,26.629999,26.790001,26.530001,26.530001,26.530001,1105400
2021-07-26,26.500000,26.660000,26.350000,26.440001,26.440001,659900
2021-07-27,26.410000,26.690001,26.290001,26.690001,26.690001,1046300
2021-07-28,26.709999,26.820000,26.480000,26.549999,26.549999,839400
2021-07-29,26.559999,26.660000,26.320000,26.400000,26.400000,786000
2021-07-30,26.400000,26.760000,26.260000,26.290001,26.290001,851900
2021-08-02,26.270000,26.620001,26.209999,26.320000,26.320000,1062000
2021-08-03,26.309999,26.379999,25.940001,25.969999,25.969999,869800
2021-08-04,25.889999,25.900000,25.600000,25.750000,25.750000,905800
2021-08-05,25.629999,25.959999,25.629999,25.940001,25.940001,720600
2021-08-06,25.900000,26.150000,25.809999,26.040001,26.040001,654800
2021-08-09,25.940001,26.230000,25.799999,26.150000,26.150000,1614400
2021-08-10,26.200001,26.410000,26.030001,26.180000,26.180000,1128300
2021-08-11,26.350000,26.440001,26.219999,26.360001,26.360001,742100
2021-08-12,26.389999,26.620001,26.320000,26.600000,26.600000,1002400
2021-08-13,26.690001,26.740000,26.400000,26.650000,26.650000,2217400
2021-08-16,26.730000,26.830000,26.580000,26.809999,26.809999,1668700
2021-08-17,26.750000,26.799999,26.350000,26.379999,26.379999,1161800
2021-08-18,26.360001,26.490000,26.110001,26.200001,26.200001,924900
2021-08-19,26.200001,26.360001,26.049999,26.240000,26.240000,892700
2021-08-20,26.219999,26.350000,26.059999,26.180000,26.180000,726900
2021-08-23,26.150000,26.250000,26.040001,26.110001,26.110001,669100
2021-08-24,26.110001,26.160000,25.850000,25.889999,25.889999,752200
2021-08-25,25.840000,26.110001,25.760000,25.920000,25.920000,788600
2021-08-26,26.000000,26.070000,25.799999,25.799999,25.799999,506300
2021-08-27,25.799999,26.090000,25.799999,26.010000,26.010000,588600
2021-08-30,26.059999,26.110001,25.900000,26.100000,26.100000,542500