Date,Open,High,Low,Close,Adj Close,Volume
2021-01-04,204.580002,205.880005,201.270004,202.070007,202.070007,37800
2021-01-05,203.279999,209.229996,199.649994,205.550003,205.550003,34400
2021-01-06,209.789993,222.899994,208.000000,218.830002,218.830002,89100
2021-01-07,215.009995,216.559998,212.550003,216.000000,216.000000,35300
2021-01-08,215.440002,215.740005,208.789993,212.899994,212.899994,27900
2021-01-11,210.509995,214.759995,209.500000,214.119995,214.119995,20400
2021-01-12,215.020004,218.800003,215.020004,216.990005,216.990005,30100
2021-01-13,219.970001,220.169998,212.630005,216.100006,216.100006,34400
2021-01-14,218.419998,220.899994,215.750000,217.479996,217.479996,19800
2021-01-15,215.910004,220.600006,212.759995,215.360001,215.360001,18300
2021-01-19,215.899994,218.000000,212.750000,213.619995,213.619995,37300
2021-01-20,213.300003,216.259995,213.300003,214.789993,214.789993,18500
2021-01-21,214.789993,215.029999,210.500000,211.009995,211.009995,23900
2021-01-22,210.490005,211.550003,205.600006,210.839996,210.839996,34500
2021-01-25,208.309998,210.570007,204.610001,209.279999,209.279999,21700
2021-01-26,211.149994,211.149994,204.080002,206.110001,206.110001,18500
2021-01-27,202.029999,205.000000,194.210007,197.839996,197.839996,45700
2021-01-28,199.039993,203.919998,199.039993,202.169998,202.169998,23200
2021-01-29,200.300003,202.770004,198.660004,200.210007,200.210007,38500
2021-02-01,200.960007,204.520004,198.649994,203.220001,203.220001,23300
2021-02-02,205.639999,205.639999,202.000000,204.509995,204.509995,19900
2021-02-03,203.410004,205.070007,201.529999,203.369995,203.369995,30500
2021-02-04,203.580002,210.850006,203.210007,209.830002,209.830002,32600
2021-02-05,210.000000,212.610001,207.800003,211.889999,211.889999,23400
2021-02-08,212.529999,213.589996,210.990005,213.589996,213.589996,24800
2021-02-09,213.600006,217.979996,213.000000,216.240005,216.240005,19200
2021-02-10,215.360001,215.360001,212.080002,214.330002,214.330002,20500
2021-02-11,215.990005,217.000000,212.970001,217.000000,217.000000,28500
2021-02-12,216.309998,217.000000,212.250000,214.520004,214.520004,19500
2021-02-16,215.389999,216.000000,210.960007,211.000000,211.000000,18100
2021-02-17,210.009995,211.690002,206.550003,209.460007,209.460007,23600
2021-02-18,209.000000,209.929993,207.330002,209.630005,209.630005,29200
2021-02-19,210.000000,213.990005,209.360001,213.309998,213.309998,36200
2021-02-22,213.699997,222.080002,213.020004,221.940002,221.940002,35900
2021-02-23,222.000000,223.889999,219.399994,220.639999,220.639999,39000
2021-02-24,221.210007,230.089996,219.520004,225.429993,225.429993,50200
2021-02-25,224.000000,229.880005,213.339996,215.179993,215.179993,45700
2021-02-26,215.199997,218.789993,212.589996,212.589996,212.589996,41900
2021-03-01,218.000000,234.369995,218.000000,234.369995,234.369995,75100
2021-03-02,232.110001,237.449997,227.100006,227.759995,227.759995,69600
2021-03-03,228.360001,238.309998,228.360001,234.869995,234.869995,83100
2021-03-04,235.000000,238.880005,229.710007,232.020004,232.020004,56700
2021-03-05,235.669998,245.440002,233.509995,244.690002,244.690002,66900
2021-03-08,247.800003,256.980011,247.800003,256.420013,256.420013,67600
2021-03-09,250.009995,262.489990,248.000000,259.700012,259.700012,56300
2021-03-10,260.730011,266.750000,260.450012,263.450012,263.450012,59500
2021-03-11,262.559998,264.679993,255.800003,264.239990,264.239990,60600
2021-03-12,264.730011,269.119995,263.660004,265.950012,265.950012,54000
2021-03-15,265.130005,265.130005,258.119995,261.119995,261.119995,51300
2021-03-16,259.700012,260.690002,255.309998,259.369995,259.369995,53700
2021-03-17,259.179993,265.250000,258.540009,263.899994,263.899994,111700
2021-03-18,264.049988,268.420013,263.000000,266.429993,266.429993,63500
2021-03-19,264.519989,265.260010,260.630005,261.000000,261.000000,165800
2021-03-22,260.640015,260.640015,252.059998,253.589996,253.589996,59800
2021-03-23,250.479996,250.970001,245.179993,247.360001,247.360001,59900
2021-03-24,249.699997,252.419998,244.899994,245.059998,245.059998,40100
2021-03-25,244.750000,254.000000,241.869995,253.699997,253.699997,48600
2021-03-26,255.000000,257.170013,250.000000,252.940002,252.940002,158200
2021-03-29,252.000000,254.309998,249.059998,250.240005,250.240005,48500
2021-03-30,251.800003,252.000000,248.360001,249.809998,249.809998,49500
2021-03-31,248.919998,249.740005,246.100006,246.729996,246.729996,48800
2021-04-01,246.259995,250.080002,244.570007,246.649994,246.649994,50800
2021-04-05,248.279999,251.389999,247.899994,250.369995,250.369995,37500
2021-04-06,251.210007,254.199997,249.809998,250.539993,250.539993,37000
2021-04-07,250.000000,253.350006,250.000000,252.199997,252.199997,33000
2021-04-08,252.500000,252.630005,249.479996,251.380005,251.380005,31300
2021-04-09,252.380005,254.000000,251.259995,252.139999,252.139999,27200
2021-04-12,252.149994,257.959991,252.080002,257.049988,257.049988,33200
2021-04-13,255.149994,259.940002,255.149994,255.929993,255.929993,24700
2021-04-14,255.800003,258.859985,255.570007,256.859985,256.859985,29500
2021-04-15,257.570007,257.570007,254.089996,255.970001,255.970001,33600
2021-04-16,256.980011,258.640015,255.179993,257.070007,257.070007,30000
2021-04-19,257.579987,257.630005,254.649994,257.089996,257.089996,24400
2021-04-20,255.190002,255.190002,251.639999,253.800003,253.800003,28400
2021-04-21,254.360001,255.699997,253.210007,255.580002,255.580002,22000
2021-04-22,256.059998,256.059998,248.100006,250.699997,250.699997,45200
2021-04-23,253.119995,256.000000,251.860001,255.399994,255.399994,30200
2021-04-26,257.809998,259.070007,256.209991,258.000000,258.000000,26600
2021-04-27,259.299988,262.279999,256.100006,256.869995,256.869995,40100
2021-04-28,256.890015,257.829987,251.860001,253.699997,253.699997,22200
2021-04-29,256.179993,257.470001,253.850006,254.490005,254.490005,18000
2021-04-30,252.529999,253.630005,249.820007,251.179993,251.179993,44700
2021-05-03,254.470001,262.459991,254.470001,259.380005,259.380005,39100
2021-05-04,257.489990,257.489990,253.470001,253.789993,253.789993,33300
2021-05-05,255.960007,258.140015,251.449997,256.559998,256.559998,20800
2021-05-06,254.710007,260.170013,254.710007,259.630005,259.630005,36100
2021-05-07,259.690002,260.880005,254.110001,256.970001,256.970001,28600
2021-05-10,257.399994,259.600006,249.160004,249.410004,249.410004,50200
2021-05-11,246.149994,248.490005,240.830002,243.050003,243.050003,50900
2021-05-12,242.860001,245.729996,238.589996,238.919998,238.919998,39600
2021-05-13,238.000000,247.490005,238.000000,246.539993,246.539993,28900
2021-05-14,246.630005,248.869995,245.100006,248.139999,248.139999,18800
2021-05-17,246.610001,247.759995,244.330002,247.350006,247.350006,27400
2021-05-18,246.800003,248.600006,243.520004,243.610001,243.610001,26900
2021-05-19,241.610001,244.500000,239.279999,243.250000,243.250000,27300
2021-05-20,241.050003,245.399994,241.050003,245.399994,245.399994,24800
2021-05-21,248.160004,248.740005,242.830002,244.100006,244.100006,29300
2021-05-24,243.449997,245.500000,242.130005,243.270004,243.270004,25200
2021-05-25,243.539993,245.789993,243.000000,243.000000,243.000000,37800
2021-05-26,244.259995,247.270004,244.259995,246.729996,246.729996,23100
2021-05-27,248.729996,252.990005,247.070007,251.830002,251.830002,36900
2021-05-28,253.820007,254.460007,250.979996,253.889999,253.889999,18400
2021-06-01,254.199997,256.730011,251.559998,254.330002,254.330002,30300
2021-06-02,254.000000,254.000000,248.000000,249.529999,249.529999,33600
2021-06-03,248.169998,251.369995,245.660004,249.949997,249.949997,39500
2021-06-04,247.860001,251.800003,247.729996,248.800003,248.800003,27300
2021-06-07,248.000000,251.699997,246.309998,249.429993,249.429993,43200
2021-06-08,248.639999,251.110001,246.789993,249.770004,249.770004,41700
2021-06-09,249.110001,249.110001,245.279999,247.190002,247.190002,32100
2021-06-10,248.389999,248.389999,244.649994,245.330002,245.330002,22100
2021-06-11,245.710007,248.259995,244.800003,248.259995,248.259995,35600
2021-06-14,246.639999,246.669998,241.330002,241.630005,241.630005,30100
2021-06-15,243.339996,243.339996,239.300003,242.529999,242.529999,41200
2021-06-16,243.000000,243.899994,240.059998,242.160004,242.160004,53600
2021-06-17,242.729996,243.630005,236.740005,239.110001,239.110001,42600
2021-06-18,234.809998,240.660004,233.160004,235.050003,235.050003,117300
2021-06-21,237.580002,241.339996,237.199997,240.169998,240.169998,40000
2021-06-22,240.070007,241.110001,238.889999,240.039993,240.039993,42900
2021-06-23,238.559998,242.880005,237.800003,240.449997,240.449997,37100
2021-06-24,242.839996,244.250000,239.750000,244.059998,244.059998,25600
2021-06-25,246.190002,246.190002,235.020004,235.380005,235.380005,238200
2021-06-28,235.899994,239.929993,235.899994,239.270004,239.270004,48800
2021-06-29,241.300003,241.539993,238.139999,239.229996,239.229996,43300
2021-06-30,237.330002,241.619995,237.139999,238.919998,238.919998,42400
2021-07-01,240.660004,241.320007,239.009995,239.800003,239.800003,37500
2021-07-02,239.429993,240.759995,238.039993,238.550003,238.550003,28200
2021-07-06,237.419998,238.039993,233.059998,236.089996,236.089996,39200
2021-07-07,234.309998,237.910004,233.869995,235.970001,235.970001,44500
2021-07-08,233.110001,237.369995,230.309998,231.020004,231.020004,36900
2021-07-09,234.360001,240.460007,234.360001,238.779999,238.779999,44100
2021-07-12,239.050003,239.050003,236.710007,237.750000,237.750000,18400
2021-07-13,236.770004,239.580002,233.399994,233.429993,233.429993,27600
2021-07-14,235.020004,235.289993,231.690002,232.729996,232.729996,27200
2021-07-15,232.729996,253.850006,232.360001,252.770004,252.770004,87600
2021-07-16,255.220001,257.220001,252.919998,256.679993,256.679993,73000
2021-07-19,253.759995,258.350006,250.479996,253.000000,253.000000,63000
2021-07-20,253.729996,259.750000,252.740005,252.740005,252.740005,87100
2021-07-21,253.500000,258.920013,253.500000,258.649994,258.649994,39700
2021-07-22,257.609985,258.730011,253.970001,257.429993,257.429993,28700
2021-07-23,259.399994,261.559998,257.970001,261.130005,261.130005,21700
2021-07-26,261.570007,265.140015,261.570007,265.119995,265.119995,22400
2021-07-27,263.250000,265.950012,261.709991,263.170013,263.170013,30500
2021-07-28,264.720001,264.720001,257.910004,259.359985,259.359985,26900
2021-07-29,262.260010,264.239990,258.250000,259.910004,259.910004,35800
2021-07-30,258.010010,260.179993,255.740005,257.019989,257.019989,27300
2021-08-02,257.109985,257.869995,254.220001,255.979996,255.979996,26400
2021-08-03,257.450012,257.450012,254.100006,257.260010,257.260010,19900
2021-08-04,254.490005,258.109985,254.490005,255.740005,255.740005,17200
2021-08-05,258.619995,262.010010,257.910004,259.160004,259.160004,20800
2021-08-06,260.989990,264.929993,260.720001,263.230011,263.230011,26100
2021-08-09,263.850006,266.239990,261.829987,261.899994,261.899994,37000
2021-08-10,261.450012,264.450012,259.209991,261.529999,261.529999,46000
2021-08-11,261.000000,263.059998,259.109985,261.140015,261.140015,30500
2021-08-12,262.350006,262.350006,258.010010,258.989990,258.989990,22000
2021-08-13,259.980011,259.980011,254.740005,254.740005,254.740005,15100
2021-08-16,254.059998,255.690002,253.440002,254.429993,254.429993,41800
2021-08-17,253.539993,255.100006,251.149994,252.500000,252.500000,34800
2021-08-18,251.580002,253.279999,248.500000,248.500000,248.500000,26100
2021-08-19,246.820007,247.550003,240.350006,244.339996,244.339996,38800
2021-08-20,243.339996,248.300003,242.020004,246.289993,246.289993,38600
2021-08-23,246.100006,246.100006,241.669998,243.080002,243.080002,44100
2021-08-24,242.100006,242.100006,237.119995,238.190002,238.190002,76700
2021-08-25,239.419998,242.339996,236.399994,237.679993,237.679993,39400
2021-08-26,237.850006,237.850006,233.009995,234.520004,234.520004,46500
2021-08-27,234.000000,241.070007,232.619995,239.309998,239.309998,54400
2021-08-30,240.339996,242.789993,232.479996,232.830002,232.830002,41700