Date,Open,High,Low,Close,Adj Close,Volume
2021-01-04,43.540001,43.570000,41.240002,42.160000,41.853130,658600
2021-01-05,42.299999,43.259998,42.220001,42.639999,42.329639,764200
2021-01-06,43.639999,45.779999,43.619999,45.389999,45.059620,1071800
2021-01-07,45.779999,47.360001,45.779999,47.080002,46.737324,721700
2021-01-08,47.029999,48.020000,46.520000,47.919998,47.571205,1200300
2021-01-11,47.279999,48.830002,47.029999,48.639999,48.285965,1022400
2021-01-12,48.820000,49.529999,47.740002,48.360001,48.008007,636400
2021-01-13,48.639999,48.639999,47.240002,48.169998,47.819386,745900
2021-01-14,48.630001,48.980000,48.029999,48.470001,48.117207,507600
2021-01-15,47.709999,48.549999,47.599998,48.099998,47.749897,490500
2021-01-19,47.950001,48.080002,46.830002,47.259998,46.916008,995700
2021-01-20,47.200001,48.490002,47.139999,48.360001,48.008007,880800
2021-01-21,48.680000,49.000000,46.349998,46.790001,46.449436,1157100
2021-01-22,46.150002,46.349998,42.570000,45.810001,45.476566,1901800
2021-01-25,45.230000,45.330002,44.020000,44.980000,44.652607,559900
2021-01-26,45.389999,45.389999,43.410000,43.529999,43.213158,736400
2021-01-27,42.410000,42.939999,41.200001,42.330002,42.021896,906000
2021-01-28,43.000000,44.570000,42.580002,43.680000,43.362072,953400
2021-01-29,43.439999,43.790001,41.610001,41.830002,41.525536,789000
2021-02-01,41.980000,43.400002,41.950001,43.220001,42.905418,717800
2021-02-02,43.889999,44.270000,43.189999,43.680000,43.362072,761500
2021-02-03,43.310001,43.759998,42.080002,42.340000,42.031822,997100
2021-02-04,42.400002,44.200001,42.099998,43.889999,43.570541,677800
2021-02-05,44.520000,44.520000,43.259998,43.669998,43.352142,444900
2021-02-08,43.720001,44.660000,43.459999,44.630001,44.305157,360000
2021-02-09,44.680000,45.189999,43.720001,45.029999,44.702244,434800
2021-02-10,45.230000,45.790001,44.520000,44.730000,44.404427,552400
2021-02-11,44.650002,44.990002,43.759998,44.500000,44.176102,943200
2021-02-12,44.119999,44.430000,43.369999,43.529999,43.213158,669800
2021-02-16,43.570000,45.009998,43.560001,44.580002,44.255520,706500
2021-02-17,44.200001,45.150002,44.200001,44.450001,44.126465,467800
2021-02-18,44.259998,44.259998,42.910000,43.380001,43.064255,573600
2021-02-19,41.220001,44.480000,40.349998,44.220001,43.898140,1255000
2021-02-22,43.849998,44.299999,43.220001,43.299999,42.984833,892600
2021-02-23,43.490002,43.930000,41.849998,42.639999,42.329639,952700
2021-02-24,42.650002,43.680000,42.369999,43.240002,42.925274,1062400
2021-02-25,43.619999,43.950001,40.549999,41.200001,40.900120,1345700
2021-02-26,41.130001,42.250000,40.869999,41.230000,40.929901,1219100
2021-03-01,42.130001,43.439999,41.830002,43.389999,43.074181,1022900
2021-03-02,43.360001,43.599998,42.270000,42.310001,42.002045,1165100
2021-03-03,42.509998,43.650002,41.849998,42.529999,42.220440,1185200
2021-03-04,42.290001,42.730000,40.360001,41.240002,40.939831,1221700
2021-03-05,42.299999,42.439999,39.619999,42.270000,41.962330,1515500
2021-03-08,42.790001,43.580002,42.240002,42.349998,42.041748,1102000
2021-03-09,42.189999,43.049999,41.439999,42.520000,42.370590,879300
2021-03-10,42.549999,44.150002,42.299999,44.000000,43.845390,882100
2021-03-11,44.259998,45.500000,43.810001,45.490002,45.330154,1305600
2021-03-12,45.950001,46.520000,45.619999,45.919998,45.758640,824600
2021-03-15,46.000000,46.000000,44.650002,45.820000,45.658993,778600
2021-03-16,45.509998,45.880001,44.919998,45.299999,45.140820,563100
2021-03-17,45.590000,46.619999,45.320000,46.410000,46.246922,644800
2021-03-18,46.580002,47.009998,44.349998,44.369999,44.214088,1004100
2021-03-19,43.689999,44.869999,42.880001,43.500000,43.347145,2755900
2021-03-22,43.139999,43.139999,42.299999,42.790001,42.639641,1283500
2021-03-23,42.360001,43.150002,42.000000,42.389999,42.241047,1169500
2021-03-24,42.990002,43.689999,41.830002,41.849998,41.702942,846500
2021-03-25,41.430000,43.130001,40.700001,42.860001,42.709396,818100
2021-03-26,43.549999,44.439999,42.669998,44.419998,44.263912,700500
2021-03-29,43.900002,45.250000,43.639999,44.680000,44.522999,1102900
2021-03-30,45.000000,45.900002,44.790001,45.650002,45.489594,1159000
2021-03-31,45.669998,48.020000,45.669998,47.490002,47.323128,1442700
2021-04-01,47.709999,47.950001,45.889999,46.630001,46.466148,1341500
2021-04-05,47.130001,48.349998,46.779999,48.270000,48.100388,786300
2021-04-06,48.230000,48.360001,47.689999,47.980000,47.811405,1055600
2021-04-07,48.029999,48.730000,47.680000,48.570000,48.399330,993400
2021-04-08,48.500000,49.650002,48.180000,49.639999,49.465572,1006700
2021-04-09,49.580002,49.910000,49.209999,49.900002,49.724659,1223500
2021-04-12,49.910000,49.980000,48.700001,49.090000,48.917503,738600
2021-04-13,48.610001,49.299999,48.250000,48.700001,48.528873,802700
2021-04-14,48.840000,49.720001,48.630001,48.799999,48.628521,1017600
2021-04-15,49.000000,49.000000,48.099998,48.799999,48.628521,1451600
2021-04-16,49.310001,49.630001,48.410000,49.139999,48.967327,1399100
2021-04-19,48.840000,50.000000,48.770000,49.990002,49.814342,1298300
2021-04-20,49.830002,49.919998,48.650002,49.009998,48.837784,1153900
2021-04-21,48.700001,50.099998,48.310001,50.060001,49.884098,856900
2021-04-22,50.209999,51.270000,49.919998,50.500000,50.322548,1312500
2021-04-23,50.580002,52.070000,50.230000,51.680000,51.498402,758600
2021-04-26,52.090000,53.209999,52.000000,52.279999,52.096294,476100
2021-04-27,52.549999,53.060001,52.099998,52.970001,52.783871,587000
2021-04-28,53.110001,53.570000,52.919998,53.439999,53.252216,526600
2021-04-29,53.990002,54.220001,52.869999,53.410000,53.222324,537600
2021-04-30,53.000000,53.459999,52.419998,52.580002,52.395241,596300
2021-05-03,53.279999,53.279999,52.599998,52.730000,52.544712,495800
2021-05-04,52.240002,52.590000,51.770000,52.369999,52.185978,678000
2021-05-05,52.570000,52.570000,50.950001,52.000000,51.817280,906600
2021-05-06,52.049999,52.099998,48.680000,49.400002,49.226418,999200
2021-05-07,50.270000,51.740002,49.360001,49.700001,49.525360,1208500
2021-05-10,49.380001,49.570000,48.060001,48.160000,47.990772,1140900
2021-05-11,47.119999,47.689999,46.360001,46.540001,46.376465,1622700
2021-05-12,46.500000,47.139999,45.869999,46.060001,45.898151,1230500
2021-05-13,46.099998,47.860001,46.099998,47.450001,47.283268,1291400
2021-05-14,47.580002,47.770000,46.869999,47.529999,47.362984,1130600
2021-05-17,47.060001,48.230000,47.060001,48.049999,47.881157,686000
2021-05-18,48.259998,48.599998,47.900002,47.939999,47.771545,705300
2021-05-19,47.160000,47.869999,46.759998,47.840000,47.671898,476900
2021-05-20,47.860001,47.970001,47.189999,47.849998,47.681858,456500
2021-05-21,48.470001,48.820000,47.770000,47.990002,47.821369,405800
2021-05-24,48.160000,48.209999,47.200001,47.490002,47.323128,374900
2021-05-25,47.619999,47.959999,46.810001,46.869999,46.705303,575000
2021-05-26,46.959999,48.150002,46.810001,48.099998,47.930981,535800
2021-05-27,48.639999,49.029999,48.290001,48.380001,48.209999,852000
2021-05-28,48.299999,48.330002,47.470001,47.840000,47.840000,722900
2021-06-01,48.000000,48.410000,47.549999,47.990002,47.990002,640100
2021-06-02,48.000000,48.240002,47.259998,47.540001,47.540001,638900
2021-06-03,47.110001,47.360001,46.650002,47.220001,47.220001,424900
2021-06-04,47.180000,47.430000,46.730000,47.369999,47.369999,308000
2021-06-07,47.660000,48.750000,47.590000,48.619999,48.619999,722300
2021-06-08,48.639999,49.000000,48.060001,48.919998,48.919998,624000
2021-06-09,48.900002,48.900002,48.360001,48.560001,48.560001,453300
2021-06-10,49.060001,49.060001,47.439999,47.560001,47.560001,530700
2021-06-11,47.830002,48.110001,47.400002,47.610001,47.610001,508300
2021-06-14,47.599998,48.130001,47.169998,47.470001,47.470001,414600
2021-06-15,47.610001,48.320000,46.919998,47.880001,47.880001,867600
2021-06-16,47.610001,48.169998,47.290001,47.889999,47.889999,645500
2021-06-17,47.849998,47.849998,46.119999,46.169998,46.169998,402100
2021-06-18,45.590000,46.340000,44.320000,44.660000,44.660000,1214300
2021-06-21,45.310001,46.000000,45.090000,45.950001,45.950001,598800
2021-06-22,45.669998,46.630001,45.349998,46.290001,46.290001,509400
2021-06-23,46.400002,46.570000,46.020000,46.070000,46.070000,379600
2021-06-24,46.310001,46.380001,45.740002,46.240002,46.240002,330900
2021-06-25,46.410000,47.380001,46.349998,46.930000,46.930000,1320000
2021-06-28,46.950001,47.209999,45.250000,45.970001,45.970001,657500
2021-06-29,46.259998,46.480000,45.380001,45.419998,45.419998,348600
2021-06-30,45.070000,45.459999,44.889999,44.950001,44.950001,541100
2021-07-01,45.250000,45.860001,45.139999,45.700001,45.700001,822000
2021-07-02,46.020000,46.020000,45.099998,45.340000,45.340000,441700
2021-07-06,44.959999,44.980000,43.919998,44.290001,44.290001,489000
2021-07-07,44.000000,44.630001,43.619999,43.740002,43.740002,413000
2021-07-08,43.009998,44.049999,42.779999,43.200001,43.200001,641600
2021-07-09,43.849998,44.040001,43.549999,43.919998,43.919998,452700
2021-07-12,43.500000,45.049999,43.099998,44.830002,44.830002,682500
2021-07-13,44.360001,44.630001,43.860001,43.919998,43.919998,752000
2021-07-14,44.230000,44.720001,43.740002,44.180000,44.180000,448400
2021-07-15,43.689999,44.790001,43.509998,44.400002,44.400002,443800
2021-07-16,44.770000,44.790001,43.840000,43.919998,43.919998,529500
2021-07-19,42.889999,43.509998,42.130001,42.439999,42.439999,651600
2021-07-20,42.389999,43.950001,42.389999,43.459999,43.459999,1016200
2021-07-21,43.880001,44.869999,43.880001,44.009998,44.009998,456400
2021-07-22,43.700001,43.910000,42.849998,43.299999,43.299999,306500
2021-07-23,43.689999,43.959999,43.490002,43.750000,43.750000,307900
2021-07-26,44.000000,44.480000,43.529999,43.740002,43.740002,258000
2021-07-27,43.150002,43.830002,42.959999,43.520000,43.520000,364100
2021-07-28,43.880001,44.770000,43.360001,44.290001,44.290001,430700
2021-07-29,44.790001,45.400002,44.419998,45.040001,45.040001,424200
2021-07-30,44.770000,45.919998,44.669998,45.169998,45.169998,595500
2021-08-02,45.590000,46.439999,44.869999,44.990002,44.990002,1085200
2021-08-03,44.930000,45.349998,43.959999,45.119999,45.119999,488900
2021-08-04,44.730000,45.860001,44.509998,45.330002,45.330002,763100
2021-08-05,45.790001,46.570000,45.639999,46.240002,46.240002,790100
2021-08-06,47.500000,48.230000,46.919998,47.900002,47.900002,893000
2021-08-09,47.919998,48.090000,47.270000,47.340000,47.340000,720700
2021-08-10,47.060001,47.709999,46.639999,47.419998,47.419998,455900
2021-08-11,47.459999,48.410000,47.009998,47.900002,47.900002,665400
2021-08-12,48.119999,48.119999,46.869999,47.480000,47.480000,856900
2021-08-13,47.389999,47.840000,47.189999,47.599998,47.599998,386000
2021-08-16,47.130001,47.720001,46.689999,47.330002,47.330002,374300
2021-08-17,46.740002,46.980000,46.110001,46.669998,46.669998,384600
2021-08-18,46.529999,47.599998,46.299999,46.880001,46.880001,1129400
2021-08-19,46.240002,46.639999,45.650002,45.840000,45.840000,443000
2021-08-20,45.689999,46.750000,45.529999,46.709999,46.709999,455200
2021-08-23,46.939999,47.009998,46.419998,46.790001,46.790001,456200
2021-08-24,46.889999,47.570000,46.889999,47.259998,47.259998,256300
2021-08-25,47.290001,47.619999,47.099998,47.119999,47.119999,397400
2021-08-26,47.049999,47.290001,46.430000,46.459999,46.459999,340500
2021-08-27,46.400002,47.709999,46.400002,47.619999,47.619999,490100
2021-08-30,47.820000,47.820000,46.779999,46.810001,46.810001,275700