Date,Open,High,Low,Close,Adj Close,Volume
2021-01-04,8.000000,8.130000,7.690000,7.740000,7.293224,3718200
2021-01-05,7.850000,8.290000,7.810000,8.010000,7.547639,7550800
2021-01-06,8.160000,8.350000,7.940000,8.340000,7.858591,5022100
2021-01-07,8.400000,8.400000,7.790000,7.820000,7.368607,10485700
2021-01-08,7.820000,7.830000,7.300000,7.570000,7.133038,8166200
2021-01-11,7.450000,7.980000,7.450000,7.960000,7.500525,5021900
2021-01-12,8.070000,8.510000,8.030000,8.420000,7.933973,4214500
2021-01-13,8.360000,8.490000,8.200000,8.470000,7.981087,3840500
2021-01-14,8.570000,8.770000,8.500000,8.710000,8.207234,3091900
2021-01-15,8.630000,8.780000,8.430000,8.490000,7.999932,5000300
2021-01-19,8.530000,8.570000,7.650000,7.650000,7.208419,10000500
2021-01-20,7.730000,7.730000,6.800000,7.040000,6.633630,19875700
2021-01-21,7.070000,7.240000,6.970000,7.150000,6.737281,5690200
2021-01-22,7.020000,7.110000,6.930000,7.030000,6.624208,5871100
2021-01-25,7.030000,7.280000,6.930000,7.030000,6.624208,5654100
2021-01-26,7.050000,7.080000,6.640000,6.780000,6.388638,11142400
2021-01-27,6.720000,6.790000,6.450000,6.480000,6.105956,7911100
2021-01-28,6.340000,6.740000,6.230000,6.690000,6.303833,7357300
2021-01-29,6.640000,6.950000,6.580000,6.650000,6.266142,5862700
2021-02-01,6.740000,6.900000,6.700000,6.850000,6.454598,6228700
2021-02-02,6.800000,7.150000,6.610000,7.100000,6.839947,7576000
2021-02-03,7.050000,7.300000,6.980000,7.000000,6.743609,6688700
2021-02-04,7.070000,7.090000,6.910000,6.960000,6.705074,4546600
2021-02-05,7.080000,7.110000,6.940000,6.970000,6.714708,3683900
2021-02-08,7.030000,7.070000,6.950000,6.970000,6.714708,4773800
2021-02-09,7.030000,7.380000,6.950000,7.370000,7.100057,4610500
2021-02-10,7.210000,7.430000,7.160000,7.390000,7.119325,4782500
2021-02-11,7.200000,7.290000,6.970000,7.140000,6.878481,5515600
2021-02-12,7.100000,7.330000,7.060000,7.250000,6.984453,3095900
2021-02-16,7.440000,7.570000,7.310000,7.320000,7.051889,3751900
2021-02-17,7.380000,7.480000,7.180000,7.390000,7.119325,7603700
2021-02-18,7.430000,7.430000,7.020000,7.030000,6.772511,4466400
2021-02-19,7.020000,7.480000,7.020000,7.470000,7.196395,5586300
2021-02-22,7.540000,7.580000,7.300000,7.330000,7.061522,4493800
2021-02-23,7.350000,7.360000,6.810000,7.280000,7.013354,5558200
2021-02-24,7.290000,7.540000,7.190000,7.520000,7.244563,6094100
2021-02-25,7.540000,7.830000,7.410000,7.490000,7.215662,5295300
2021-02-26,7.430000,7.490000,7.100000,7.230000,6.965185,5695200
2021-03-01,7.350000,7.570000,7.280000,7.500000,7.225296,3169100
2021-03-02,7.520000,7.560000,7.330000,7.340000,7.071157,4346700
2021-03-03,7.330000,7.560000,7.190000,7.440000,7.167493,5579000
2021-03-04,7.510000,7.740000,7.250000,7.440000,7.167493,6925400
2021-03-05,7.600000,7.640000,7.240000,7.550000,7.273465,6263300
2021-03-08,7.580000,7.860000,7.510000,7.830000,7.543209,4773900
2021-03-09,7.820000,7.870000,7.620000,7.690000,7.408337,2829900
2021-03-10,7.690000,8.190000,7.690000,8.150000,7.851488,4081600
2021-03-11,8.160000,8.290000,8.070000,8.130000,7.832221,3189700
2021-03-12,8.160000,8.180000,7.920000,8.060000,7.764785,2103200
2021-03-15,8.050000,8.160000,8.010000,8.110000,7.812953,2986100
2021-03-16,8.010000,8.230000,8.010000,8.120000,7.822587,2362700
2021-03-17,8.110000,8.260000,7.970000,8.080000,7.784052,4035000
2021-03-18,8.080000,8.100000,7.790000,7.830000,7.543209,4195700
2021-03-19,7.890000,8.440000,7.840000,8.250000,7.947825,7540800
2021-03-22,8.260000,8.310000,8.090000,8.220000,7.918924,3109200
2021-03-23,8.240000,8.290000,7.740000,7.860000,7.572110,4719000
2021-03-24,7.890000,8.130000,7.860000,8.020000,7.726250,3219800
2021-03-25,7.940000,8.270000,7.770000,8.250000,7.947825,3315400
2021-03-26,8.400000,8.710000,8.330000,8.630000,8.313908,3458800
2021-03-29,8.640000,8.750000,8.360000,8.360000,8.053796,4147400
2021-03-30,8.350000,8.350000,7.910000,8.020000,7.726250,5543100
2021-03-31,7.980000,8.210000,7.930000,8.160000,7.861122,5053500
2021-04-01,8.220000,8.490000,8.040000,8.480000,8.169400,4869000
2021-04-05,8.430000,8.480000,7.930000,8.100000,7.803320,4182300
2021-04-06,8.140000,8.280000,8.110000,8.230000,7.928558,4801400
2021-04-07,8.210000,8.440000,8.190000,8.340000,8.034529,3564300
2021-04-08,8.260000,8.260000,7.970000,8.030000,7.735883,3601500
2021-04-09,8.000000,8.070000,7.670000,7.680000,7.398703,3732600
2021-04-12,7.770000,7.910000,7.760000,7.910000,7.620279,2913400
2021-04-13,7.890000,8.010000,7.780000,7.850000,7.562477,3062600
2021-04-14,7.930000,8.140000,7.870000,8.120000,7.822587,2886400
2021-04-15,8.140000,8.140000,7.890000,8.120000,7.822587,2667400
2021-04-16,8.140000,8.170000,7.930000,7.990000,7.697349,2017600
2021-04-19,8.040000,8.150000,7.950000,8.060000,7.764785,2907100
2021-04-20,8.050000,8.100000,7.860000,7.900000,7.610645,3978400
2021-04-21,7.850000,7.940000,7.770000,7.830000,7.543209,3520500
2021-04-22,7.820000,7.970000,7.730000,7.780000,7.495040,3355900
2021-04-23,7.830000,7.980000,7.740000,7.960000,7.668447,2461200
2021-04-26,7.980000,8.150000,7.950000,7.970000,7.678081,3673100
2021-04-27,7.990000,8.110000,7.980000,8.020000,7.726250,3232000
2021-04-28,8.110000,8.360000,8.080000,8.310000,8.005628,3511400
2021-04-29,8.450000,8.500000,8.240000,8.290000,7.986360,3022900
2021-04-30,8.240000,8.460000,8.130000,8.160000,7.861122,3518000
2021-05-03,8.230000,8.290000,8.070000,8.090000,7.793686,5077800
2021-05-04,7.930000,7.960000,7.600000,7.770000,7.626818,9773400
2021-05-05,7.730000,8.160000,7.530000,8.020000,7.872212,6465900
2021-05-06,8.050000,8.230000,7.910000,8.230000,8.078341,4714200
2021-05-07,8.130000,8.340000,8.100000,8.150000,7.999815,4498600
2021-05-10,8.210000,8.560000,8.170000,8.400000,8.245209,4818900
2021-05-11,8.290000,8.400000,8.150000,8.160000,8.009631,4377200
2021-05-12,8.210000,8.490000,8.030000,8.040000,7.891843,3712000
2021-05-13,7.990000,8.120000,7.740000,7.960000,7.813317,6380800
2021-05-14,8.050000,8.240000,7.960000,8.210000,8.058710,5053800
2021-05-17,8.150000,8.410000,8.100000,8.390000,8.235394,3322900
2021-05-18,8.370000,8.670000,8.350000,8.650000,8.490602,5762400
2021-05-19,8.500000,8.640000,8.330000,8.430000,8.274656,4188700
2021-05-20,8.470000,8.860000,8.370000,8.770000,8.608392,7588300
2021-05-21,8.860000,8.910000,8.670000,8.670000,8.510234,3242200
2021-05-24,8.730000,8.730000,8.460000,8.460000,8.304104,3563000
2021-05-25,8.430000,8.500000,8.250000,8.250000,8.097973,4084100
2021-05-26,8.260000,8.330000,8.130000,8.260000,8.107789,6788800
2021-05-27,8.340000,8.450000,8.200000,8.280000,8.127420,16093400
2021-05-28,8.340000,8.430000,8.200000,8.240000,8.088158,4922700
2021-06-01,8.430000,9.060000,8.310000,9.050000,8.883231,7741000
2021-06-02,9.060000,9.060000,8.730000,8.820000,8.657469,4930400
2021-06-03,8.780000,9.000000,8.710000,8.950000,8.785074,2688600
2021-06-04,9.000000,9.070000,8.840000,9.050000,8.883231,2167000
2021-06-07,9.040000,9.250000,9.030000,9.160000,8.991204,2731300
2021-06-08,9.150000,9.520000,9.070000,9.470000,9.295492,3692000
2021-06-09,9.500000,9.570000,9.330000,9.420000,9.246413,3114900
2021-06-10,9.570000,9.580000,9.220000,9.490000,9.315123,3576800
2021-06-11,9.550000,9.670000,9.440000,9.560000,9.383834,3093600
2021-06-14,9.590000,9.700000,9.460000,9.510000,9.334755,4094600
2021-06-15,9.620000,9.690000,9.460000,9.620000,9.442727,3530000
2021-06-16,9.580000,9.770000,9.400000,9.510000,9.334755,2493500
2021-06-17,9.510000,9.550000,8.940000,9.090000,8.922494,3208400
2021-06-18,8.930000,9.060000,8.730000,8.840000,8.677101,4930100
2021-06-21,8.900000,9.150000,8.860000,9.120000,8.951941,2994800
2021-06-22,9.120000,9.130000,8.750000,8.820000,8.657469,3798100
2021-06-23,8.880000,8.970000,8.740000,8.750000,8.588759,3306300
2021-06-24,8.720000,8.800000,8.640000,8.770000,8.608392,4444600
2021-06-25,8.780000,8.820000,8.620000,8.670000,8.510234,54272600
2021-06-28,8.670000,8.670000,8.330000,8.520000,8.362998,7813800
2021-06-29,8.590000,8.620000,8.350000,8.390000,8.235394,3668700
2021-06-30,8.390000,8.560000,8.390000,8.510000,8.353182,3953300
2021-07-01,8.670000,8.900000,8.630000,8.840000,8.677101,3298400
2021-07-02,8.800000,8.880000,8.680000,8.820000,8.657469,2328000
2021-07-06,8.800000,8.800000,8.320000,8.530000,8.372813,6360500
2021-07-07,8.470000,8.680000,8.370000,8.600000,8.441524,3177700
2021-07-08,8.500000,8.850000,8.440000,8.770000,8.608392,3677700
2021-07-09,8.910000,9.040000,8.780000,8.830000,8.667285,5956000
2021-07-12,8.800000,8.980000,8.680000,8.960000,8.794889,2225800
2021-07-13,8.960000,9.070000,8.640000,8.660000,8.500418,2085000
2021-07-14,8.690000,8.810000,8.310000,8.430000,8.274656,3613100
2021-07-15,8.330000,8.510000,8.300000,8.440000,8.284472,2938600
2021-07-16,8.570000,8.580000,8.070000,8.150000,7.999815,3215500
2021-07-19,7.960000,8.030000,7.660000,7.850000,7.705344,5751500
2021-07-20,7.860000,8.100000,7.770000,8.070000,7.921290,3404400
2021-07-21,8.210000,8.290000,8.100000,8.110000,7.960553,2478300
2021-07-22,8.020000,8.210000,7.970000,8.160000,8.009631,1981600
2021-07-23,8.110000,8.150000,7.910000,8.110000,7.960553,1774900
2021-07-26,8.180000,8.500000,8.070000,8.430000,8.274656,1807900
2021-07-27,8.370000,8.370000,8.200000,8.250000,8.097973,2325000
2021-07-28,8.240000,8.350000,8.080000,8.270000,8.117605,2361100
2021-07-29,8.370000,8.420000,8.200000,8.310000,8.156868,1948400
2021-07-30,8.330000,8.400000,8.190000,8.220000,8.068526,2579000
2021-08-02,8.300000,8.370000,8.120000,8.140000,7.990001,3400200
2021-08-03,8.040000,8.320000,7.720000,8.260000,8.260000,3372300
2021-08-04,8.070000,8.630000,8.040000,8.450000,8.450000,3941000
2021-08-05,8.500000,8.600000,8.320000,8.360000,8.360000,2613100
2021-08-06,8.470000,8.520000,8.370000,8.440000,8.440000,2219600
2021-08-09,8.370000,8.400000,8.130000,8.350000,8.350000,2731300
2021-08-10,8.380000,8.500000,8.280000,8.480000,8.480000,2060800
2021-08-11,8.520000,8.600000,8.350000,8.490000,8.490000,2110300
2021-08-12,8.550000,8.670000,8.330000,8.670000,8.670000,2503400
2021-08-13,8.690000,8.770000,8.520000,8.570000,8.570000,2064400
2021-08-16,8.430000,8.480000,8.280000,8.330000,8.330000,1915200
2021-08-17,8.250000,8.430000,8.120000,8.340000,8.340000,2472300
2021-08-18,8.340000,8.400000,8.190000,8.220000,8.220000,3600400
2021-08-19,8.050000,8.190000,7.990000,8.180000,8.180000,3340500
2021-08-20,8.150000,8.350000,8.090000,8.200000,8.200000,3155000
2021-08-23,8.360000,8.540000,8.320000,8.430000,8.430000,2552900
2021-08-24,8.510000,8.700000,8.440000,8.650000,8.650000,3117400
2021-08-25,8.640000,8.890000,8.560000,8.860000,8.860000,2468100
2021-08-26,8.800000,8.840000,8.650000,8.720000,8.720000,2883500
2021-08-27,8.770000,9.160000,8.750000,9.070000,9.070000,3867100
2021-08-30,9.080000,9.150000,8.910000,9.020000,9.020000,2919000