Date,Open,High,Low,Close,Adj Close,Volume
2021-01-04,85.379997,85.949997,82.459999,83.870003,83.870003,135600
2021-01-05,83.529999,84.510002,83.370003,84.000000,84.000000,131900
2021-01-06,84.430000,86.410004,84.230003,85.620003,85.620003,255800
2021-01-07,85.690002,87.669998,85.510002,87.419998,87.419998,160300
2021-01-08,88.099998,89.290001,86.690002,87.389999,87.389999,131600
2021-01-11,86.349998,87.489998,85.510002,85.889999,85.889999,85300
2021-01-12,86.040001,86.489998,85.010002,86.239998,86.239998,80400
2021-01-13,86.010002,86.930000,84.849998,84.900002,84.900002,84800
2021-01-14,85.330002,86.870003,85.330002,85.830002,85.830002,83600
2021-01-15,85.279999,86.320000,84.519997,84.870003,84.870003,82200
2021-01-19,85.230003,86.279999,83.849998,85.610001,85.610001,95200
2021-01-20,85.849998,87.830002,85.849998,87.320000,87.320000,101200
2021-01-21,87.660004,87.660004,85.099998,85.099998,85.099998,117600
2021-01-22,84.320000,86.830002,84.110001,86.599998,86.599998,129100
2021-01-25,86.419998,86.959999,83.870003,84.269997,84.269997,130200
2021-01-26,84.690002,86.599998,83.410004,84.110001,84.110001,153000
2021-01-27,83.870003,83.870003,80.349998,80.599998,80.599998,150900
2021-01-28,81.589996,82.930000,80.550003,81.489998,81.489998,142400
2021-01-29,81.139999,81.139999,76.389999,76.680000,76.680000,190500
2021-02-01,77.010002,79.459999,76.989998,78.790001,78.790001,150200
2021-02-02,79.110001,81.010002,78.910004,80.089996,80.089996,144600
2021-02-03,79.790001,79.940002,77.760002,78.410004,78.410004,122600
2021-02-04,78.790001,79.790001,77.959999,79.599998,79.599998,97200
2021-02-05,79.820000,81.750000,79.820000,81.750000,81.750000,191500
2021-02-08,82.190002,84.120003,82.190002,83.870003,83.870003,104600
2021-02-09,83.750000,86.250000,80.099998,86.029999,86.029999,119100
2021-02-10,85.419998,86.730003,83.690002,86.089996,86.089996,180600
2021-02-11,86.750000,88.000000,84.760002,86.110001,86.110001,221900
2021-02-12,85.610001,86.519997,84.779999,86.019997,86.019997,75400
2021-02-16,86.309998,86.309998,83.699997,83.870003,83.870003,177400
2021-02-17,83.160004,83.849998,81.559998,82.099998,82.099998,177800
2021-02-18,81.699997,81.919998,80.629997,81.220001,81.220001,100800
2021-02-19,81.440002,82.849998,80.370003,80.550003,80.550003,109300
2021-02-22,79.580002,80.959999,78.830002,80.459999,80.459999,162300
2021-02-23,79.330002,81.199997,78.199997,80.699997,80.699997,155500
2021-02-24,80.339996,81.510002,79.760002,81.330002,81.330002,132800
2021-02-25,80.449997,83.919998,79.599998,83.669998,83.669998,173400
2021-02-26,84.470001,85.000000,82.809998,84.620003,84.620003,242200
2021-03-01,85.620003,85.680000,83.940002,85.139999,85.139999,125500
2021-03-02,85.180000,86.019997,83.739998,85.419998,85.419998,148900
2021-03-03,85.680000,88.070000,85.260002,87.529999,87.529999,230700
2021-03-04,88.019997,89.760002,85.860001,86.570000,86.570000,181700
2021-03-05,87.889999,89.260002,86.830002,89.019997,89.019997,331200
2021-03-08,89.400002,90.000000,87.860001,87.970001,87.970001,176100
2021-03-09,88.989998,89.629997,87.550003,87.830002,87.830002,177400
2021-03-10,88.150002,90.000000,87.540001,89.400002,89.400002,151900
2021-03-11,89.680000,90.059998,88.730003,89.940002,89.940002,180900
2021-03-12,89.940002,90.589996,88.389999,88.620003,88.620003,266100
2021-03-15,88.199997,89.550003,87.839996,88.800003,88.800003,135000
2021-03-16,88.400002,88.970001,84.779999,87.099998,87.099998,169200
2021-03-17,87.199997,87.389999,84.790001,86.559998,86.559998,202600
2021-03-18,85.809998,87.980003,85.089996,86.150002,86.150002,190200
2021-03-19,86.769997,86.830002,85.330002,85.589996,85.589996,498800
2021-03-22,85.480003,86.599998,84.889999,86.389999,86.389999,188400
2021-03-23,85.879997,86.900002,85.070000,85.660004,85.660004,181700
2021-03-24,86.400002,87.379997,85.839996,86.959999,86.959999,179500
2021-03-25,87.080002,91.000000,86.010002,90.540001,90.540001,303100
2021-03-26,90.529999,94.949997,90.050003,94.930000,94.930000,250100
2021-03-29,94.139999,95.980003,91.760002,92.190002,92.190002,264900
2021-03-30,91.809998,93.110001,90.290001,90.870003,90.870003,356800
2021-03-31,91.089996,92.019997,89.830002,90.160004,90.160004,246200
2021-04-01,90.730003,92.330002,90.709999,91.379997,91.379997,144300
2021-04-05,91.349998,92.930000,91.339996,92.470001,92.470001,126300
2021-04-06,92.339996,93.440002,91.139999,92.250000,92.250000,113900
2021-04-07,92.339996,92.750000,90.879997,91.459999,91.459999,101000
2021-04-08,91.639999,92.669998,91.580002,92.260002,92.260002,119900
2021-04-09,92.599998,93.059998,91.279999,92.809998,92.809998,89400
2021-04-12,92.949997,93.190002,91.440002,93.019997,93.019997,122800
2021-04-13,93.320000,93.370003,91.639999,92.190002,92.190002,236600
2021-04-14,91.900002,94.750000,91.900002,94.000000,94.000000,178200
2021-04-15,94.720001,95.000000,93.790001,94.529999,94.529999,80300
2021-04-16,95.099998,96.500000,95.000000,95.699997,95.699997,118100
2021-04-19,95.440002,96.180000,94.849998,95.949997,95.949997,123800
2021-04-20,95.449997,96.250000,94.099998,94.910004,94.910004,91200
2021-04-21,95.089996,96.269997,94.220001,95.830002,95.830002,72600
2021-04-22,96.169998,96.470001,94.919998,94.919998,94.919998,131900
2021-04-23,95.029999,96.599998,94.599998,95.760002,95.760002,87000
2021-04-26,96.339996,96.769997,95.309998,95.320000,95.320000,58300
2021-04-27,95.440002,95.440002,94.000000,94.529999,94.529999,109200
2021-04-28,94.470001,94.669998,92.989998,92.989998,92.989998,129200
2021-04-29,94.400002,96.220001,92.150002,94.629997,94.629997,163600
2021-04-30,94.160004,94.370003,91.589996,92.379997,92.379997,191900
2021-05-03,93.000000,95.570000,92.989998,95.180000,95.180000,226300
2021-05-04,94.629997,96.169998,94.279999,95.790001,95.790001,154600
2021-05-05,96.339996,97.300003,94.769997,96.459999,96.459999,158300
2021-05-06,96.610001,98.449997,94.169998,98.199997,98.199997,194800
2021-05-07,98.980003,98.980003,97.720001,97.930000,97.930000,90500
2021-05-10,97.720001,98.440002,97.010002,98.029999,98.029999,205500
2021-05-11,96.800003,98.349998,96.190002,97.260002,97.260002,187400
2021-05-12,99.400002,99.730003,96.540001,97.059998,97.059998,289400
2021-05-13,97.029999,100.029999,97.029999,99.279999,99.279999,156500
2021-05-14,99.949997,100.059998,98.239998,98.790001,98.790001,100300
2021-05-17,98.059998,98.190002,96.580002,97.309998,97.309998,116300
2021-05-18,97.010002,98.570000,96.529999,97.519997,97.519997,137600
2021-05-19,96.750000,97.489998,93.529999,97.099998,97.099998,93400
2021-05-20,97.070000,99.449997,93.459999,99.029999,99.029999,94000
2021-05-21,99.800003,100.419998,99.290001,99.779999,99.779999,254900
2021-05-24,99.540001,101.839996,98.739998,101.489998,101.489998,155000
2021-05-25,101.800003,102.010002,100.309998,100.529999,100.529999,471600
2021-05-26,100.910004,101.599998,99.910004,100.889999,100.889999,129200
2021-05-27,101.400002,102.989998,100.050003,102.080002,102.080002,141100
2021-05-28,102.589996,102.830002,101.790001,101.980003,101.980003,101400
2021-06-01,102.230003,103.180000,102.150002,102.440002,102.440002,117700
2021-06-02,102.690002,102.959999,101.849998,102.290001,102.290001,127600
2021-06-03,101.940002,101.980003,100.870003,101.820000,101.820000,97700
2021-06-04,102.839996,104.120003,101.220001,103.820000,103.820000,83400
2021-06-07,103.610001,104.410004,102.529999,103.879997,103.879997,109900
2021-06-08,103.889999,104.790001,103.790001,104.330002,104.330002,337400
2021-06-09,104.529999,104.660004,103.510002,104.000000,104.000000,107100
2021-06-10,104.300003,104.500000,102.940002,103.440002,103.440002,94100
2021-06-11,103.440002,105.309998,102.989998,105.160004,105.160004,115300
2021-06-14,104.989998,106.720001,104.589996,106.620003,106.620003,196500
2021-06-15,107.180000,108.040001,105.540001,106.150002,106.150002,253000
2021-06-16,105.300003,106.129997,104.690002,105.180000,105.180000,119800
2021-06-17,104.769997,106.000000,104.669998,105.879997,105.879997,110800
2021-06-18,104.839996,106.150002,104.620003,105.730003,105.730003,276500
2021-06-21,106.220001,108.070000,105.489998,106.169998,106.169998,135100
2021-06-22,106.120003,106.629997,105.040001,106.309998,106.309998,164900
2021-06-23,106.570000,107.059998,105.519997,105.790001,105.790001,130800
2021-06-24,106.830002,106.849998,105.269997,106.760002,106.760002,91800
2021-06-25,106.610001,107.629997,106.379997,106.570000,106.570000,393400
2021-06-28,106.940002,106.940002,105.360001,106.019997,106.019997,144800
2021-06-29,105.839996,108.660004,105.739998,107.010002,107.010002,164400
2021-06-30,106.769997,107.529999,106.169998,106.260002,106.260002,144900
2021-07-01,107.120003,107.430000,106.559998,106.889999,106.889999,122000
2021-07-02,107.040001,107.180000,106.120003,106.620003,106.620003,67200
2021-07-06,107.000000,107.260002,105.070000,106.290001,106.290001,80500
2021-07-07,106.589996,108.000000,106.470001,107.470001,107.470001,140100
2021-07-08,107.040001,108.220001,106.089996,107.040001,107.040001,115500
2021-07-09,107.459999,108.050003,106.879997,107.790001,107.790001,99200
2021-07-12,107.309998,108.129997,106.620003,107.570000,107.570000,62200
2021-07-13,107.709999,108.309998,107.209999,107.449997,107.449997,76800
2021-07-14,107.580002,108.589996,107.180000,108.339996,108.339996,107800
2021-07-15,108.790001,109.099998,108.040001,108.699997,108.699997,118700
2021-07-16,109.279999,109.849998,107.599998,107.980003,107.980003,114800
2021-07-19,107.199997,107.199997,105.980003,106.250000,106.250000,126100
2021-07-20,106.440002,110.110001,106.440002,108.580002,108.580002,248800
2021-07-21,108.489998,110.440002,108.489998,108.879997,108.879997,117200
2021-07-22,109.010002,109.010002,106.169998,106.360001,106.360001,115900
2021-07-23,106.580002,107.750000,105.930000,106.860001,106.860001,221900
2021-07-26,107.029999,108.220001,106.250000,107.309998,107.309998,124300
2021-07-27,107.139999,108.010002,106.150002,106.680000,106.680000,107400
2021-07-28,106.669998,108.510002,105.690002,107.419998,107.419998,138000
2021-07-29,108.400002,111.870003,106.860001,108.860001,108.860001,241100
2021-07-30,109.419998,113.629997,108.779999,113.220001,113.220001,193300
2021-08-02,113.129997,114.860001,113.129997,114.500000,114.500000,181800
2021-08-03,114.610001,117.860001,113.970001,117.629997,117.629997,280300
2021-08-04,116.970001,117.949997,114.699997,114.860001,114.860001,161600
2021-08-05,115.150002,117.220001,113.540001,115.599998,115.599998,154100
2021-08-06,115.589996,118.680000,115.489998,118.559998,118.559998,236900
2021-08-09,118.599998,119.330002,115.940002,117.059998,117.059998,112400
2021-08-10,116.849998,118.309998,116.849998,118.300003,118.300003,120900
2021-08-11,118.570000,120.330002,118.139999,120.029999,120.029999,109500
2021-08-12,120.040001,120.980003,119.029999,119.720001,119.720001,147800
2021-08-13,119.879997,121.110001,118.720001,120.129997,120.129997,154100
2021-08-16,120.040001,121.550003,119.260002,121.370003,121.370003,171400
2021-08-17,121.180000,122.389999,119.440002,120.489998,120.489998,171700
2021-08-18,120.660004,124.980003,120.089996,120.150002,120.150002,142600
2021-08-19,119.190002,121.480003,119.059998,120.199997,120.199997,166300
2021-08-20,120.199997,120.989998,119.570000,119.839996,119.839996,171500
2021-08-23,120.309998,120.739998,119.779999,120.279999,120.279999,82500
2021-08-24,120.139999,120.830002,117.760002,117.870003,117.870003,212800
2021-08-25,117.879997,120.430000,117.879997,119.949997,119.949997,140100
2021-08-26,119.930000,120.580002,118.110001,118.180000,118.180000,121900
2021-08-27,118.540001,121.430000,117.820000,120.480003,120.480003,231100
2021-08-30,120.160004,124.070000,120.160004,123.029999,123.029999,232200