Date,Open,High,Low,Close,Adj Close,Volume
2021-01-04,90.529999,90.849998,87.430000,88.220001,87.842583,208600
2021-01-05,87.849998,89.430000,87.849998,88.830002,88.449974,205000
2021-01-06,89.410004,94.480003,88.820000,92.949997,92.552345,409200
2021-01-07,92.760002,94.250000,92.199997,93.830002,93.428581,229300
2021-01-08,94.110001,95.379997,92.750000,92.830002,92.432869,240200
2021-01-11,95.760002,95.760002,92.519997,93.389999,92.990463,216700
2021-01-12,93.230003,95.529999,93.070000,95.330002,94.922173,167100
2021-01-13,95.040001,95.040001,93.050003,93.830002,93.428581,135800
2021-01-14,94.300003,95.940002,93.110001,94.720001,94.314774,160000
2021-01-15,94.120003,95.879997,93.059998,94.190002,93.787048,193400
2021-01-19,95.190002,95.589996,94.430000,95.500000,95.091438,264700
2021-01-20,96.000000,97.839996,94.959999,96.779999,96.365959,330100
2021-01-21,96.629997,96.739998,92.080002,92.180000,91.785645,303400
2021-01-22,92.059998,93.360001,91.199997,93.239998,92.841103,280000
2021-01-25,92.910004,92.910004,91.510002,92.440002,92.044533,242500
2021-01-26,92.360001,92.360001,89.129997,89.440002,89.057365,261000
2021-01-27,88.120003,88.120003,83.760002,84.129997,83.770073,331700
2021-01-28,84.860001,87.120003,84.169998,85.050003,84.686142,328700
2021-01-29,84.620003,84.620003,82.129997,82.580002,82.226715,308000
2021-02-01,83.510002,85.419998,82.190002,85.139999,84.775757,312000
2021-02-02,86.459999,87.099998,85.379997,86.919998,86.548141,161500
2021-02-03,86.620003,87.290001,85.400002,87.000000,86.627800,199100
2021-02-04,86.809998,87.879997,86.019997,87.879997,87.504036,168400
2021-02-05,90.089996,93.339996,87.900002,89.750000,89.366035,291400
2021-02-08,91.800003,91.980003,89.860001,91.550003,91.158340,205700
2021-02-09,91.500000,95.360001,91.290001,94.629997,94.225151,234200
2021-02-10,94.750000,95.360001,93.250000,94.430000,94.026016,209700
2021-02-11,94.699997,95.120003,93.000000,94.199997,93.796997,199200
2021-02-12,93.620003,94.430000,93.349998,94.209999,93.806961,113900
2021-02-16,95.000000,95.000000,93.430000,93.699997,93.299133,183500
2021-02-17,93.110001,94.489998,93.110001,94.199997,93.796997,112700
2021-02-18,94.099998,96.769997,93.839996,95.370003,94.961998,156500
2021-02-19,95.279999,96.699997,94.839996,95.610001,95.200966,171200
2021-02-22,95.320000,97.690002,95.160004,96.410004,95.997543,188200
2021-02-23,95.930000,98.129997,95.930000,96.510002,96.097122,258500
2021-02-24,96.529999,99.550003,96.209999,99.150002,98.725822,198500
2021-02-25,98.519997,100.940002,97.180000,97.629997,97.212326,301900
2021-02-26,97.419998,98.160004,95.220001,96.470001,96.057289,252200
2021-03-01,97.900002,98.139999,96.430000,97.809998,97.391548,147100
2021-03-02,98.110001,98.739998,96.000000,96.080002,95.668961,204900
2021-03-03,96.540001,98.129997,95.440002,96.449997,96.037369,223500
2021-03-04,96.330002,97.610001,92.589996,92.980003,92.582222,295500
2021-03-05,94.419998,95.230003,91.430000,94.809998,94.404388,282500
2021-03-08,95.389999,96.769997,94.860001,96.129997,95.718742,175800
2021-03-09,96.370003,98.410004,96.050003,96.300003,95.888016,166800
2021-03-10,96.620003,99.120003,96.019997,98.650002,98.227959,136000
2021-03-11,99.459999,99.750000,98.050003,99.730003,99.505081,169300
2021-03-12,96.040001,100.290001,96.040001,98.900002,98.676949,206900
2021-03-15,98.699997,98.699997,95.889999,98.379997,98.158119,158700
2021-03-16,97.870003,98.440002,96.970001,97.739998,97.519562,133900
2021-03-17,97.629997,97.629997,95.480003,96.309998,96.092789,162200
2021-03-18,95.910004,96.709999,94.779999,95.320000,95.105026,204000
2021-03-19,94.779999,96.559998,94.169998,95.480003,95.264664,635900
2021-03-22,96.010002,97.070000,95.160004,95.199997,94.985291,230800
2021-03-23,94.419998,95.000000,92.470001,92.900002,92.690483,207200
2021-03-24,93.610001,95.300003,93.010002,93.099998,92.890030,269400
2021-03-25,92.879997,94.949997,92.139999,94.480003,94.266922,150000
2021-03-26,94.919998,96.669998,94.559998,96.580002,96.362183,116200
2021-03-29,95.180000,97.500000,95.180000,95.489998,95.274635,185900
2021-03-30,95.449997,96.900002,95.239998,96.239998,96.022949,140000
2021-03-31,96.239998,98.309998,96.169998,97.449997,97.230217,272800
2021-04-01,97.629997,99.680000,97.629997,98.839996,98.617081,157900
2021-04-05,99.919998,99.919998,99.019997,99.370003,99.145889,183100
2021-04-06,99.230003,100.889999,99.019997,100.000000,99.774467,218600
2021-04-07,100.209999,100.370003,97.650002,97.940002,97.719116,141500
2021-04-08,98.059998,100.309998,98.059998,100.040001,99.814377,161400
2021-04-09,100.300003,101.000000,98.680000,100.940002,100.712349,191500
2021-04-12,100.709999,102.209999,99.500000,101.930000,101.700119,190000
2021-04-13,101.489998,101.489998,99.959999,101.029999,100.802147,200100
2021-04-14,101.449997,101.779999,100.220001,100.529999,100.303268,118400
2021-04-15,101.279999,102.419998,100.709999,102.309998,102.079254,85000
2021-04-16,102.300003,102.300003,99.500000,100.860001,100.632530,158300
2021-04-19,101.250000,101.250000,98.050003,98.959999,98.736809,237800
2021-04-20,98.860001,99.760002,96.279999,97.330002,97.110489,204900
2021-04-21,96.889999,97.699997,96.620003,97.250000,97.030670,261900
2021-04-22,97.809998,100.320000,97.709999,99.129997,98.906425,185000
2021-04-23,99.269997,100.919998,98.650002,100.320000,100.093742,120000
2021-04-26,100.820000,101.930000,99.239998,99.489998,99.265617,179300
2021-04-27,100.000000,100.199997,97.690002,97.860001,97.639297,154000
2021-04-28,97.440002,98.180000,96.500000,96.900002,96.681458,116400
2021-04-29,97.209999,97.610001,95.739998,96.199997,95.983032,114400
2021-04-30,95.839996,97.669998,95.070000,96.330002,96.112747,221700
2021-05-03,97.230003,97.699997,96.290001,96.699997,96.481911,274500
2021-05-04,96.050003,96.699997,95.070000,95.750000,95.534050,186200
2021-05-05,95.809998,96.070000,93.730003,94.559998,94.346733,97500
2021-05-06,94.339996,95.419998,93.260002,94.970001,94.755814,222300
2021-05-07,94.629997,96.320000,93.940002,96.080002,95.863312,142300
2021-05-10,95.879997,95.879997,92.370003,92.529999,92.321312,150300
2021-05-11,91.160004,93.410004,91.160004,93.320000,93.109535,199600
2021-05-12,92.980003,93.839996,90.519997,90.589996,90.385689,137500
2021-05-13,90.669998,93.589996,90.669998,93.180000,92.969849,181300
2021-05-14,93.389999,95.029999,92.139999,94.830002,94.616127,131400
2021-05-17,93.769997,93.769997,92.150002,93.529999,93.319061,135700
2021-05-18,93.690002,93.769997,92.099998,92.209999,92.002037,133300
2021-05-19,91.239998,92.410004,90.449997,92.250000,92.041946,115800
2021-05-20,92.449997,93.339996,91.389999,92.059998,91.852371,113800
2021-05-21,92.919998,92.980003,91.019997,92.080002,91.872330,148000
2021-05-24,92.300003,92.660004,91.440002,92.120003,91.912239,121000
2021-05-25,92.000000,92.370003,91.019997,91.230003,91.024254,227100
2021-05-26,91.360001,92.099998,90.449997,90.779999,90.575264,167200
2021-05-27,91.129997,91.620003,90.320000,90.680000,90.475487,302500
2021-05-28,90.690002,91.779999,90.540001,91.230003,91.024254,186400
2021-06-01,91.809998,91.980003,90.410004,90.599998,90.395668,500900
2021-06-02,91.059998,91.470001,87.529999,88.239998,88.040985,244400
2021-06-03,87.410004,88.690002,86.809998,88.220001,88.021034,140600
2021-06-04,88.209999,89.110001,87.720001,88.489998,88.290428,185100
2021-06-07,88.669998,88.800003,87.830002,88.019997,87.821480,166100
2021-06-08,88.290001,89.309998,87.949997,88.680000,88.479996,146100
2021-06-09,88.959999,89.180000,88.510002,88.680000,88.479996,135100
2021-06-10,88.680000,89.599998,87.669998,88.589996,88.589996,109800
2021-06-11,88.980003,89.610001,88.650002,89.360001,89.360001,92100
2021-06-14,89.330002,89.739998,88.440002,89.599998,89.599998,155100
2021-06-15,89.849998,89.910004,89.010002,89.589996,89.589996,237700
2021-06-16,89.690002,90.730003,89.120003,90.290001,90.290001,334500
2021-06-17,89.900002,91.790001,89.830002,91.250000,91.250000,419300
2021-06-18,90.250000,90.500000,85.989998,86.059998,86.059998,423300
2021-06-21,86.440002,88.680000,86.250000,88.540001,88.540001,170800
2021-06-22,88.120003,88.629997,87.320000,88.279999,88.279999,151400
2021-06-23,88.150002,88.650002,87.580002,88.180000,88.180000,166300
2021-06-24,88.430000,88.820000,87.669998,88.440002,88.440002,138400
2021-06-25,88.830002,90.080002,88.290001,89.910004,89.910004,503800
2021-06-28,90.059998,90.580002,87.400002,88.160004,88.160004,188000
2021-06-29,88.110001,88.570000,87.800003,87.959999,87.959999,100400
2021-06-30,87.709999,89.339996,87.459999,89.209999,89.209999,190700
2021-07-01,89.900002,90.980003,89.330002,90.760002,90.760002,171000
2021-07-02,91.139999,91.660004,90.260002,90.769997,90.769997,129300
2021-07-06,91.040001,91.040001,89.400002,90.250000,90.250000,161600
2021-07-07,90.160004,90.940002,89.339996,89.989998,89.989998,172200
2021-07-08,88.669998,90.080002,87.519997,89.449997,89.449997,145200
2021-07-09,90.309998,90.900002,89.550003,90.309998,90.309998,122900
2021-07-12,90.309998,91.349998,89.510002,90.019997,90.019997,97400
2021-07-13,90.290001,90.500000,89.320000,90.050003,90.050003,98900
2021-07-14,90.500000,90.500000,89.400002,89.540001,89.540001,90700
2021-07-15,89.220001,89.779999,88.779999,89.550003,89.550003,110300
2021-07-16,90.169998,90.779999,89.730003,90.180000,90.180000,135300
2021-07-19,89.180000,91.279999,88.580002,91.019997,91.019997,206700
2021-07-20,91.269997,94.580002,91.269997,94.129997,94.129997,343000
2021-07-21,94.500000,94.980003,93.029999,94.910004,94.910004,220500
2021-07-22,94.720001,94.720001,92.279999,92.699997,92.699997,157800
2021-07-23,93.019997,95.279999,93.019997,95.139999,95.139999,158900
2021-07-26,95.430000,95.940002,94.800003,95.550003,95.550003,105900
2021-07-27,95.309998,96.769997,94.820000,95.930000,95.930000,143400
2021-07-28,96.459999,98.330002,95.680000,98.250000,98.250000,147000
2021-07-29,98.430000,100.650002,97.779999,100.150002,100.150002,168000
2021-07-30,100.040001,107.400002,97.779999,107.089996,107.089996,321100
2021-08-02,107.160004,109.220001,107.010002,108.250000,108.250000,259800
2021-08-03,108.000000,109.830002,107.750000,109.529999,109.529999,451500
2021-08-04,108.809998,111.099998,108.250000,111.059998,111.059998,208100
2021-08-05,111.800003,114.489998,111.519997,114.190002,114.190002,200100
2021-08-06,114.510002,116.040001,113.400002,115.040001,115.040001,131400
2021-08-09,114.470001,115.040001,112.730003,113.320000,113.320000,136800
2021-08-10,113.589996,114.849998,112.500000,114.480003,114.480003,157400
2021-08-11,114.879997,116.120003,113.510002,116.080002,116.080002,116000
2021-08-12,116.180000,116.180000,114.410004,114.629997,114.629997,152300
2021-08-13,114.919998,114.940002,113.629997,114.470001,114.470001,87600
2021-08-16,114.379997,115.250000,113.300003,114.790001,114.790001,110300
2021-08-17,113.809998,113.980003,112.480003,113.419998,113.419998,251600
2021-08-18,113.709999,115.589996,112.910004,113.040001,113.040001,121600
2021-08-19,112.290001,114.699997,111.589996,114.440002,114.440002,132400
2021-08-20,114.250000,116.019997,113.370003,115.599998,115.599998,191100
2021-08-23,115.830002,117.669998,115.830002,116.769997,116.769997,124200
2021-08-24,116.790001,116.930000,114.650002,115.199997,115.199997,117000
2021-08-25,114.820000,115.839996,114.230003,114.800003,114.800003,135100
2021-08-26,114.510002,114.889999,113.410004,113.480003,113.480003,122000
2021-08-27,113.540001,115.860001,113.190002,115.849998,115.849998,252300
2021-08-30,116.000000,116.949997,115.250000,116.889999,116.889999,203000