Date,Open,High,Low,Close,Adj Close,Volume
2021-01-04,45.500000,47.099998,44.790001,46.990002,46.990002,544000
2021-01-05,47.029999,48.099998,46.090000,47.259998,47.259998,1128400
2021-01-06,47.770000,49.650002,47.290001,49.419998,49.419998,520600
2021-01-07,49.310001,50.459999,48.730000,50.035000,50.035000,492500
2021-01-08,50.209999,51.525002,49.654999,50.189999,50.189999,400500
2021-01-11,49.380001,50.509998,48.759998,49.740002,49.740002,369200
2021-01-12,49.840000,52.000000,49.840000,51.939999,51.939999,492800
2021-01-13,52.250000,52.299999,50.689999,50.910000,50.910000,307600
2021-01-14,51.099998,52.610001,51.029999,51.849998,51.849998,305800
2021-01-15,51.349998,52.020000,48.410000,48.639999,48.639999,397600
2021-01-19,48.750000,49.540001,46.279999,47.744999,47.744999,1116800
2021-01-20,48.529999,50.320000,48.090000,48.580002,48.580002,983800
2021-01-21,48.720001,50.029999,48.650002,49.230000,49.230000,252400
2021-01-22,48.580002,49.180000,47.692001,48.150002,48.150002,610800
2021-01-25,48.650002,49.119999,47.070000,47.580002,47.580002,705600
2021-01-26,48.020000,48.230000,46.279999,47.410000,47.410000,1726400
2021-01-27,46.660000,48.860001,44.540001,45.049999,45.049999,1503400
2021-01-28,45.330002,47.119999,44.709999,46.540001,46.540001,730300
2021-01-29,46.349998,47.180000,45.209999,46.369999,46.369999,908800
2021-02-01,46.490002,46.740002,44.415001,45.290001,45.290001,557100
2021-02-02,45.410000,47.180000,45.410000,46.840000,46.840000,437700
2021-02-03,46.849998,49.040001,46.049999,48.730000,48.730000,868600
2021-02-04,48.619999,49.433998,46.730000,47.349998,47.349998,445400
2021-02-05,47.660000,49.529999,47.360001,49.070000,49.070000,425800
2021-02-08,49.560001,51.000000,48.360001,50.849998,50.849998,442300
2021-02-09,50.770000,52.080002,50.130001,51.389999,51.389999,529400
2021-02-10,51.740002,51.740002,49.590000,50.820000,50.820000,748800
2021-02-11,50.669998,52.189999,50.340000,51.209999,51.209999,483300
2021-02-12,50.830002,51.849998,50.430000,50.919998,50.919998,307300
2021-02-16,51.380001,51.380001,49.680000,50.549999,50.549999,452700
2021-02-17,50.580002,51.240002,49.369999,51.119999,51.119999,456000
2021-02-18,51.099998,51.200001,49.200001,49.959999,49.959999,646900
2021-02-19,50.150002,51.830002,49.849998,51.320000,51.320000,507500
2021-02-22,51.049999,51.820000,50.700001,51.209999,51.209999,413800
2021-02-23,50.790001,51.230000,48.799999,50.389999,50.389999,478700
2021-02-24,50.830002,50.939999,48.590000,49.139999,49.139999,402500
2021-02-25,48.810001,49.459999,46.330002,47.660000,47.660000,697300
2021-02-26,48.230000,49.000000,46.180000,47.490002,47.490002,907400
2021-03-01,47.869999,49.720001,47.869999,49.430000,49.430000,948600
2021-03-02,48.930000,49.750000,47.360001,47.799999,47.799999,653600
2021-03-03,49.790001,50.549999,47.630001,47.660000,47.660000,1571500
2021-03-04,46.000000,46.439999,43.610001,44.220001,44.220001,1532000
2021-03-05,44.730000,45.779999,42.689999,45.660000,45.660000,1289400
2021-03-08,45.990002,46.599998,45.000000,45.639999,45.639999,721300
2021-03-09,46.220001,47.450001,45.639999,45.980000,45.980000,1244200
2021-03-10,46.220001,47.369999,46.099998,46.590000,46.590000,757700
2021-03-11,46.740002,47.070000,46.139999,46.500000,46.500000,798000
2021-03-12,46.619999,47.900002,46.049999,47.810001,47.810001,863700
2021-03-15,47.580002,48.790001,47.580002,48.139999,48.139999,630400
2021-03-16,47.959999,47.959999,45.270000,45.650002,45.650002,1013900
2021-03-17,45.200001,45.520000,43.299999,43.529999,43.529999,1109500
2021-03-18,43.560001,44.735001,42.834999,43.029999,43.029999,1454100
2021-03-19,42.759998,43.956001,42.020000,43.580002,43.580002,1919200
2021-03-22,43.880001,44.570000,43.509998,43.599998,43.599998,609900
2021-03-23,43.459999,44.049999,42.073002,42.709999,42.709999,694200
2021-03-24,43.160000,43.509998,42.270000,42.529999,42.529999,619300
2021-03-25,42.540001,43.770000,41.580002,43.680000,43.680000,492600
2021-03-26,44.130001,45.419998,42.000000,45.369999,45.369999,636400
2021-03-29,44.919998,45.619999,43.470001,43.619999,43.619999,495100
2021-03-30,43.869999,45.490002,43.209999,45.139999,45.139999,1124800
2021-03-31,45.110001,45.419998,43.830002,43.830002,43.830002,700200
2021-04-01,44.290001,45.455002,43.959999,45.180000,45.180000,556800
2021-04-05,45.790001,45.819000,44.509998,45.389999,45.389999,472300
2021-04-06,45.310001,47.240002,45.000000,46.790001,46.790001,2079600
2021-04-07,46.820000,47.470001,45.869999,46.270000,46.270000,572500
2021-04-08,46.200001,47.570000,45.560001,47.380001,47.380001,848500
2021-04-09,47.160000,47.660000,46.700001,47.400002,47.400002,327800
2021-04-12,47.509998,47.900002,47.060001,47.810001,47.810001,488500
2021-04-13,47.490002,48.139999,47.009998,47.840000,47.840000,407000
2021-04-14,47.830002,48.305000,46.860001,46.980000,46.980000,681800
2021-04-15,47.040001,47.840000,46.410000,47.389999,47.389999,289100
2021-04-16,47.689999,47.840000,46.965000,47.580002,47.580002,243100
2021-04-19,47.630001,48.430000,46.840000,48.040001,48.040001,893300
2021-04-20,47.689999,48.720001,46.880001,47.330002,47.330002,616600
2021-04-21,47.099998,49.069000,46.900002,48.750000,48.750000,1141500
2021-04-22,48.799999,50.439999,48.529999,49.720001,49.720001,1219300
2021-04-23,49.930000,50.490002,48.400002,50.310001,50.310001,1153700
2021-04-26,50.900002,51.470001,50.410000,50.860001,50.860001,455500
2021-04-27,50.869999,51.535000,50.700001,51.099998,51.099998,474700
2021-04-28,51.279999,51.939999,50.299999,51.349998,51.349998,538900
2021-04-29,52.000000,52.000000,50.740002,51.189999,51.189999,317300
2021-04-30,50.840000,51.200001,50.139999,50.410000,50.410000,420300
2021-05-03,51.080002,52.130001,50.400002,52.110001,52.110001,509600
2021-05-04,51.889999,52.070000,50.400002,50.630001,50.630001,532200
2021-05-05,50.750000,51.349998,50.450001,50.639999,50.639999,438800
2021-05-06,50.799999,51.060001,49.889999,50.400002,50.400002,399900
2021-05-07,50.000000,51.805000,50.000000,51.160000,51.160000,488700
2021-05-10,51.020000,53.680000,50.980000,51.330002,51.330002,1042300
2021-05-11,50.509998,51.029999,49.560001,50.020000,50.020000,817000
2021-05-12,49.900002,50.400002,46.805000,46.910000,46.910000,1586900
2021-05-13,48.599998,49.910000,46.160000,46.959999,46.959999,1240800
2021-05-14,48.200001,50.049999,47.770000,49.939999,49.939999,831700
2021-05-17,49.520000,50.369999,48.419998,50.320000,50.320000,647000
2021-05-18,50.650002,50.900002,49.830002,49.869999,49.869999,539900
2021-05-19,48.919998,49.145000,47.750000,48.720001,48.720001,613500
2021-05-20,48.450001,49.051998,47.270000,48.639999,48.639999,427100
2021-05-21,49.070000,49.590000,48.180000,48.209999,48.209999,437800
2021-05-24,48.410000,48.959999,47.570000,48.360001,48.360001,349700
2021-05-25,48.669998,50.549999,48.419998,50.029999,50.029999,888800
2021-05-26,50.090000,51.000000,49.150002,49.459999,49.459999,574800
2021-05-27,49.980000,50.549999,49.099998,50.180000,50.180000,516800
2021-05-28,50.310001,50.419998,49.535000,49.669998,49.669998,298200
2021-06-01,49.869999,50.880001,49.200001,50.290001,50.290001,621300
2021-06-02,50.480000,50.480000,49.130001,49.680000,49.680000,462600
2021-06-03,49.230000,49.360001,48.299999,48.509998,48.509998,474500
2021-06-04,48.889999,48.980000,47.869999,48.180000,48.180000,841900
2021-06-07,48.080002,48.683998,46.709999,47.009998,47.009998,1081000
2021-06-08,47.000000,49.189999,47.000000,48.939999,48.939999,733400
2021-06-09,49.020000,49.430000,48.220001,48.540001,48.540001,426700
2021-06-10,48.459999,48.990002,47.869999,48.459999,48.459999,312900
2021-06-11,48.720001,49.220001,48.150002,48.270000,48.270000,405000
2021-06-14,48.529999,48.820000,48.250000,48.770000,48.770000,353600
2021-06-15,48.660000,48.660000,47.310001,47.810001,47.810001,310100
2021-06-16,47.910000,48.639999,47.270000,48.470001,48.470001,421500
2021-06-17,48.279999,48.740002,46.660000,47.900002,47.900002,1244000
2021-06-18,47.209999,48.000000,46.924999,47.299999,47.299999,695500
2021-06-21,47.820000,48.520000,47.419998,48.220001,48.220001,485800
2021-06-22,48.369999,49.310001,48.040001,49.279999,49.279999,573600
2021-06-23,49.529999,50.939999,49.189999,50.540001,50.540001,859900
2021-06-24,51.009998,51.299999,50.430000,51.250000,51.250000,357400
2021-06-25,51.410000,52.040001,50.560001,50.849998,50.849998,1284300
2021-06-28,51.060001,51.349998,50.220001,51.250000,51.250000,696500
2021-06-29,51.270000,51.700001,51.025002,51.139999,51.139999,863700
2021-06-30,51.099998,51.665001,51.000000,51.130001,51.130001,265600
2021-07-01,51.540001,51.759998,51.099998,51.169998,51.169998,352100
2021-07-02,51.439999,51.439999,50.619999,50.779999,50.779999,206100
2021-07-06,50.779999,50.939999,49.180000,50.349998,50.349998,484700
2021-07-07,50.540001,51.220001,50.000000,50.380001,50.380001,980100
2021-07-08,49.470001,50.209999,48.400002,49.740002,49.740002,392700
2021-07-09,50.270000,50.790001,49.955002,50.540001,50.540001,168900
2021-07-12,50.509998,50.990002,50.049999,50.939999,50.939999,258000
2021-07-13,50.560001,51.250000,50.180000,50.919998,50.919998,266000
2021-07-14,51.310001,51.810001,50.139999,50.919998,50.919998,278700
2021-07-15,50.619999,51.299999,49.810001,50.669998,50.669998,828700
2021-07-16,51.150002,51.230000,49.380001,49.560001,49.560001,746900
2021-07-19,48.759998,50.424999,47.540001,49.950001,49.950001,669800
2021-07-20,50.180000,51.230000,49.294998,50.860001,50.860001,553800
2021-07-21,51.110001,52.096001,49.560001,51.509998,51.509998,299300
2021-07-22,51.700001,52.165001,50.970001,51.889999,51.889999,277400
2021-07-23,52.279999,52.910000,51.910000,52.830002,52.830002,256300
2021-07-26,52.970001,53.180000,52.200001,52.570000,52.570000,283000
2021-07-27,52.169998,52.500000,51.279999,52.250000,52.250000,363900
2021-07-28,52.490002,53.630001,52.299999,53.279999,53.279999,440400
2021-07-29,53.490002,53.950001,53.160000,53.619999,53.619999,397000
2021-07-30,53.470001,54.099998,53.160000,53.980000,53.980000,507200
2021-08-02,54.000000,54.250000,53.029999,53.209999,53.209999,444400
2021-08-03,53.459999,54.494999,53.230000,54.119999,54.119999,241400
2021-08-04,53.580002,54.180000,53.209999,53.740002,53.740002,311200
2021-08-05,53.509998,54.500000,53.509998,53.910000,53.910000,389600
2021-08-06,54.389999,54.799999,53.750000,54.299999,54.299999,194600
2021-08-09,54.060001,54.169998,53.549999,53.750000,53.750000,211400
2021-08-10,54.040001,54.869999,53.549999,54.459999,54.459999,257700
2021-08-11,54.459999,55.070000,53.985001,54.400002,54.400002,477800
2021-08-12,55.599998,55.599998,51.810001,54.889999,54.889999,951600
2021-08-13,55.750000,55.750000,53.689999,53.980000,53.980000,590000
2021-08-16,53.480000,54.660000,52.459999,54.639999,54.639999,1585700
2021-08-17,54.549999,55.299999,54.009998,54.950001,54.950001,971300
2021-08-18,54.799999,55.750000,54.490002,55.040001,55.040001,1105700
2021-08-19,54.560001,54.970001,53.930000,54.279999,54.279999,454000
2021-08-20,54.660000,55.790001,54.599998,55.509998,55.509998,604700
2021-08-23,55.720001,57.014999,55.330002,56.520000,56.520000,584600
2021-08-24,56.599998,56.930000,54.939999,55.110001,55.110001,625500
2021-08-25,54.970001,58.279999,54.349998,58.130001,58.130001,1422800
2021-08-26,58.259998,58.259998,56.880001,57.320000,57.320000,355600
2021-08-27,55.990002,57.799999,55.259998,57.700001,57.700001,621300
2021-08-30,58.080002,59.380001,57.520000,59.189999,59.189999,464000