Date,Open,High,Low,Close,Adj Close,Volume
2021-01-04,91.540001,93.199997,88.580002,89.680000,89.680000,1061000
2021-01-05,86.000000,91.290001,84.169998,86.720001,86.720001,975000
2021-01-06,87.500000,100.449997,87.010002,99.779999,99.779999,3391200
2021-01-07,101.750000,118.480003,101.000000,117.220001,117.220001,2561100
2021-01-08,116.480003,118.790001,114.180000,116.309998,116.309998,2031300
2021-01-11,114.010002,114.800003,107.400002,112.010002,112.010002,1088200
2021-01-12,112.330002,114.669998,108.930000,112.050003,112.050003,699700
2021-01-13,113.209999,115.370003,112.019997,113.290001,113.290001,937700
2021-01-14,114.470001,121.160004,114.160004,117.400002,117.400002,734800
2021-01-15,116.379997,119.440002,111.699997,113.589996,113.589996,808100
2021-01-19,115.690002,117.699997,113.260002,114.309998,114.309998,889500
2021-01-20,116.019997,119.849998,107.559998,109.010002,109.010002,1010600
2021-01-21,110.449997,110.449997,99.440002,99.669998,99.669998,1056300
2021-01-22,97.870003,101.029999,96.800003,97.190002,97.190002,1132500
2021-01-25,97.750000,99.449997,92.610001,96.139999,96.139999,1214000
2021-01-26,96.739998,98.970001,89.040001,89.309998,89.309998,858300
2021-01-27,89.610001,89.610001,80.510002,87.519997,87.519997,1585600
2021-01-28,87.580002,94.930000,87.010002,90.910004,90.910004,1113500
2021-01-29,91.290001,93.830002,87.760002,90.629997,90.629997,857000
2021-02-01,91.709999,94.449997,90.250000,93.160004,93.160004,919100
2021-02-02,96.000000,100.320000,95.000000,97.489998,97.489998,918100
2021-02-03,99.199997,102.620003,97.029999,98.239998,98.239998,827800
2021-02-04,100.690002,104.989998,99.510002,102.620003,102.620003,624400
2021-02-05,104.970001,107.300003,102.190002,105.190002,105.190002,559200
2021-02-08,105.739998,109.959999,104.959999,108.500000,108.500000,721200
2021-02-09,108.199997,109.290001,104.389999,105.320000,105.320000,511500
2021-02-10,106.169998,109.589996,100.370003,103.309998,103.309998,626900
2021-02-11,105.139999,107.760002,101.830002,102.500000,102.500000,809600
2021-02-12,100.660004,103.639999,98.879997,102.449997,102.449997,587800
2021-02-16,104.500000,107.430000,100.709999,101.440002,101.440002,624900
2021-02-17,102.019997,104.089996,96.430000,103.220001,103.220001,984800
2021-02-18,100.510002,103.800003,98.400002,102.099998,102.099998,828100
2021-02-19,103.610001,118.139999,103.500000,110.180000,110.180000,1552500
2021-02-22,107.730003,108.029999,100.010002,100.959999,100.959999,1184800
2021-02-23,96.680000,98.330002,87.120003,95.480003,95.480003,1701200
2021-02-24,96.820000,98.970001,92.500000,95.269997,95.269997,699800
2021-02-25,97.599998,100.739998,85.720001,86.269997,86.269997,1248600
2021-02-26,88.669998,93.290001,84.019997,89.720001,89.720001,1195300
2021-03-01,92.400002,97.889999,92.000000,96.610001,96.610001,867400
2021-03-02,95.540001,98.860001,93.510002,95.910004,95.910004,786400
2021-03-03,94.599998,95.709999,87.000000,88.489998,88.489998,905300
2021-03-04,88.480003,88.480003,81.000000,83.139999,83.139999,1508800
2021-03-05,85.279999,85.570000,73.000000,83.650002,83.650002,1529900
2021-03-08,83.150002,87.239998,77.940002,79.160004,79.160004,1137300
2021-03-09,82.709999,89.790001,82.000000,88.519997,88.519997,1034600
2021-03-10,91.650002,97.190002,88.639999,89.849998,89.849998,1041000
2021-03-11,93.279999,98.290001,91.230003,97.660004,97.660004,766400
2021-03-12,95.379997,96.989998,92.540001,93.989998,93.989998,737700
2021-03-15,93.589996,95.419998,90.250000,92.769997,92.769997,711600
2021-03-16,93.250000,94.860001,87.970001,89.730003,89.730003,713500
2021-03-17,86.930000,93.070000,85.209999,91.769997,91.769997,833800
2021-03-18,89.980003,91.680000,85.519997,85.970001,85.970001,665500
2021-03-19,85.800003,91.300003,85.800003,90.290001,90.290001,1372200
2021-03-22,91.589996,95.330002,89.639999,91.919998,91.919998,771400
2021-03-23,89.800003,91.309998,86.410004,87.190002,87.190002,692300
2021-03-24,88.989998,89.489998,81.260002,81.980003,81.980003,977300
2021-03-25,77.000000,79.160004,72.010002,78.519997,78.519997,2642100
2021-03-26,80.360001,80.699997,69.820000,72.160004,72.160004,1579700
2021-03-29,71.190002,73.669998,68.510002,72.769997,72.769997,1263900
2021-03-30,71.779999,76.779999,70.459999,74.089996,74.089996,1475000
2021-03-31,75.860001,83.790001,75.570000,82.449997,82.449997,1801100
2021-04-01,85.150002,87.959999,80.010002,81.910004,81.910004,1610400
2021-04-05,83.379997,87.040001,81.750000,83.660004,83.660004,646800
2021-04-06,81.860001,82.919998,79.879997,80.099998,80.099998,619100
2021-04-07,80.110001,80.720001,74.959999,75.699997,75.699997,740000
2021-04-08,76.550003,79.750000,76.309998,79.010002,79.010002,553100
2021-04-09,78.320000,80.800003,76.169998,77.989998,77.989998,778600
2021-04-12,77.470001,77.910004,72.580002,75.000000,75.000000,1130000
2021-04-13,75.010002,79.959999,73.919998,78.910004,78.910004,1051900
2021-04-14,79.690002,88.169998,79.309998,84.730003,84.730003,1280000
2021-04-15,85.360001,87.610001,83.180000,84.400002,84.400002,686800
2021-04-16,84.809998,84.809998,79.760002,81.169998,81.169998,539200
2021-04-19,79.470001,82.430000,77.500000,79.650002,79.650002,505800
2021-04-20,79.360001,82.099998,75.510002,78.180000,78.180000,686900
2021-04-21,77.099998,84.389999,75.720001,84.239998,84.239998,516200
2021-04-22,85.029999,88.989998,82.339996,84.230003,84.230003,828100
2021-04-23,84.010002,88.379997,83.139999,85.339996,85.339996,708900
2021-04-26,87.889999,94.959999,86.620003,92.010002,92.010002,1030100
2021-04-27,91.510002,93.830002,88.809998,92.519997,92.519997,1016600
2021-04-28,91.870003,93.089996,88.199997,92.089996,92.089996,695900
2021-04-29,93.599998,93.930000,84.709999,85.870003,85.870003,1008100
2021-04-30,87.349998,91.500000,86.000000,87.389999,87.389999,1242900
2021-05-03,89.839996,90.160004,84.750000,85.110001,85.110001,763700
2021-05-04,83.849998,83.849998,77.790001,79.730003,79.730003,830700
2021-05-05,79.930000,81.750000,76.589996,77.730003,77.730003,605800
2021-05-06,73.500000,76.720001,70.250000,76.550003,76.550003,2055200
2021-05-07,79.400002,82.800003,75.919998,76.489998,76.489998,792600
2021-05-10,75.410004,76.839996,73.199997,75.709999,75.709999,1445800
2021-05-11,71.209999,80.989998,70.160004,78.000000,78.000000,1519600
2021-05-12,75.949997,77.959999,71.629997,72.290001,72.290001,1309100
2021-05-13,73.699997,76.589996,68.269997,71.510002,71.510002,1292200
2021-05-14,71.419998,79.000000,71.400002,76.699997,76.699997,1710000
2021-05-17,74.489998,77.949997,73.610001,76.339996,76.339996,965900
2021-05-18,77.110001,82.820000,76.050003,78.029999,78.029999,727200
2021-05-19,75.050003,78.709999,73.800003,75.320000,75.320000,774700
2021-05-20,76.540001,78.860001,75.639999,77.250000,77.250000,991000
2021-05-21,78.370003,78.750000,73.750000,73.809998,73.809998,582400
2021-05-24,75.040001,75.720001,73.099998,74.029999,74.029999,498100
2021-05-25,74.000000,76.699997,74.000000,74.739998,74.739998,493300
2021-05-26,75.330002,76.870003,73.050003,76.470001,76.470001,635700
2021-05-27,77.239998,77.239998,74.500000,76.250000,76.250000,652300
2021-05-28,76.419998,79.250000,76.110001,76.599998,76.599998,682300
2021-06-01,76.860001,77.000000,71.849998,72.459999,72.459999,928300
2021-06-02,72.089996,72.790001,66.760002,68.940002,68.940002,1519600
2021-06-03,68.129997,69.010002,65.129997,67.250000,67.250000,925400
2021-06-04,68.279999,74.980003,68.050003,72.790001,72.790001,1512600
2021-06-07,75.680000,78.019997,73.160004,77.000000,77.000000,1368900
2021-06-08,77.779999,79.730003,76.489998,79.230003,79.230003,1045000
2021-06-09,79.949997,84.650002,79.889999,82.870003,82.870003,1335900
2021-06-10,82.519997,88.949997,80.000000,88.419998,88.419998,1850800
2021-06-11,88.050003,90.989998,86.470001,89.750000,89.750000,1070400
2021-06-14,89.889999,90.989998,88.070000,89.970001,89.970001,915700
2021-06-15,89.989998,90.620003,85.260002,86.790001,86.790001,1099000
2021-06-16,86.459999,87.760002,79.010002,82.650002,82.650002,1149000
2021-06-17,82.279999,86.169998,81.730003,84.209999,84.209999,1464600
2021-06-18,83.459999,84.809998,79.209999,80.230003,80.230003,1516000
2021-06-21,80.010002,82.169998,78.480003,81.900002,81.900002,977200
2021-06-22,82.080002,82.110001,79.720001,81.419998,81.419998,616100
2021-06-23,81.790001,84.000000,81.620003,83.529999,83.529999,571400
2021-06-24,84.199997,88.419998,84.000000,84.839996,84.839996,622700
2021-06-25,84.889999,85.730003,82.669998,84.550003,84.550003,811500
2021-06-28,87.480003,90.800003,87.230003,89.120003,89.120003,949600
2021-06-29,89.239998,91.389999,87.290001,89.160004,89.160004,851300
2021-06-30,88.500000,90.650002,85.800003,86.790001,86.790001,1183400
2021-07-01,84.760002,95.379997,84.269997,94.290001,94.290001,1295900
2021-07-02,94.379997,94.949997,90.790001,92.800003,92.800003,837200
2021-07-06,92.820000,93.500000,86.959999,87.389999,87.389999,939300
2021-07-07,87.519997,88.599998,83.000000,86.309998,86.309998,1451400
2021-07-08,83.629997,88.279999,82.279999,87.209999,87.209999,917500
2021-07-09,87.800003,91.540001,85.190002,90.449997,90.449997,586300
2021-07-12,90.629997,91.349998,85.349998,85.919998,85.919998,653100
2021-07-13,85.949997,86.019997,81.209999,81.410004,81.410004,638900
2021-07-14,81.910004,82.000000,76.820000,77.160004,77.160004,938700
2021-07-15,76.370003,78.339996,73.839996,76.699997,76.699997,1010000
2021-07-16,78.190002,79.790001,76.040001,78.540001,78.540001,553100
2021-07-19,76.839996,81.199997,76.040001,80.570000,80.570000,914600
2021-07-20,81.489998,84.470001,80.029999,84.050003,84.050003,756400
2021-07-21,84.459999,86.000000,81.360001,85.820000,85.820000,514600
2021-07-22,86.000000,87.180000,84.760002,85.959999,85.959999,1055000
2021-07-23,85.669998,86.849998,83.250000,86.190002,86.190002,691400
2021-07-26,86.010002,86.930000,81.400002,83.010002,83.010002,555700
2021-07-27,81.769997,82.750000,77.089996,80.139999,80.139999,965600
2021-07-28,80.320000,84.919998,80.160004,84.820000,84.820000,916200
2021-07-29,85.570000,88.459999,84.279999,86.040001,86.040001,846500
2021-07-30,85.419998,86.910004,82.339996,82.800003,82.800003,441600
2021-08-02,83.540001,86.080002,82.809998,85.080002,85.080002,627800
2021-08-03,86.110001,86.110001,80.250000,83.250000,83.250000,774700
2021-08-04,82.360001,85.919998,81.519997,85.730003,85.730003,569400
2021-08-05,85.690002,95.879997,85.290001,95.540001,95.540001,1179400
2021-08-06,93.940002,96.000000,92.089996,95.419998,95.419998,824000
2021-08-09,94.180000,96.500000,93.089996,95.730003,95.730003,503400
2021-08-10,97.070000,97.430000,89.739998,90.690002,90.690002,709300
2021-08-11,91.720001,91.720001,88.580002,91.540001,91.540001,513400
2021-08-12,91.870003,92.699997,88.000000,90.059998,90.059998,620400
2021-08-13,90.360001,90.360001,86.459999,86.709999,86.709999,526200
2021-08-16,86.500000,88.059998,81.639999,87.629997,87.629997,793900
2021-08-17,86.089996,86.500000,81.980003,84.440002,84.440002,988500
2021-08-18,84.769997,91.900002,83.209999,91.000000,91.000000,1335500
2021-08-19,89.260002,90.610001,85.050003,85.629997,85.629997,1497100
2021-08-20,72.610001,73.000000,66.760002,67.010002,67.010002,6450100
2021-08-23,67.669998,72.290001,67.559998,72.269997,72.269997,3141700
2021-08-24,72.309998,72.889999,69.699997,71.529999,71.529999,1811900
2021-08-25,71.559998,73.820000,70.529999,72.940002,72.940002,748600
2021-08-26,72.400002,74.019997,70.099998,71.250000,71.250000,724500
2021-08-27,71.639999,73.949997,71.000000,72.639999,72.639999,1089800
2021-08-30,73.000000,74.690002,71.620003,71.739998,71.739998,710900