Date,Open,High,Low,Close,Adj Close,Volume
2021-01-04,70.290001,70.930000,66.730003,66.970001,66.173065,260900
2021-01-05,65.809998,67.940002,65.809998,66.440002,65.649376,211500
2021-01-06,67.620003,68.440002,64.580002,64.800003,64.028893,539500
2021-01-07,65.349998,65.720001,63.209999,63.529999,62.774002,336400
2021-01-08,63.540001,63.540001,61.279999,62.259998,61.519112,411500
2021-01-11,61.759998,62.540001,60.250000,60.810001,60.086369,715100
2021-01-12,60.959999,61.529999,59.130001,60.060001,59.345291,1029100
2021-01-13,60.060001,60.560001,58.779999,59.200001,58.495525,265700
2021-01-14,59.439999,60.799999,59.209999,59.980000,59.266243,629900
2021-01-15,59.680000,60.299999,59.080002,59.500000,58.791958,563600
2021-01-19,59.889999,59.889999,56.980000,58.160000,57.467903,404200
2021-01-20,58.470001,59.130001,57.490002,59.040001,58.337433,339600
2021-01-21,58.639999,59.090000,57.619999,58.520000,57.823616,154700
2021-01-22,57.930000,58.709999,57.520000,58.410000,57.714928,192400
2021-01-25,57.919998,58.759998,56.740002,58.150002,57.458023,290600
2021-01-26,58.480000,58.860001,57.740002,58.639999,57.942192,272500
2021-01-27,57.730000,58.689999,55.240002,55.689999,55.027294,561600
2021-01-28,57.450001,59.029999,54.849998,58.680000,57.981716,782200
2021-01-29,57.759998,59.799999,57.430000,58.880001,58.179337,564000
2021-02-01,59.230000,59.230000,57.189999,57.669998,56.983730,350600
2021-02-02,58.130001,58.310001,56.820000,57.810001,57.122070,363600
2021-02-03,57.580002,59.080002,56.849998,58.680000,57.981716,309200
2021-02-04,57.790001,60.130001,57.790001,59.470001,58.762314,340500
2021-02-05,60.130001,61.270000,59.599998,60.889999,60.165413,208100
2021-02-08,61.009998,62.639999,60.950001,62.570000,61.825424,232700
2021-02-09,62.639999,62.639999,61.299999,61.660000,60.926250,325900
2021-02-10,61.259998,62.970001,61.259998,62.529999,61.785900,345500
2021-02-11,62.259998,63.200001,61.480000,62.650002,62.172932,284500
2021-02-12,62.320000,63.509998,62.180000,62.549999,62.073692,256100
2021-02-16,62.040001,64.269997,62.040001,63.330002,62.847752,274400
2021-02-17,63.180000,64.720001,62.630001,62.700001,62.222549,466900
2021-02-18,62.669998,63.320000,61.700001,63.150002,62.669125,311700
2021-02-19,63.169998,63.770000,62.580002,62.820000,62.341637,149700
2021-02-22,62.529999,63.820000,62.290001,63.570000,63.085922,161300
2021-02-23,63.639999,64.610001,62.930000,64.410004,63.919533,227700
2021-02-24,64.769997,66.199997,64.279999,66.099998,65.596657,219100
2021-02-25,66.209999,66.620003,64.739998,65.330002,64.832527,208000
2021-02-26,65.220001,65.220001,63.310001,63.320000,62.837830,199100
2021-03-01,64.480003,65.220001,63.459999,64.900002,64.405800,186500
2021-03-02,64.650002,65.059998,63.369999,64.440002,63.949303,168300
2021-03-03,64.790001,66.110001,64.790001,65.449997,64.951607,175800
2021-03-04,65.699997,68.019997,65.459999,66.790001,66.281403,351600
2021-03-05,67.660004,68.669998,67.010002,68.589996,68.067696,295800
2021-03-08,69.150002,69.440002,65.860001,67.320000,66.807373,231000
2021-03-09,67.260002,67.470001,65.010002,67.019997,66.509651,210900
2021-03-10,67.459999,68.190002,66.800003,67.660004,67.144783,197400
2021-03-11,67.550003,69.050003,66.820000,69.000000,68.474579,162000
2021-03-12,69.389999,69.980003,67.989998,68.470001,67.948616,257600
2021-03-15,68.519997,69.059998,66.709999,68.699997,68.176857,335400
2021-03-16,68.239998,69.309998,66.959999,68.989998,68.464653,175800
2021-03-17,69.129997,69.489998,68.440002,69.360001,68.831833,151200
2021-03-18,69.419998,69.599998,68.589996,69.029999,68.504349,372300
2021-03-19,68.959999,68.959999,63.720001,63.880001,63.393566,816700
2021-03-22,63.509998,65.169998,63.340000,64.879997,64.385948,246000
2021-03-23,64.230003,65.330002,64.019997,64.669998,64.177544,219600
2021-03-24,65.129997,66.760002,65.129997,65.910004,65.408112,197900
2021-03-25,65.849998,67.529999,64.750000,67.209999,66.698204,153300
2021-03-26,67.879997,68.820000,67.019997,68.459999,67.938683,190800
2021-03-29,67.760002,69.050003,65.110001,65.129997,64.634041,228700
2021-03-30,65.360001,67.709999,64.410004,65.480003,64.981384,132800
2021-03-31,66.349998,66.480003,64.400002,65.669998,65.169930,220600
2021-04-01,65.910004,67.910004,65.690002,67.739998,67.224167,141200
2021-04-05,68.000000,68.459999,67.529999,67.879997,67.363098,134300
2021-04-06,67.440002,68.089996,67.339996,67.540001,67.025696,172200
2021-04-07,68.019997,68.019997,65.290001,65.360001,64.862297,116700
2021-04-08,65.639999,66.099998,65.279999,65.849998,65.348564,139800
2021-04-09,65.849998,67.120003,65.000000,67.000000,66.489807,172900
2021-04-12,67.190002,68.349998,66.360001,68.250000,67.730286,264600
2021-04-13,68.250000,69.239998,66.529999,68.220001,67.700516,241400
2021-04-14,68.379997,69.879997,68.209999,69.519997,68.990608,178200
2021-04-15,69.449997,69.919998,66.970001,68.199997,67.680664,133400
2021-04-16,68.860001,69.720001,68.300003,69.349998,68.821907,121800
2021-04-19,69.089996,70.110001,68.510002,69.639999,69.109703,156900
2021-04-20,69.180000,69.959999,67.589996,68.000000,67.482193,231400
2021-04-21,69.000000,71.000000,66.589996,67.529999,67.015770,249600
2021-04-22,68.070000,69.360001,66.760002,67.800003,67.283722,143600
2021-04-23,67.879997,71.639999,67.669998,70.889999,70.350182,260600
2021-04-26,71.150002,72.489998,70.550003,71.839996,71.292946,190300
2021-04-27,71.540001,72.570000,71.419998,72.349998,71.799065,154100
2021-04-28,72.570000,73.290001,71.339996,73.050003,72.493744,198300
2021-04-29,73.760002,73.860001,72.650002,73.489998,72.930382,111500
2021-04-30,73.239998,73.239998,71.330002,72.029999,71.481506,217100
2021-05-03,72.489998,73.230003,71.580002,71.949997,71.402107,229600
2021-05-04,72.320000,72.360001,70.919998,71.620003,71.074631,308300
2021-05-05,70.849998,72.099998,70.849998,71.309998,70.766983,181200
2021-05-06,71.550003,74.029999,71.099998,73.949997,73.386879,213500
2021-05-07,74.379997,76.019997,73.220001,75.599998,75.024315,175000
2021-05-10,75.449997,75.750000,73.379997,73.690002,73.128868,189300
2021-05-11,72.739998,74.970001,71.279999,74.889999,74.319725,186300
2021-05-12,74.900002,75.650002,73.870003,74.290001,73.724297,293700
2021-05-13,73.830002,76.750000,73.830002,76.320000,76.045929,180600
2021-05-14,76.989998,77.400002,74.059998,77.070000,76.793236,126400
2021-05-17,77.000000,77.830002,76.129997,77.669998,77.391075,115400
2021-05-18,77.879997,78.489998,76.889999,77.120003,76.843056,228400
2021-05-19,76.330002,78.459999,76.330002,78.300003,78.018822,120200
2021-05-20,78.250000,79.160004,77.790001,79.080002,78.796013,154800
2021-05-21,79.589996,80.089996,78.720001,79.980003,79.692787,125200
2021-05-24,79.580002,80.040001,78.760002,79.489998,79.204536,439200
2021-05-25,79.300003,79.540001,77.400002,77.589996,77.311363,254400
2021-05-26,78.190002,79.160004,76.550003,78.870003,78.586769,146400
2021-05-27,79.440002,80.669998,78.580002,80.410004,80.121239,151900
2021-05-28,80.699997,81.470001,79.050003,79.720001,79.433716,112300
2021-06-01,80.059998,81.629997,78.970001,81.120003,80.828690,197400
2021-06-02,81.199997,81.620003,80.410004,81.599998,81.306961,129200
2021-06-03,81.050003,81.739998,80.389999,81.650002,81.356789,91300
2021-06-04,81.599998,82.389999,81.040001,82.000000,81.705528,129800
2021-06-07,82.059998,82.860001,82.059998,82.720001,82.422943,114800
2021-06-08,82.470001,83.050003,82.169998,82.750000,82.452835,90600
2021-06-09,82.580002,83.620003,82.040001,82.639999,82.343231,147900
2021-06-10,83.019997,83.019997,81.900002,82.040001,81.745384,78800
2021-06-11,82.230003,83.010002,82.029999,82.949997,82.652115,102000
2021-06-14,82.739998,83.870003,82.739998,83.699997,83.399422,112500
2021-06-15,83.800003,84.800003,83.720001,84.620003,84.316124,79900
2021-06-16,84.699997,84.830002,82.860001,83.040001,82.741791,111600
2021-06-17,83.000000,83.309998,82.309998,82.820000,82.522583,229400
2021-06-18,81.220001,81.870003,80.610001,80.629997,80.340446,331400
2021-06-21,81.440002,83.260002,81.029999,82.449997,82.153908,247200
2021-06-22,80.910004,81.650002,77.540001,79.379997,79.094933,266500
2021-06-23,79.430000,80.070000,78.900002,79.610001,79.324112,179800
2021-06-24,80.129997,80.940002,78.470001,80.089996,79.802383,190800
2021-06-25,80.589996,81.440002,79.230003,79.510002,79.224472,1736000
2021-06-28,79.970001,80.070000,77.110001,77.790001,77.510651,181700
2021-06-29,78.500000,78.500000,76.169998,76.430000,76.155533,121200
2021-06-30,75.970001,77.050003,75.400002,76.440002,76.165497,154600
2021-07-01,76.980003,77.559998,76.449997,77.260002,76.982552,142100
2021-07-02,77.489998,77.790001,76.370003,76.820000,76.544128,124100
2021-07-06,76.930000,76.930000,75.529999,76.400002,76.125641,82100
2021-07-07,76.339996,76.879997,75.790001,76.620003,76.344849,119300
2021-07-08,75.370003,77.360001,75.339996,76.239998,75.966209,131700
2021-07-09,77.089996,77.959999,76.940002,77.169998,76.892868,126100
2021-07-12,77.180000,78.120003,77.180000,78.120003,77.839462,98400
2021-07-13,78.000000,78.559998,77.400002,77.410004,77.132011,119300
2021-07-14,77.650002,78.010002,76.430000,76.910004,76.633812,115300
2021-07-15,76.489998,77.300003,76.239998,76.599998,76.324921,92500
2021-07-16,77.239998,77.599998,75.750000,75.760002,75.487938,98500
2021-07-19,75.669998,75.669998,73.010002,73.699997,73.435333,158300
2021-07-20,73.900002,76.029999,73.860001,74.889999,74.621063,272700
2021-07-21,75.599998,79.760002,75.599998,79.040001,78.756157,233100
2021-07-22,79.239998,79.239998,76.449997,77.040001,76.763344,267300
2021-07-23,77.190002,78.120003,73.730003,77.949997,77.670067,107000
2021-07-26,78.120003,79.110001,77.180000,77.959999,77.680038,115500
2021-07-27,77.849998,78.500000,76.760002,77.660004,77.381119,135400
2021-07-28,78.139999,78.440002,76.940002,78.339996,78.058670,98800
2021-07-29,79.129997,79.970001,78.129997,79.500000,79.214508,68100
2021-07-30,79.029999,80.489998,78.599998,79.199997,78.915581,113000
2021-08-02,79.900002,81.879997,79.019997,79.669998,79.383896,134000
2021-08-03,79.510002,81.260002,79.489998,80.830002,80.539734,98100
2021-08-04,80.230003,81.860001,78.669998,80.660004,80.370346,107400
2021-08-05,80.779999,82.339996,80.410004,82.070000,81.775276,116400
2021-08-06,82.879997,83.889999,82.019997,83.540001,83.239998,118400
2021-08-09,83.349998,83.360001,82.199997,82.470001,82.173843,142700
2021-08-10,82.449997,83.050003,81.059998,82.389999,82.094124,100700
2021-08-11,82.820000,83.559998,78.379997,83.540001,83.239998,66500
2021-08-12,83.470001,83.470001,82.029999,82.540001,82.540001,63100
2021-08-13,82.660004,83.400002,82.430000,82.970001,82.970001,88900
2021-08-16,82.470001,83.769997,81.879997,83.629997,83.629997,72500
2021-08-17,83.529999,84.940002,83.529999,84.709999,84.709999,134000
2021-08-18,84.699997,84.910004,83.559998,83.809998,83.809998,109700
2021-08-19,82.949997,84.080002,82.339996,83.449997,83.449997,85900
2021-08-20,83.230003,84.379997,82.629997,84.080002,84.080002,362800
2021-08-23,84.370003,84.760002,83.000000,83.589996,83.589996,127800
2021-08-24,83.610001,84.620003,83.040001,83.930000,83.930000,99700
2021-08-25,83.449997,84.849998,79.849998,84.550003,84.550003,90700
2021-08-26,84.690002,84.870003,83.559998,84.089996,84.089996,83600
2021-08-27,84.459999,86.070000,84.190002,85.919998,85.919998,147300
2021-08-30,86.190002,86.309998,85.070000,85.169998,85.169998,108000