Date,Open,High,Low,Close,Adj Close,Volume
2021-01-04,69.510002,70.010002,67.680000,68.290001,67.840149,129600
2021-01-05,68.129997,70.360001,68.129997,69.300003,68.843498,179000
2021-01-06,70.489998,74.419998,70.489998,73.139999,72.658195,339800
2021-01-07,73.330002,74.709999,72.099998,74.400002,73.909889,335000
2021-01-08,74.529999,75.330002,72.010002,72.680000,72.201233,180900
2021-01-11,71.800003,72.790001,71.410004,72.720001,72.240967,91300
2021-01-12,73.080002,74.230003,72.480003,74.080002,73.592010,122900
2021-01-13,73.779999,74.080002,72.559998,72.910004,72.429718,116400
2021-01-14,73.330002,74.290001,72.940002,73.459999,72.976082,124300
2021-01-15,72.430000,72.540001,70.839996,71.610001,71.138283,191100
2021-01-19,72.309998,72.910004,71.449997,72.370003,71.893272,163300
2021-01-20,72.449997,72.959999,71.669998,72.459999,71.982674,116600
2021-01-21,72.709999,72.739998,71.500000,72.360001,71.883339,109600
2021-01-22,71.669998,73.470001,71.540001,73.250000,72.767471,137700
2021-01-25,72.760002,73.760002,72.110001,73.040001,72.558853,131200
2021-01-26,73.529999,73.760002,72.160004,72.599998,72.121750,94600
2021-01-27,71.029999,71.029999,69.050003,70.120003,69.658089,168000
2021-01-28,71.169998,71.680000,69.849998,70.010002,69.548828,160500
2021-01-29,69.910004,70.110001,68.959999,69.419998,68.962700,284000
2021-02-01,70.279999,71.269997,68.660004,70.949997,70.482620,126300
2021-02-02,71.550003,72.610001,70.889999,71.419998,70.949532,137100
2021-02-03,71.029999,71.750000,70.309998,71.559998,71.263222,128300
2021-02-04,71.410004,72.349998,70.820000,72.050003,71.751190,78400
2021-02-05,72.830002,73.129997,71.889999,73.099998,72.796837,89200
2021-02-08,73.879997,75.620003,73.650002,75.589996,75.276505,116500
2021-02-09,75.599998,76.000000,74.239998,75.519997,75.206795,107600
2021-02-10,76.059998,76.059998,74.620003,75.059998,74.748703,94000
2021-02-11,75.540001,76.370003,74.739998,75.860001,75.545387,157200
2021-02-12,75.410004,75.949997,73.870003,74.809998,74.499741,107200
2021-02-16,75.040001,77.900002,74.769997,75.360001,75.047462,128600
2021-02-17,74.660004,75.870003,74.250000,74.489998,74.181061,126300
2021-02-18,74.080002,74.349998,72.949997,73.139999,72.836670,158000
2021-02-19,73.529999,74.449997,73.500000,73.620003,73.314682,321200
2021-02-22,73.160004,76.169998,72.540001,75.620003,75.306389,213100
2021-02-23,75.279999,76.660004,71.400002,75.059998,74.748703,194000
2021-02-24,74.559998,78.220001,74.559998,77.930000,77.606804,181900
2021-02-25,77.230003,77.809998,75.330002,75.400002,75.087296,104900
2021-02-26,75.489998,76.129997,73.879997,75.059998,74.748703,203100
2021-03-01,76.260002,76.849998,75.080002,76.260002,75.943726,147600
2021-03-02,76.220001,76.220001,74.440002,75.110001,74.798500,95200
2021-03-03,75.519997,76.300003,74.699997,75.339996,75.027542,115000
2021-03-04,75.260002,76.029999,73.070000,73.720001,73.414261,203100
2021-03-05,74.790001,77.680000,73.910004,77.160004,76.839996,296600
2021-03-08,77.480003,79.349998,77.220001,78.419998,78.094765,156000
2021-03-09,79.470001,79.470001,77.059998,77.430000,77.108871,124300
2021-03-10,77.809998,79.080002,77.139999,79.019997,78.692276,160400
2021-03-11,79.199997,79.580002,78.269997,79.120003,78.791870,293900
2021-03-12,79.519997,79.980003,78.449997,79.699997,79.369461,144000
2021-03-15,79.410004,79.410004,77.959999,79.099998,78.771950,148700
2021-03-16,78.489998,79.389999,76.949997,79.070000,78.742073,174000
2021-03-17,79.260002,81.239998,78.959999,80.489998,80.156189,212200
2021-03-18,80.019997,82.139999,79.250000,79.730003,79.399338,191500
2021-03-19,79.349998,79.360001,77.599998,78.910004,78.582741,751000
2021-03-22,79.500000,79.510002,76.449997,77.629997,77.308044,142300
2021-03-23,76.680000,77.559998,76.330002,76.699997,76.381905,263500
2021-03-24,77.599998,79.070000,76.470001,76.470001,76.152863,217700
2021-03-25,76.230003,78.279999,75.160004,77.720001,77.397675,156200
2021-03-26,78.389999,79.839996,77.349998,79.660004,79.329628,162200
2021-03-29,79.389999,80.449997,77.739998,77.809998,77.487297,169400
2021-03-30,78.000000,79.169998,76.860001,78.900002,78.572784,171900
2021-03-31,79.080002,79.860001,78.220001,78.940002,78.612617,228900
2021-04-01,79.110001,80.550003,78.459999,80.230003,79.897263,162300
2021-04-05,80.820000,81.680000,80.169998,81.589996,81.251617,106100
2021-04-06,81.370003,82.989998,81.309998,81.820000,81.480667,147500
2021-04-07,81.500000,82.000000,79.239998,79.510002,79.180252,128000
2021-04-08,80.000000,80.000000,79.000000,79.900002,79.568634,111500
2021-04-09,80.059998,81.199997,79.440002,80.989998,80.654106,117000
2021-04-12,80.970001,81.459999,79.970001,80.959999,80.624237,81900
2021-04-13,80.610001,80.970001,79.250000,79.739998,79.409294,109800
2021-04-14,79.669998,80.639999,79.529999,80.139999,79.807632,107400
2021-04-15,80.360001,81.110001,79.599998,80.980003,80.644157,77900
2021-04-16,81.650002,82.129997,80.639999,81.419998,81.082329,178600
2021-04-19,81.190002,81.190002,79.940002,81.000000,80.664070,136800
2021-04-20,80.449997,81.070000,79.379997,80.269997,79.937096,202000
2021-04-21,80.300003,81.610001,80.010002,81.430000,81.092285,111000
2021-04-22,81.790001,82.419998,80.720001,80.750000,80.415108,259700
2021-04-23,80.980003,82.820000,80.610001,82.389999,82.048302,173400
2021-04-26,82.500000,83.000000,81.199997,81.389999,81.052452,122300
2021-04-27,82.000000,82.980003,80.379997,81.970001,81.630043,155300
2021-04-28,81.620003,82.599998,80.820000,81.300003,80.962830,117000
2021-04-29,81.669998,82.610001,81.190002,82.480003,82.137932,98800
2021-04-30,81.720001,84.070000,80.760002,81.269997,80.932945,303700
2021-05-03,81.959999,84.000000,81.470001,83.980003,83.631714,311000
2021-05-04,83.419998,87.000000,83.419998,86.379997,86.021759,300500
2021-05-05,86.400002,86.820000,84.959999,85.690002,85.507858,275400
2021-05-06,85.650002,86.989998,84.800003,86.940002,86.755203,134700
2021-05-07,86.849998,87.269997,86.370003,86.910004,86.725266,133100
2021-05-10,87.199997,87.699997,85.470001,85.540001,85.358177,168300
2021-05-11,84.089996,85.940002,83.730003,84.730003,84.549896,200600
2021-05-12,84.699997,85.459999,81.559998,82.010002,81.835678,165600
2021-05-13,82.639999,86.410004,82.260002,85.949997,85.767303,233900
2021-05-14,86.809998,87.230003,85.779999,86.980003,86.795120,155900
2021-05-17,86.540001,86.830002,84.320000,85.129997,84.949043,157300
2021-05-18,85.220001,85.220001,83.190002,83.190002,83.013168,142500
2021-05-19,83.370003,83.690002,80.930000,81.889999,81.715935,186900
2021-05-20,81.879997,81.959999,80.529999,81.099998,80.927612,251500
2021-05-21,81.629997,82.120003,80.870003,81.360001,81.187057,380000
2021-05-24,81.519997,82.839996,80.610001,82.169998,81.995338,203100
2021-05-25,82.269997,83.680000,81.949997,82.639999,82.464340,307300
2021-05-26,83.160004,84.250000,82.860001,83.440002,83.262642,193300
2021-05-27,84.139999,85.180000,83.529999,84.279999,84.100853,301300
2021-05-28,84.669998,85.220001,83.330002,83.889999,83.711678,125400
2021-06-01,84.760002,85.980003,83.930000,85.610001,85.428024,246300
2021-06-02,85.739998,85.900002,83.650002,84.080002,83.901283,221400
2021-06-03,83.940002,83.940002,81.830002,82.110001,81.935463,272200
2021-06-04,82.629997,83.260002,81.750000,83.040001,82.863487,130600
2021-06-07,83.040001,83.339996,82.550003,82.900002,82.723785,111700
2021-06-08,83.230003,83.440002,82.459999,83.199997,83.023148,100500
2021-06-09,83.180000,83.500000,81.330002,81.339996,81.167099,97400
2021-06-10,81.889999,81.889999,80.519997,80.650002,80.478569,90200
2021-06-11,80.860001,81.169998,80.040001,80.860001,80.688126,90500
2021-06-14,80.559998,80.849998,79.529999,80.000000,79.829948,127500
2021-06-15,80.220001,80.970001,79.930000,80.809998,80.638229,124700
2021-06-16,80.930000,81.320000,80.209999,80.980003,80.807869,128500
2021-06-17,81.089996,81.190002,78.169998,78.970001,78.802139,158500
2021-06-18,77.489998,78.599998,76.699997,76.760002,76.596840,301100
2021-06-21,77.379997,79.269997,77.110001,78.870003,78.702354,110300
2021-06-22,78.889999,80.269997,78.239998,78.989998,78.822098,179500
2021-06-23,78.830002,79.510002,78.419998,78.639999,78.472839,243100
2021-06-24,78.910004,79.709999,78.370003,79.279999,79.111481,139800
2021-06-25,79.639999,81.029999,78.930000,79.290001,79.121460,565800
2021-06-28,79.150002,79.820000,78.580002,79.599998,79.430801,158400
2021-06-29,79.839996,80.639999,79.760002,80.309998,80.139290,82200
2021-06-30,80.120003,80.820000,79.820000,80.620003,80.448639,114500
2021-07-01,80.980003,81.330002,80.769997,81.080002,80.907654,162200
2021-07-02,80.949997,81.349998,80.250000,80.349998,80.179207,97200
2021-07-06,80.419998,80.419998,78.519997,79.510002,79.340996,109800
2021-07-07,79.199997,80.709999,78.769997,80.430000,80.259033,135700
2021-07-08,79.169998,80.470001,78.669998,79.620003,79.450760,128100
2021-07-09,80.370003,81.330002,80.129997,81.160004,80.987488,103900
2021-07-12,80.980003,82.110001,80.169998,81.940002,81.765831,148700
2021-07-13,81.940002,82.059998,80.180000,80.459999,80.288971,117400
2021-07-14,80.570000,80.870003,79.309998,80.269997,80.099373,75400
2021-07-15,79.790001,81.750000,79.699997,80.529999,80.358826,84700
2021-07-16,80.849998,81.290001,79.870003,80.110001,79.939720,90200
2021-07-19,78.959999,80.220001,78.220001,78.980003,78.812119,130700
2021-07-20,79.199997,82.129997,79.070000,81.669998,81.496399,179400
2021-07-21,82.279999,82.790001,81.260002,82.050003,81.875595,95200
2021-07-22,82.120003,82.739998,80.480003,80.709999,80.538437,79800
2021-07-23,81.330002,82.180000,80.970001,82.019997,81.845650,75600
2021-07-26,82.419998,82.709999,81.029999,82.540001,82.364555,147400
2021-07-27,81.779999,82.389999,79.559998,80.550003,80.378784,165200
2021-07-28,81.279999,81.510002,79.290001,80.139999,79.969650,108200
2021-07-29,79.720001,81.500000,79.720001,80.730003,80.558403,145700
2021-07-30,80.760002,81.800003,80.709999,81.760002,81.586212,186400
2021-08-02,82.099998,83.480003,80.589996,80.830002,80.658188,142900
2021-08-03,81.180000,82.519997,80.599998,82.330002,82.154999,172400
2021-08-04,81.750000,82.400002,81.330002,81.639999,81.639999,119700
2021-08-05,82.209999,82.769997,81.610001,82.739998,82.739998,136800
2021-08-06,83.769997,84.139999,82.699997,82.739998,82.739998,165000
2021-08-09,82.050003,82.650002,81.099998,81.290001,81.290001,95400
2021-08-10,81.290001,82.599998,80.889999,82.400002,82.400002,131600
2021-08-11,82.739998,83.209999,82.459999,83.099998,83.099998,103900
2021-08-12,83.500000,83.589996,82.180000,82.639999,82.639999,115800
2021-08-13,82.919998,83.160004,82.199997,82.949997,82.949997,106400
2021-08-16,82.709999,83.320000,82.160004,82.839996,82.839996,98300
2021-08-17,82.610001,82.750000,80.949997,82.230003,82.230003,169100
2021-08-18,81.889999,82.739998,81.410004,81.790001,81.790001,131300
2021-08-19,81.269997,81.870003,80.589996,81.220001,81.220001,157900
2021-08-20,81.209999,82.730003,81.050003,82.660004,82.660004,135900
2021-08-23,83.269997,83.389999,82.500000,83.230003,83.230003,72300
2021-08-24,83.500000,83.699997,83.029999,83.279999,83.279999,86100
2021-08-25,83.470001,84.830002,82.919998,84.150002,84.150002,109400
2021-08-26,84.300003,84.300003,83.010002,83.010002,83.010002,105300
2021-08-27,83.430000,85.519997,83.419998,85.260002,85.260002,213900
2021-08-30,85.500000,86.260002,84.650002,85.809998,85.809998,108300