Date,Open,High,Low,Close,Adj Close,Volume
2021-01-04,36.439999,37.660000,35.169998,35.820000,35.622360,601200
2021-01-05,35.869999,36.939999,35.869999,36.509998,36.308552,561400
2021-01-06,37.419998,39.840000,37.419998,39.320000,39.103050,889000
2021-01-07,39.349998,40.540001,39.040001,39.880001,39.659962,639200
2021-01-08,39.910000,39.910000,37.959999,38.669998,38.456635,525500
2021-01-11,38.139999,39.049999,38.139999,38.980000,38.764923,290700
2021-01-12,39.259998,40.349998,39.180000,39.990002,39.769356,377900
2021-01-13,39.740002,39.889999,39.060001,39.549999,39.331783,303300
2021-01-14,39.759998,40.599998,39.639999,40.349998,40.127369,339300
2021-01-15,39.480000,40.209999,39.330002,39.970001,39.749466,360200
2021-01-19,40.250000,40.520000,39.889999,40.099998,39.878746,396500
2021-01-20,40.290001,40.540001,39.630001,40.419998,40.196980,400700
2021-01-21,40.570000,40.959999,39.380001,39.709999,39.490898,343800
2021-01-22,39.130001,40.889999,39.119999,40.810001,40.584831,519600
2021-01-25,41.040001,41.040001,39.680000,40.410000,40.187038,476600
2021-01-26,40.639999,40.840000,39.799999,40.049999,39.829021,404100
2021-01-27,39.290001,40.950001,39.080002,39.889999,39.669907,708700
2021-01-28,40.599998,40.950001,38.830002,38.900002,38.685371,468600
2021-01-29,38.700001,39.720001,37.880001,37.880001,37.670994,517700
2021-02-01,37.910000,39.110001,37.500000,38.840000,38.625702,431400
2021-02-02,39.310001,39.570000,38.680000,39.470001,39.252224,409200
2021-02-03,39.110001,39.560001,38.470001,39.119999,38.904152,279600
2021-02-04,39.410000,41.099998,38.869999,41.049999,40.823505,780800
2021-02-05,41.500000,41.500000,40.470001,40.860001,40.634556,431300
2021-02-08,40.990002,41.779999,39.860001,41.740002,41.509697,361200
2021-02-09,41.630001,42.720001,40.349998,42.709999,42.474346,308800
2021-02-10,42.889999,43.180000,42.160000,42.439999,42.205833,416700
2021-02-11,42.570000,42.970001,41.689999,42.299999,42.066608,315600
2021-02-12,42.310001,42.869999,42.110001,42.430000,42.195892,276100
2021-02-16,42.820000,42.930000,42.330002,42.689999,42.454453,271200
2021-02-17,42.369999,43.110001,42.369999,42.720001,42.484291,214500
2021-02-18,42.560001,42.860001,42.230000,42.540001,42.305283,228900
2021-02-19,42.709999,43.720001,42.709999,43.700001,43.458885,410000
2021-02-22,43.459999,45.160000,43.410000,45.060001,44.811382,390500
2021-02-23,45.220001,45.919998,44.240002,45.660000,45.408070,441700
2021-02-24,46.000000,47.450001,45.639999,46.650002,46.392612,454400
2021-02-25,47.150002,47.310001,45.680000,45.970001,45.716362,345800
2021-02-26,45.590000,45.930000,44.630001,44.660000,44.413589,619900
2021-03-01,45.570000,45.700001,44.930000,45.500000,45.248955,470900
2021-03-02,45.209999,45.549999,44.570000,44.770000,44.522980,486200
2021-03-03,45.200001,47.000000,45.000000,46.419998,46.163876,762800
2021-03-04,45.070000,46.860001,44.419998,44.889999,44.642315,644200
2021-03-05,45.950001,46.869999,44.509998,46.709999,46.452278,621400
2021-03-08,47.290001,48.459999,47.080002,48.169998,47.904221,392200
2021-03-09,47.880001,49.049999,46.639999,48.099998,47.834602,510300
2021-03-10,48.090000,49.259998,47.480000,48.990002,48.719696,509500
2021-03-11,49.009998,49.950001,48.910000,49.770000,49.495396,515900
2021-03-12,50.000000,51.299999,48.310001,50.990002,50.708664,741000
2021-03-15,51.240002,51.599998,50.009998,50.500000,50.349731,512600
2021-03-16,50.060001,50.250000,49.250000,50.200001,50.050625,501400
2021-03-17,50.660000,50.860001,49.070000,49.790001,49.641846,607800
2021-03-18,50.060001,51.430000,49.380001,49.500000,49.352707,446800
2021-03-19,49.419998,49.790001,48.169998,48.619999,48.475327,2745500
2021-03-22,48.240002,49.619999,46.730000,47.049999,46.910000,595600
2021-03-23,46.439999,47.009998,44.980000,45.169998,45.035591,681300
2021-03-24,45.669998,47.849998,45.189999,45.189999,45.055531,532000
2021-03-25,45.040001,47.259998,44.959999,47.020000,46.880089,682300
2021-03-26,47.849998,48.740002,47.060001,48.680000,48.535149,678600
2021-03-29,48.000000,48.669998,46.480000,46.680000,46.541100,630500
2021-03-30,47.180000,47.900002,46.730000,47.400002,47.258961,583600
2021-03-31,47.439999,48.009998,46.660000,46.730000,46.590950,1710400
2021-04-01,46.410000,47.099998,46.200001,46.840000,46.700623,417300
2021-04-05,47.599998,47.599998,46.610001,47.040001,46.900028,488600
2021-04-06,46.759998,47.150002,46.259998,46.619999,46.481277,280800
2021-04-07,46.849998,46.990002,45.840000,46.009998,45.873093,344500
2021-04-08,45.820000,46.299999,45.180000,46.230000,46.092438,438400
2021-04-09,46.660000,46.849998,46.209999,46.759998,46.620861,212200
2021-04-12,47.180000,47.490002,46.750000,47.160000,47.019672,415700
2021-04-13,46.840000,46.840000,45.639999,46.029999,45.893032,293800
2021-04-14,45.910000,46.990002,45.910000,46.580002,46.441399,263300
2021-04-15,46.720001,46.720001,45.799999,46.689999,46.551067,266100
2021-04-16,47.259998,47.490002,46.900002,47.200001,47.059555,330400
2021-04-19,47.070000,47.520000,46.270000,46.900002,46.760448,419100
2021-04-20,46.470001,46.779999,45.220001,45.439999,45.304787,427600
2021-04-21,45.349998,46.830002,45.250000,46.689999,46.551067,369100
2021-04-22,46.820000,47.000000,45.750000,46.430000,46.291843,434800
2021-04-23,47.000000,48.840000,46.840000,48.189999,48.046604,564100
2021-04-26,48.900002,49.410000,48.340000,48.570000,48.425476,357900
2021-04-27,48.400002,49.810001,48.060001,49.599998,49.452408,704500
2021-04-28,49.820000,49.939999,48.709999,49.580002,49.432472,360900
2021-04-29,50.000000,50.430000,49.369999,49.759998,49.611935,376400
2021-04-30,49.209999,49.950001,48.770000,49.080002,48.933960,537800
2021-05-03,49.669998,50.169998,49.029999,49.810001,49.661789,396200
2021-05-04,49.639999,50.250000,49.330002,50.200001,50.050625,498200
2021-05-05,50.009998,50.880001,49.639999,50.689999,50.539165,449300
2021-05-06,50.919998,51.230000,49.970001,50.790001,50.638870,477900
2021-05-07,49.900002,50.099998,49.470001,49.970001,49.821312,480900
2021-05-10,50.029999,50.520000,49.630001,49.750000,49.601963,655700
2021-05-11,49.240002,50.119999,49.220001,49.360001,49.213127,481500
2021-05-12,49.790001,50.080002,48.139999,48.180000,48.036636,536300
2021-05-13,48.020000,50.810001,48.020000,50.509998,50.359703,630400
2021-05-14,50.549999,51.520000,50.200001,51.330002,51.177265,465800
2021-05-17,51.169998,51.419998,50.490002,51.340000,51.187233,546800
2021-05-18,51.160000,51.900002,50.410000,50.450001,50.299881,370600
2021-05-19,50.320000,50.320000,48.970001,49.730000,49.582024,477400
2021-05-20,49.299999,49.639999,48.689999,49.380001,49.233067,252200
2021-05-21,50.240002,50.240002,49.419998,49.959999,49.811340,375800
2021-05-24,50.020000,50.020000,49.220001,49.619999,49.472351,279400
2021-05-25,49.610001,50.169998,48.410000,48.430000,48.285892,329700
2021-05-26,48.480000,49.189999,48.139999,49.150002,49.003750,308900
2021-05-27,49.930000,50.270000,49.459999,49.930000,49.781429,352200
2021-05-28,49.970001,50.380001,49.369999,50.349998,50.200176,326300
2021-06-01,50.000000,51.139999,50.000000,51.020000,50.868187,318900
2021-06-02,51.299999,51.480000,50.290001,50.480000,50.329792,384500
2021-06-03,50.750000,51.759998,50.560001,51.590000,51.436489,439700
2021-06-04,51.759998,51.759998,51.099998,51.660000,51.506283,240600
2021-06-07,51.900002,52.369999,51.540001,51.799999,51.645863,453600
2021-06-08,51.060001,52.490002,51.000000,52.389999,52.234108,527800
2021-06-09,52.029999,52.220001,51.320000,51.599998,51.446457,354500
2021-06-10,51.919998,52.259998,51.000000,51.009998,50.858215,304800
2021-06-11,51.180000,51.610001,51.009998,51.450001,51.296906,402400
2021-06-14,51.700001,51.889999,50.130001,50.410000,50.260002,464500
2021-06-15,50.540001,51.759998,50.439999,51.230000,51.230000,332300
2021-06-16,51.080002,52.020000,50.470001,51.689999,51.689999,313900
2021-06-17,52.130001,52.259998,49.389999,49.490002,49.490002,552300
2021-06-18,48.509998,49.250000,46.520000,46.590000,46.590000,2041500
2021-06-21,47.580002,48.840000,47.139999,48.439999,48.439999,823900
2021-06-22,48.730000,48.820000,47.360001,48.529999,48.529999,368500
2021-06-23,48.599998,49.070000,48.220001,48.380001,48.380001,397100
2021-06-24,48.400002,49.299999,48.160000,49.220001,49.220001,473900
2021-06-25,49.450001,50.000000,49.200001,49.720001,49.720001,1583900
2021-06-28,49.430000,49.430000,48.380001,48.700001,48.700001,716000
2021-06-29,52.060001,52.060001,48.650002,48.939999,48.939999,495000
2021-06-30,48.660000,49.520000,48.660000,49.130001,49.130001,642800
2021-07-01,49.549999,49.799999,49.180000,49.470001,49.470001,392300
2021-07-02,49.250000,49.669998,48.869999,49.380001,49.380001,411500
2021-07-06,49.150002,49.150002,47.630001,47.919998,47.919998,369400
2021-07-07,47.599998,48.860001,47.599998,48.139999,48.139999,358200
2021-07-08,47.139999,48.139999,46.900002,47.540001,47.540001,345500
2021-07-09,48.439999,49.610001,47.990002,49.540001,49.540001,402100
2021-07-12,49.020000,49.840000,48.419998,49.799999,49.799999,245500
2021-07-13,49.700001,49.700001,48.619999,48.900002,48.900002,192100
2021-07-14,49.029999,49.669998,48.209999,48.709999,48.709999,296900
2021-07-15,48.220001,49.500000,47.830002,49.279999,49.279999,392700
2021-07-16,49.599998,49.669998,48.049999,48.060001,48.060001,314700
2021-07-19,46.970001,47.790001,46.630001,46.990002,46.990002,443900
2021-07-20,46.970001,49.380001,46.750000,48.180000,48.180000,659000
2021-07-21,48.810001,49.180000,48.509998,48.689999,48.689999,359000
2021-07-22,48.500000,48.669998,47.290001,47.520000,47.520000,270800
2021-07-23,48.740002,48.740002,47.279999,47.900002,47.900002,236000
2021-07-26,47.910000,48.509998,47.860001,48.259998,48.259998,208600
2021-07-27,47.980000,48.360001,47.430000,47.830002,47.830002,266300
2021-07-28,48.360001,49.110001,47.959999,48.750000,48.750000,422900
2021-07-29,49.299999,49.730000,48.509998,49.380001,49.380001,326000
2021-07-30,49.380001,49.970001,48.650002,48.840000,48.840000,363200
2021-08-02,48.939999,49.669998,47.740002,47.770000,47.770000,459900
2021-08-03,47.889999,48.680000,47.209999,48.330002,48.330002,525600
2021-08-04,47.709999,48.389999,47.560001,47.820000,47.820000,293100
2021-08-05,48.380001,48.680000,48.060001,48.470001,48.470001,415200
2021-08-06,49.209999,49.970001,48.830002,49.689999,49.689999,391600
2021-08-09,48.669998,49.919998,48.669998,49.250000,49.250000,341800
2021-08-10,49.209999,49.970001,49.169998,49.790001,49.790001,190800
2021-08-11,49.840000,50.490002,49.270000,50.459999,50.459999,241000
2021-08-12,50.450001,50.450001,49.490002,49.509998,49.509998,202100
2021-08-13,49.959999,49.959999,48.840000,48.939999,48.939999,209100
2021-08-16,48.509998,48.910000,48.119999,48.910000,48.910000,221200
2021-08-17,48.590000,48.880001,47.820000,48.509998,48.509998,310300
2021-08-18,48.250000,48.959999,47.939999,48.000000,48.000000,222900
2021-08-19,47.549999,47.980000,47.270000,47.639999,47.639999,269700
2021-08-20,47.439999,48.650002,47.259998,48.520000,48.520000,376500
2021-08-23,48.900002,49.160000,48.529999,48.709999,48.709999,173700
2021-08-24,48.700001,48.980000,48.500000,48.549999,48.549999,205300
2021-08-25,48.610001,49.080002,48.380001,48.410000,48.410000,263500
2021-08-26,48.459999,48.599998,47.340000,47.470001,47.470001,318000
2021-08-27,47.599998,48.939999,47.599998,48.840000,48.840000,702300
2021-08-30,48.849998,48.880001,47.400002,47.529999,47.529999,258800