Date,Open,High,Low,Close,Adj Close,Volume
2021-01-04,28.940001,29.299999,27.920000,28.040001,27.297508,527400
2021-01-05,28.010000,28.629999,27.969999,28.440001,27.686914,456200
2021-01-06,29.150000,30.510000,28.879999,30.120001,29.322428,1133800
2021-01-07,30.250000,30.730000,30.170000,30.500000,29.692366,343900
2021-01-08,30.790001,30.850000,29.780001,30.320000,29.517130,320300
2021-01-11,30.020000,30.459999,29.940001,30.219999,29.419779,410600
2021-01-12,30.590000,31.160000,30.480000,30.540001,29.731308,530300
2021-01-13,30.620001,30.730000,30.100000,30.500000,29.692366,485400
2021-01-14,30.680000,31.360001,30.320000,31.129999,30.305683,398500
2021-01-15,30.510000,31.040001,30.160000,30.740000,29.926008,401600
2021-01-19,31.049999,31.049999,30.430000,30.889999,30.072037,366400
2021-01-20,30.940001,31.250000,30.520000,30.830000,30.013628,488500
2021-01-21,30.830000,30.940001,30.139999,30.150000,29.351631,372700
2021-01-22,29.840000,30.270000,29.670000,29.950001,29.156929,393700
2021-01-25,29.639999,30.200001,29.260000,29.660000,28.874609,496900
2021-01-26,29.790001,30.000000,29.350000,29.690001,28.903816,532500
2021-01-27,29.770000,29.990000,28.430000,28.629999,27.871883,1390100
2021-01-28,28.980000,30.000000,28.709999,29.299999,28.524139,1080700
2021-01-29,28.790001,29.209999,26.780001,27.000000,26.285046,1141400
2021-02-01,27.200001,27.559999,26.370001,27.520000,26.791275,823800
2021-02-02,27.840000,27.990000,27.090000,27.240000,26.518690,839400
2021-02-03,27.120001,27.969999,27.030001,27.750000,27.015184,734800
2021-02-04,27.400000,28.450001,27.260000,28.100000,27.624699,770300
2021-02-05,28.240000,28.570000,27.910000,28.389999,27.909792,578800
2021-02-08,28.559999,29.350000,28.219999,29.350000,28.853554,577800
2021-02-09,29.209999,29.400000,28.750000,29.049999,28.558628,576200
2021-02-10,29.240000,29.340000,28.389999,28.670000,28.185057,669400
2021-02-11,28.670000,28.860001,27.780001,28.170000,27.693514,554900
2021-02-12,28.020000,28.450001,27.950001,28.170000,27.693514,551900
2021-02-16,28.389999,28.799999,28.139999,28.590000,28.106411,533200
2021-02-17,28.370001,28.370001,27.549999,28.129999,27.654190,829500
2021-02-18,27.980000,28.049999,27.170000,27.190001,26.730091,805300
2021-02-19,27.320000,27.969999,27.049999,27.600000,27.133156,556900
2021-02-22,27.590000,27.740000,27.049999,27.430000,26.966032,522600
2021-02-23,27.230000,27.440001,26.580000,26.980000,26.523642,696600
2021-02-24,27.170000,28.370001,26.889999,28.219999,27.742666,614900
2021-02-25,28.370001,28.620001,27.360001,27.530001,27.064339,690000
2021-02-26,27.610001,27.620001,26.700001,26.719999,26.268040,985200
2021-03-01,27.510000,28.930000,27.200001,28.730000,28.244041,798200
2021-03-02,28.750000,28.750000,28.049999,28.090000,27.614868,517800
2021-03-03,28.309999,29.280001,28.230000,28.809999,28.322689,683100
2021-03-04,28.840000,29.219999,28.160000,28.650000,28.165394,827000
2021-03-05,29.360001,30.059999,28.670000,29.990000,29.482729,842400
2021-03-08,30.389999,30.450001,29.740000,29.900000,29.394251,762700
2021-03-09,30.150000,30.219999,29.500000,30.010000,29.502390,510700
2021-03-10,30.059999,31.500000,29.940001,31.350000,30.819725,827200
2021-03-11,31.299999,31.379999,30.629999,30.889999,30.367506,468400
2021-03-12,31.129999,31.389999,30.870001,31.150000,30.623108,805500
2021-03-15,31.139999,31.450001,30.600000,31.430000,30.898373,493200
2021-03-16,31.330000,31.459999,30.559999,30.780001,30.259369,407000
2021-03-17,30.830000,31.080000,30.459999,30.740000,30.220043,728800
2021-03-18,30.980000,31.070000,30.000000,30.059999,29.551546,611800
2021-03-19,30.139999,30.639999,29.690001,30.309999,29.797318,1867000
2021-03-22,30.100000,30.620001,29.900000,30.450001,29.934950,498100
2021-03-23,30.110001,30.350000,29.219999,29.330000,28.833893,665200
2021-03-24,29.580000,30.190001,29.389999,29.389999,28.892878,419300
2021-03-25,29.250000,29.980000,28.820000,29.809999,29.305775,743500
2021-03-26,30.000000,30.840000,29.879999,30.809999,30.288858,589500
2021-03-29,30.430000,31.500000,30.379999,31.059999,30.534630,711200
2021-03-30,31.090000,31.700001,31.070000,31.490000,30.957357,671300
2021-03-31,31.370001,31.850000,31.010000,31.299999,30.770571,1032700
2021-04-01,31.420000,31.520000,30.719999,31.110001,30.583786,668800
2021-04-05,31.480000,31.650000,31.100000,31.549999,31.016342,689600
2021-04-06,31.730000,31.860001,31.020000,31.049999,30.524799,500800
2021-04-07,30.950001,31.170000,30.780001,31.090000,30.564123,379000
2021-04-08,31.139999,31.240000,30.889999,31.120001,30.593616,465000
2021-04-09,31.360001,31.510000,30.959999,31.350000,30.819725,388100
2021-04-12,31.280001,31.620001,31.180000,31.520000,30.986851,817000
2021-04-13,31.219999,31.420000,30.719999,30.910000,30.387167,487400
2021-04-14,30.799999,31.500000,30.799999,31.250000,30.721416,285900
2021-04-15,31.540001,31.830000,31.299999,31.709999,31.173635,583000
2021-04-16,31.990000,31.990000,30.650000,31.120001,30.593616,655000
2021-04-19,30.330000,30.700001,29.540001,30.170000,29.659685,1597100
2021-04-20,30.000000,30.190001,29.629999,29.870001,29.364761,780300
2021-04-21,29.770000,30.379999,29.540001,30.040001,29.531885,649200
2021-04-22,30.129999,30.170000,29.440001,29.600000,29.099327,592400
2021-04-23,29.639999,30.370001,29.639999,30.209999,29.699007,613700
2021-04-26,30.459999,30.750000,30.049999,30.150000,29.640022,467500
2021-04-27,30.020000,30.299999,29.639999,29.820000,29.315605,835700
2021-04-28,29.840000,30.170000,29.740000,30.110001,29.600700,517500
2021-04-29,30.420000,30.500000,29.780001,30.200001,29.689178,936500
2021-04-30,29.230000,29.520000,27.879999,28.799999,28.312857,2550300
2021-05-03,28.790001,29.459999,28.580000,29.219999,28.725754,1588800
2021-05-04,29.030001,30.639999,29.030001,30.549999,30.033257,1216600
2021-05-05,30.639999,32.000000,30.250000,31.930000,31.389915,1429500
2021-05-06,31.850000,32.349998,31.469999,32.340000,32.064114,976500
2021-05-07,31.940001,32.880001,31.910000,32.720001,32.440872,1246100
2021-05-10,32.990002,34.029999,32.869999,33.330002,33.045670,1335500
2021-05-11,32.810001,33.209999,32.000000,32.110001,31.836077,1192400
2021-05-12,32.240002,33.209999,31.959999,32.360001,32.083942,1655900
2021-05-13,32.299999,33.590000,32.130001,33.250000,32.966351,1197400
2021-05-14,33.590000,33.590000,32.910000,33.250000,32.966351,816800
2021-05-17,33.049999,33.130001,31.740000,31.860001,31.588209,1174400
2021-05-18,31.780001,32.099998,31.219999,31.219999,30.953669,863700
2021-05-19,30.910000,31.650000,30.430000,31.570000,31.300682,1040500
2021-05-20,31.639999,31.799999,31.230000,31.580000,31.310596,884800
2021-05-21,31.809999,32.000000,31.530001,31.840000,31.568380,763400
2021-05-24,32.160000,32.310001,31.719999,32.029999,31.756758,650600
2021-05-25,32.139999,32.410000,31.650000,31.660000,31.389915,735600
2021-05-26,31.780001,31.969999,31.500000,31.520000,31.251110,708600
2021-05-27,31.840000,32.209999,31.780001,32.130001,31.855907,905200
2021-05-28,32.099998,32.099998,31.629999,31.799999,31.528721,565000
2021-06-01,32.240002,32.400002,31.790001,32.020000,31.746845,578000
2021-06-02,32.139999,32.160000,31.549999,31.559999,31.290768,889700
2021-06-03,31.340000,31.959999,31.260000,31.860001,31.588209,840200
2021-06-04,31.910000,32.700001,31.650000,32.619999,32.341724,854700
2021-06-07,32.860001,32.950001,32.380001,32.529999,32.252491,691700
2021-06-08,32.450001,32.490002,31.969999,32.340000,32.064114,788900
2021-06-09,32.290001,32.680000,32.150002,32.310001,32.034370,874100
2021-06-10,32.680000,32.810001,32.090000,32.110001,31.836077,495300
2021-06-11,32.259998,32.570000,32.200001,32.560001,32.282238,718600
2021-06-14,32.490002,32.680000,31.900000,32.180000,31.905479,676900
2021-06-15,32.200001,32.930000,31.980000,32.570000,32.292152,955900
2021-06-16,32.330002,34.560001,32.270000,34.110001,33.819016,1578500
2021-06-17,33.900002,34.320000,33.180000,33.439999,33.154728,1112800
2021-06-18,33.470001,33.470001,32.480000,32.740002,32.460705,1679900
2021-06-21,32.930000,33.779999,32.830002,33.549999,33.263790,718900
2021-06-22,33.439999,33.439999,32.750000,33.320000,33.035755,566500
2021-06-23,33.270000,33.580002,33.150002,33.410000,33.124985,531000
2021-06-24,33.669998,34.029999,33.270000,33.950001,33.660381,651000
2021-06-25,33.919998,34.639999,33.820000,34.619999,34.324661,3063200
2021-06-28,34.500000,34.500000,33.259998,33.669998,33.382767,643900
2021-06-29,33.990002,34.099998,33.590000,33.630001,33.343109,497900
2021-06-30,33.490002,34.060001,33.360001,33.910000,33.620720,534600
2021-07-01,34.060001,34.540001,33.860001,34.340000,34.047054,780200
2021-07-02,34.349998,34.369999,34.070000,34.310001,34.017311,277000
2021-07-06,34.160000,34.160000,33.000000,33.419998,33.134899,520100
2021-07-07,33.189999,33.669998,33.060001,33.419998,33.134899,484000
2021-07-08,32.840000,33.099998,32.169998,32.599998,32.321896,525900
2021-07-09,33.250000,33.450001,33.119999,33.430000,33.144817,819100
2021-07-12,33.389999,34.509998,33.279999,34.250000,33.957821,828600
2021-07-13,34.299999,34.299999,33.660000,33.820000,33.531487,530200
2021-07-14,33.730000,33.910000,32.990002,33.130001,32.847374,645600
2021-07-15,32.650002,33.560001,32.650002,33.250000,32.966351,681300
2021-07-16,33.619999,33.810001,33.139999,33.270000,32.986179,775100
2021-07-19,32.380001,32.650002,31.299999,31.660000,31.389915,835900
2021-07-20,31.799999,32.779999,31.490000,32.459999,32.183090,782700
2021-07-21,32.959999,33.439999,32.689999,32.900002,32.619339,701000
2021-07-22,32.709999,32.709999,31.889999,32.070000,31.796417,374200
2021-07-23,32.509998,32.549999,32.040001,32.320000,32.044285,239100
2021-07-26,32.500000,32.930000,32.419998,32.639999,32.361553,252500
2021-07-27,32.189999,32.770000,31.930000,32.200001,31.925308,618400
2021-07-28,32.369999,32.680000,31.930000,32.389999,32.113686,371800
2021-07-29,32.630001,33.250000,32.490002,33.119999,32.837460,544100
2021-07-30,32.480000,32.970001,31.830000,32.439999,32.163261,889900
2021-08-02,32.770000,33.270000,32.099998,32.119999,31.845989,523600
2021-08-03,32.150002,32.439999,31.549999,32.349998,32.074028,447900
2021-08-04,31.950001,32.299999,31.629999,31.650000,31.379999,293700
2021-08-05,31.459999,31.870001,31.440001,31.850000,31.850000,403900
2021-08-06,32.180000,32.630001,31.889999,32.599998,32.599998,643900
2021-08-09,32.529999,33.119999,32.279999,32.759998,32.759998,329900
2021-08-10,32.639999,33.340000,32.540001,33.320000,33.320000,404000
2021-08-11,33.700001,34.060001,33.400002,33.990002,33.990002,431300
2021-08-12,33.880001,34.099998,33.419998,33.919998,33.919998,307200
2021-08-13,33.970001,33.970001,33.630001,33.750000,33.750000,184300
2021-08-16,33.369999,33.669998,33.049999,33.619999,33.619999,160800
2021-08-17,33.240002,33.369999,32.770000,33.070000,33.070000,244000
2021-08-18,32.919998,33.480000,32.750000,32.840000,32.840000,482300
2021-08-19,32.580002,32.799999,32.230000,32.669998,32.669998,306000
2021-08-20,32.660000,33.540001,32.630001,33.520000,33.520000,333800
2021-08-23,33.740002,34.040001,33.669998,33.759998,33.759998,298600
2021-08-24,33.970001,34.240002,33.750000,34.009998,34.009998,300400
2021-08-25,34.200001,34.740002,33.950001,34.459999,34.459999,370700
2021-08-26,34.509998,34.509998,33.660000,33.689999,33.689999,292600
2021-08-27,33.889999,34.700001,33.810001,34.549999,34.549999,406600
2021-08-30,34.549999,34.610001,33.709999,33.730000,33.730000,283900