Date,Open,High,Low,Close,Adj Close,Volume
2021-01-04,58.570000,59.080002,56.790001,58.240002,58.076447,300100
2021-01-05,58.290001,60.299999,58.290001,59.450001,59.283043,222200
2021-01-06,60.910000,63.689999,60.910000,62.389999,62.214790,402500
2021-01-07,61.369999,61.950001,59.959999,61.290001,61.117878,279400
2021-01-08,61.720001,61.720001,57.634998,59.660000,59.492455,364700
2021-01-11,58.619999,59.380001,57.959999,58.509998,58.345684,252200
2021-01-12,58.709999,59.270000,57.974998,59.070000,58.904110,349600
2021-01-13,58.700001,59.009998,55.805000,55.939999,55.782902,197900
2021-01-14,56.419998,57.584999,55.630001,56.869999,56.710293,213000
2021-01-15,55.580002,56.750000,54.509998,55.029999,54.875458,163000
2021-01-19,55.700001,56.450001,55.270000,55.639999,55.483742,159600
2021-01-20,56.220001,56.630001,55.279999,55.919998,55.762955,154900
2021-01-21,55.970001,56.240002,54.880001,55.470001,55.314224,156400
2021-01-22,54.610001,55.840000,53.590000,55.130001,54.975178,396700
2021-01-25,54.450001,55.119999,53.060001,54.270000,54.117592,286200
2021-01-26,54.880001,54.880001,53.639999,54.680000,54.526440,242100
2021-01-27,53.230000,54.349998,52.299999,53.720001,53.569138,403500
2021-01-28,54.590000,55.099998,54.020000,54.099998,53.948071,305300
2021-01-29,54.259998,54.259998,52.660000,52.970001,52.821247,324900
2021-02-01,53.540001,54.889999,52.849998,54.549999,54.396805,145300
2021-02-02,55.220001,56.009998,55.040001,55.669998,55.513657,80200
2021-02-03,55.369999,55.900002,54.740002,55.220001,55.064926,159100
2021-02-04,55.250000,56.294998,55.250000,56.049999,55.892590,124800
2021-02-05,56.810001,57.160000,56.044998,56.970001,56.810013,102800
2021-02-08,57.520000,58.700001,57.105000,58.049999,57.886974,240700
2021-02-09,57.849998,58.389999,57.040001,57.880001,57.717457,163500
2021-02-10,57.730000,59.529999,56.320000,57.810001,57.647652,181300
2021-02-11,58.540001,59.020000,56.669998,57.959999,57.797230,223900
2021-02-12,57.930000,58.919998,57.419998,58.770000,58.604958,241600
2021-02-16,59.619999,60.424999,58.959999,59.240002,59.073639,165800
2021-02-17,58.680000,59.180000,58.040001,58.500000,58.335712,143100
2021-02-18,58.250000,58.259998,57.009998,57.400002,57.238804,138500
2021-02-19,57.799999,59.160000,57.540001,58.720001,58.555096,113400
2021-02-22,58.410000,59.860001,58.410000,59.549999,59.382767,173300
2021-02-23,59.840000,61.000000,58.959999,60.299999,60.130657,530900
2021-02-24,60.619999,62.790001,60.619999,62.650002,62.474060,353200
2021-02-25,62.590000,64.349998,62.360001,62.689999,62.513943,378400
2021-02-26,62.759998,62.830002,61.230000,61.560001,61.387119,285200
2021-03-01,62.720001,64.410004,62.369999,64.110001,63.929958,165800
2021-03-02,63.950001,64.269997,62.994999,64.099998,63.919983,107900
2021-03-03,64.190002,64.949997,64.120003,64.410004,64.229118,223800
2021-03-04,64.379997,65.849998,62.070000,62.560001,62.384312,542100
2021-03-05,63.560001,65.980003,62.919998,65.839996,65.655098,269700
2021-03-08,66.489998,69.269997,66.269997,68.519997,68.327568,190200
2021-03-09,68.930000,69.035004,66.360001,67.129997,66.941475,224200
2021-03-10,67.440002,69.338997,66.839996,68.500000,68.307632,178400
2021-03-11,68.449997,69.089996,67.209999,68.480003,68.287689,159400
2021-03-12,69.449997,70.000000,67.720001,69.279999,69.085434,233800
2021-03-15,68.949997,69.330002,67.480003,68.510002,68.317604,208500
2021-03-16,68.129997,68.129997,66.419998,67.099998,66.911560,215400
2021-03-17,67.339996,67.529999,65.769997,67.320000,67.130943,271500
2021-03-18,67.510002,69.330002,66.230003,66.489998,66.303268,181200
2021-03-19,66.589996,66.589996,64.455002,64.779999,64.598076,689500
2021-03-22,64.290001,64.514999,62.630001,64.029999,63.850182,169200
2021-03-23,62.930000,63.660000,61.020000,61.480000,61.393639,151700
2021-03-24,62.230000,64.010002,61.250000,61.320000,61.233864,197600
2021-03-25,60.790001,63.919998,60.590000,63.349998,63.261009,134100
2021-03-26,64.360001,65.290001,63.410000,64.949997,64.858765,104700
2021-03-29,64.519997,66.080002,64.169998,64.239998,64.149757,199200
2021-03-30,64.430000,65.800003,64.430000,65.070000,64.978592,98700
2021-03-31,64.269997,65.239998,63.305000,63.330002,63.241043,244800
2021-04-01,63.680000,64.910004,63.349998,64.879997,64.788857,99400
2021-04-05,65.760002,65.940002,64.720001,65.070000,64.978592,104100
2021-04-06,65.239998,66.099998,64.910004,65.059998,64.968605,90800
2021-04-07,64.959999,65.150002,63.810001,64.029999,63.940056,141600
2021-04-08,64.190002,64.730003,63.480000,64.709999,64.619102,76400
2021-04-09,64.949997,65.650002,64.430000,65.489998,65.398003,85300
2021-04-12,65.669998,65.785004,65.089996,65.570000,65.477890,55100
2021-04-13,65.269997,65.269997,63.950001,64.120003,64.029930,91000
2021-04-14,64.180000,65.539001,64.180000,64.790001,64.698990,86600
2021-04-15,65.199997,65.529999,63.959999,65.529999,65.437950,49200
2021-04-16,66.419998,67.190002,65.949997,66.230003,66.136971,121700
2021-04-19,66.110001,66.870003,65.110001,66.470001,66.376633,112200
2021-04-20,66.000000,66.279999,63.840000,64.760002,64.669037,163600
2021-04-21,64.610001,67.320000,64.440002,67.260002,67.165520,179300
2021-04-22,67.470001,67.919998,66.699997,66.800003,66.706169,79200
2021-04-23,67.379997,68.910004,67.250000,67.989998,67.894493,266100
2021-04-26,68.470001,69.349998,67.989998,68.019997,67.924446,100500
2021-04-27,67.930000,68.612999,67.699997,68.410004,68.313911,81100
2021-04-28,68.519997,69.580002,68.519997,69.040001,68.943024,60200
2021-04-29,69.669998,69.669998,68.535004,69.279999,69.182678,82900
2021-04-30,68.489998,69.080002,66.529999,66.589996,66.496460,217500
2021-05-03,67.529999,68.290001,67.029999,67.440002,67.345268,221900
2021-05-04,67.010002,68.309998,66.360001,68.120003,68.024315,88000
2021-05-05,68.790001,69.330002,66.824997,68.059998,67.964394,126400
2021-05-06,68.559998,69.220001,67.339996,68.940002,68.843163,129300
2021-05-07,68.559998,70.690002,68.559998,70.599998,70.500824,149200
2021-05-10,71.089996,71.620003,70.440002,70.589996,70.490837,191300
2021-05-11,69.349998,70.845001,69.040001,69.559998,69.462288,143200
2021-05-12,69.250000,69.900002,66.320000,66.690002,66.596321,125800
2021-05-13,67.150002,69.849998,67.150002,69.519997,69.422340,131400
2021-05-14,69.919998,70.699997,69.559998,70.389999,70.291122,75400
2021-05-17,69.870003,70.300003,69.250000,70.000000,69.901672,72000
2021-05-18,69.910004,69.910004,67.879997,67.949997,67.854546,81700
2021-05-19,67.089996,67.605003,65.769997,67.449997,67.355247,92100
2021-05-20,67.589996,67.589996,66.760002,67.080002,66.985771,118400
2021-05-21,68.070000,68.629997,67.739998,68.510002,68.413765,133300
2021-05-24,68.669998,68.824997,67.919998,68.080002,67.984367,93700
2021-05-25,68.290001,69.525002,66.790001,66.800003,66.706169,135300
2021-05-26,66.940002,68.750000,66.940002,68.029999,67.934441,162900
2021-05-27,69.150002,69.400002,68.419998,68.629997,68.533592,128800
2021-05-28,69.070000,69.070000,67.760002,68.629997,68.533592,100400
2021-06-01,69.410004,70.184998,68.959999,69.680000,69.582123,164600
2021-06-02,70.040001,70.040001,67.790001,68.260002,68.164116,163100
2021-06-03,67.849998,68.089996,66.680000,68.070000,67.974380,94000
2021-06-04,68.440002,68.470001,67.889999,67.959999,67.864532,101100
2021-06-07,68.000000,68.379997,67.379997,67.989998,67.894493,165200
2021-06-08,68.010002,68.580002,67.150002,68.410004,68.313911,140300
2021-06-09,68.260002,68.309998,66.110001,66.209999,66.116997,133900
2021-06-10,66.860001,66.919998,64.620003,64.790001,64.698990,121400
2021-06-11,65.180000,65.910004,64.900002,65.750000,65.657639,89100
2021-06-14,65.870003,65.870003,64.709999,64.889999,64.798851,109600
2021-06-15,65.160004,65.449997,64.300003,65.440002,65.348076,129600
2021-06-16,64.980003,65.500000,64.055000,64.940002,64.848778,90200
2021-06-17,64.959999,64.959999,62.119999,62.759998,62.671841,152600
2021-06-18,61.939999,62.110001,60.919998,61.139999,61.054115,282900
2021-06-21,61.919998,63.520000,61.919998,63.360001,63.271000,124100
2021-06-22,63.029999,63.330002,62.290001,63.220001,63.131195,76700
2021-06-23,63.009998,64.129997,62.959999,63.040001,62.951450,105800
2021-06-24,63.590000,64.040001,62.790001,63.740002,63.650467,118800
2021-06-25,64.000000,65.139999,64.000000,64.339996,64.249619,602700
2021-06-28,64.099998,64.360001,63.180000,64.070000,63.980000,108300
2021-06-29,64.410004,65.052002,63.959999,64.220001,64.220001,81400
2021-06-30,63.970001,65.845001,63.945000,65.239998,65.239998,144900
2021-07-01,65.800003,66.059998,65.300003,65.330002,65.330002,90900
2021-07-02,65.570000,65.570000,64.089996,64.389999,64.389999,113300
2021-07-06,64.440002,64.440002,62.470001,63.570000,63.570000,146000
2021-07-07,63.200001,64.690002,63.169998,64.180000,64.180000,100200
2021-07-08,62.759998,64.160004,62.415001,62.939999,62.939999,92300
2021-07-09,64.250000,65.057999,64.250000,64.730003,64.730003,102600
2021-07-12,64.129997,65.029999,63.959999,65.019997,65.019997,71800
2021-07-13,64.559998,65.550003,63.970001,64.019997,64.019997,67700
2021-07-14,64.010002,64.830002,63.119999,63.419998,63.419998,70600
2021-07-15,62.869999,63.619999,62.580002,63.090000,63.090000,62100
2021-07-16,64.099998,64.110001,62.080002,62.090000,62.090000,89700
2021-07-19,78.889999,80.620003,74.949997,75.930000,75.930000,1530000
2021-07-20,76.260002,77.389999,76.260002,76.930000,76.930000,718600
2021-07-21,77.410004,78.667999,76.470001,76.839996,76.839996,273200
2021-07-22,76.629997,77.175003,75.629997,76.160004,76.160004,180600
2021-07-23,76.470001,76.849998,75.839996,76.120003,76.120003,130000
2021-07-26,84.195000,86.175003,82.410004,82.739998,82.739998,1586000
2021-07-27,82.260002,83.070000,81.669998,82.449997,82.449997,620300
2021-07-28,83.120003,83.120003,81.529999,81.809998,81.809998,414500
2021-07-29,82.279999,82.639999,81.699997,81.940002,81.940002,588500
2021-07-30,82.019997,82.599998,81.809998,82.150002,82.150002,359200
2021-08-02,82.250000,83.690002,81.730003,82.040001,82.040001,258200
2021-08-03,82.470001,83.059998,81.839996,82.980003,82.980003,623300
2021-08-04,81.889999,82.260002,79.730003,81.459999,81.459999,284700
2021-08-05,82.099998,82.110001,80.000999,80.050003,80.050003,171000
2021-08-06,80.650002,81.110001,79.680000,79.779999,79.779999,224300
2021-08-09,79.500000,79.838997,78.839996,79.699997,79.699997,183600
2021-08-10,79.510002,80.239998,79.470001,79.820000,79.820000,139500
2021-08-11,79.709999,80.370003,79.250000,79.629997,79.629997,234100
2021-08-12,79.580002,79.750000,78.699997,79.089996,79.089996,192200
2021-08-13,79.339996,80.150002,77.459999,77.720001,77.720001,364200
2021-08-16,77.699997,79.389999,76.610001,78.129997,78.129997,190200
2021-08-17,77.500000,78.110001,76.595001,77.660004,77.660004,258200
2021-08-18,77.660004,78.709999,77.370003,77.540001,77.540001,225000
2021-08-19,77.010002,78.035004,76.750000,77.760002,77.760002,240500
2021-08-20,77.900002,78.549004,77.232002,77.580002,77.580002,156900
2021-08-23,77.900002,78.379997,77.349998,78.180000,78.180000,163500
2021-08-24,78.250000,79.860001,78.250000,79.769997,79.769997,174800
2021-08-25,79.370003,79.949997,78.900002,79.669998,79.669998,164700
2021-08-26,79.330002,80.061996,78.790001,78.849998,78.849998,104800
2021-08-27,79.000000,80.470001,79.000000,80.449997,80.449997,189100
2021-08-30,80.599998,81.000000,79.989998,80.760002,80.760002,238000