Date,Open,High,Low,Close,Adj Close,Volume
2021-01-04,78.120003,78.449997,75.720001,77.519997,77.519997,140500
2021-01-05,77.220001,80.949997,77.220001,80.449997,80.449997,168600
2021-01-06,81.190002,82.300003,80.660004,81.820000,81.820000,234200
2021-01-07,81.820000,83.139999,80.779999,83.000000,83.000000,122100
2021-01-08,83.790001,84.070000,82.570000,83.650002,83.650002,97900
2021-01-11,82.379997,84.660004,82.379997,84.580002,84.580002,106200
2021-01-12,85.699997,87.059998,83.550003,84.050003,84.050003,167600
2021-01-13,84.040001,84.320000,82.800003,83.050003,83.050003,105000
2021-01-14,83.250000,87.279999,82.919998,85.529999,85.529999,186000
2021-01-15,84.239998,84.690002,82.470001,82.570000,82.570000,239000
2021-01-19,84.290001,86.570000,84.290001,85.330002,85.330002,244700
2021-01-20,85.779999,86.989998,84.019997,84.559998,84.559998,140600
2021-01-21,85.389999,86.550003,84.110001,85.089996,85.089996,139800
2021-01-22,84.190002,86.199997,83.980003,85.820000,85.820000,134200
2021-01-25,85.769997,87.239998,84.790001,85.529999,85.529999,170500
2021-01-26,85.500000,87.019997,82.559998,83.040001,83.040001,130500
2021-01-27,81.599998,82.750000,79.589996,80.720001,80.720001,173300
2021-01-28,81.629997,81.820000,80.000000,80.279999,80.279999,150300
2021-01-29,79.980003,80.779999,78.440002,78.940002,78.940002,195300
2021-02-01,79.589996,80.919998,78.830002,80.779999,80.779999,153300
2021-02-02,87.949997,90.000000,82.459999,83.769997,83.769997,436000
2021-02-03,83.330002,84.330002,81.300003,84.099998,84.099998,245600
2021-02-04,84.000000,87.610001,83.389999,87.470001,87.470001,222600
2021-02-05,87.610001,89.459999,86.830002,89.260002,89.260002,200600
2021-02-08,89.260002,90.610001,88.900002,89.889999,89.889999,178600
2021-02-09,89.800003,89.800003,88.129997,88.239998,88.239998,120300
2021-02-10,88.440002,89.349998,86.660004,87.080002,87.080002,126100
2021-02-11,87.330002,88.779999,87.209999,88.400002,88.400002,153200
2021-02-12,88.129997,89.000000,87.389999,87.800003,87.800003,84900
2021-02-16,88.500000,88.739998,87.000000,87.400002,87.400002,122000
2021-02-17,86.540001,88.209999,86.010002,86.160004,86.160004,136300
2021-02-18,85.849998,87.010002,85.070000,86.629997,86.629997,179400
2021-02-19,86.940002,88.699997,86.529999,88.139999,88.139999,150700
2021-02-22,87.209999,89.809998,86.769997,88.720001,88.720001,142700
2021-02-23,87.639999,88.690002,86.500000,88.120003,88.120003,195000
2021-02-24,88.230003,90.330002,88.230003,90.160004,90.160004,114900
2021-02-25,89.309998,90.040001,87.660004,87.889999,87.889999,224500
2021-02-26,88.209999,89.169998,86.730003,88.330002,88.330002,188400
2021-03-01,90.099998,91.680000,89.220001,91.660004,91.660004,182400
2021-03-02,91.610001,91.949997,89.080002,89.379997,89.379997,274200
2021-03-03,89.080002,89.400002,87.010002,87.389999,87.389999,138200
2021-03-04,87.010002,87.830002,84.400002,85.129997,85.129997,182300
2021-03-05,86.260002,87.220001,84.720001,86.949997,86.949997,244300
2021-03-08,87.220001,87.949997,85.830002,85.919998,85.919998,118500
2021-03-09,87.449997,87.989998,86.599998,86.849998,86.849998,129100
2021-03-10,88.080002,88.709999,87.419998,88.320000,88.320000,105700
2021-03-11,89.809998,92.230003,89.389999,92.050003,92.050003,162300
2021-03-12,91.970001,93.250000,91.410004,92.930000,92.930000,115600
2021-03-15,92.430000,93.330002,91.580002,93.120003,93.120003,122200
2021-03-16,93.290001,94.250000,92.629997,93.480003,93.480003,106900
2021-03-17,93.230003,93.230003,91.550003,92.500000,92.500000,132500
2021-03-18,91.400002,93.419998,90.419998,90.830002,90.830002,202300
2021-03-19,91.169998,91.480003,89.370003,89.459999,89.459999,549900
2021-03-22,89.410004,89.669998,87.639999,87.800003,87.800003,152900
2021-03-23,86.930000,87.760002,84.690002,85.300003,85.300003,126900
2021-03-24,86.230003,87.690002,85.510002,85.529999,85.529999,256100
2021-03-25,84.830002,86.070000,83.660004,85.379997,85.379997,158900
2021-03-26,85.620003,90.959999,85.620003,90.820000,90.820000,161100
2021-03-29,90.190002,92.129997,88.720001,88.839996,88.839996,191200
2021-03-30,88.519997,89.580002,87.919998,89.559998,89.559998,120800
2021-03-31,90.000000,91.870003,89.959999,90.389999,90.389999,290400
2021-04-01,90.930000,91.910004,90.419998,91.360001,91.360001,186800
2021-04-05,92.250000,93.440002,91.680000,92.730003,92.730003,119200
2021-04-06,92.730003,93.489998,90.389999,90.519997,90.519997,90600
2021-04-07,90.239998,90.599998,88.230003,88.529999,88.529999,83100
2021-04-08,89.199997,89.599998,88.290001,89.120003,89.120003,140900
2021-04-09,89.050003,89.739998,88.320000,89.430000,89.430000,76100
2021-04-12,89.440002,90.070000,88.500000,89.089996,89.089996,68700
2021-04-13,89.040001,89.809998,87.849998,88.349998,88.349998,96400
2021-04-14,88.470001,89.400002,87.769997,88.489998,88.489998,87500
2021-04-15,89.540001,90.050003,88.980003,89.930000,89.930000,53600
2021-04-16,90.419998,90.419998,89.080002,89.400002,89.400002,84400
2021-04-19,88.739998,89.000000,87.209999,88.870003,88.870003,114500
2021-04-20,88.739998,89.550003,86.830002,87.669998,87.669998,148800
2021-04-21,87.750000,89.220001,87.750000,88.800003,88.800003,95700
2021-04-22,89.480003,90.169998,88.400002,89.080002,89.080002,175000
2021-04-23,89.500000,91.980003,89.500000,91.160004,91.160004,99800
2021-04-26,91.709999,92.160004,90.849998,92.110001,92.110001,90700
2021-04-27,91.639999,92.559998,91.250000,92.279999,92.279999,105800
2021-04-28,91.919998,92.199997,91.279999,92.150002,92.150002,79700
2021-04-29,92.720001,93.309998,91.099998,91.949997,91.949997,141900
2021-04-30,90.830002,90.830002,85.480003,85.620003,85.620003,209600
2021-05-03,86.480003,87.029999,85.260002,86.110001,86.110001,270800
2021-05-04,82.519997,85.690002,82.000000,84.940002,84.940002,343700
2021-05-05,85.599998,86.750000,84.660004,85.860001,85.860001,95400
2021-05-06,85.419998,86.800003,85.160004,86.230003,86.230003,164700
2021-05-07,86.430000,86.500000,84.680000,85.250000,85.250000,102000
2021-05-10,84.809998,85.250000,82.809998,82.919998,82.919998,155800
2021-05-11,81.519997,83.180000,81.059998,82.040001,82.040001,196000
2021-05-12,80.919998,81.870003,77.300003,77.500000,77.500000,202900
2021-05-13,78.029999,79.459999,77.709999,78.699997,78.699997,402200
2021-05-14,79.699997,82.110001,79.000000,81.709999,81.709999,184400
2021-05-17,80.849998,81.760002,80.519997,81.500000,81.500000,126000
2021-05-18,81.580002,82.860001,81.010002,81.010002,81.010002,144200
2021-05-19,79.599998,83.779999,79.599998,83.500000,83.500000,191700
2021-05-20,83.680000,84.550003,83.209999,84.500000,84.500000,143500
2021-05-21,84.940002,86.050003,84.419998,84.830002,84.830002,135300
2021-05-24,85.389999,87.080002,85.389999,86.120003,86.120003,141400
2021-05-25,86.309998,87.660004,85.180000,85.580002,85.580002,167300
2021-05-26,85.879997,87.779999,85.339996,87.629997,87.629997,139100
2021-05-27,87.650002,89.010002,87.419998,89.000000,89.000000,265400
2021-05-28,89.339996,90.129997,89.010002,89.690002,89.690002,162800
2021-06-01,90.169998,90.660004,89.480003,90.320000,90.320000,175700
2021-06-02,90.820000,91.199997,89.570000,90.879997,90.879997,170900
2021-06-03,90.389999,91.879997,89.839996,91.849998,91.849998,142600
2021-06-04,92.260002,93.930000,91.970001,93.650002,93.650002,139400
2021-06-07,93.760002,94.589996,93.040001,94.080002,94.080002,108600
2021-06-08,94.860001,95.830002,94.489998,95.430000,95.430000,114500
2021-06-09,95.660004,95.949997,93.940002,94.339996,94.339996,103900
2021-06-10,94.639999,94.930000,93.540001,93.959999,93.959999,115700
2021-06-11,94.500000,94.879997,93.449997,94.089996,94.089996,133200
2021-06-14,93.959999,95.160004,93.959999,94.559998,94.559998,126100
2021-06-15,94.720001,95.080002,93.769997,94.290001,94.290001,126700
2021-06-16,94.610001,94.919998,92.930000,94.180000,94.180000,122900
2021-06-17,94.260002,94.699997,93.120003,93.900002,93.900002,152200
2021-06-18,92.599998,92.599998,90.599998,91.169998,91.169998,290000
2021-06-21,91.800003,94.339996,91.250000,93.760002,93.760002,155200
2021-06-22,93.290001,93.760002,92.620003,93.400002,93.400002,84800
2021-06-23,93.750000,94.190002,93.059998,93.320000,93.320000,106000
2021-06-24,93.980003,95.250000,93.419998,95.050003,95.050003,100800
2021-06-25,95.320000,96.029999,95.089996,95.290001,95.290001,516800
2021-06-28,95.339996,96.209999,95.110001,95.970001,95.970001,109400
2021-06-29,96.269997,97.040001,96.110001,96.669998,96.669998,62100
2021-06-30,96.470001,96.540001,95.860001,95.870003,95.870003,97900
2021-07-01,96.570000,96.570000,95.519997,95.900002,95.900002,81600
2021-07-02,96.309998,96.440002,95.040001,95.330002,95.330002,80500
2021-07-06,95.330002,95.330002,92.580002,92.830002,92.830002,281400
2021-07-07,92.870003,93.720001,90.919998,91.510002,91.510002,174400
2021-07-08,89.550003,92.419998,89.430000,91.279999,91.279999,155900
2021-07-09,92.089996,93.029999,91.559998,92.809998,92.809998,75800
2021-07-12,93.220001,93.349998,91.870003,93.139999,93.139999,115100
2021-07-13,92.379997,93.029999,91.739998,93.010002,93.010002,88100
2021-07-14,93.809998,94.709999,92.550003,92.720001,92.720001,88000
2021-07-15,92.330002,92.349998,90.199997,91.309998,91.309998,77500
2021-07-16,92.290001,92.290001,90.220001,90.339996,90.339996,100400
2021-07-19,89.690002,91.169998,89.129997,89.849998,89.849998,126100
2021-07-20,90.349998,93.250000,90.349998,92.019997,92.019997,169800
2021-07-21,92.290001,94.099998,92.290001,93.949997,93.949997,96600
2021-07-22,93.809998,94.379997,91.160004,91.440002,91.440002,186900
2021-07-23,91.320000,92.360001,90.690002,92.220001,92.220001,81000
2021-07-26,92.730003,94.269997,92.160004,92.629997,92.629997,79100
2021-07-27,92.000000,92.000000,88.290001,90.290001,90.290001,73200
2021-07-28,90.160004,92.830002,90.040001,92.059998,92.059998,152100
2021-07-29,93.000000,94.199997,91.959999,93.589996,93.589996,66300
2021-07-30,93.169998,94.629997,92.900002,94.519997,94.519997,91300
2021-08-02,94.820000,96.040001,93.150002,93.339996,93.339996,86300
2021-08-03,93.250000,93.879997,91.989998,93.019997,93.019997,143000
2021-08-04,92.019997,93.010002,92.000000,92.699997,92.699997,81700
2021-08-05,93.349998,93.849998,92.599998,92.989998,92.989998,59400
2021-08-06,93.489998,94.620003,92.820000,93.440002,93.440002,111600
2021-08-09,93.290001,93.860001,92.540001,93.410004,93.410004,58000
2021-08-10,93.889999,93.889999,92.510002,93.220001,93.220001,64200
2021-08-11,93.550003,93.550003,92.070000,92.779999,92.779999,66600
2021-08-12,93.180000,93.980003,91.769997,91.860001,91.860001,95200
2021-08-13,91.470001,91.470001,90.160004,90.680000,90.680000,98200
2021-08-16,90.599998,90.930000,89.400002,89.500000,89.500000,135800
2021-08-17,94.779999,96.570000,92.860001,96.459999,96.459999,322000
2021-08-18,96.459999,99.660004,96.080002,98.769997,98.769997,213100
2021-08-19,97.650002,101.269997,97.080002,101.050003,101.050003,271200
2021-08-20,101.099998,104.050003,100.059998,104.050003,104.050003,254400
2021-08-23,104.809998,105.279999,98.879997,99.010002,99.010002,310400
2021-08-24,99.000000,100.510002,99.000000,99.809998,99.809998,281300
2021-08-25,99.440002,99.480003,97.739998,98.080002,98.080002,213800
2021-08-26,97.650002,98.480003,96.949997,97.870003,97.870003,173100
2021-08-27,98.410004,102.000000,98.160004,101.349998,101.349998,182300
2021-08-30,101.669998,103.989998,100.930000,103.750000,103.750000,157300