Date,Open,High,Low,Close,Adj Close,Volume
2021-01-04,43.380001,44.590000,42.270000,42.700001,42.700001,459600
2021-01-05,42.490002,44.130001,42.349998,43.189999,43.189999,555700
2021-01-06,43.000000,44.299999,42.820000,43.730000,43.730000,576500
2021-01-07,44.119999,45.639999,43.689999,45.480000,45.480000,542600
2021-01-08,46.490002,46.750000,44.509998,44.740002,44.740002,497100
2021-01-11,44.180000,45.610001,43.250000,45.500000,45.500000,346500
2021-01-12,46.160000,47.070000,45.779999,46.450001,46.450001,483100
2021-01-13,46.470001,46.779999,45.669998,45.860001,45.860001,265500
2021-01-14,47.240002,50.279999,47.090000,49.540001,49.540001,838400
2021-01-15,49.130001,49.380001,47.930000,48.820000,48.820000,571200
2021-01-19,50.090000,50.570000,49.270000,49.860001,49.860001,400200
2021-01-20,50.250000,50.450001,48.009998,48.549999,48.549999,341800
2021-01-21,49.130001,49.970001,47.680000,48.330002,48.330002,311100
2021-01-22,47.860001,49.439999,47.270000,49.290001,49.290001,438200
2021-01-25,49.900002,50.150002,48.060001,48.520000,48.520000,268700
2021-01-26,47.750000,47.869999,46.130001,46.349998,46.349998,371000
2021-01-27,45.000000,45.630001,42.660000,43.020000,43.020000,529700
2021-01-28,43.070000,43.849998,42.060001,43.000000,43.000000,509500
2021-01-29,42.619999,42.700001,40.500000,40.869999,40.869999,584500
2021-02-01,41.139999,42.930000,41.020000,42.490002,42.490002,386800
2021-02-02,43.259998,44.610001,42.520000,44.500000,44.500000,457400
2021-02-03,44.560001,44.740002,42.070000,42.590000,42.590000,446300
2021-02-04,44.259998,45.250000,42.790001,44.910000,44.910000,608400
2021-02-05,45.500000,45.740002,44.500000,45.630001,45.630001,477300
2021-02-08,45.439999,46.419998,44.930000,46.250000,46.250000,428300
2021-02-09,45.840000,46.540001,45.360001,46.080002,46.080002,428700
2021-02-10,46.110001,46.750000,45.720001,45.980000,45.980000,458800
2021-02-11,46.660000,48.459999,46.500000,48.380001,48.380001,456900
2021-02-12,48.070000,50.459999,47.560001,50.400002,50.400002,503600
2021-02-16,50.990002,52.389999,50.520000,50.919998,50.919998,878400
2021-02-17,49.709999,50.169998,47.459999,48.830002,48.830002,371400
2021-02-18,48.110001,48.250000,46.709999,47.439999,47.439999,276600
2021-02-19,47.970001,49.490002,47.900002,49.160000,49.160000,346300
2021-02-22,48.529999,48.560001,46.919998,47.450001,47.450001,265400
2021-02-23,46.060001,47.130001,44.549999,46.849998,46.849998,380200
2021-02-24,46.529999,48.980000,46.060001,48.680000,48.680000,333100
2021-02-25,48.099998,48.259998,44.630001,44.830002,44.830002,331300
2021-02-26,44.700001,46.259998,43.660000,45.369999,45.369999,465400
2021-03-01,46.389999,48.470001,45.750000,48.389999,48.389999,396300
2021-03-02,48.580002,48.580002,45.209999,45.279999,45.279999,1133100
2021-03-03,45.750000,46.150002,44.049999,44.070000,44.070000,432500
2021-03-04,43.590000,43.919998,40.200001,41.209999,41.209999,825900
2021-03-05,42.509998,43.189999,40.500000,42.919998,42.919998,902600
2021-03-08,42.790001,43.439999,40.740002,40.790001,40.790001,601000
2021-03-09,42.180000,44.439999,42.180000,43.730000,43.730000,446300
2021-03-10,44.860001,45.099998,43.180000,43.180000,43.180000,308300
2021-03-11,44.689999,45.380001,44.410000,45.299999,45.299999,354400
2021-03-12,44.779999,45.450001,43.900002,45.060001,45.060001,316700
2021-03-15,44.900002,45.700001,44.500000,45.270000,45.270000,484400
2021-03-16,45.779999,47.130001,45.320000,46.630001,46.630001,479200
2021-03-17,45.130001,47.180000,44.630001,46.680000,46.680000,319100
2021-03-18,45.599998,45.869999,43.959999,44.090000,44.090000,303700
2021-03-19,44.230000,45.840000,43.299999,43.680000,43.680000,932700
2021-03-22,44.349998,45.209999,43.740002,44.160000,44.160000,332500
2021-03-23,44.040001,44.180000,41.750000,42.240002,42.240002,455500
2021-03-24,44.049999,45.189999,42.400002,42.419998,42.419998,1001700
2021-03-25,40.990002,42.869999,40.270000,42.520000,42.520000,527700
2021-03-26,42.419998,45.450001,42.180000,45.400002,45.400002,576900
2021-03-29,44.669998,45.200001,42.150002,42.610001,42.610001,451100
2021-03-30,42.130001,43.250000,41.910000,42.820000,42.820000,315200
2021-03-31,43.520000,45.730000,43.450001,45.110001,45.110001,595600
2021-04-01,46.209999,49.750000,46.209999,49.750000,49.750000,678500
2021-04-05,50.099998,51.360001,49.090000,51.119999,51.119999,484600
2021-04-06,50.830002,51.369999,49.810001,50.549999,50.549999,311600
2021-04-07,50.900002,51.029999,49.590000,49.680000,49.680000,216200
2021-04-08,50.700001,51.080002,49.189999,50.810001,50.810001,249400
2021-04-09,50.500000,51.029999,50.209999,50.849998,50.849998,333400
2021-04-12,50.389999,50.509998,49.419998,50.049999,50.049999,243500
2021-04-13,50.689999,51.049999,48.610001,49.310001,49.310001,302400
2021-04-14,49.389999,50.110001,48.430000,48.910000,48.910000,255800
2021-04-15,49.980000,49.980000,48.580002,49.369999,49.369999,241600
2021-04-16,49.680000,49.790001,48.500000,49.369999,49.369999,232400
2021-04-19,49.070000,49.360001,46.810001,47.869999,47.869999,298800
2021-04-20,47.669998,48.380001,46.160000,46.529999,46.529999,251900
2021-04-21,46.790001,48.529999,46.520000,48.490002,48.490002,262000
2021-04-22,48.490002,48.959999,47.529999,47.580002,47.580002,265300
2021-04-23,48.169998,49.639999,48.169998,48.959999,48.959999,273400
2021-04-26,49.980000,50.480000,49.290001,49.570000,49.570000,335200
2021-04-27,50.169998,50.169998,48.430000,48.660000,48.660000,210100
2021-04-28,47.939999,48.630001,46.869999,47.970001,47.970001,361500
2021-04-29,41.779999,44.900002,38.160000,39.220001,39.220001,1816400
2021-04-30,39.360001,40.450001,38.900002,39.150002,39.150002,1137200
2021-05-03,39.630001,40.070000,38.900002,39.029999,39.029999,828800
2021-05-04,38.910000,39.049999,38.099998,38.509998,38.509998,611500
2021-05-05,38.619999,38.900002,37.529999,37.700001,37.700001,473400
2021-05-06,37.349998,38.320000,37.139999,38.259998,38.259998,475700
2021-05-07,38.419998,39.080002,38.259998,38.689999,38.689999,293400
2021-05-10,38.270000,38.450001,36.009998,36.349998,36.349998,485200
2021-05-11,34.990002,36.830002,34.330002,35.779999,35.779999,489900
2021-05-12,34.980000,35.759998,32.820000,33.070000,33.070000,699900
2021-05-13,33.580002,34.430000,32.810001,33.189999,33.189999,692200
2021-05-14,33.439999,34.250000,32.840000,33.799999,33.799999,554600
2021-05-17,33.470001,34.139999,32.980000,34.070000,34.070000,430000
2021-05-18,34.490002,34.799999,33.580002,33.610001,33.610001,450900
2021-05-19,32.689999,34.259998,32.689999,34.040001,34.040001,482900
2021-05-20,34.250000,35.450001,34.009998,34.970001,34.970001,692900
2021-05-21,35.540001,35.540001,34.070000,34.090000,34.090000,341900
2021-05-24,34.480000,35.279999,34.430000,35.029999,35.029999,719600
2021-05-25,35.509998,36.150002,34.599998,34.619999,34.619999,421700
2021-05-26,34.889999,35.430000,34.389999,34.730000,34.730000,303900
2021-05-27,34.580002,35.470001,34.520000,34.689999,34.689999,404700
2021-05-28,34.799999,35.509998,34.320000,35.250000,35.250000,548200
2021-06-01,35.430000,35.880001,34.669998,34.849998,34.849998,473500
2021-06-02,34.750000,35.160000,34.400002,34.750000,34.750000,303700
2021-06-03,34.200001,34.419998,33.240002,33.310001,33.310001,520300
2021-06-04,34.799999,35.500000,34.520000,34.910000,34.910000,1104400
2021-06-07,34.619999,34.849998,33.360001,33.770000,33.770000,569900
2021-06-08,34.310001,34.700001,33.509998,33.599998,33.599998,1022500
2021-06-09,33.919998,34.459999,33.599998,33.799999,33.799999,610200
2021-06-10,33.680000,34.400002,33.660000,34.049999,34.049999,348900
2021-06-11,34.070000,34.180000,33.520000,33.820000,33.820000,329000
2021-06-14,33.820000,35.290001,33.759998,34.980000,34.980000,411900
2021-06-15,34.990002,35.250000,33.939999,34.570000,34.570000,480200
2021-06-16,34.549999,35.230000,34.480000,35.029999,35.029999,477700
2021-06-17,34.720001,35.630001,34.529999,34.849998,34.849998,464100
2021-06-18,34.169998,34.630001,33.459999,33.610001,33.610001,748900
2021-06-21,33.680000,34.470001,33.310001,33.500000,33.500000,444900
2021-06-22,33.709999,33.709999,32.939999,33.189999,33.189999,477500
2021-06-23,33.340000,33.910000,33.340000,33.680000,33.680000,542800
2021-06-24,34.090000,35.200001,33.919998,35.049999,35.049999,403400
2021-06-25,35.459999,36.009998,35.380001,35.619999,35.619999,1319400
2021-06-28,35.750000,36.630001,35.750000,36.549999,36.549999,505600
2021-06-29,36.340000,36.959999,36.209999,36.540001,36.540001,370500
2021-06-30,36.330002,36.700001,36.099998,36.459999,36.459999,464500
2021-07-01,36.419998,36.759998,35.930000,36.750000,36.750000,731900
2021-07-02,37.000000,37.130001,36.320000,36.529999,36.529999,690700
2021-07-06,36.799999,37.130001,35.240002,35.919998,35.919998,387800
2021-07-07,36.220001,36.360001,34.950001,35.250000,35.250000,423100
2021-07-08,34.299999,34.919998,33.430000,34.590000,34.590000,602300
2021-07-09,34.849998,35.639999,34.529999,35.230000,35.230000,306400
2021-07-12,35.400002,35.639999,34.840000,35.410000,35.410000,303100
2021-07-13,35.099998,35.400002,34.849998,35.259998,35.259998,233600
2021-07-14,35.790001,36.040001,35.070000,35.130001,35.130001,284000
2021-07-15,34.869999,35.049999,33.970001,34.349998,34.349998,217700
2021-07-16,34.759998,34.970001,33.759998,33.840000,33.840000,336700
2021-07-19,33.180000,34.270000,32.709999,33.959999,33.959999,398400
2021-07-20,34.169998,34.939999,33.810001,34.480000,34.480000,504600
2021-07-21,34.599998,36.490002,34.340000,36.400002,36.400002,351900
2021-07-22,36.250000,36.619999,35.950001,36.080002,36.080002,326700
2021-07-23,36.150002,36.380001,35.750000,36.320000,36.320000,184500
2021-07-26,36.310001,36.610001,35.730000,36.000000,36.000000,306000
2021-07-27,35.750000,35.750000,33.599998,34.790001,34.790001,816100
2021-07-28,35.119999,36.590000,34.799999,36.299999,36.299999,294500
2021-07-29,36.029999,36.459999,34.860001,36.090000,36.090000,576400
2021-07-30,35.869999,37.500000,35.869999,37.259998,37.259998,447000
2021-08-02,37.599998,38.290001,37.520000,37.889999,37.889999,692300
2021-08-03,37.869999,38.169998,36.770000,37.860001,37.860001,958800
2021-08-04,37.700001,38.570000,37.509998,38.500000,38.500000,482900
2021-08-05,38.610001,39.540001,37.849998,38.299999,38.299999,324300
2021-08-06,38.150002,38.869999,38.110001,38.650002,38.650002,347500
2021-08-09,38.700001,38.799999,37.990002,38.000000,38.000000,646100
2021-08-10,38.000000,38.250000,37.020000,38.049999,38.049999,483000
2021-08-11,38.380001,38.380001,36.930000,37.150002,37.150002,360200
2021-08-12,36.770000,36.799999,35.150002,35.200001,35.200001,299800
2021-08-13,35.119999,35.419998,34.740002,34.970001,34.970001,285100
2021-08-16,34.880001,35.590000,34.759998,35.590000,35.590000,262700
2021-08-17,34.990002,35.160000,34.220001,34.529999,34.529999,320600
2021-08-18,34.389999,35.230000,34.389999,34.470001,34.470001,200500
2021-08-19,34.369999,34.970001,34.099998,34.750000,34.750000,236400
2021-08-20,35.360001,35.509998,34.590000,35.150002,35.150002,325400
2021-08-23,35.799999,36.500000,35.669998,36.369999,36.369999,262900
2021-08-24,36.400002,36.830002,36.320000,36.709999,36.709999,207200
2021-08-25,36.930000,37.689999,36.830002,37.250000,37.250000,256800
2021-08-26,37.060001,37.599998,36.799999,37.290001,37.290001,221500
2021-08-27,37.560001,39.320000,37.560001,39.250000,39.250000,434800
2021-08-30,39.230000,39.689999,38.860001,39.570000,39.570000,361700