Date,Open,High,Low,Close,Adj Close,Volume
2021-01-04,106.360001,107.500000,101.815002,103.410004,103.410004,185400
2021-01-05,103.620003,108.629997,103.559998,108.160004,108.160004,242300
2021-01-06,108.940002,114.570000,108.940002,113.449997,113.449997,324000
2021-01-07,114.750000,118.449997,114.750000,118.199997,118.199997,205600
2021-01-08,119.430000,120.000000,117.470001,119.040001,119.040001,238700
2021-01-11,118.290001,124.150002,109.000000,123.599998,123.599998,235900
2021-01-12,123.830002,128.899994,122.754997,127.250000,127.250000,208700
2021-01-13,126.449997,128.020004,125.410004,125.830002,125.830002,221400
2021-01-14,127.089996,128.500000,125.139999,127.370003,127.370003,265700
2021-01-15,125.769997,126.870003,120.370003,124.550003,124.550003,255300
2021-01-19,126.940002,127.269997,123.014999,124.040001,124.040001,243200
2021-01-20,125.800003,130.860001,125.665001,128.550003,128.550003,222300
2021-01-21,129.449997,129.520004,126.010002,126.089996,126.089996,189300
2021-01-22,125.519997,127.120003,123.519997,124.650002,124.650002,227300
2021-01-25,123.910004,127.410004,120.540001,124.360001,124.360001,250800
2021-01-26,125.239998,126.230003,123.239998,124.239998,124.239998,128400
2021-01-27,120.440002,126.019997,120.099998,122.879997,122.879997,218100
2021-01-28,124.699997,126.070000,120.199997,122.190002,122.190002,172100
2021-01-29,124.199997,125.320000,118.110001,119.639999,119.639999,173100
2021-02-01,121.830002,124.919998,118.570000,124.309998,124.309998,155300
2021-02-02,126.650002,129.110001,124.279999,127.360001,127.360001,174600
2021-02-03,127.059998,129.690002,124.430000,129.240005,129.240005,133300
2021-02-04,129.940002,133.139999,129.380005,130.699997,130.699997,192500
2021-02-05,132.830002,136.050003,131.539993,135.910004,135.910004,203000
2021-02-08,138.279999,141.339996,137.000000,139.820007,139.820007,162800
2021-02-09,140.350006,142.740005,138.089996,139.619995,139.619995,303800
2021-02-10,141.710007,143.289993,136.179993,137.500000,137.500000,202700
2021-02-11,138.949997,140.399994,132.309998,134.429993,134.429993,296100
2021-02-12,133.660004,135.910004,131.365997,134.339996,134.339996,301400
2021-02-16,135.729996,138.910004,132.660004,133.779999,133.779999,149000
2021-02-17,132.070007,135.970001,131.115005,135.059998,135.059998,209800
2021-02-18,135.929993,139.570007,134.289993,134.509995,134.509995,261200
2021-02-19,135.589996,140.380005,135.460007,137.880005,137.880005,774500
2021-02-22,135.669998,141.285004,135.669998,138.940002,138.940002,290700
2021-02-23,136.100006,140.669998,130.899994,140.240005,140.240005,271000
2021-02-24,141.740005,144.255005,139.492996,141.750000,141.750000,225600
2021-02-25,140.800003,141.880005,130.699997,131.000000,131.000000,363100
2021-02-26,128.919998,132.830002,126.059998,127.150002,127.150002,419500
2021-03-01,130.350006,136.960007,128.529999,134.279999,134.279999,201600
2021-03-02,133.139999,133.139999,127.855003,128.610001,128.610001,389000
2021-03-03,130.399994,132.889999,127.150002,127.269997,127.269997,399600
2021-03-04,126.440002,127.330002,118.050003,121.709999,121.709999,274600
2021-03-05,124.120003,124.264999,117.589996,124.169998,124.169998,274900
2021-03-08,125.360001,129.990005,123.870003,126.120003,126.120003,227000
2021-03-09,128.830002,133.270004,126.489998,132.460007,132.460007,562700
2021-03-10,134.610001,139.255005,134.479996,136.580002,136.580002,236700
2021-03-11,137.720001,137.820007,133.169998,135.309998,135.309998,265600
2021-03-12,134.059998,136.820007,132.479996,136.529999,136.529999,323600
2021-03-15,136.850006,139.600006,132.985001,139.229996,139.229996,264100
2021-03-16,138.949997,142.710007,137.440002,140.880005,140.880005,217900
2021-03-17,139.119995,141.000000,135.880005,140.259995,140.259995,259900
2021-03-18,138.800003,139.669998,130.779999,131.399994,131.399994,188200
2021-03-19,130.449997,136.190002,129.500000,134.380005,134.380005,538000
2021-03-22,135.110001,135.110001,129.610001,133.160004,133.160004,206000
2021-03-23,131.210007,132.000000,127.580002,128.809998,128.809998,282100
2021-03-24,130.089996,131.837006,122.279999,122.320000,122.320000,237200
2021-03-25,120.959999,127.339996,118.839996,126.690002,126.690002,186600
2021-03-26,127.769997,130.809998,123.612999,129.880005,129.880005,155500
2021-03-29,129.199997,130.268005,125.000000,125.500000,125.500000,185500
2021-03-30,125.129997,127.860001,123.489998,127.430000,127.430000,209100
2021-03-31,128.630005,130.110001,126.750000,127.059998,127.059998,380000
2021-04-01,128.559998,132.279999,126.500000,130.630005,130.630005,222200
2021-04-05,132.770004,132.779999,129.960007,132.500000,132.500000,136000
2021-04-06,132.880005,134.923996,132.000000,132.800003,132.800003,116000
2021-04-07,133.059998,133.059998,128.770004,129.610001,129.610001,126000
2021-04-08,130.740005,132.850006,128.248993,132.850006,132.850006,105400
2021-04-09,132.119995,133.994995,129.270004,133.589996,133.589996,166100
2021-04-12,134.250000,135.800003,132.889999,134.779999,134.779999,147300
2021-04-13,135.619995,137.059998,133.860001,136.740005,136.740005,144300
2021-04-14,137.059998,139.699997,135.673004,137.279999,137.279999,147600
2021-04-15,139.059998,139.500000,134.940002,139.279999,139.279999,165300
2021-04-16,140.690002,142.279999,139.940002,141.220001,141.220001,149600
2021-04-19,141.070007,141.070007,135.940002,140.460007,140.460007,271100
2021-04-20,139.759995,142.740005,139.289993,142.559998,142.559998,532200
2021-04-21,142.500000,147.617004,141.669998,145.149994,145.149994,456200
2021-04-22,146.589996,150.330002,141.160004,149.380005,149.380005,414600
2021-04-23,150.660004,160.220001,150.539993,157.669998,157.669998,676100
2021-04-26,159.490005,165.550003,156.669998,164.789993,164.789993,632300
2021-04-27,165.000000,166.880005,159.949997,163.380005,163.380005,750200
2021-04-28,163.380005,165.869995,158.949997,159.610001,159.610001,326700
2021-04-29,161.419998,161.419998,156.139999,156.990005,156.990005,252400
2021-04-30,152.940002,156.000000,150.970001,153.229996,153.229996,376700
2021-05-03,154.940002,155.419998,152.070007,153.380005,153.380005,249600
2021-05-04,152.190002,154.309998,148.110001,153.779999,153.779999,531900
2021-05-05,155.250000,155.250000,149.649994,150.029999,150.029999,169600
2021-05-06,150.289993,151.955002,146.811996,150.710007,150.710007,252400
2021-05-07,158.990005,164.688004,154.539993,160.300003,160.300003,557300
2021-05-10,158.755005,159.899994,155.089996,156.119995,156.119995,310600
2021-05-11,151.389999,156.100006,149.369995,155.089996,155.089996,324100
2021-05-12,152.520004,154.029999,149.009995,150.000000,150.000000,396000
2021-05-13,151.350006,155.830002,151.050003,152.610001,152.610001,578600
2021-05-14,153.990005,159.028000,153.240005,156.529999,156.529999,319300
2021-05-17,156.429993,159.979996,153.419998,158.270004,158.270004,179200
2021-05-18,158.630005,159.720001,156.309998,156.429993,156.429993,390200
2021-05-19,153.949997,156.520004,151.850006,155.740005,155.740005,156100
2021-05-20,157.100006,157.110001,152.750000,154.169998,154.169998,182300
2021-05-21,156.130005,157.979996,153.380005,154.320007,154.320007,143800
2021-05-24,155.520004,156.600006,153.229996,153.639999,153.639999,132400
2021-05-25,155.179993,156.500000,152.039993,152.070007,152.070007,359000
2021-05-26,152.850006,155.085007,151.360001,154.649994,154.649994,256000
2021-05-27,156.600006,161.229996,154.000000,154.080002,154.080002,520700
2021-05-28,153.679993,155.479996,150.139999,155.479996,155.479996,241600
2021-06-01,156.990005,158.580002,155.535004,156.080002,156.080002,143100
2021-06-02,157.449997,157.975006,151.460007,152.550003,152.550003,256100
2021-06-03,152.330002,153.919998,147.259995,149.199997,149.199997,269900
2021-06-04,150.460007,153.250000,147.880005,150.339996,150.339996,176400
2021-06-07,150.479996,151.860001,148.789993,149.259995,149.259995,141900
2021-06-08,149.850006,149.850006,147.559998,147.940002,147.940002,299000
2021-06-09,147.550003,147.550003,144.399994,144.679993,144.679993,188500
2021-06-10,145.220001,146.600006,142.169998,142.889999,142.889999,156300
2021-06-11,143.660004,144.589996,141.949997,144.520004,144.520004,208300
2021-06-14,145.100006,145.199997,141.929993,142.610001,142.610001,163800
2021-06-15,142.199997,144.809998,141.979996,144.089996,144.089996,195200
2021-06-16,143.690002,144.789993,141.330002,144.240005,144.240005,179900
2021-06-17,144.639999,144.669998,139.410004,143.839996,143.839996,242700
2021-06-18,143.429993,144.880005,140.800003,141.320007,141.320007,521300
2021-06-21,143.639999,148.330002,142.485001,146.500000,146.500000,228700
2021-06-22,145.919998,147.880005,144.250000,146.779999,146.779999,110100
2021-06-23,147.490005,150.024994,147.100006,147.970001,147.970001,203500
2021-06-24,150.139999,151.710007,149.559998,151.259995,151.259995,109600
2021-06-25,152.119995,154.309998,150.975006,153.929993,153.929993,407300
2021-06-28,154.770004,155.630005,152.389999,154.850006,154.850006,148300
2021-06-29,156.130005,157.061005,154.710007,156.550003,156.550003,110900
2021-06-30,155.289993,159.110001,155.279999,155.660004,155.660004,320900
2021-07-01,156.839996,158.639999,155.839996,156.279999,156.279999,157300
2021-07-02,157.070007,157.330002,154.929993,155.250000,155.250000,104400
2021-07-06,155.649994,155.990005,150.699997,152.539993,152.539993,115900
2021-07-07,152.479996,155.960007,150.500000,155.410004,155.410004,117200
2021-07-08,152.610001,155.259995,150.009995,153.970001,153.970001,116700
2021-07-09,155.809998,158.289993,154.990005,157.860001,157.860001,92300
2021-07-12,157.809998,159.229996,156.309998,159.050003,159.050003,136200
2021-07-13,157.820007,159.589996,152.889999,153.970001,153.970001,116800
2021-07-14,155.139999,156.328003,152.899994,153.979996,153.979996,69700
2021-07-15,153.589996,154.809998,150.154999,151.570007,151.570007,123400
2021-07-16,152.979996,152.979996,148.460007,148.610001,148.610001,110800
2021-07-19,145.809998,154.889999,144.100006,153.089996,153.089996,227400
2021-07-20,153.440002,160.639999,152.348007,158.649994,158.649994,222100
2021-07-21,159.589996,162.250000,156.690002,157.289993,157.289993,150200
2021-07-22,158.139999,159.649994,156.990005,157.960007,157.960007,103400
2021-07-23,158.960007,164.570007,156.800003,164.020004,164.020004,138200
2021-07-26,164.380005,166.889999,159.199997,160.850006,160.850006,214000
2021-07-27,160.000000,160.139999,154.690002,155.130005,155.130005,176400
2021-07-28,156.520004,159.539993,154.740005,157.990005,157.990005,149500
2021-07-29,160.199997,166.149994,160.160004,163.240005,163.240005,140600
2021-07-30,162.149994,164.949997,160.770004,161.539993,161.539993,125300
2021-08-02,163.139999,164.369995,159.399994,159.710007,159.710007,109300
2021-08-03,160.410004,162.380005,160.029999,161.089996,161.089996,160100
2021-08-04,159.869995,161.009995,155.139999,155.149994,155.149994,188100
2021-08-05,156.179993,160.399994,154.270996,159.229996,159.229996,213400
2021-08-06,159.565002,172.250000,154.080002,158.179993,158.179993,139300
2021-08-09,156.970001,156.970001,153.830002,155.770004,155.770004,99700
2021-08-10,155.240005,161.860001,154.481995,160.119995,160.119995,149200
2021-08-11,161.100006,161.990005,158.910004,161.500000,161.500000,97500
2021-08-12,160.770004,160.770004,158.074997,158.479996,158.479996,87200
2021-08-13,158.110001,158.880005,155.220001,158.509995,158.509995,82800
2021-08-16,158.009995,161.729996,156.440002,160.399994,160.399994,93700
2021-08-17,158.059998,158.059998,149.255005,152.190002,152.190002,173800
2021-08-18,152.300003,153.860001,148.300003,148.589996,148.589996,149300
2021-08-19,146.830002,151.550003,144.660004,146.399994,146.399994,113400
2021-08-20,145.949997,152.240005,145.949997,151.919998,151.919998,117300
2021-08-23,153.550003,155.389999,152.220001,152.679993,152.679993,105100
2021-08-24,152.800003,155.500000,150.779999,155.270004,155.270004,86900
2021-08-25,155.970001,157.134003,154.350006,155.139999,155.139999,86400
2021-08-26,155.729996,156.509995,149.539993,149.880005,149.880005,95800
2021-08-27,149.759995,156.380005,149.759995,155.000000,155.000000,150600
2021-08-30,155.520004,155.869995,152.000000,153.809998,153.809998,126100