Date,Open,High,Low,Close,Adj Close,Volume
2021-01-04,53.169998,53.740002,52.169998,52.500000,52.065983,556900
2021-01-05,52.599998,54.930000,52.419998,53.759998,53.315567,580800
2021-01-06,54.980000,57.209999,54.639999,56.660000,56.191589,630400
2021-01-07,56.950001,57.680000,55.570000,56.650002,56.181675,643800
2021-01-08,56.750000,56.750000,54.439999,55.090000,54.634571,406700
2021-01-11,54.450001,54.730000,53.419998,54.549999,54.099033,405100
2021-01-12,54.599998,56.020000,53.529999,55.650002,55.189945,421600
2021-01-13,55.639999,55.669998,53.400002,53.700001,53.256062,620800
2021-01-14,54.000000,54.869999,53.720001,54.000000,53.553581,439700
2021-01-15,53.240002,53.680000,52.560001,53.020000,52.581684,432600
2021-01-19,53.480000,54.119999,52.970001,53.180000,52.740356,371300
2021-01-20,53.259998,53.849998,53.130001,53.730000,53.285812,335700
2021-01-21,54.599998,54.619999,53.590000,53.590000,53.146969,586600
2021-01-22,52.919998,53.209999,52.509998,52.730000,52.294079,460600
2021-01-25,52.270000,52.270000,49.799999,50.750000,50.330448,706600
2021-01-26,52.270000,53.610001,51.410000,52.189999,51.758541,711400
2021-01-27,51.610001,52.910000,50.099998,51.889999,51.461021,737000
2021-01-28,52.500000,52.869999,51.340000,51.590000,51.163506,402900
2021-01-29,51.590000,51.590000,50.619999,50.889999,50.469292,633600
2021-02-01,51.299999,52.590000,50.959999,52.389999,51.956890,456000
2021-02-02,53.099998,53.189999,51.790001,52.500000,52.065983,559600
2021-02-03,52.209999,54.160000,52.209999,53.720001,53.441818,759900
2021-02-04,53.730000,54.599998,53.660000,54.299999,54.018814,1042500
2021-02-05,55.000000,55.669998,54.540001,55.459999,55.172806,574800
2021-02-08,55.849998,56.740002,55.590000,56.709999,56.416336,772600
2021-02-09,56.759998,56.930000,55.689999,55.840000,55.550842,646500
2021-02-10,56.099998,58.200001,55.930000,57.709999,57.411156,918100
2021-02-11,57.860001,58.700001,57.150002,58.619999,58.316444,611400
2021-02-12,58.419998,59.230000,57.330002,57.750000,57.450951,383500
2021-02-16,57.990002,58.549999,56.380001,56.470001,56.177578,245400
2021-02-17,56.029999,56.880001,55.709999,56.299999,56.008457,327700
2021-02-18,56.090000,56.470001,55.459999,56.250000,55.958717,306900
2021-02-19,56.799999,57.820000,56.619999,57.509998,57.212193,391000
2021-02-22,57.360001,58.119999,56.919998,57.630001,57.331573,271700
2021-02-23,57.320000,57.970001,56.669998,57.799999,57.500690,266600
2021-02-24,57.889999,58.570000,57.400002,58.400002,58.097584,223800
2021-02-25,58.020000,58.540001,56.770000,56.770000,56.476025,349600
2021-02-26,56.680000,57.310001,55.779999,56.070000,55.779652,315000
2021-03-01,57.150002,58.139999,56.849998,58.060001,57.759346,279300
2021-03-02,58.060001,58.180000,56.919998,56.959999,56.665039,277600
2021-03-03,57.110001,57.849998,56.779999,56.820000,56.525768,200400
2021-03-04,56.820000,57.099998,54.380001,55.529999,55.242447,310800
2021-03-05,56.770000,57.740002,55.299999,57.680000,57.381313,327500
2021-03-08,58.119999,59.880001,57.970001,59.330002,59.022770,246200
2021-03-09,59.650002,59.990002,58.799999,59.270000,58.963078,321100
2021-03-10,59.200001,60.240002,58.939999,59.869999,59.559971,361100
2021-03-11,60.279999,61.150002,59.910000,60.099998,59.788780,322100
2021-03-12,60.240002,61.470001,60.080002,61.400002,61.082050,461800
2021-03-15,61.029999,61.580002,60.360001,61.529999,61.211376,370700
2021-03-16,61.020000,61.500000,60.660000,61.369999,61.052204,336200
2021-03-17,61.490002,62.419998,61.220001,62.110001,61.788372,344300
2021-03-18,62.009998,62.720001,60.480000,60.669998,60.355827,528500
2021-03-19,60.860001,60.880001,59.270000,60.419998,60.107124,750700
2021-03-22,60.450001,60.869999,59.009998,59.459999,59.152096,313700
2021-03-23,58.970001,59.799999,58.020000,58.180000,57.878723,486400
2021-03-24,59.130001,60.500000,58.459999,58.820000,58.515408,444500
2021-03-25,58.820000,62.189999,57.840000,61.520000,61.201427,707800
2021-03-26,62.000000,64.059998,61.400002,63.759998,63.429829,554800
2021-03-29,63.459999,64.629997,63.009998,63.009998,62.683712,530800
2021-03-30,63.000000,64.320000,62.849998,63.799999,63.469620,465600
2021-03-31,63.740002,64.730003,62.529999,62.910000,62.584232,591100
2021-04-01,62.720001,63.259998,61.599998,63.250000,62.922470,292300
2021-04-05,63.980000,64.739998,63.299999,64.459999,64.126198,338700
2021-04-06,64.349998,64.989998,64.000000,64.169998,63.837704,344900
2021-04-07,64.000000,64.050003,62.759998,62.919998,62.594177,310200
2021-04-08,62.930000,63.570000,62.020000,63.480000,63.151279,280100
2021-04-09,63.520000,64.139999,63.349998,64.059998,63.728271,219900
2021-04-12,64.000000,64.680000,63.900002,64.370003,64.036674,376600
2021-04-13,64.129997,64.589996,62.619999,63.310001,62.982159,438100
2021-04-14,63.299999,64.870003,63.299999,64.190002,63.857601,430900
2021-04-15,64.540001,65.519997,64.410004,65.519997,65.180710,414200
2021-04-16,66.190002,67.699997,65.820000,67.250000,66.901756,706900
2021-04-19,67.339996,67.839996,67.000000,67.730003,67.379272,684900
2021-04-20,67.430000,67.760002,65.480003,66.059998,65.717918,533200
2021-04-21,65.989998,67.739998,65.680000,67.519997,67.341614,377400
2021-04-22,67.900002,67.910004,66.860001,66.860001,66.683365,444600
2021-04-23,67.040001,68.610001,66.589996,68.099998,67.920082,306900
2021-04-26,68.480003,69.330002,68.160004,68.180000,67.999878,299600
2021-04-27,67.779999,68.290001,67.169998,68.160004,67.979927,297300
2021-04-28,68.309998,68.639999,67.910004,68.120003,67.940033,188100
2021-04-29,68.660004,68.660004,67.150002,67.870003,67.690697,377400
2021-04-30,67.389999,67.769997,66.449997,66.820000,66.643463,1053200
2021-05-03,67.820000,68.540001,66.760002,67.860001,67.680717,516600
2021-05-04,67.570000,68.570000,67.370003,68.309998,68.129532,223200
2021-05-05,68.599998,68.699997,67.699997,68.349998,68.169426,217300
2021-05-06,68.430000,69.089996,67.760002,69.010002,68.827682,277900
2021-05-07,68.750000,69.510002,68.440002,69.389999,69.206680,273400
2021-05-10,69.680000,70.580002,68.940002,68.980003,68.797768,534100
2021-05-11,68.449997,69.739998,68.400002,69.690002,69.505890,314100
2021-05-12,69.419998,69.519997,66.360001,66.430000,66.254501,196200
2021-05-13,66.660004,68.860001,66.660004,68.459999,68.279137,285700
2021-05-14,68.970001,69.599998,68.500000,69.080002,68.897499,155000
2021-05-17,68.760002,69.589996,68.050003,69.089996,68.907463,245900
2021-05-18,69.099998,69.099998,67.790001,67.800003,67.620880,283100
2021-05-19,66.750000,67.139999,65.989998,66.809998,66.633492,291000
2021-05-20,66.739998,66.830002,66.059998,66.660004,66.483894,239600
2021-05-21,67.389999,67.870003,66.540001,67.000000,66.822990,245700
2021-05-24,67.519997,67.599998,66.970001,67.320000,67.142143,155400
2021-05-25,67.489998,68.879997,66.540001,66.570000,66.394127,384400
2021-05-26,66.669998,67.440002,66.500000,67.160004,66.982574,326300
2021-05-27,67.800003,68.540001,67.410004,67.790001,67.610909,289200
2021-05-28,67.910004,69.129997,67.440002,69.120003,68.937393,572800
2021-06-01,70.000000,70.220001,69.239998,69.940002,69.755226,328300
2021-06-02,69.959999,70.370003,68.730003,69.050003,68.867577,344400
2021-06-03,68.769997,69.320000,68.029999,69.220001,69.037125,230600
2021-06-04,69.550003,69.720001,68.930000,69.510002,69.326363,221200
2021-06-07,69.669998,69.669998,68.190002,68.480003,68.299088,382300
2021-06-08,68.300003,69.669998,68.080002,69.480003,69.296440,327300
2021-06-09,69.440002,69.839996,68.940002,69.339996,69.156807,254700
2021-06-10,70.050003,70.500000,68.820000,68.889999,68.708000,399300
2021-06-11,69.230003,69.830002,68.680000,69.059998,68.877548,186500
2021-06-14,69.019997,69.080002,67.610001,67.839996,67.660767,347900
2021-06-15,67.879997,68.760002,67.589996,68.589996,68.408791,209800
2021-06-16,68.449997,69.010002,67.690002,68.589996,68.408791,299700
2021-06-17,68.510002,68.769997,65.989998,66.989998,66.813019,392500
2021-06-18,66.279999,66.629997,65.699997,65.910004,65.735878,719500
2021-06-21,66.660004,67.349998,66.489998,66.989998,66.813019,416100
2021-06-22,66.720001,66.820000,66.129997,66.489998,66.314339,466100
2021-06-23,66.839996,66.900002,65.510002,65.660004,65.486534,661600
2021-06-24,63.119999,65.449997,62.009998,63.799999,63.631447,971900
2021-06-25,63.340000,64.660004,63.340000,63.790001,63.621471,1724900
2021-06-28,63.680000,64.050003,62.700001,63.820000,63.651394,528000
2021-06-29,64.339996,64.730003,63.139999,63.139999,62.973190,286400
2021-06-30,62.669998,63.910000,62.549999,63.610001,63.441948,612600
2021-07-01,64.339996,64.790001,63.740002,64.580002,64.409386,288600
2021-07-02,64.599998,64.870003,64.169998,64.470001,64.299675,237900
2021-07-06,64.510002,64.510002,62.680000,63.349998,63.182632,335200
2021-07-07,63.090000,64.589996,63.090000,64.500000,64.329597,235600
2021-07-08,63.439999,64.400002,62.750000,63.509998,63.342209,361800
2021-07-09,64.720001,65.290001,64.029999,64.580002,64.409386,247000
2021-07-12,63.990002,65.059998,63.650002,64.839996,64.668694,219400
2021-07-13,64.480003,64.839996,63.540001,63.590000,63.422001,193400
2021-07-14,63.880001,64.620003,63.330002,63.770000,63.770000,210900
2021-07-15,63.430000,64.470001,63.430000,64.129997,64.129997,328500
2021-07-16,64.620003,64.620003,62.939999,63.080002,63.080002,285100
2021-07-19,61.750000,62.570000,61.119999,61.619999,61.619999,415100
2021-07-20,61.630001,62.959999,61.220001,62.330002,62.330002,549100
2021-07-21,63.000000,63.450001,62.060001,62.549999,62.549999,402400
2021-07-22,62.509998,62.660000,61.950001,62.150002,62.150002,179000
2021-07-23,62.599998,63.029999,62.080002,62.910000,62.910000,271900
2021-07-26,63.410000,63.950001,63.250000,63.740002,63.740002,261200
2021-07-27,63.189999,64.320000,62.650002,63.750000,63.750000,220500
2021-07-28,64.019997,64.250000,62.889999,63.799999,63.799999,192700
2021-07-29,64.199997,64.889999,64.150002,64.480003,64.480003,198300
2021-07-30,64.650002,65.379997,64.349998,64.620003,64.620003,588700
2021-08-02,64.699997,65.769997,63.740002,63.810001,63.810001,202100
2021-08-03,63.959999,64.830002,63.139999,64.739998,64.739998,269200
2021-08-04,64.269997,64.529999,63.430000,63.470001,63.470001,135600
2021-08-05,63.930000,64.570000,63.750000,64.440002,64.440002,171900
2021-08-06,65.099998,65.690002,64.930000,65.639999,65.639999,191500
2021-08-09,65.279999,65.389999,64.730003,65.250000,65.250000,125000
2021-08-10,65.500000,65.930000,65.110001,65.830002,65.830002,188900
2021-08-11,66.059998,66.980003,65.580002,66.930000,66.930000,203800
2021-08-12,67.349998,67.519997,66.379997,67.389999,67.389999,168100
2021-08-13,67.650002,67.690002,67.050003,67.639999,67.639999,118300
2021-08-16,67.459999,67.639999,66.559998,67.580002,67.580002,185400
2021-08-17,66.959999,67.320000,65.449997,66.230003,66.230003,156700
2021-08-18,66.239998,66.730003,65.379997,65.449997,65.449997,207800
2021-08-19,64.410004,64.930000,64.139999,64.419998,64.419998,212700
2021-08-20,64.449997,65.750000,64.449997,65.709999,65.709999,220300
2021-08-23,66.260002,66.930000,66.029999,66.300003,66.300003,234400
2021-08-24,66.519997,67.139999,66.300003,66.500000,66.500000,162100
2021-08-25,66.769997,67.760002,66.070000,67.209999,67.209999,172800
2021-08-26,67.180000,67.709999,66.639999,66.639999,66.639999,228400
2021-08-27,67.040001,68.930000,66.860001,68.320000,68.320000,335900
2021-08-30,68.620003,68.620003,67.690002,67.800003,67.800003,269900