Date,Open,High,Low,Close,Adj Close,Volume
2021-01-04,83.709999,83.739998,80.760002,82.260002,81.425179,214100
2021-01-05,82.000000,84.220001,82.000000,83.129997,82.286339,213400
2021-01-06,84.760002,87.330002,84.300003,86.860001,85.978493,291500
2021-01-07,87.040001,88.070000,86.769997,87.669998,86.780266,232600
2021-01-08,88.209999,88.209999,86.739998,87.480003,86.592201,182000
2021-01-11,86.260002,88.760002,86.260002,88.059998,87.166306,138000
2021-01-12,88.360001,90.570000,88.239998,90.059998,89.146011,216600
2021-01-13,90.059998,90.180000,87.849998,87.889999,86.998039,122600
2021-01-14,88.639999,89.529999,87.790001,88.910004,88.007690,95200
2021-01-15,87.680000,89.919998,86.139999,89.570000,88.660980,213800
2021-01-19,90.430000,92.110001,90.040001,90.209999,89.294487,223500
2021-01-20,90.029999,90.269997,88.169998,89.290001,88.383827,206700
2021-01-21,89.680000,89.680000,87.629997,87.680000,86.790161,186500
2021-01-22,86.449997,88.230003,85.050003,88.010002,87.116821,192900
2021-01-25,87.830002,89.389999,86.610001,89.320000,88.413528,201300
2021-01-26,89.629997,89.629997,88.160004,88.900002,87.997787,205900
2021-01-27,87.080002,93.389999,85.910004,91.400002,90.472420,521300
2021-01-28,88.720001,90.730003,87.269997,88.370003,87.473167,577800
2021-01-29,88.769997,94.800003,87.919998,92.800003,91.858208,839000
2021-02-01,92.040001,92.919998,89.900002,92.500000,91.561249,499400
2021-02-02,93.599998,93.599998,91.639999,92.410004,91.472176,215700
2021-02-03,92.029999,92.690002,90.790001,92.199997,91.264290,179500
2021-02-04,92.300003,93.650002,91.040001,93.589996,92.640190,286200
2021-02-05,94.800003,95.879997,93.660004,95.620003,94.649590,241800
2021-02-08,96.470001,98.820000,96.110001,97.790001,96.797569,188400
2021-02-09,97.830002,99.180000,96.949997,97.629997,96.639191,198300
2021-02-10,98.080002,98.339996,96.470001,96.769997,95.787910,199000
2021-02-11,97.410004,97.800003,95.519997,97.129997,96.144257,144000
2021-02-12,96.709999,99.000000,96.709999,98.930000,97.925995,139500
2021-02-16,99.480003,100.629997,98.480003,98.489998,97.490456,187100
2021-02-17,97.919998,98.370003,95.930000,96.440002,95.461266,276500
2021-02-18,96.150002,96.910004,95.040001,96.309998,95.332588,198100
2021-02-19,95.580002,99.510002,95.580002,99.419998,98.411018,208000
2021-02-22,98.919998,101.160004,98.360001,99.040001,98.034882,165300
2021-02-23,98.440002,99.000000,97.470001,98.639999,97.638939,231100
2021-02-24,99.279999,100.260002,98.320000,99.290001,98.282349,187600
2021-02-25,98.830002,99.400002,96.070000,96.070000,95.576317,190600
2021-02-26,95.900002,97.180000,94.790001,95.430000,94.939606,228200
2021-03-01,97.139999,98.980003,97.070000,98.389999,97.884399,192000
2021-03-02,98.269997,98.339996,96.040001,96.279999,95.785240,163200
2021-03-03,96.599998,98.669998,96.220001,96.620003,96.123497,153800
2021-03-04,96.500000,97.959999,94.279999,95.580002,95.088837,212000
2021-03-05,97.080002,97.629997,95.339996,97.480003,96.979080,249600
2021-03-08,98.269997,99.989998,97.599998,97.839996,97.337219,227700
2021-03-09,98.040001,98.339996,96.360001,96.529999,96.033958,148900
2021-03-10,96.599998,97.989998,96.040001,97.870003,97.367073,180700
2021-03-11,98.239998,100.440002,96.849998,99.400002,98.889206,144500
2021-03-12,100.010002,101.339996,99.610001,100.980003,100.461090,110700
2021-03-15,100.709999,100.709999,97.629997,98.230003,97.725220,204000
2021-03-16,97.790001,98.370003,96.620003,97.220001,96.720413,135400
2021-03-17,97.500000,98.150002,95.260002,95.570000,95.078888,184900
2021-03-18,95.059998,95.629997,90.680000,90.680000,90.214020,487600
2021-03-19,91.430000,92.900002,88.449997,88.449997,87.995476,962500
2021-03-22,88.440002,90.059998,87.029999,88.419998,87.965630,313300
2021-03-23,87.349998,88.449997,86.480003,87.309998,86.861336,330700
2021-03-24,88.349998,91.029999,87.970001,89.169998,88.711777,311800
2021-03-25,88.440002,90.750000,87.239998,90.379997,89.915558,208100
2021-03-26,91.980003,93.160004,90.550003,93.110001,92.631531,178800
2021-03-29,93.029999,95.129997,90.750000,90.849998,90.383141,274800
2021-03-30,90.849998,93.230003,90.839996,92.669998,92.193787,155500
2021-03-31,93.260002,94.480003,91.889999,92.739998,92.263428,252500
2021-04-01,93.029999,94.209999,92.059998,94.169998,93.686081,140700
2021-04-05,94.919998,95.800003,94.360001,95.190002,94.700844,143400
2021-04-06,95.010002,96.440002,94.449997,95.059998,94.571510,123500
2021-04-07,95.230003,95.800003,93.570000,93.900002,93.417473,102000
2021-04-08,93.839996,94.209999,92.230003,93.860001,93.377678,127000
2021-04-09,93.379997,94.690002,93.379997,93.989998,93.507004,106100
2021-04-12,94.349998,96.309998,94.349998,95.690002,95.198273,141800
2021-04-13,95.070000,96.690002,93.500000,93.900002,93.417473,142900
2021-04-14,94.309998,96.989998,93.110001,95.699997,95.208221,156800
2021-04-15,95.919998,96.489998,94.949997,96.209999,95.715599,140800
2021-04-16,96.860001,97.029999,95.360001,95.879997,95.387291,163200
2021-04-19,95.050003,96.559998,94.129997,95.680000,95.188324,237300
2021-04-20,95.699997,96.699997,89.669998,92.260002,91.785904,319800
2021-04-21,91.730003,94.709999,91.730003,94.709999,94.223305,227900
2021-04-22,94.870003,95.540001,94.010002,94.019997,93.536850,141100
2021-04-23,94.550003,96.650002,93.339996,96.290001,95.795189,152300
2021-04-26,97.099998,97.690002,96.080002,97.000000,96.501541,170400
2021-04-27,96.820000,97.410004,96.099998,96.970001,96.471695,147100
2021-04-28,97.269997,98.180000,96.040001,97.559998,97.058662,91000
2021-04-29,98.389999,98.410004,97.169998,97.940002,97.436714,66600
2021-04-30,97.080002,98.029999,96.199997,97.709999,97.207893,243000
2021-05-03,98.500000,98.809998,96.800003,98.169998,97.665527,151500
2021-05-04,97.739998,99.459999,96.260002,99.199997,98.690231,182000
2021-05-05,99.330002,100.989998,98.220001,100.230003,99.714943,218300
2021-05-06,100.800003,101.510002,99.940002,101.389999,100.868980,163800
2021-05-07,101.080002,103.820000,100.379997,103.660004,103.127319,115700
2021-05-10,103.699997,106.309998,103.309998,104.379997,103.843613,193600
2021-05-11,102.800003,104.300003,102.800003,103.750000,103.216858,134400
2021-05-12,103.459999,103.459999,99.269997,99.589996,99.078224,153600
2021-05-13,99.510002,102.129997,99.510002,100.139999,99.625404,208200
2021-05-14,101.150002,101.550003,100.050003,101.480003,100.958519,103200
2021-05-17,100.510002,100.809998,98.800003,99.660004,99.147873,115500
2021-05-18,99.669998,99.739998,96.919998,96.970001,96.471695,111800
2021-05-19,95.610001,96.360001,94.000000,96.250000,95.755394,88800
2021-05-20,96.010002,97.389999,95.349998,96.910004,96.412010,127200
2021-05-21,97.919998,98.230003,96.970001,97.820000,97.317329,70500
2021-05-24,98.400002,99.500000,97.110001,99.070000,98.560905,79600
2021-05-25,99.040001,100.480003,97.239998,97.339996,96.839790,119400
2021-05-26,97.260002,97.989998,96.650002,97.180000,96.680618,132500
2021-05-27,98.570000,99.349998,97.879997,98.470001,97.963989,140600
2021-05-28,98.480003,98.779999,97.430000,98.660004,98.153015,67300
2021-06-01,99.830002,101.190002,98.720001,100.169998,99.655251,106500
2021-06-02,100.500000,100.550003,98.760002,99.489998,98.978745,200200
2021-06-03,99.010002,99.010002,97.440002,97.550003,97.048721,158300
2021-06-04,97.709999,97.709999,95.459999,96.580002,96.083702,164500
2021-06-07,96.949997,97.000000,95.849998,96.050003,95.556427,140700
2021-06-08,95.919998,97.160004,95.150002,96.519997,96.024002,125400
2021-06-09,96.620003,96.800003,95.680000,96.510002,96.014061,175200
2021-06-10,97.459999,97.589996,96.669998,97.059998,96.561234,138500
2021-06-11,97.019997,97.730003,97.019997,97.300003,96.800003,132100
2021-06-14,96.500000,96.559998,95.269997,95.519997,95.519997,127100
2021-06-15,95.589996,96.800003,95.389999,96.519997,96.519997,100500
2021-06-16,96.010002,96.529999,95.290001,95.830002,95.830002,118100
2021-06-17,95.820000,95.820000,90.339996,90.510002,90.510002,181700
2021-06-18,89.339996,89.430000,87.849998,87.849998,87.849998,324100
2021-06-21,88.559998,91.660004,88.279999,90.750000,90.750000,162000
2021-06-22,90.089996,90.750000,89.690002,90.589996,90.589996,132800
2021-06-23,90.360001,90.529999,89.440002,89.620003,89.620003,176800
2021-06-24,90.320000,92.489998,89.470001,92.269997,92.269997,103800
2021-06-25,92.599998,93.099998,90.320000,90.500000,90.500000,770900
2021-06-28,90.570000,90.570000,88.449997,88.809998,88.809998,181200
2021-06-29,88.599998,89.089996,86.500000,86.639999,86.639999,128400
2021-06-30,86.720001,89.169998,86.379997,88.470001,88.470001,240600
2021-07-01,89.620003,90.110001,88.440002,88.790001,88.790001,99800
2021-07-02,88.830002,88.830002,87.540001,87.809998,87.809998,96200
2021-07-06,87.959999,88.000000,85.529999,86.690002,86.690002,134200
2021-07-07,85.760002,88.019997,85.620003,86.910004,86.910004,110200
2021-07-08,85.339996,87.500000,84.860001,85.769997,85.769997,114600
2021-07-09,87.110001,88.779999,86.430000,87.529999,87.529999,190100
2021-07-12,86.680000,88.720001,86.680000,88.139999,88.139999,110700
2021-07-13,87.459999,88.449997,86.989998,87.470001,87.470001,92600
2021-07-14,88.239998,88.419998,86.849998,87.500000,87.500000,106900
2021-07-15,86.570000,88.639999,86.570000,88.000000,88.000000,105600
2021-07-16,90.269997,91.769997,87.209999,88.500000,88.500000,247300
2021-07-19,86.410004,87.290001,84.599998,86.000000,86.000000,318000
2021-07-20,86.150002,91.389999,85.910004,90.900002,90.900002,262100
2021-07-21,91.930000,93.709999,90.879997,91.169998,91.169998,181000
2021-07-22,90.680000,90.680000,88.860001,89.010002,89.010002,119400
2021-07-23,90.059998,90.260002,88.320000,89.970001,89.970001,88900
2021-07-26,91.629997,91.849998,89.730003,90.980003,90.980003,115500
2021-07-27,89.779999,91.389999,89.389999,90.410004,90.410004,118800
2021-07-28,90.959999,91.370003,88.860001,90.720001,90.720001,89800
2021-07-29,91.889999,92.599998,91.150002,92.000000,92.000000,79300
2021-07-30,91.260002,92.370003,90.309998,92.250000,92.250000,164800
2021-08-02,92.470001,93.419998,89.870003,90.129997,90.129997,79600
2021-08-03,90.750000,92.040001,89.800003,91.820000,91.820000,93300
2021-08-04,90.660004,91.360001,88.959999,89.150002,89.150002,78800
2021-08-05,89.760002,91.010002,89.470001,90.220001,90.220001,103400
2021-08-06,91.589996,93.050003,90.519997,92.790001,92.790001,163300
2021-08-09,92.760002,92.760002,90.709999,90.989998,90.989998,129900
2021-08-10,91.199997,93.059998,90.599998,92.470001,92.470001,93100
2021-08-11,92.500000,94.849998,92.500000,94.809998,94.809998,86700
2021-08-12,94.949997,94.980003,93.699997,93.959999,93.959999,83600
2021-08-13,94.260002,94.339996,93.110001,93.949997,93.949997,52800
2021-08-16,93.139999,94.320000,92.309998,93.349998,93.349998,67600
2021-08-17,92.209999,93.389999,90.930000,91.769997,91.769997,121300
2021-08-18,91.349998,92.029999,87.470001,87.580002,87.580002,213700
2021-08-19,86.779999,87.650002,85.370003,85.800003,85.800003,209300
2021-08-20,85.639999,86.550003,84.639999,86.440002,86.440002,172900
2021-08-23,86.820000,87.949997,86.779999,86.790001,86.790001,116300
2021-08-24,87.080002,87.809998,86.639999,87.690002,87.690002,95900
2021-08-25,87.589996,89.589996,87.040001,89.250000,89.250000,143500
2021-08-26,88.769997,89.599998,88.250000,89.059998,89.059998,141100
2021-08-27,88.949997,92.750000,88.949997,91.830002,91.830002,216800
2021-08-30,92.050003,92.589996,91.059998,91.930000,91.930000,121200