Date,Open,High,Low,Close,Adj Close,Volume
2021-01-04,46.000000,46.720001,44.669998,45.619999,44.974655,377000
2021-01-05,45.759998,47.000000,44.549999,46.209999,45.556313,388100
2021-01-06,47.509998,50.869999,47.509998,50.080002,49.371574,1040000
2021-01-07,50.419998,50.810001,49.299999,49.580002,49.025486,559500
2021-01-08,49.500000,49.500000,47.250000,48.250000,47.710358,510700
2021-01-11,47.619999,48.990002,47.619999,48.930000,48.382751,203900
2021-01-12,49.150002,50.740002,49.150002,49.720001,49.163921,285200
2021-01-13,49.480000,49.549999,48.349998,48.939999,48.392643,250200
2021-01-14,49.340000,50.330002,49.169998,50.080002,49.519894,280300
2021-01-15,49.169998,50.419998,47.930000,50.119999,49.559444,304500
2021-01-19,50.669998,50.910000,49.779999,50.009998,49.450676,267300
2021-01-20,49.980000,50.560001,49.500000,50.029999,49.470451,348700
2021-01-21,50.160000,50.340000,48.860001,49.389999,48.837608,291800
2021-01-22,48.599998,51.270000,48.599998,51.200001,50.627365,465500
2021-01-25,50.869999,51.230000,49.320000,50.130001,49.569332,296300
2021-01-26,50.759998,50.759998,49.369999,49.709999,49.154030,248400
2021-01-27,48.400002,49.570000,47.830002,48.130001,47.591702,458700
2021-01-28,49.389999,49.389999,47.509998,48.020000,47.482933,384800
2021-01-29,48.509998,48.590000,46.340000,46.650002,46.128254,452000
2021-02-01,47.099998,48.580002,47.000000,48.480000,47.937786,253600
2021-02-02,48.900002,50.200001,48.400002,49.590000,49.035370,265800
2021-02-03,48.980000,49.299999,48.349998,48.860001,48.313538,206800
2021-02-04,48.950001,50.320000,48.950001,49.740002,49.183693,264900
2021-02-05,50.119999,50.119999,48.990002,49.610001,49.055149,231000
2021-02-08,49.910000,51.000000,49.480000,50.959999,50.390049,219000
2021-02-09,50.570000,52.160000,50.570000,52.150002,51.566742,280200
2021-02-10,52.490002,52.930000,51.709999,52.020000,51.438194,248100
2021-02-11,51.939999,52.400002,50.720001,51.400002,50.825130,209100
2021-02-12,51.240002,51.779999,50.740002,51.389999,50.815243,239000
2021-02-16,51.980000,52.099998,51.369999,51.759998,51.181103,163700
2021-02-17,51.619999,52.310001,51.430000,51.779999,51.200878,158400
2021-02-18,51.520000,51.919998,50.950001,51.450001,50.874573,163300
2021-02-19,51.500000,52.520000,50.750000,52.340000,51.754616,298400
2021-02-22,51.660000,53.730000,51.570000,53.580002,52.980747,372700
2021-02-23,53.669998,54.689999,52.810001,54.200001,53.593811,281500
2021-02-24,54.919998,55.889999,54.369999,55.599998,54.978153,283900
2021-02-25,55.700001,56.590000,54.799999,55.250000,54.632069,600000
2021-02-26,54.869999,55.389999,53.349998,54.200001,53.593811,485100
2021-03-01,55.430000,56.279999,54.799999,56.230000,55.601109,272100
2021-03-02,56.029999,56.470001,55.360001,55.779999,55.156139,331000
2021-03-03,56.330002,59.150002,56.070000,58.189999,57.539185,558500
2021-03-04,58.189999,59.029999,56.330002,57.000000,56.362495,493500
2021-03-05,58.369999,60.160000,57.360001,59.869999,59.200394,429900
2021-03-08,60.570000,63.660000,60.209999,63.230000,62.522820,595400
2021-03-09,62.279999,64.410004,61.180000,61.360001,60.673733,912100
2021-03-10,61.130001,63.650002,60.349998,63.470001,62.760136,550500
2021-03-11,63.119999,64.809998,62.880001,64.580002,63.857719,416300
2021-03-12,65.000000,66.660004,64.389999,66.500000,65.756248,501500
2021-03-15,67.349998,67.349998,63.520000,64.629997,63.907154,415700
2021-03-16,64.019997,64.169998,62.759998,63.810001,63.096333,258300
2021-03-17,64.419998,64.690002,62.560001,63.110001,62.404163,469700
2021-03-18,63.520000,64.989998,61.730000,62.180000,61.484562,725800
2021-03-19,61.029999,61.639999,60.020000,60.250000,59.576149,1534300
2021-03-22,60.259998,61.080002,57.840000,58.090000,57.440304,436500
2021-03-23,57.209999,57.799999,55.779999,56.200001,55.571445,425100
2021-03-24,57.189999,58.340000,56.610001,56.610001,55.976860,536700
2021-03-25,56.410000,58.490002,55.740002,58.160000,57.509521,389900
2021-03-26,58.860001,60.299999,58.340000,60.150002,59.477268,359000
2021-03-29,59.360001,59.770000,56.480000,56.560001,55.927422,510500
2021-03-30,56.750000,58.110001,56.410000,57.400002,56.758022,523200
2021-03-31,57.470001,58.230000,57.020000,57.080002,56.441605,455700
2021-04-01,57.590000,58.599998,57.389999,58.590000,57.934711,373900
2021-04-05,59.450001,59.680000,58.430000,59.000000,58.340126,251300
2021-04-06,58.849998,59.189999,58.110001,58.240002,57.588627,188200
2021-04-07,58.500000,59.380001,57.439999,57.779999,57.133770,251200
2021-04-08,57.560001,57.959999,56.770000,57.900002,57.252434,304000
2021-04-09,58.290001,58.689999,57.560001,58.520000,57.865498,273400
2021-04-12,58.070000,59.459999,58.070000,59.250000,58.899342,281000
2021-04-13,58.900002,58.900002,58.029999,58.439999,58.094135,380300
2021-04-14,57.990002,59.759998,57.660000,58.630001,58.283012,353700
2021-04-15,58.669998,59.000000,57.540001,58.840000,58.491768,318300
2021-04-16,59.770000,60.360001,59.160000,60.169998,59.813896,275200
2021-04-19,60.020000,60.680000,59.430000,60.060001,59.704552,324300
2021-04-20,59.750000,59.919998,57.590000,58.070000,57.726326,546300
2021-04-21,57.840000,59.349998,57.250000,59.220001,58.869522,231500
2021-04-22,58.740002,59.970001,56.840000,58.400002,58.054375,256600
2021-04-23,59.779999,61.910000,58.130001,61.400002,61.036621,528400
2021-04-26,61.990002,63.049999,61.180000,61.189999,60.827862,272600
2021-04-27,60.959999,61.750000,60.549999,61.099998,60.738392,268800
2021-04-28,61.459999,61.480000,60.169998,60.259998,59.903362,303600
2021-04-29,61.150002,61.310001,59.930000,60.150002,59.794018,348300
2021-04-30,59.540001,60.549999,58.709999,58.950001,58.601120,432000
2021-05-03,59.639999,60.380001,59.040001,59.759998,59.406322,359000
2021-05-04,59.259998,60.130001,58.730000,59.599998,59.247269,490500
2021-05-05,59.680000,60.660000,58.869999,60.480000,60.122063,256500
2021-05-06,60.740002,61.180000,59.490002,60.980000,60.619102,235400
2021-05-07,59.970001,61.279999,59.410000,61.119999,60.758274,256000
2021-05-10,61.250000,62.270000,60.840000,60.880001,60.519695,372200
2021-05-11,60.250000,62.009998,59.869999,60.240002,59.883484,830500
2021-05-12,60.740002,61.160000,57.779999,57.959999,57.616978,350300
2021-05-13,57.650002,61.770000,55.990002,61.290001,60.927269,597400
2021-05-14,61.570000,61.959999,60.139999,61.790001,61.424313,251600
2021-05-17,61.580002,62.000000,60.540001,61.509998,61.145966,170100
2021-05-18,61.349998,61.680000,59.759998,59.849998,59.495789,287400
2021-05-19,59.230000,59.480000,57.509998,59.410000,59.058395,794800
2021-05-20,58.810001,59.000000,57.490002,58.290001,57.945026,454100
2021-05-21,59.349998,60.139999,58.840000,59.220001,58.869522,352500
2021-05-24,59.139999,59.349998,58.139999,58.610001,58.263130,335700
2021-05-25,58.529999,59.240002,56.910000,56.910000,56.573193,626900
2021-05-26,57.000000,58.250000,56.910000,57.900002,57.557335,311900
2021-05-27,58.840000,59.419998,57.950001,58.130001,57.785973,411400
2021-05-28,58.259998,58.439999,57.369999,58.250000,57.905262,303300
2021-06-01,58.709999,58.970001,58.240002,58.599998,58.253189,232100
2021-06-02,58.860001,58.860001,57.630001,57.779999,57.438042,281700
2021-06-03,57.910000,58.580002,57.580002,58.360001,58.014610,276700
2021-06-04,58.330002,58.669998,57.660000,57.950001,57.607037,220700
2021-06-07,58.250000,58.520000,57.779999,58.490002,58.143841,308000
2021-06-08,58.090000,59.230000,57.799999,59.110001,58.760174,327700
2021-06-09,59.150002,59.150002,57.869999,58.090000,57.746208,289900
2021-06-10,58.869999,59.130001,56.880001,56.910000,56.573193,249100
2021-06-11,57.330002,57.900002,57.119999,57.490002,57.149761,336800
2021-06-14,57.669998,57.959999,56.099998,56.509998,56.175556,314900
2021-06-15,56.680000,58.080002,56.520000,57.480000,57.139816,287300
2021-06-16,57.240002,58.349998,56.580002,57.889999,57.547390,369500
2021-06-17,58.270000,58.279999,55.799999,56.110001,55.777927,530000
2021-06-18,55.000000,55.750000,52.990002,53.099998,52.785740,1785400
2021-06-21,53.689999,56.130001,53.689999,56.020000,55.688457,707100
2021-06-22,55.700001,56.160000,54.810001,55.990002,55.658638,539400
2021-06-23,56.040001,56.389999,55.540001,55.630001,55.300770,462700
2021-06-24,55.970001,56.610001,55.310001,56.570000,56.235203,286600
2021-06-25,56.709999,57.580002,56.290001,56.790001,56.453903,1187900
2021-06-28,56.450001,56.450001,54.619999,55.169998,54.843487,299300
2021-06-29,55.340000,55.799999,54.570000,55.090000,54.763962,231800
2021-06-30,54.869999,55.570000,54.849998,55.080002,54.754025,307400
2021-07-01,55.849998,56.169998,55.169998,55.959999,55.628815,403100
2021-07-02,55.810001,55.810001,54.880001,55.240002,54.913078,286600
2021-07-06,54.939999,54.939999,53.180000,53.680000,53.362309,336700
2021-07-07,53.349998,55.000000,52.689999,53.060001,52.745979,477000
2021-07-08,51.930000,53.000000,51.540001,52.220001,51.910950,378700
2021-07-09,53.389999,54.130001,52.959999,54.070000,53.750000,290200
2021-07-12,53.220001,54.169998,52.570000,54.090000,54.090000,231300
2021-07-13,53.820000,53.919998,52.639999,52.810001,52.810001,241300
2021-07-14,53.020000,53.660000,52.290001,53.180000,53.180000,303200
2021-07-15,52.590000,53.889999,52.349998,53.700001,53.700001,307900
2021-07-16,54.070000,54.070000,52.230000,52.279999,52.279999,272000
2021-07-19,50.939999,51.459999,50.049999,50.470001,50.470001,464400
2021-07-20,50.590000,53.060001,50.590000,51.540001,51.540001,557900
2021-07-21,52.270000,52.930000,51.939999,52.520000,52.520000,373700
2021-07-22,52.520000,53.110001,50.700001,50.810001,50.810001,281100
2021-07-23,52.400002,52.400002,50.790001,51.279999,51.279999,223800
2021-07-26,51.680000,52.110001,51.110001,51.450001,51.450001,225800
2021-07-27,51.009998,51.709999,50.590000,50.930000,50.930000,243600
2021-07-28,51.270000,52.099998,50.549999,51.540001,51.540001,250300
2021-07-29,52.070000,52.590000,51.459999,52.080002,52.080002,265900
2021-07-30,51.849998,52.669998,51.209999,51.560001,51.560001,307700
2021-08-02,51.709999,53.189999,51.139999,51.180000,51.180000,336000
2021-08-03,51.500000,52.439999,50.759998,52.180000,52.180000,335900
2021-08-04,51.400002,52.090000,51.310001,51.619999,51.619999,284800
2021-08-05,51.709999,52.650002,51.709999,52.360001,52.360001,250300
2021-08-06,53.349998,54.750000,53.189999,54.220001,54.220001,415900
2021-08-09,54.029999,54.150002,53.209999,53.279999,53.279999,251300
2021-08-10,53.139999,54.230000,53.049999,54.000000,54.000000,264500
2021-08-11,54.110001,54.680000,53.540001,54.599998,54.599998,316300
2021-08-12,54.560001,54.560001,53.709999,53.810001,53.810001,204400
2021-08-13,53.779999,53.779999,53.000000,53.310001,53.310001,148200
2021-08-16,52.730000,53.740002,52.150002,53.639999,53.639999,331800
2021-08-17,53.049999,53.279999,52.060001,53.160000,53.160000,326400
2021-08-18,52.990002,53.540001,52.270000,52.369999,52.369999,291800
2021-08-19,51.840000,52.650002,51.720001,52.290001,52.290001,344800
2021-08-20,52.150002,53.520000,52.020000,53.500000,53.500000,288400
2021-08-23,53.799999,54.200001,52.950001,54.049999,54.049999,336000
2021-08-24,54.070000,54.130001,53.470001,53.650002,53.650002,220300
2021-08-25,53.720001,54.279999,53.599998,53.610001,53.610001,223500
2021-08-26,53.650002,53.869999,53.060001,53.139999,53.139999,245800
2021-08-27,53.410000,54.509998,53.389999,54.270000,54.270000,496600
2021-08-30,54.209999,54.209999,52.849998,52.970001,52.970001,269800