Date,Open,High,Low,Close,Adj Close,Volume
2021-01-04,56.619999,57.439999,54.660000,55.900002,55.900002,1024800
2021-01-05,55.500000,56.730000,55.270000,55.490002,55.490002,515600
2021-01-06,56.189999,61.169998,55.799999,59.660000,59.660000,1310500
2021-01-07,60.000000,61.849998,58.950001,60.270000,60.270000,654800
2021-01-08,60.840000,61.560001,58.970001,59.610001,59.610001,549000
2021-01-11,58.660000,59.639999,57.860001,59.220001,59.220001,338300
2021-01-12,58.389999,58.700001,56.799999,58.400002,58.400002,597400
2021-01-13,58.189999,58.779999,56.599998,56.680000,56.680000,440200
2021-01-14,55.650002,56.889999,54.150002,54.869999,54.869999,1200800
2021-01-15,54.220001,54.860001,53.529999,54.020000,54.020000,662800
2021-01-19,55.369999,57.840000,54.840000,57.099998,57.099998,752600
2021-01-20,57.320000,58.000000,56.340000,57.200001,57.200001,603600
2021-01-21,57.419998,57.509998,56.000000,56.529999,56.529999,436400
2021-01-22,56.529999,56.529999,54.040001,54.480000,54.480000,659200
2021-01-25,54.500000,54.970001,51.660000,52.299999,52.299999,1103200
2021-01-26,52.459999,52.880001,50.869999,51.160000,51.160000,865000
2021-01-27,50.009998,52.139999,48.060001,51.770000,51.770000,1010400
2021-01-28,51.990002,52.080002,51.110001,51.709999,51.709999,573300
2021-01-29,51.490002,51.650002,49.619999,50.230000,50.230000,543300
2021-02-01,51.119999,52.810001,50.340000,52.450001,52.450001,430600
2021-02-02,53.430000,55.410000,52.669998,55.250000,55.250000,439100
2021-02-03,55.090000,55.529999,54.090000,54.349998,54.349998,400300
2021-02-04,55.090000,56.180000,54.880001,55.160000,55.160000,532700
2021-02-05,55.880001,55.939999,53.200001,53.939999,53.939999,305200
2021-02-08,54.150002,55.349998,54.150002,55.220001,55.220001,296500
2021-02-09,55.529999,56.470001,54.810001,54.910000,54.910000,491200
2021-02-10,54.840000,55.610001,53.060001,53.250000,53.250000,565200
2021-02-11,53.830002,55.119999,53.549999,54.500000,54.500000,353900
2021-02-12,54.529999,54.529999,53.470001,54.419998,54.419998,232600
2021-02-16,54.509998,55.669998,54.299999,54.810001,54.810001,287200
2021-02-17,54.230000,54.799999,52.650002,53.009998,53.009998,214900
2021-02-18,52.700001,53.139999,51.340000,52.650002,52.650002,429400
2021-02-19,53.040001,53.150002,52.209999,52.340000,52.340000,331100
2021-02-22,52.250000,53.610001,51.740002,52.630001,52.630001,708900
2021-02-23,49.500000,50.299999,46.029999,49.799999,49.799999,1699900
2021-02-24,49.570000,52.220001,49.270000,51.459999,51.459999,991200
2021-02-25,50.889999,51.310001,47.540001,47.580002,47.580002,900600
2021-02-26,47.889999,48.330002,45.950001,47.259998,47.259998,785300
2021-03-01,48.330002,49.459999,48.330002,48.930000,48.930000,576700
2021-03-02,48.720001,49.049999,47.560001,47.599998,47.599998,335700
2021-03-03,47.500000,48.040001,46.439999,46.459999,46.459999,483800
2021-03-04,45.849998,47.139999,44.180000,45.779999,45.779999,780200
2021-03-05,46.580002,47.150002,43.930000,46.660000,46.660000,648200
2021-03-08,46.889999,49.160000,46.889999,47.430000,47.430000,594300
2021-03-09,48.549999,50.570000,48.410000,49.790001,49.790001,903900
2021-03-10,50.130001,50.799999,49.599998,50.189999,50.189999,396700
2021-03-11,50.750000,52.080002,50.740002,51.709999,51.709999,564200
2021-03-12,51.400002,52.919998,50.910000,51.610001,51.610001,438500
2021-03-15,51.380001,52.599998,50.970001,51.900002,51.900002,435400
2021-03-16,51.939999,52.110001,49.810001,50.470001,50.470001,363300
2021-03-17,50.139999,51.220001,49.840000,51.099998,51.099998,470400
2021-03-18,50.630001,51.270000,49.669998,50.049999,50.049999,392300
2021-03-19,49.910000,50.630001,49.310001,49.840000,49.840000,804300
2021-03-22,49.540001,49.799999,48.610001,49.099998,49.099998,464200
2021-03-23,48.900002,50.000000,48.900002,49.619999,49.619999,476600
2021-03-24,49.820000,50.900002,47.270000,47.340000,47.340000,625800
2021-03-25,46.820000,47.610001,45.240002,46.580002,46.580002,520900
2021-03-26,46.630001,47.230000,45.740002,47.000000,47.000000,365800
2021-03-29,46.450001,47.029999,45.299999,45.919998,45.919998,377100
2021-03-30,45.779999,46.400002,44.799999,45.860001,45.860001,541300
2021-03-31,46.240002,46.580002,45.400002,45.790001,45.790001,825200
2021-04-01,46.299999,47.389999,46.110001,46.990002,46.990002,487400
2021-04-05,47.740002,48.279999,46.630001,48.209999,48.209999,389200
2021-04-06,48.080002,48.200001,47.459999,47.490002,47.490002,244900
2021-04-07,47.689999,47.919998,46.889999,47.020000,47.020000,231500
2021-04-08,47.299999,47.349998,46.090000,46.180000,46.180000,449400
2021-04-09,45.990002,47.029999,45.740002,46.810001,46.810001,315000
2021-04-12,47.110001,47.119999,45.950001,46.150002,46.150002,323200
2021-04-13,45.900002,46.090000,45.119999,45.869999,45.869999,258400
2021-04-14,45.980000,46.610001,45.320000,45.439999,45.439999,215700
2021-04-15,45.820000,46.299999,45.200001,46.130001,46.130001,258300
2021-04-16,46.619999,46.959999,45.630001,46.759998,46.759998,454700
2021-04-19,46.529999,46.910000,44.580002,44.700001,44.700001,353700
2021-04-20,44.430000,44.709999,43.360001,43.970001,43.970001,380900
2021-04-21,43.669998,44.790001,43.250000,44.549999,44.549999,1007700
2021-04-22,44.770000,45.029999,44.090000,44.090000,44.090000,438900
2021-04-23,43.950001,44.910000,43.689999,44.430000,44.430000,485200
2021-04-26,44.930000,45.610001,44.810001,44.889999,44.889999,540400
2021-04-27,45.130001,45.330002,44.410000,45.110001,45.110001,390200
2021-04-28,44.959999,45.360001,44.720001,45.110001,45.110001,366800
2021-04-29,45.430000,48.560001,45.250000,46.830002,46.830002,1285300
2021-04-30,46.060001,46.730000,45.689999,45.759998,45.759998,680800
2021-05-03,46.080002,47.369999,45.740002,45.779999,45.779999,714600
2021-05-04,45.150002,45.380001,44.070000,44.919998,44.919998,569300
2021-05-05,45.099998,45.750000,44.490002,45.290001,45.290001,632300
2021-05-06,45.119999,46.049999,42.560001,44.509998,44.509998,960900
2021-05-07,44.480000,45.660000,44.330002,44.790001,44.790001,846800
2021-05-10,44.889999,44.889999,42.570000,42.720001,42.720001,486400
2021-05-11,41.630001,42.509998,41.410000,42.020000,42.020000,626900
2021-05-12,41.560001,42.070000,40.099998,40.330002,40.330002,892400
2021-05-13,40.680000,41.680000,39.549999,39.799999,39.799999,582000
2021-05-14,40.509998,41.340000,40.320000,40.709999,40.709999,534800
2021-05-17,40.110001,40.630001,39.419998,40.450001,40.450001,371900
2021-05-18,40.490002,40.750000,39.639999,39.680000,39.680000,829800
2021-05-19,39.150002,40.810001,38.950001,40.799999,40.799999,695300
2021-05-20,40.799999,41.340000,40.009998,41.299999,41.299999,470100
2021-05-21,41.650002,41.830002,40.320000,40.500000,40.500000,426600
2021-05-24,40.639999,40.959999,40.049999,40.130001,40.130001,288000
2021-05-25,40.250000,40.599998,39.570000,39.639999,39.639999,519500
2021-05-26,39.799999,40.169998,39.660000,40.070000,40.070000,379200
2021-05-27,40.330002,40.480000,40.099998,40.230000,40.230000,339200
2021-05-28,40.250000,40.709999,40.130001,40.590000,40.590000,307400
2021-06-01,40.860001,40.919998,39.880001,40.009998,40.009998,400500
2021-06-02,40.090000,41.060001,40.020000,41.040001,41.040001,477900
2021-06-03,40.930000,41.660000,40.450001,41.310001,41.310001,315900
2021-06-04,41.310001,41.889999,41.169998,41.540001,41.540001,360300
2021-06-07,41.480000,41.689999,41.250000,41.650002,41.650002,361200
2021-06-08,41.990002,44.060001,41.959999,43.759998,43.759998,608000
2021-06-09,43.919998,44.279999,43.380001,44.110001,44.110001,621600
2021-06-10,44.580002,44.740002,44.099998,44.439999,44.439999,559500
2021-06-11,44.540001,45.770000,44.060001,45.730000,45.730000,511700
2021-06-14,45.650002,47.299999,45.189999,47.119999,47.119999,967500
2021-06-15,47.070000,48.759998,47.070000,48.639999,48.639999,782100
2021-06-16,48.840000,49.070000,48.259998,48.669998,48.669998,586400
2021-06-17,48.700001,49.560001,48.049999,49.490002,49.490002,487900
2021-06-18,49.189999,50.099998,49.150002,49.200001,49.200001,741300
2021-06-21,49.310001,49.790001,47.650002,49.169998,49.169998,455700
2021-06-22,48.959999,49.639999,48.110001,49.389999,49.389999,313000
2021-06-23,49.450001,49.849998,48.599998,48.610001,48.610001,611900
2021-06-24,48.799999,50.529999,48.299999,49.009998,49.009998,682700
2021-06-25,49.279999,49.500000,48.130001,48.240002,48.240002,517100
2021-06-28,48.189999,48.259998,46.790001,47.000000,47.000000,367700
2021-06-29,47.070000,47.480000,46.400002,46.900002,46.900002,428300
2021-06-30,46.570000,46.930000,46.500000,46.849998,46.849998,356000
2021-07-01,46.990002,47.599998,46.790001,47.580002,47.580002,263200
2021-07-02,47.740002,48.299999,47.180000,47.209999,47.209999,266800
2021-07-06,47.439999,47.439999,45.810001,46.259998,46.259998,288700
2021-07-07,46.189999,46.750000,45.389999,46.080002,46.080002,290200
2021-07-08,45.250000,46.439999,44.959999,46.119999,46.119999,289200
2021-07-09,46.419998,47.110001,46.160000,46.900002,46.900002,324500
2021-07-12,46.860001,46.900002,45.930000,46.439999,46.439999,352600
2021-07-13,46.230000,46.270000,45.590000,45.730000,45.730000,367500
2021-07-14,46.049999,46.049999,45.250000,45.590000,45.590000,250500
2021-07-15,45.450001,46.110001,45.150002,45.790001,45.790001,169800
2021-07-16,46.349998,46.619999,45.889999,46.230000,46.230000,239600
2021-07-19,45.389999,45.759998,44.580002,45.099998,45.099998,350900
2021-07-20,45.230000,46.430000,45.070000,45.830002,45.830002,358900
2021-07-21,46.049999,46.560001,45.889999,46.220001,46.220001,186900
2021-07-22,46.209999,46.209999,45.340000,45.619999,45.619999,221000
2021-07-23,45.650002,46.369999,45.549999,45.889999,45.889999,269600
2021-07-26,45.990002,46.480000,45.900002,46.110001,46.110001,156300
2021-07-27,45.669998,46.180000,45.189999,46.160000,46.160000,199800
2021-07-28,46.389999,46.730000,46.150002,46.240002,46.240002,185400
2021-07-29,46.470001,47.810001,46.029999,46.590000,46.590000,265700
2021-07-30,46.669998,47.090000,45.880001,46.070000,46.070000,234800
2021-08-02,46.169998,46.639999,45.220001,45.639999,45.639999,323600
2021-08-03,45.900002,45.900002,43.090000,44.840000,44.840000,571800
2021-08-04,48.060001,48.389999,44.610001,45.520000,45.520000,766500
2021-08-05,45.820000,47.080002,45.810001,46.849998,46.849998,357300
2021-08-06,47.040001,48.549999,47.040001,47.820000,47.820000,391600
2021-08-09,47.770000,47.990002,46.060001,46.240002,46.240002,239100
2021-08-10,46.279999,46.590000,45.700001,46.419998,46.419998,264900
2021-08-11,46.389999,46.389999,45.389999,46.150002,46.150002,269600
2021-08-12,46.150002,46.740002,45.790001,46.130001,46.130001,188600
2021-08-13,46.060001,46.349998,45.720001,46.189999,46.189999,179200
2021-08-16,45.770000,46.040001,44.900002,45.599998,45.599998,148700
2021-08-17,45.180000,46.299999,44.910000,46.220001,46.220001,255300
2021-08-18,46.240002,47.009998,45.889999,46.080002,46.080002,309100
2021-08-19,45.439999,46.560001,45.400002,46.439999,46.439999,314200
2021-08-20,46.740002,47.820000,46.580002,47.650002,47.650002,265100
2021-08-23,47.869999,48.919998,47.830002,48.549999,48.549999,257400
2021-08-24,48.730000,48.919998,48.060001,48.680000,48.680000,257000
2021-08-25,48.540001,49.189999,48.520000,48.520000,48.520000,243100
2021-08-26,48.419998,49.070000,47.130001,49.060001,49.060001,411800
2021-08-27,49.150002,50.689999,49.150002,50.639999,50.639999,429900
2021-08-30,50.950001,52.060001,50.830002,51.990002,51.990002,467800