Date,Open,High,Low,Close,Adj Close,Volume
2021-01-04,131.250000,133.479996,120.300003,124.440002,123.931229,216800
2021-01-05,124.000000,128.369995,123.180000,127.800003,127.277496,148300
2021-01-06,130.649994,143.350006,130.649994,141.649994,141.070862,456900
2021-01-07,142.259995,148.779999,141.330002,147.759995,147.155884,239700
2021-01-08,148.490005,149.929993,143.490005,146.419998,145.821365,163900
2021-01-11,144.220001,147.880005,142.820007,147.250000,146.647964,148800
2021-01-12,148.000000,162.649994,147.850006,154.330002,153.699020,401500
2021-01-13,152.899994,154.240005,145.039993,149.240005,148.629837,185600
2021-01-14,150.490005,157.309998,150.490005,152.800003,152.175278,248100
2021-01-15,151.000000,153.149994,147.360001,151.940002,151.318802,221800
2021-01-19,154.639999,154.639999,147.740005,148.710007,148.102005,175700
2021-01-20,149.250000,153.000000,147.720001,150.550003,149.934479,211200
2021-01-21,150.550003,155.039993,149.029999,153.479996,152.852493,149800
2021-01-22,151.100006,157.600006,150.080002,156.320007,155.680893,179700
2021-01-25,155.240005,156.899994,148.850006,152.279999,151.657394,269200
2021-01-26,154.789993,155.350006,150.050003,152.039993,151.418381,113100
2021-01-27,144.919998,147.559998,133.820007,141.500000,140.921478,401400
2021-01-28,143.600006,146.250000,136.789993,144.020004,143.431183,280600
2021-01-29,143.460007,144.059998,135.619995,137.619995,137.057343,239300
2021-02-01,138.979996,144.889999,138.639999,143.789993,143.202103,246900
2021-02-02,145.399994,145.929993,136.000000,138.869995,138.302231,178100
2021-02-03,139.699997,143.610001,135.259995,142.339996,141.758041,252400
2021-02-04,135.000000,145.539993,130.300003,144.479996,143.889282,355800
2021-02-05,145.270004,151.339996,143.509995,148.020004,147.414825,275100
2021-02-08,148.699997,159.320007,147.440002,159.160004,158.509277,306500
2021-02-09,159.100006,161.899994,155.979996,157.160004,156.517456,111900
2021-02-10,157.289993,157.500000,150.440002,151.020004,150.402557,140300
2021-02-11,151.550003,154.509995,148.440002,153.789993,153.161209,151100
2021-02-12,152.320007,155.410004,151.509995,154.440002,153.808578,115300
2021-02-16,156.279999,158.699997,151.800003,152.610001,151.986053,144800
2021-02-17,151.039993,151.429993,145.830002,146.800003,146.199814,204800
2021-02-18,145.380005,147.479996,141.789993,143.960007,143.371429,168700
2021-02-19,144.570007,149.970001,144.190002,148.729996,148.121902,158200
2021-02-22,148.500000,151.970001,146.179993,147.199997,146.598175,142200
2021-02-23,145.919998,150.630005,141.949997,149.410004,148.799133,164700
2021-02-24,150.690002,159.429993,149.830002,157.669998,157.025360,130200
2021-02-25,158.250000,159.000000,148.179993,151.210007,150.591782,212500
2021-02-26,152.559998,156.990005,149.089996,152.440002,152.128632,184000
2021-03-01,156.080002,159.320007,154.240005,156.990005,156.669342,108900
2021-03-02,156.710007,157.139999,151.820007,151.949997,151.639618,241300
2021-03-03,153.029999,158.110001,152.039993,152.039993,151.729431,133000
2021-03-04,150.500000,153.919998,144.740005,149.779999,149.474060,139100
2021-03-05,152.229996,157.770004,150.539993,157.169998,156.848969,274500
2021-03-08,159.000000,164.839996,156.000000,162.380005,162.048325,465500
2021-03-09,165.199997,166.399994,158.320007,160.830002,160.501495,321600
2021-03-10,163.240005,171.179993,162.229996,168.410004,168.066010,176900
2021-03-11,170.500000,172.220001,160.509995,172.139999,171.788391,301900
2021-03-12,172.690002,175.039993,170.059998,173.550003,173.195511,100700
2021-03-15,172.860001,173.860001,169.020004,173.710007,173.355194,140300
2021-03-16,172.589996,172.589996,166.089996,167.820007,167.477219,111900
2021-03-17,170.380005,173.669998,166.970001,173.529999,173.175552,92200
2021-03-18,172.720001,174.139999,164.570007,165.869995,165.531189,97200
2021-03-19,166.789993,168.429993,162.220001,164.309998,163.974380,329500
2021-03-22,164.809998,165.789993,153.899994,157.630005,157.308029,130300
2021-03-23,154.199997,156.929993,148.550003,150.449997,150.142685,168700
2021-03-24,152.669998,154.160004,145.399994,145.479996,145.182846,171300
2021-03-25,144.039993,155.000000,143.309998,153.389999,153.076691,170600
2021-03-26,155.919998,158.309998,153.300003,158.000000,157.677277,100800
2021-03-29,157.649994,160.929993,150.720001,150.940002,150.631699,126200
2021-03-30,151.929993,159.130005,150.059998,158.339996,158.016571,120000
2021-03-31,158.729996,160.809998,156.320007,157.789993,157.467697,176100
2021-04-01,158.500000,158.880005,154.419998,156.630005,156.310074,124100
2021-04-05,159.059998,159.440002,155.369995,157.520004,157.198257,86400
2021-04-06,155.910004,158.610001,155.000000,156.169998,155.851013,77300
2021-04-07,156.039993,156.190002,152.000000,154.070007,153.755310,109100
2021-04-08,153.720001,157.169998,152.690002,157.050003,156.729218,99000
2021-04-09,157.949997,163.649994,157.679993,163.440002,163.106155,120000
2021-04-12,163.440002,164.380005,161.429993,164.029999,163.694946,49000
2021-04-13,164.710007,165.830002,158.169998,159.479996,159.154236,85300
2021-04-14,160.320007,165.919998,159.660004,164.979996,164.643005,76300
2021-04-15,165.910004,165.910004,160.960007,164.389999,164.054214,79000
2021-04-16,166.000000,168.639999,162.509995,165.750000,165.411438,104700
2021-04-19,165.000000,166.520004,161.210007,165.690002,165.351563,115100
2021-04-20,166.250000,167.740005,155.250000,159.029999,158.705170,297000
2021-04-21,158.309998,163.520004,158.309998,161.770004,161.439575,115400
2021-04-22,162.470001,163.750000,156.899994,157.460007,157.138382,115400
2021-04-23,159.059998,164.240005,155.009995,162.570007,162.237946,159200
2021-04-26,163.000000,167.720001,163.000000,164.050003,163.714920,70200
2021-04-27,164.960007,169.080002,164.270004,165.779999,165.441376,85600
2021-04-28,165.419998,169.619995,165.410004,169.089996,168.744614,79300
2021-04-29,171.279999,173.220001,162.779999,168.610001,168.265594,136100
2021-04-30,168.740005,169.880005,163.729996,164.160004,163.824692,238600
2021-05-03,167.440002,172.039993,166.190002,167.139999,166.798599,183900
2021-05-04,166.889999,170.039993,162.279999,169.699997,169.353363,70100
2021-05-05,171.800003,174.130005,169.309998,170.339996,169.992065,143600
2021-05-06,171.419998,175.000000,166.729996,174.899994,174.542740,138700
2021-05-07,173.070007,174.669998,168.860001,169.509995,169.163757,129300
2021-05-10,168.809998,169.759995,165.279999,166.139999,165.800644,121400
2021-05-11,162.610001,164.000000,157.679993,163.100006,162.766861,76300
2021-05-12,162.850006,164.539993,155.399994,156.770004,156.449783,153800
2021-05-13,157.539993,162.300003,156.259995,160.809998,160.481522,110600
2021-05-14,162.690002,168.199997,161.050003,167.149994,166.808578,97600
2021-05-17,166.130005,171.059998,165.699997,170.589996,170.241547,124700
2021-05-18,170.770004,171.509995,167.179993,167.300003,166.958282,130800
2021-05-19,162.460007,162.960007,159.270004,161.690002,161.359741,129000
2021-05-20,161.809998,163.649994,157.429993,158.350006,158.026566,114100
2021-05-21,162.860001,166.000000,160.529999,162.389999,162.058304,186700
2021-05-24,162.509995,165.100006,161.210007,164.380005,164.044250,86200
2021-05-25,165.910004,168.679993,160.860001,160.899994,160.571335,123500
2021-05-26,163.089996,163.550003,160.380005,161.250000,160.920639,163100
2021-05-27,164.050003,164.050003,161.009995,161.559998,161.229996,314200
2021-05-28,163.710007,163.710007,157.289993,159.479996,159.479996,256300
2021-06-01,161.050003,169.080002,159.000000,168.479996,168.479996,343900
2021-06-02,168.949997,169.330002,162.660004,163.500000,163.500000,255600
2021-06-03,162.589996,163.860001,160.229996,162.660004,162.660004,81700
2021-06-04,163.919998,163.919998,158.880005,160.259995,160.259995,168900
2021-06-07,160.380005,161.970001,155.300003,156.669998,156.669998,138700
2021-06-08,157.080002,160.259995,155.139999,158.600006,158.600006,124400
2021-06-09,159.029999,159.029999,155.600006,156.679993,156.679993,107100
2021-06-10,158.130005,158.130005,153.360001,153.729996,153.729996,95700
2021-06-11,155.759995,158.839996,155.419998,158.800003,158.800003,159100
2021-06-14,158.800003,158.800003,151.500000,152.110001,152.110001,126200
2021-06-15,153.259995,155.990005,150.080002,155.350006,155.350006,120800
2021-06-16,154.639999,156.679993,152.110001,156.130005,156.130005,151400
2021-06-17,156.330002,156.330002,147.860001,148.899994,148.899994,282000
2021-06-18,144.990005,149.000000,143.000000,144.029999,144.029999,257200
2021-06-21,144.639999,151.699997,144.639999,149.610001,149.610001,170400
2021-06-22,149.669998,152.419998,147.630005,152.080002,152.080002,151500
2021-06-23,152.929993,155.500000,149.789993,154.240005,154.240005,172500
2021-06-24,154.380005,154.929993,151.389999,154.080002,154.080002,210200
2021-06-25,155.100006,159.990005,154.240005,158.089996,158.089996,486200
2021-06-28,158.179993,158.179993,151.970001,153.089996,153.089996,352900
2021-06-29,153.380005,154.490005,150.539993,150.850006,150.850006,139400
2021-06-30,150.339996,154.789993,150.070007,154.429993,154.429993,226900
2021-07-01,155.350006,160.619995,155.350006,159.649994,159.649994,168900
2021-07-02,160.190002,162.529999,158.970001,159.500000,159.500000,149200
2021-07-06,159.490005,159.490005,149.669998,149.679993,149.679993,232700
2021-07-07,147.899994,152.210007,146.139999,150.320007,150.320007,269300
2021-07-08,149.559998,165.550003,146.770004,162.869995,162.869995,379200
2021-07-09,165.940002,174.750000,165.940002,173.809998,173.809998,300500
2021-07-12,172.259995,176.740005,168.860001,171.130005,171.130005,293100
2021-07-13,170.509995,171.050003,166.910004,167.500000,167.500000,174000
2021-07-14,169.119995,172.029999,167.500000,168.179993,168.179993,175400
2021-07-15,167.279999,171.960007,162.089996,164.740005,164.740005,171100
2021-07-16,166.929993,167.350006,160.979996,162.080002,162.080002,181400
2021-07-19,158.210007,165.699997,157.029999,161.710007,161.710007,208100
2021-07-20,162.279999,172.570007,161.380005,169.660004,169.660004,242500
2021-07-21,173.470001,181.949997,173.149994,175.500000,175.500000,318500
2021-07-22,174.479996,174.990005,169.070007,169.649994,169.649994,181400
2021-07-23,171.360001,172.820007,167.369995,168.710007,168.710007,171100
2021-07-26,167.309998,169.270004,162.929993,165.600006,165.600006,221100
2021-07-27,165.229996,165.949997,162.250000,165.589996,165.589996,197000
2021-07-28,167.029999,168.559998,160.130005,164.979996,164.979996,253400
2021-07-29,166.649994,171.000000,162.270004,169.240005,169.240005,226400
2021-07-30,171.279999,175.619995,168.789993,173.740005,173.740005,200700
2021-08-02,174.740005,180.000000,171.000000,171.410004,171.410004,245200
2021-08-03,172.039993,174.059998,168.479996,169.119995,169.119995,337600
2021-08-04,167.149994,169.490005,161.220001,162.860001,162.860001,215900
2021-08-05,164.910004,168.449997,163.509995,165.789993,165.789993,161600
2021-08-06,168.830002,170.699997,163.910004,166.690002,166.690002,176100
2021-08-09,165.020004,169.179993,161.360001,167.389999,167.389999,172900
2021-08-10,165.979996,172.880005,165.979996,171.660004,171.660004,137300
2021-08-11,172.339996,173.080002,169.440002,171.970001,171.970001,124100
2021-08-12,172.580002,175.899994,170.410004,175.250000,175.250000,153100
2021-08-13,176.050003,176.050003,169.500000,170.940002,170.940002,124800
2021-08-16,169.990005,176.690002,167.009995,175.270004,175.270004,184000
2021-08-17,172.679993,174.190002,162.889999,165.100006,165.100006,162700
2021-08-18,166.000000,170.649994,162.839996,163.330002,163.330002,163600
2021-08-19,161.000000,162.770004,158.029999,160.679993,160.679993,174600
2021-08-20,159.419998,160.800003,156.160004,159.009995,159.009995,139800
2021-08-23,160.000000,162.669998,157.289993,162.130005,162.130005,137700
2021-08-24,163.460007,166.449997,162.679993,165.539993,165.539993,139700
2021-08-25,166.639999,168.139999,164.539993,165.289993,165.289993,102300
2021-08-26,164.199997,165.839996,161.440002,161.960007,161.960007,92200
2021-08-27,161.800003,166.970001,161.610001,166.210007,166.210007,136500
2021-08-30,167.160004,167.160004,163.350006,164.860001,164.860001,115300