Date,Open,High,Low,Close,Adj Close,Volume
2021-01-04,10.850000,11.030000,10.020000,10.170000,10.170000,5257400
2021-01-05,10.110000,10.730000,10.110000,10.640000,10.640000,4292500
2021-01-06,10.710000,10.970000,10.550000,10.780000,10.780000,3664900
2021-01-07,10.850000,11.180000,10.690000,10.740000,10.740000,3047100
2021-01-08,11.320000,11.700000,11.230000,11.460000,11.460000,6616600
2021-01-11,11.130000,11.470000,11.030000,11.420000,11.420000,2805100
2021-01-12,11.510000,12.000000,11.390000,11.970000,11.970000,3310900
2021-01-13,11.860000,11.970000,11.480000,11.660000,11.660000,2563900
2021-01-14,11.810000,12.090000,11.760000,11.850000,11.850000,2266700
2021-01-15,11.630000,11.770000,11.290000,11.490000,11.490000,2459200
2021-01-19,11.600000,11.700000,11.200000,11.330000,11.330000,3211200
2021-01-20,11.370000,11.590000,11.330000,11.430000,11.430000,2422300
2021-01-21,11.450000,11.650000,11.370000,11.580000,11.580000,1842000
2021-01-22,11.500000,11.540000,11.250000,11.450000,11.450000,2089600
2021-01-25,11.400000,11.400000,10.910000,11.170000,11.170000,2820900
2021-01-26,11.300000,11.460000,10.970000,11.030000,11.030000,2283000
2021-01-27,10.800000,10.880000,10.380000,10.510000,10.510000,4566200
2021-01-28,10.540000,10.870000,10.360000,10.690000,10.690000,3694100
2021-01-29,10.640000,10.820000,10.460000,10.550000,10.550000,3470100
2021-02-01,10.630000,10.920000,10.600000,10.900000,10.900000,3004900
2021-02-02,11.150000,11.310000,10.910000,11.270000,11.270000,2720700
2021-02-03,11.470000,11.650000,11.360000,11.590000,11.590000,2392300
2021-02-04,11.690000,11.900000,11.630000,11.760000,11.760000,2419300
2021-02-05,11.890000,12.600000,11.850000,12.560000,12.560000,5631200
2021-02-08,12.660000,12.830000,12.400000,12.730000,12.730000,5503900
2021-02-09,12.740000,13.890000,12.500000,13.490000,13.490000,7844400
2021-02-10,13.480000,14.320000,13.450000,13.990000,13.990000,7069500
2021-02-11,14.070000,14.590000,13.950000,14.320000,14.320000,4881100
2021-02-12,14.240000,14.300000,13.980000,14.070000,14.070000,2294700
2021-02-16,14.320000,14.380000,13.990000,14.200000,14.200000,2717700
2021-02-17,14.160000,14.300000,13.860000,14.120000,14.120000,2462000
2021-02-18,13.980000,14.060000,13.590000,13.680000,13.680000,2626600
2021-02-19,13.800000,14.100000,13.790000,13.900000,13.900000,4300600
2021-02-22,13.520000,17.540001,13.450000,16.820000,16.820000,31047600
2021-02-23,16.299999,17.360001,16.180000,17.010000,17.010000,11908900
2021-02-24,17.219999,17.690001,16.469999,16.900000,16.900000,7212700
2021-02-25,16.940001,16.969999,16.410000,16.510000,16.510000,5872000
2021-02-26,16.500000,17.170000,16.100000,16.809999,16.809999,7033800
2021-03-01,17.260000,17.500000,16.990000,17.350000,17.350000,4982000
2021-03-02,17.370001,18.480000,17.270000,18.100000,18.100000,8338700
2021-03-03,18.260000,19.290001,18.160000,18.790001,18.790001,6019100
2021-03-04,18.980000,19.379999,17.910000,18.209999,18.209999,9507200
2021-03-05,18.540001,18.950001,17.750000,18.260000,18.260000,6389000
2021-03-08,18.500000,18.830000,18.139999,18.549999,18.549999,4224200
2021-03-09,18.760000,18.799999,17.820000,18.049999,18.049999,4862900
2021-03-10,18.209999,18.400000,17.670000,18.080000,18.080000,4380100
2021-03-11,18.000000,18.070000,17.610001,17.969999,17.969999,3769100
2021-03-12,18.049999,18.360001,17.840000,18.170000,18.170000,4133900
2021-03-15,18.350000,18.490000,17.309999,17.719999,17.719999,6094100
2021-03-16,17.530001,17.629999,17.110001,17.280001,17.280001,5819600
2021-03-17,17.299999,17.920000,17.020000,17.900000,17.900000,3857600
2021-03-18,17.799999,18.000000,17.360001,17.469999,17.469999,3604100
2021-03-19,17.360001,17.610001,16.809999,17.219999,17.219999,7422900
2021-03-22,17.120001,17.270000,16.700001,17.090000,17.090000,2648600
2021-03-23,16.850000,17.070000,16.459999,16.559999,16.559999,4026100
2021-03-24,16.700001,16.990000,16.299999,16.309999,16.309999,4395100
2021-03-25,15.810000,16.969999,15.720000,16.870001,16.870001,5604300
2021-03-26,17.100000,17.200001,16.629999,17.120001,17.120001,4744600
2021-03-29,17.639999,17.830000,16.860001,16.980000,16.980000,3886400
2021-03-30,17.209999,17.700001,17.150000,17.600000,17.600000,3267400
2021-03-31,17.570000,17.889999,17.389999,17.570000,17.570000,3273400
2021-04-01,17.590000,17.690001,17.110001,17.360001,17.360001,2638300
2021-04-05,17.590000,17.910000,17.260000,17.690001,17.690001,3235100
2021-04-06,17.700001,17.969999,17.570000,17.930000,17.930000,2807600
2021-04-07,17.980000,18.219999,17.660000,17.719999,17.719999,3009200
2021-04-08,17.719999,17.950001,17.280001,17.889999,17.889999,3032000
2021-04-09,17.650000,18.100000,17.620001,17.920000,17.920000,2167000
2021-04-12,17.990000,18.030001,17.730000,17.850000,17.850000,2640800
2021-04-13,17.820000,17.889999,17.209999,17.590000,17.590000,2716100
2021-04-14,17.580000,18.100000,17.549999,17.740000,17.740000,3006900
2021-04-15,17.780001,17.930000,17.520000,17.900000,17.900000,2070000
2021-04-16,17.719999,17.940001,17.410000,17.730000,17.730000,4739100
2021-04-19,17.570000,18.000000,17.549999,17.920000,17.920000,2169600
2021-04-20,17.760000,17.900000,17.110001,17.270000,17.270000,3266600
2021-04-21,17.190001,17.889999,17.110001,17.850000,17.850000,3625300
2021-04-22,17.959999,18.309999,17.620001,17.650000,17.650000,4416200
2021-04-23,17.830000,18.490000,17.639999,18.270000,18.270000,3379900
2021-04-26,18.500000,18.660000,17.850000,17.920000,17.920000,3963500
2021-04-27,17.930000,18.160000,17.760000,17.950001,17.950001,2993400
2021-04-28,18.100000,18.230000,17.840000,18.080000,18.080000,2526400
2021-04-29,18.100000,18.160000,17.469999,17.740000,17.740000,4493600
2021-04-30,18.090000,18.100000,16.990000,17.209999,17.209999,7300900
2021-05-03,17.400000,17.930000,17.250000,17.740000,17.740000,4181100
2021-05-04,17.709999,18.410000,17.469999,18.280001,18.280001,5175800
2021-05-05,18.540001,19.299999,18.480000,19.230000,19.230000,7271200
2021-05-06,19.490000,19.580000,18.860001,19.540001,19.540001,3317900
2021-05-07,19.290001,19.709999,19.059999,19.670000,19.670000,3000500
2021-05-10,19.799999,20.250000,19.120001,19.139999,19.139999,4482700
2021-05-11,18.580000,19.209999,18.520000,18.990000,18.990000,4768300
2021-05-12,18.940001,19.360001,18.540001,18.570000,18.570000,4119200
2021-05-13,18.910000,19.780001,18.730000,19.370001,19.370001,6715900
2021-05-14,19.620001,19.980000,19.370001,19.959999,19.959999,3365000
2021-05-17,19.959999,20.400000,19.639999,20.379999,20.379999,3889800
2021-05-18,20.330000,20.410000,19.600000,19.610001,19.610001,3137800
2021-05-19,19.170000,19.240000,18.370001,18.969999,18.969999,4716800
2021-05-20,19.110001,19.110001,18.549999,18.830000,18.830000,3147300
2021-05-21,19.090000,19.639999,19.000000,19.400000,19.400000,3130900
2021-05-24,19.490000,19.520000,19.040001,19.040001,19.040001,2344600
2021-05-25,19.200001,19.389999,18.680000,18.700001,18.700001,3200200
2021-05-26,18.580000,19.090000,18.450001,19.049999,19.049999,1964400
2021-05-27,19.510000,19.870001,19.219999,19.790001,19.790001,3275500
2021-05-28,19.650000,19.900000,19.389999,19.830000,19.830000,2496100
2021-06-01,19.990000,20.510000,19.900000,20.420000,20.420000,3359700
2021-06-02,20.670000,20.700001,20.090000,20.260000,20.260000,2162500
2021-06-03,20.260000,20.549999,19.879999,20.490000,20.490000,2764500
2021-06-04,20.549999,20.600000,20.090000,20.459999,20.459999,3836800
2021-06-07,20.469999,20.600000,19.350000,19.389999,19.389999,4022500
2021-06-08,19.440001,19.450001,18.809999,19.000000,19.000000,4888400
2021-06-09,19.090000,19.090000,18.410000,18.490000,18.490000,16351200
2021-06-10,18.530001,18.650000,18.020000,18.129999,18.129999,4987000
2021-06-11,18.180000,18.799999,18.080000,18.750000,18.750000,4106500
2021-06-14,18.790001,18.860001,18.250000,18.280001,18.280001,2672900
2021-06-15,18.350000,18.969999,18.240000,18.969999,18.969999,3914900
2021-06-16,18.889999,18.940001,18.150000,18.360001,18.360001,4207300
2021-06-17,18.330000,18.400000,17.490000,17.520000,17.520000,4683800
2021-06-18,17.170000,17.299999,16.709999,16.770000,16.770000,6436200
2021-06-21,17.100000,17.530001,17.049999,17.290001,17.290001,3552800
2021-06-22,17.180000,17.280001,16.920000,17.150000,17.150000,1967700
2021-06-23,17.180000,17.540001,17.150000,17.309999,17.309999,2881800
2021-06-24,17.459999,17.650000,17.280001,17.580000,17.580000,2526600
2021-06-25,17.580000,17.830000,17.379999,17.440001,17.440001,6264300
2021-06-28,17.500000,17.500000,16.950001,17.080000,17.080000,2657100
2021-06-29,17.200001,17.350000,17.010000,17.020000,17.020000,2610800
2021-06-30,17.000000,17.340000,16.920000,17.150000,17.150000,2824500
2021-07-01,17.309999,17.629999,17.209999,17.410000,17.410000,3018500
2021-07-02,17.440001,17.480000,17.040001,17.280001,17.280001,2876900
2021-07-06,17.260000,17.270000,16.459999,16.719999,16.719999,3461400
2021-07-07,16.660000,16.809999,16.290001,16.670000,16.670000,3186900
2021-07-08,16.120001,16.670000,15.820000,16.350000,16.350000,3197600
2021-07-09,16.730000,16.980000,16.680000,16.830000,16.830000,2342400
2021-07-12,16.740000,17.059999,16.490000,17.030001,17.030001,2407800
2021-07-13,16.980000,16.990000,16.340000,16.559999,16.559999,2737300
2021-07-14,16.639999,16.889999,16.379999,16.530001,16.530001,2357600
2021-07-15,16.370001,16.549999,15.970000,16.240000,16.240000,3103900
2021-07-16,16.400000,16.440001,15.580000,15.590000,15.590000,4337500
2021-07-19,15.010000,15.300000,14.800000,15.120000,15.120000,4106800
2021-07-20,15.090000,15.760000,14.950000,15.640000,15.640000,5362800
2021-07-21,15.700000,16.180000,15.700000,15.870000,15.870000,3228800
2021-07-22,15.820000,15.830000,15.420000,15.510000,15.510000,2452100
2021-07-23,15.740000,15.820000,15.450000,15.550000,15.550000,1969700
2021-07-26,15.680000,15.980000,15.660000,15.940000,15.940000,2898500
2021-07-27,15.640000,15.760000,15.330000,15.440000,15.440000,1600000
2021-07-28,15.590000,15.890000,15.430000,15.760000,15.760000,2152900
2021-07-29,16.080000,16.299999,15.840000,15.840000,15.840000,1412100
2021-07-30,15.650000,16.010000,15.560000,15.710000,15.710000,2127300
2021-08-02,15.940000,16.219999,15.570000,15.590000,15.590000,2966100
2021-08-03,15.660000,15.740000,15.160000,15.710000,15.710000,2932900
2021-08-04,15.500000,15.500000,14.960000,14.970000,14.970000,2431000
2021-08-05,15.000000,15.390000,14.880000,15.260000,15.260000,2797000
2021-08-06,15.990000,17.080000,15.720000,16.260000,16.260000,8783800
2021-08-09,16.480000,16.910000,16.299999,16.360001,16.360001,5346000
2021-08-10,16.400000,16.950001,16.230000,16.900000,16.900000,4321000
2021-08-11,16.910000,17.030001,16.580000,17.010000,17.010000,2346800
2021-08-12,17.129999,17.190001,16.770000,16.870001,16.870001,2009000
2021-08-13,16.830000,17.020000,16.580000,16.600000,16.600000,2379300
2021-08-16,16.360001,16.420000,15.860000,16.330000,16.330000,3219300
2021-08-17,16.070000,16.090000,15.530000,15.770000,15.770000,3803900
2021-08-18,15.770000,15.900000,15.270000,15.310000,15.310000,3167900
2021-08-19,15.130000,15.140000,14.600000,14.700000,14.700000,3648100
2021-08-20,14.500000,14.680000,14.330000,14.470000,14.470000,4897200
2021-08-23,14.620000,14.930000,14.600000,14.870000,14.870000,3461300
2021-08-24,14.860000,15.340000,14.860000,15.260000,15.260000,2447700
2021-08-25,15.290000,15.550000,15.080000,15.390000,15.390000,2695800
2021-08-26,15.360000,15.430000,15.110000,15.300000,15.300000,2914800
2021-08-27,15.380000,16.190001,15.360000,16.170000,16.170000,3902200
2021-08-30,16.160000,16.190001,15.770000,15.830000,15.830000,3019900