Date,Open,High,Low,Close,Adj Close,Volume
2021-01-04,118.080002,122.120003,115.870003,118.410004,118.410004,304500
2021-01-05,117.639999,124.820000,117.639999,123.150002,123.150002,331100
2021-01-06,125.989998,135.119995,122.739998,132.690002,132.690002,621700
2021-01-07,133.830002,140.880005,133.830002,137.220001,137.220001,517900
2021-01-08,138.000000,138.869995,129.160004,131.889999,131.889999,468400
2021-01-11,130.100006,131.910004,127.010002,130.490005,130.490005,247800
2021-01-12,132.830002,140.449997,132.690002,136.750000,136.750000,470500
2021-01-13,136.130005,137.369995,131.669998,132.779999,132.779999,274900
2021-01-14,133.250000,139.699997,133.029999,137.139999,137.139999,394600
2021-01-15,133.720001,138.929993,128.160004,134.880005,134.880005,373300
2021-01-19,136.669998,138.490005,134.839996,137.380005,137.380005,331600
2021-01-20,140.809998,143.130005,137.539993,139.009995,139.009995,280200
2021-01-21,139.729996,142.110001,136.470001,138.240005,138.240005,185400
2021-01-22,136.020004,143.179993,135.300003,142.720001,142.720001,321900
2021-01-25,141.320007,143.559998,134.850006,136.000000,136.000000,308100
2021-01-26,138.210007,139.630005,133.440002,138.979996,138.979996,272900
2021-01-27,132.740005,136.009995,124.769997,125.110001,125.110001,627700
2021-01-28,125.110001,127.550003,123.620003,126.089996,126.089996,458900
2021-01-29,125.220001,129.059998,119.650002,120.110001,120.110001,493300
2021-02-01,120.459999,128.399994,119.739998,127.690002,127.690002,308300
2021-02-02,130.000000,139.729996,130.000000,138.000000,138.000000,581700
2021-02-03,137.360001,139.160004,135.500000,138.220001,138.220001,286100
2021-02-04,137.000000,140.490005,136.889999,140.020004,140.020004,231100
2021-02-05,140.679993,143.460007,137.729996,141.520004,141.520004,364700
2021-02-08,142.919998,147.550003,142.160004,147.100006,147.100006,241800
2021-02-09,147.000000,152.509995,144.570007,150.330002,150.330002,266500
2021-02-10,151.850006,154.550003,147.330002,148.240005,148.240005,348700
2021-02-11,151.419998,152.240005,145.860001,150.289993,150.289993,303700
2021-02-12,149.289993,153.910004,149.179993,153.589996,153.589996,211700
2021-02-16,156.330002,158.990005,154.220001,155.169998,155.169998,265400
2021-02-17,155.190002,156.000000,149.800003,154.789993,154.789993,302100
2021-02-18,153.020004,155.789993,138.589996,139.449997,139.449997,1089000
2021-02-19,139.919998,148.119995,132.970001,134.020004,134.020004,659500
2021-02-22,131.729996,145.000000,131.000000,139.440002,139.440002,461600
2021-02-23,134.699997,140.509995,130.339996,136.929993,136.929993,587700
2021-02-24,138.600006,144.509995,136.570007,143.389999,143.389999,278300
2021-02-25,144.339996,146.000000,138.789993,139.589996,139.589996,327600
2021-02-26,140.309998,144.250000,136.250000,143.089996,143.089996,366500
2021-03-01,145.690002,151.949997,145.149994,151.080002,151.080002,334900
2021-03-02,151.000000,153.399994,146.559998,149.149994,149.149994,445300
2021-03-03,148.990005,153.610001,147.860001,151.699997,151.699997,354400
2021-03-04,149.660004,152.949997,140.490005,144.740005,144.740005,404400
2021-03-05,148.550003,150.000000,130.800003,147.309998,147.309998,486100
2021-03-08,149.500000,153.869995,148.199997,150.350006,150.350006,369400
2021-03-09,152.979996,157.710007,151.070007,153.600006,153.600006,223300
2021-03-10,155.089996,156.960007,152.559998,152.570007,152.570007,258800
2021-03-11,155.240005,160.529999,152.380005,153.410004,153.410004,337000
2021-03-12,154.020004,158.619995,152.199997,157.809998,157.809998,299600
2021-03-15,156.770004,166.139999,156.559998,165.289993,165.289993,308300
2021-03-16,165.559998,165.910004,157.339996,158.600006,158.600006,353900
2021-03-17,157.360001,158.149994,146.389999,149.550003,149.550003,353600
2021-03-18,150.839996,150.929993,142.679993,143.889999,143.889999,232800
2021-03-19,143.570007,151.289993,140.929993,147.429993,147.429993,518300
2021-03-22,148.740005,149.199997,143.110001,144.679993,144.679993,207400
2021-03-23,140.800003,142.440002,132.770004,134.949997,134.949997,325500
2021-03-24,136.679993,138.820007,131.380005,131.580002,131.580002,324600
2021-03-25,128.630005,133.690002,126.160004,132.869995,132.869995,283700
2021-03-26,135.110001,140.389999,133.100006,139.339996,139.339996,332500
2021-03-29,138.330002,140.089996,131.250000,132.199997,132.199997,300900
2021-03-30,131.580002,139.179993,129.220001,138.070007,138.070007,351700
2021-03-31,138.350006,144.820007,138.130005,142.350006,142.350006,307100
2021-04-01,145.000000,147.080002,141.149994,145.589996,145.589996,301900
2021-04-05,146.500000,148.880005,143.350006,147.339996,147.339996,319900
2021-04-06,150.009995,151.779999,147.240005,147.529999,147.529999,232300
2021-04-07,146.119995,148.710007,140.619995,142.600006,142.600006,308900
2021-04-08,144.000000,147.529999,140.139999,146.759995,146.759995,300700
2021-04-09,147.660004,147.660004,140.869995,143.910004,143.910004,312300
2021-04-12,145.000000,145.000000,141.240005,143.449997,143.449997,277900
2021-04-13,141.679993,144.380005,138.779999,143.449997,143.449997,319900
2021-04-14,145.000000,148.410004,141.990005,142.899994,142.899994,218000
2021-04-15,144.720001,145.320007,141.000000,143.940002,143.940002,225400
2021-04-16,145.820007,146.889999,142.600006,145.699997,145.699997,204700
2021-04-19,144.940002,146.100006,136.740005,137.070007,137.070007,336000
2021-04-20,135.679993,136.160004,127.430000,129.070007,129.070007,523400
2021-04-21,127.730003,136.570007,127.000000,135.550003,135.550003,323200
2021-04-22,136.000000,150.490005,134.179993,147.330002,147.330002,722900
2021-04-23,150.779999,154.860001,146.050003,152.789993,152.789993,347900
2021-04-26,153.039993,156.839996,148.550003,155.199997,155.199997,248800
2021-04-27,155.190002,159.929993,153.869995,159.759995,159.759995,293900
2021-04-28,160.000000,163.419998,157.479996,162.660004,162.660004,252500
2021-04-29,164.899994,164.899994,158.350006,163.070007,163.070007,267400
2021-04-30,161.000000,167.389999,159.190002,160.630005,160.630005,273700
2021-05-03,162.649994,162.649994,152.529999,153.630005,153.630005,336900
2021-05-04,151.889999,154.509995,148.020004,153.940002,153.940002,415900
2021-05-05,155.000000,157.539993,152.589996,153.279999,153.279999,121000
2021-05-06,153.410004,156.259995,152.009995,155.919998,155.919998,205600
2021-05-07,155.800003,162.229996,153.800003,160.139999,160.139999,204800
2021-05-10,159.389999,159.389999,147.229996,147.500000,147.500000,288100
2021-05-11,141.360001,150.860001,139.740005,148.740005,148.740005,303600
2021-05-12,146.360001,150.080002,140.110001,140.580002,140.580002,277100
2021-05-13,142.720001,147.800003,142.309998,145.380005,145.380005,241500
2021-05-14,147.350006,151.449997,146.190002,151.119995,151.119995,196100
2021-05-17,150.779999,154.720001,150.029999,154.529999,154.529999,202700
2021-05-18,154.630005,155.710007,150.300003,151.539993,151.539993,373900
2021-05-19,147.339996,149.059998,142.050003,147.240005,147.240005,308000
2021-05-20,147.389999,148.559998,142.160004,145.369995,145.369995,240700
2021-05-21,147.940002,150.990005,147.289993,147.839996,147.839996,193200
2021-05-24,148.529999,151.000000,148.000000,149.509995,149.509995,133000
2021-05-25,151.559998,154.100006,148.610001,148.660004,148.660004,144400
2021-05-26,148.949997,152.210007,142.869995,143.339996,143.339996,520900
2021-05-27,145.800003,147.979996,144.539993,145.100006,145.100006,257600
2021-05-28,147.610001,148.899994,144.320007,145.940002,145.940002,260800
2021-06-01,147.169998,150.130005,146.029999,149.179993,149.179993,283900
2021-06-02,149.979996,150.429993,141.509995,142.500000,142.500000,550300
2021-06-03,141.639999,143.770004,138.619995,142.889999,142.889999,256700
2021-06-04,144.509995,149.320007,143.649994,148.279999,148.279999,145400
2021-06-07,148.300003,149.199997,145.330002,146.850006,146.850006,145600
2021-06-08,147.270004,153.729996,143.910004,152.750000,152.750000,299300
2021-06-09,152.389999,153.979996,147.880005,147.940002,147.940002,193400
2021-06-10,148.000000,148.500000,142.910004,143.020004,143.020004,217100
2021-06-11,143.949997,149.440002,143.910004,147.830002,147.830002,266500
2021-06-14,148.210007,149.759995,143.369995,143.990005,143.990005,391800
2021-06-15,143.009995,145.380005,140.639999,143.509995,143.509995,607100
2021-06-16,142.490005,143.570007,138.759995,140.389999,140.389999,368900
2021-06-17,139.520004,140.699997,133.110001,134.410004,134.410004,497000
2021-06-18,129.809998,134.520004,128.690002,133.160004,133.160004,483900
2021-06-21,134.289993,136.949997,133.300003,136.649994,136.649994,226200
2021-06-22,136.550003,142.440002,135.320007,141.710007,141.710007,308900
2021-06-23,141.770004,147.750000,141.529999,144.529999,144.529999,437500
2021-06-24,145.759995,145.759995,139.649994,140.470001,140.470001,279000
2021-06-25,140.839996,142.610001,137.369995,138.039993,138.039993,1897400
2021-06-28,144.699997,146.229996,141.259995,145.690002,145.690002,513100
2021-06-29,146.240005,150.000000,144.960007,146.110001,146.110001,388500
2021-06-30,145.839996,147.990005,144.779999,146.320007,146.320007,283600
2021-07-01,151.020004,153.250000,145.899994,147.080002,147.080002,343400
2021-07-02,148.750000,150.309998,145.199997,149.910004,149.910004,277400
2021-07-06,150.600006,152.389999,146.500000,149.169998,149.169998,351800
2021-07-07,150.600006,153.809998,146.619995,148.759995,148.759995,380100
2021-07-08,145.500000,150.160004,142.929993,148.130005,148.130005,429700
2021-07-09,150.500000,154.380005,148.440002,153.279999,153.279999,282900
2021-07-12,151.330002,155.229996,150.539993,153.470001,153.470001,217500
2021-07-13,152.309998,153.820007,148.690002,151.309998,151.309998,246800
2021-07-14,152.699997,153.080002,146.220001,147.759995,147.759995,340800
2021-07-15,145.750000,149.419998,145.250000,147.979996,147.979996,316400
2021-07-16,150.440002,152.029999,147.009995,148.020004,148.020004,290300
2021-07-19,143.339996,146.630005,140.759995,143.910004,143.910004,358600
2021-07-20,144.929993,153.000000,143.729996,151.759995,151.759995,814400
2021-07-21,153.399994,159.809998,153.360001,157.289993,157.289993,580600
2021-07-22,167.000000,167.190002,152.750000,154.009995,154.009995,769900
2021-07-23,153.429993,154.179993,145.520004,146.240005,146.240005,588800
2021-07-26,145.960007,147.000000,133.880005,140.639999,140.639999,784300
2021-07-27,138.559998,145.160004,137.910004,143.589996,143.589996,518600
2021-07-28,143.350006,147.539993,142.039993,145.910004,145.910004,422600
2021-07-29,146.779999,150.539993,146.429993,150.220001,150.220001,310900
2021-07-30,149.970001,155.759995,148.600006,155.449997,155.449997,311400
2021-08-02,155.479996,159.240005,154.929993,158.669998,158.669998,384200
2021-08-03,158.970001,164.529999,156.800003,164.259995,164.259995,448100
2021-08-04,161.470001,164.949997,159.860001,162.070007,162.070007,501100
2021-08-05,163.009995,167.059998,162.889999,165.500000,165.500000,224900
2021-08-06,167.389999,168.220001,163.970001,168.059998,168.059998,217700
2021-08-09,167.100006,168.740005,164.500000,167.380005,167.380005,270400
2021-08-10,169.000000,174.059998,166.550003,173.600006,173.600006,443200
2021-08-11,174.199997,176.699997,170.449997,176.380005,176.380005,513500
2021-08-12,175.210007,176.660004,172.449997,175.660004,175.660004,602900
2021-08-13,175.160004,175.800003,173.490005,174.779999,174.779999,439200
2021-08-16,173.880005,178.860001,170.899994,176.220001,176.220001,710900
2021-08-17,176.669998,176.669998,164.009995,167.009995,167.009995,526200
2021-08-18,166.850006,174.490005,165.179993,170.759995,170.759995,330900
2021-08-19,167.029999,171.259995,167.029999,171.009995,171.009995,462600
2021-08-20,171.580002,178.800003,171.580002,178.000000,178.000000,378400
2021-08-23,179.960007,180.750000,176.830002,178.080002,178.080002,388100
2021-08-24,180.139999,181.259995,177.550003,178.000000,178.000000,290600
2021-08-25,178.860001,183.360001,177.419998,182.929993,182.929993,257900
2021-08-26,182.929993,185.809998,180.610001,182.520004,182.520004,316100
2021-08-27,182.970001,188.970001,182.729996,186.630005,186.630005,425500
2021-08-30,190.350006,193.699997,185.080002,187.440002,187.440002,396700