Date,Open,High,Low,Close,Adj Close,Volume
2021-01-04,119.720001,119.720001,116.279999,119.070000,119.070000,315800
2021-01-05,119.250000,120.610001,118.199997,119.949997,119.949997,195000
2021-01-06,119.790001,124.260002,119.400002,123.930000,123.930000,355100
2021-01-07,124.099998,127.860001,124.099998,127.580002,127.580002,382800
2021-01-08,129.660004,129.770004,127.570000,128.070007,128.070007,283000
2021-01-11,126.059998,127.320000,125.040001,125.919998,125.919998,236200
2021-01-12,125.550003,126.500000,125.000000,126.000000,126.000000,174200
2021-01-13,125.900002,126.769997,125.300003,126.470001,126.470001,241800
2021-01-14,127.269997,129.360001,126.820000,129.029999,129.029999,245800
2021-01-15,129.059998,129.919998,125.660004,125.699997,125.699997,220700
2021-01-19,126.800003,128.410004,126.129997,128.270004,128.270004,209000
2021-01-20,128.000000,128.529999,121.660004,124.570000,124.570000,912000
2021-01-21,124.370003,125.129997,117.720001,118.000000,118.000000,1002600
2021-01-22,117.070000,117.559998,112.589996,116.919998,116.919998,515900
2021-01-25,116.019997,124.230003,116.019997,123.169998,123.169998,716700
2021-01-26,122.820000,123.779999,118.889999,119.120003,119.120003,499800
2021-01-27,117.070000,117.820000,112.400002,114.050003,114.050003,621200
2021-01-28,114.339996,115.699997,111.360001,114.709999,114.709999,401500
2021-01-29,115.010002,117.260002,113.410004,114.290001,114.290001,532200
2021-02-01,114.000000,116.110001,112.589996,115.000000,115.000000,462600
2021-02-02,128.000000,139.690002,128.000000,129.929993,129.929993,1273000
2021-02-03,131.429993,132.199997,127.830002,129.770004,129.770004,478600
2021-02-04,130.839996,136.470001,130.779999,134.259995,134.259995,473000
2021-02-05,136.000000,140.729996,134.300003,139.229996,139.229996,472100
2021-02-08,139.139999,141.389999,138.380005,139.479996,139.479996,382800
2021-02-09,140.149994,142.110001,136.830002,137.350006,137.350006,276100
2021-02-10,137.190002,138.100006,134.729996,135.419998,135.419998,206800
2021-02-11,135.789993,136.910004,135.130005,135.809998,135.809998,247700
2021-02-12,135.160004,138.080002,133.949997,134.779999,134.779999,170300
2021-02-16,135.500000,135.610001,132.619995,133.669998,133.669998,120900
2021-02-17,132.990005,133.789993,131.179993,133.289993,133.289993,180200
2021-02-18,132.179993,133.100006,130.070007,131.800003,131.800003,164500
2021-02-19,132.710007,133.839996,130.880005,132.570007,132.570007,142500
2021-02-22,131.539993,133.240005,129.860001,130.720001,130.720001,228400
2021-02-23,129.309998,133.169998,127.199997,131.880005,131.880005,256700
2021-02-24,131.580002,131.850006,129.479996,130.619995,130.619995,150900
2021-02-25,131.289993,132.669998,127.410004,129.100006,129.100006,241800
2021-02-26,129.440002,129.690002,126.190002,126.500000,126.500000,247700
2021-03-01,127.669998,130.899994,127.290001,129.399994,129.399994,352600
2021-03-02,126.019997,128.000000,123.889999,125.239998,125.239998,572200
2021-03-03,124.610001,125.580002,118.930000,122.220001,122.220001,839900
2021-03-04,122.430000,122.650002,118.199997,119.589996,119.589996,336100
2021-03-05,120.919998,121.199997,117.330002,120.250000,120.250000,286000
2021-03-08,120.010002,121.550003,118.790001,119.250000,119.250000,745300
2021-03-09,120.599998,123.000000,117.970001,118.559998,118.559998,363500
2021-03-10,120.320000,120.320000,117.790001,118.580002,118.580002,165600
2021-03-11,119.540001,120.669998,118.430000,118.830002,118.830002,199600
2021-03-12,118.580002,118.620003,116.279999,117.470001,117.470001,311600
2021-03-15,117.519997,120.250000,117.110001,119.279999,119.279999,471900
2021-03-16,119.900002,121.989998,118.269997,120.209999,120.209999,731800
2021-03-17,119.610001,119.900002,116.559998,119.019997,119.019997,443700
2021-03-18,117.919998,117.919998,112.879997,113.540001,113.540001,368600
2021-03-19,113.930000,116.250000,112.500000,113.940002,113.940002,539800
2021-03-22,114.050003,116.919998,113.150002,115.769997,115.769997,334400
2021-03-23,115.680000,116.349998,113.650002,114.519997,114.519997,345000
2021-03-24,114.940002,116.790001,113.889999,115.040001,115.040001,285400
2021-03-25,114.550003,118.070000,114.000000,117.139999,117.139999,320600
2021-03-26,117.150002,117.889999,114.699997,116.150002,116.150002,245000
2021-03-29,115.239998,117.970001,114.129997,115.120003,115.120003,440700
2021-03-30,114.620003,115.470001,111.809998,112.370003,112.370003,456300
2021-03-31,113.160004,113.199997,110.919998,111.010002,111.010002,418700
2021-04-01,111.570000,112.879997,109.540001,112.040001,112.040001,621000
2021-04-05,112.870003,114.839996,111.870003,114.209999,114.209999,567700
2021-04-06,113.550003,115.260002,112.580002,113.300003,113.300003,553500
2021-04-07,113.650002,115.070000,112.050003,114.300003,114.300003,400100
2021-04-08,115.230003,116.459999,112.930000,113.769997,113.769997,622900
2021-04-09,114.110001,117.139999,113.010002,117.059998,117.059998,547900
2021-04-12,116.709999,118.150002,115.989998,116.580002,116.580002,193900
2021-04-13,116.680000,118.059998,116.139999,117.559998,117.559998,214200
2021-04-14,118.300003,119.879997,116.809998,116.910004,116.910004,161100
2021-04-15,117.449997,118.900002,117.040001,118.559998,118.559998,253000
2021-04-16,119.500000,119.529999,116.559998,116.970001,116.970001,156900
2021-04-19,91.940002,93.739998,74.099998,74.680000,74.680000,6659500
2021-04-20,71.489998,71.739998,66.470001,66.690002,66.690002,5939200
2021-04-21,66.370003,70.190002,66.269997,69.589996,69.589996,2702700
2021-04-22,69.980003,70.980003,67.690002,67.699997,67.699997,1468900
2021-04-23,67.910004,68.000000,66.279999,67.449997,67.449997,1986500
2021-04-26,68.239998,68.500000,67.320000,67.790001,67.790001,987300
2021-04-27,68.120003,68.410004,66.949997,67.129997,67.129997,1008900
2021-04-28,67.260002,69.059998,66.459999,68.250000,68.250000,1367800
2021-04-29,68.500000,69.290001,66.779999,67.050003,67.050003,873600
2021-04-30,66.779999,67.419998,66.169998,67.260002,67.260002,555400
2021-05-03,67.330002,67.480003,65.449997,65.610001,65.610001,959800
2021-05-04,65.260002,65.260002,62.860001,63.500000,63.500000,780200
2021-05-05,63.910000,64.349998,61.660000,62.099998,62.099998,1021400
2021-05-06,62.180000,63.020000,60.680000,61.439999,61.439999,916800
2021-05-07,61.570000,62.650002,60.930000,61.040001,61.040001,742000
2021-05-10,61.520000,61.669998,59.630001,59.950001,59.950001,1276700
2021-05-11,58.790001,60.369999,58.160000,59.669998,59.669998,1005100
2021-05-12,59.110001,60.119999,58.459999,59.830002,59.830002,1111300
2021-05-13,53.450001,53.680000,49.259998,51.810001,51.810001,4823400
2021-05-14,52.939999,57.840000,52.810001,56.000000,56.000000,2091000
2021-05-17,55.830002,57.630001,54.480000,57.000000,57.000000,2021000
2021-05-18,56.869999,57.880001,56.099998,56.570000,56.570000,835400
2021-05-19,55.500000,56.590000,54.700001,56.509998,56.509998,689700
2021-05-20,56.619999,57.060001,56.099998,56.720001,56.720001,1241400
2021-05-21,56.970001,57.900002,55.900002,56.160000,56.160000,607300
2021-05-24,56.450001,56.570000,55.490002,55.709999,55.709999,670500
2021-05-25,55.770000,56.270000,55.130001,55.220001,55.220001,526500
2021-05-26,55.099998,55.599998,54.540001,55.470001,55.470001,956900
2021-05-27,55.889999,55.900002,54.900002,55.869999,55.869999,849000
2021-05-28,56.240002,57.250000,55.990002,56.459999,56.459999,685300
2021-06-01,55.939999,57.139999,55.910000,57.020000,57.020000,767100
2021-06-02,57.139999,57.330002,55.689999,55.869999,55.869999,1198400
2021-06-03,55.509998,56.270000,54.730000,55.250000,55.250000,749800
2021-06-04,55.139999,55.500000,54.650002,55.080002,55.080002,515400
2021-06-07,54.919998,56.480000,54.580002,56.410000,56.410000,1040900
2021-06-08,56.599998,57.580002,56.189999,57.509998,57.509998,828700
2021-06-09,57.880001,58.770000,57.669998,58.330002,58.330002,659800
2021-06-10,58.279999,59.080002,57.880001,58.410000,58.410000,724700
2021-06-11,58.759998,60.080002,58.660000,60.070000,60.070000,481100
2021-06-14,60.209999,60.209999,58.459999,59.840000,59.840000,849500
2021-06-15,60.160000,60.160000,58.320000,59.310001,59.310001,913900
2021-06-16,59.619999,59.750000,58.119999,58.709999,58.709999,445000
2021-06-17,59.790001,62.639999,59.169998,62.529999,62.529999,851900
2021-06-18,62.430000,63.119999,62.040001,62.750000,62.750000,1368000
2021-06-21,62.779999,63.590000,62.330002,63.380001,63.380001,785500
2021-06-22,63.349998,63.759998,62.360001,63.730000,63.730000,818900
2021-06-23,63.750000,64.970001,63.330002,63.759998,63.759998,992300
2021-06-24,63.770000,65.059998,63.520000,65.010002,65.010002,776300
2021-06-25,65.309998,66.550003,65.050003,65.970001,65.970001,6375600
2021-06-28,65.769997,68.080002,65.339996,68.059998,68.059998,1062800
2021-06-29,68.300003,68.449997,66.379997,66.730003,66.730003,573100
2021-06-30,66.860001,66.860001,65.739998,66.639999,66.639999,510400
2021-07-01,66.599998,67.919998,66.480003,67.730003,67.730003,992300
2021-07-02,68.169998,68.169998,66.540001,66.599998,66.599998,385400
2021-07-06,66.680000,66.680000,64.660004,65.239998,65.239998,697500
2021-07-07,65.260002,65.739998,62.669998,63.200001,63.200001,778500
2021-07-08,62.049999,63.400002,61.029999,63.270000,63.270000,787900
2021-07-09,63.470001,64.110001,62.650002,63.480000,63.480000,350200
2021-07-12,63.349998,64.040001,62.349998,64.010002,64.010002,489400
2021-07-13,63.599998,63.939999,61.840000,61.880001,61.880001,609600
2021-07-14,62.150002,62.459999,61.090000,61.480000,61.480000,386700
2021-07-15,61.209999,61.400002,59.230000,60.240002,60.240002,544200
2021-07-16,61.070000,61.520000,60.090000,60.320000,60.320000,516500
2021-07-19,59.220001,60.349998,58.790001,59.520000,59.520000,500500
2021-07-20,59.459999,61.290001,59.310001,60.380001,60.380001,484300
2021-07-21,60.470001,61.340000,60.110001,61.110001,61.110001,320200
2021-07-22,61.049999,61.160000,58.970001,59.299999,59.299999,468100
2021-07-23,59.110001,59.389999,57.930000,59.060001,59.060001,523500
2021-07-26,59.049999,59.419998,58.480000,58.889999,58.889999,298700
2021-07-27,58.340000,58.919998,58.110001,58.700001,58.700001,628000
2021-07-28,59.209999,60.000000,58.750000,59.590000,59.590000,607100
2021-07-29,59.919998,60.290001,59.299999,59.759998,59.759998,580000
2021-07-30,59.840000,61.000000,59.820000,60.790001,60.790001,444900
2021-08-02,60.410000,61.389999,59.990002,61.310001,61.310001,488600
2021-08-03,61.630001,61.630001,60.160000,60.380001,60.380001,264500
2021-08-04,59.889999,60.639999,57.820000,57.900002,57.900002,624600
2021-08-05,57.759998,58.669998,56.919998,57.599998,57.599998,598200
2021-08-06,57.509998,58.490002,56.910000,58.480000,58.480000,443300
2021-08-09,58.570000,59.090000,57.990002,58.029999,58.029999,540400
2021-08-10,58.000000,58.090000,56.639999,57.759998,57.759998,660200
2021-08-11,58.529999,62.330002,58.529999,61.970001,61.970001,1436100
2021-08-12,62.310001,64.029999,61.450001,62.599998,62.599998,801400
2021-08-13,62.470001,62.830002,60.830002,61.139999,61.139999,609300
2021-08-16,60.669998,60.669998,58.610001,58.779999,58.779999,358600
2021-08-17,58.570000,59.490002,58.009998,59.290001,59.290001,721600
2021-08-18,59.490002,59.709999,58.330002,58.619999,58.619999,488700
2021-08-19,58.450001,58.560001,57.299999,57.709999,57.709999,450500
2021-08-20,57.509998,59.660000,57.330002,59.619999,59.619999,402700
2021-08-23,59.369999,60.930000,59.360001,60.919998,60.919998,331700
2021-08-24,61.299999,61.799999,61.009998,61.099998,61.099998,495100
2021-08-25,60.490002,61.110001,59.490002,60.000000,60.000000,588100
2021-08-26,59.590000,59.900002,58.610001,59.500000,59.500000,347600
2021-08-27,59.900002,61.830002,59.900002,61.490002,61.490002,456000
2021-08-30,61.259998,62.150002,60.779999,61.849998,61.849998,402700