Date,Open,High,Low,Close,Adj Close,Volume
2021-01-04,43.000000,43.650002,41.730000,42.410000,42.410000,968600
2021-01-05,42.160000,42.860001,41.680000,41.910000,41.910000,779800
2021-01-06,41.860001,44.070000,41.389999,43.500000,43.500000,1241000
2021-01-07,43.880001,45.299999,43.799999,44.860001,44.860001,1052400
2021-01-08,45.389999,45.759998,42.959999,43.570000,43.570000,1084500
2021-01-11,42.840000,43.660000,41.020000,42.750000,42.750000,1233500
2021-01-12,43.459999,43.919998,42.540001,43.330002,43.330002,1275000
2021-01-13,43.139999,46.189999,42.599998,45.130001,45.130001,2632700
2021-01-14,45.709999,47.490002,45.349998,47.049999,47.049999,1549600
2021-01-15,47.500000,48.349998,46.580002,47.430000,47.430000,1766000
2021-01-19,47.509998,48.610001,47.299999,48.270000,48.270000,1273500
2021-01-20,48.980000,49.020000,46.950001,47.669998,47.669998,1142900
2021-01-21,48.369999,48.509998,46.900002,47.500000,47.500000,1096800
2021-01-22,46.779999,49.549999,46.680000,49.500000,49.500000,947200
2021-01-25,49.250000,49.700001,47.470001,48.799999,48.799999,1168300
2021-01-26,48.290001,49.689999,48.290001,48.650002,48.650002,965500
2021-01-27,47.779999,49.220001,46.860001,47.040001,47.040001,1673000
2021-01-28,47.000000,49.000000,47.000000,47.910000,47.910000,1132800
2021-01-29,48.299999,49.360001,46.810001,47.590000,47.590000,1183900
2021-02-01,47.950001,48.820000,47.310001,47.660000,47.660000,860000
2021-02-02,47.790001,49.480000,47.410000,49.439999,49.439999,751500
2021-02-03,49.369999,50.310001,47.549999,47.669998,47.669998,1105700
2021-02-04,48.000000,49.029999,47.029999,48.230000,48.230000,834600
2021-02-05,48.849998,49.490002,48.119999,48.919998,48.919998,589500
2021-02-08,49.160000,50.529999,48.619999,50.400002,50.400002,829200
2021-02-09,50.689999,51.299999,49.709999,50.139999,50.139999,1303200
2021-02-10,50.150002,51.099998,49.119999,50.599998,50.599998,827200
2021-02-11,50.720001,51.160000,49.099998,49.740002,49.740002,653000
2021-02-12,50.099998,51.250000,49.590000,49.840000,49.840000,956900
2021-02-16,49.900002,50.970001,48.720001,49.090000,49.090000,946100
2021-02-17,49.650002,50.360001,48.580002,49.250000,49.250000,1284100
2021-02-18,48.980000,48.980000,47.849998,48.090000,48.090000,701200
2021-02-19,48.270000,49.790001,48.270000,49.680000,49.680000,1020700
2021-02-22,49.259998,49.970001,48.669998,48.689999,48.689999,1001100
2021-02-23,46.369999,48.500000,44.830002,47.209999,47.209999,1469800
2021-02-24,48.270000,56.400002,48.160000,51.450001,51.450001,11744100
2021-02-25,50.619999,50.810001,46.450001,47.310001,47.310001,4180400
2021-02-26,47.099998,48.630001,45.110001,45.250000,45.250000,2200300
2021-03-01,46.150002,47.619999,44.900002,46.470001,46.470001,2165900
2021-03-02,45.970001,46.720001,44.490002,45.009998,45.009998,1027800
2021-03-03,44.750000,45.230000,41.759998,41.930000,41.930000,1874500
2021-03-04,41.230000,42.439999,39.349998,40.410000,40.410000,1906800
2021-03-05,40.680000,41.029999,38.810001,40.910000,40.910000,2102100
2021-03-08,40.930000,40.980000,38.799999,39.509998,39.509998,1566500
2021-03-09,40.130001,42.450001,40.130001,41.860001,41.860001,1250000
2021-03-10,42.860001,43.230000,42.009998,42.820000,42.820000,1194400
2021-03-11,43.500000,44.369999,43.119999,44.040001,44.040001,979900
2021-03-12,43.650002,44.450001,42.959999,44.369999,44.369999,813300
2021-03-15,44.330002,44.799999,43.250000,43.570000,43.570000,971400
2021-03-16,43.860001,44.540001,43.119999,44.349998,44.349998,821500
2021-03-17,43.549999,44.529999,43.369999,44.410000,44.410000,861600
2021-03-18,44.139999,44.279999,42.750000,42.810001,42.810001,1098900
2021-03-19,43.150002,44.509998,41.970001,44.130001,44.130001,3134400
2021-03-22,43.330002,44.900002,43.180000,44.150002,44.150002,640500
2021-03-23,44.020000,44.040001,42.549999,43.090000,43.090000,1006500
2021-03-24,43.279999,43.509998,41.509998,41.509998,41.509998,1108200
2021-03-25,41.099998,42.000000,40.320000,41.299999,41.299999,1767200
2021-03-26,41.520000,42.270000,40.439999,41.410000,41.410000,1151300
2021-03-29,41.000000,41.639999,40.290001,40.450001,40.450001,1094900
2021-03-30,40.330002,41.650002,40.259998,41.090000,41.090000,1059800
2021-03-31,41.439999,42.400002,41.060001,41.689999,41.689999,3380000
2021-04-01,42.270000,43.259998,41.389999,42.430000,42.430000,1255300
2021-04-05,42.610001,43.040001,42.099998,42.930000,42.930000,724200
2021-04-06,42.910000,43.560001,42.349998,42.560001,42.560001,638100
2021-04-07,42.450001,42.959999,42.200001,42.349998,42.349998,668700
2021-04-08,42.689999,43.090000,42.009998,42.200001,42.200001,849500
2021-04-09,42.240002,42.980000,41.689999,42.770000,42.770000,605400
2021-04-12,43.009998,43.459999,42.020000,42.950001,42.950001,856900
2021-04-13,43.250000,44.529999,43.099998,44.480000,44.480000,1038100
2021-04-14,44.720001,46.700001,44.720001,45.950001,45.950001,1362800
2021-04-15,46.450001,47.119999,45.820000,46.200001,46.200001,887900
2021-04-16,46.490002,46.709999,45.680000,46.410000,46.410000,726300
2021-04-19,45.849998,47.630001,45.799999,47.560001,47.560001,1755300
2021-04-20,48.009998,49.209999,46.110001,46.830002,46.830002,1083700
2021-04-21,46.709999,48.970001,46.330002,48.840000,48.840000,875500
2021-04-22,48.650002,50.490002,48.650002,49.299999,49.299999,1019800
2021-04-23,49.669998,50.689999,49.419998,50.459999,50.459999,633700
2021-04-26,50.700001,50.700001,49.830002,50.480000,50.480000,719700
2021-04-27,50.709999,51.259998,50.189999,51.110001,51.110001,705900
2021-04-28,50.180000,51.430000,49.849998,51.020000,51.020000,751100
2021-04-29,51.570000,51.570000,50.169998,51.310001,51.310001,690900
2021-04-30,51.160000,51.509998,49.910000,49.950001,49.950001,863100
2021-05-03,50.430000,50.720001,49.209999,49.279999,49.279999,672100
2021-05-04,48.720001,48.970001,48.099998,48.470001,48.470001,1649700
2021-05-05,48.209999,48.889999,47.459999,47.810001,47.810001,575300
2021-05-06,47.560001,47.889999,46.750000,47.689999,47.689999,874300
2021-05-07,48.150002,48.860001,47.360001,47.570000,47.570000,870600
2021-05-10,47.139999,47.230000,45.919998,46.099998,46.099998,849500
2021-05-11,42.099998,45.000000,41.090000,42.680000,42.680000,2219600
2021-05-12,41.869999,43.660000,41.750000,42.480000,42.480000,1451000
2021-05-13,42.779999,43.000000,41.099998,41.770000,41.770000,1588800
2021-05-14,42.209999,43.849998,41.650002,43.029999,43.029999,1176300
2021-05-17,42.340000,43.189999,41.459999,42.419998,42.419998,941200
2021-05-18,42.599998,43.099998,42.189999,42.360001,42.360001,1182100
2021-05-19,41.770000,42.279999,41.250000,42.070000,42.070000,561200
2021-05-20,42.150002,43.099998,42.020000,42.689999,42.689999,636700
2021-05-21,43.310001,43.430000,41.939999,42.209999,42.209999,627300
2021-05-24,42.509998,42.889999,41.830002,41.939999,41.939999,532400
2021-05-25,42.230000,42.680000,41.639999,42.230000,42.230000,901000
2021-05-26,41.950001,42.680000,41.160000,42.000000,42.000000,561800
2021-05-27,42.290001,42.470001,41.509998,41.750000,41.750000,748100
2021-05-28,41.650002,42.169998,41.340000,41.410000,41.410000,715000
2021-06-01,41.560001,42.049999,41.259998,41.380001,41.380001,1005100
2021-06-02,41.400002,41.689999,38.919998,39.200001,39.200001,1553200
2021-06-03,38.810001,39.500000,38.650002,38.840000,38.840000,1332400
2021-06-04,39.310001,39.779999,39.099998,39.470001,39.470001,667300
2021-06-07,39.400002,40.639999,39.090000,40.259998,40.259998,1296200
2021-06-08,40.389999,40.619999,38.950001,39.459999,39.459999,903500
2021-06-09,39.759998,40.150002,39.160000,39.380001,39.380001,869200
2021-06-10,39.660000,41.869999,39.470001,41.720001,41.720001,1054700
2021-06-11,41.709999,42.900002,41.259998,42.790001,42.790001,826100
2021-06-14,43.560001,43.689999,42.889999,43.360001,43.360001,857500
2021-06-15,43.250000,43.470001,42.090000,42.950001,42.950001,886600
2021-06-16,43.000000,43.599998,42.369999,43.099998,43.099998,865500
2021-06-17,42.990002,43.549999,42.080002,42.939999,42.939999,850000
2021-06-18,42.790001,43.160000,41.290001,41.410000,41.410000,2827800
2021-06-21,41.520000,42.560001,40.599998,42.169998,42.169998,1025300
2021-06-22,42.250000,43.160000,41.549999,43.049999,43.049999,1047900
2021-06-23,43.270000,43.630001,43.080002,43.130001,43.130001,774000
2021-06-24,43.209999,45.700001,43.200001,45.549999,45.549999,1583500
2021-06-25,45.849998,46.360001,44.810001,45.139999,45.139999,1307700
2021-06-28,45.430000,46.320000,45.119999,45.959999,45.959999,590800
2021-06-29,46.040001,46.040001,45.590000,45.759998,45.759998,531800
2021-06-30,45.750000,45.820000,45.060001,45.410000,45.410000,417300
2021-07-01,45.529999,46.400002,45.130001,46.360001,46.360001,715200
2021-07-02,46.619999,46.619999,45.689999,46.419998,46.419998,449800
2021-07-06,46.330002,46.430000,45.369999,46.189999,46.189999,547800
2021-07-07,46.119999,46.570000,44.889999,45.619999,45.619999,597400
2021-07-08,44.689999,45.020000,44.000000,44.860001,44.860001,570200
2021-07-09,45.160000,45.810001,44.799999,45.500000,45.500000,363500
2021-07-12,45.650002,45.980000,45.349998,45.490002,45.490002,355900
2021-07-13,45.400002,45.919998,44.590000,44.900002,44.900002,304900
2021-07-14,45.209999,45.209999,44.400002,44.470001,44.470001,677000
2021-07-15,44.040001,44.130001,42.459999,42.900002,42.900002,915200
2021-07-16,43.790001,43.790001,41.310001,42.049999,42.049999,1049900
2021-07-19,39.950001,42.099998,39.950001,41.389999,41.389999,830500
2021-07-20,41.689999,42.619999,41.490002,42.070000,42.070000,1071600
2021-07-21,42.369999,42.500000,41.599998,42.090000,42.090000,828000
2021-07-22,42.000000,43.000000,42.000000,42.470001,42.470001,583200
2021-07-23,42.730000,43.549999,42.419998,42.889999,42.889999,688300
2021-07-26,42.919998,43.080002,41.970001,42.169998,42.169998,418600
2021-07-27,42.099998,42.130001,40.750000,41.139999,41.139999,792400
2021-07-28,41.389999,42.119999,40.759998,41.610001,41.610001,932300
2021-07-29,41.750000,42.320000,41.049999,41.070000,41.070000,674300
2021-07-30,40.980000,41.980000,40.900002,41.330002,41.330002,682200
2021-08-02,41.480000,41.529999,40.400002,40.549999,40.549999,660800
2021-08-03,40.500000,40.669998,39.959999,40.299999,40.299999,530000
2021-08-04,40.000000,40.919998,39.750000,40.139999,40.139999,544300
2021-08-05,40.290001,40.680000,40.049999,40.419998,40.419998,783900
2021-08-06,40.669998,40.669998,39.779999,40.500000,40.500000,812500
2021-08-09,40.580002,40.830002,40.070000,40.439999,40.439999,809900
2021-08-10,46.110001,46.189999,39.840000,41.240002,41.240002,1944900
2021-08-11,41.340000,41.410000,40.049999,40.750000,40.750000,739700
2021-08-12,40.810001,41.860001,39.919998,41.590000,41.590000,924700
2021-08-13,41.680000,42.180000,41.169998,41.470001,41.470001,482300
2021-08-16,41.290001,41.709999,40.799999,41.270000,41.270000,299400
2021-08-17,40.830002,41.200001,40.310001,40.720001,40.720001,589100
2021-08-18,40.580002,40.980000,39.450001,39.520000,39.520000,573000
2021-08-19,39.400002,39.430000,37.799999,38.470001,38.470001,998200
2021-08-20,38.450001,40.040001,38.349998,39.549999,39.549999,669400
2021-08-23,39.930000,41.320000,39.750000,40.700001,40.700001,904000
2021-08-24,40.849998,40.939999,40.119999,40.450001,40.450001,667200
2021-08-25,40.380001,41.200001,40.139999,41.020000,41.020000,561400
2021-08-26,40.950001,41.150002,40.000000,40.290001,40.290001,740200
2021-08-27,40.439999,42.520000,40.439999,42.009998,42.009998,1096800
2021-08-30,42.230000,42.450001,41.750000,41.959999,41.959999,648300