Date,Open,High,Low,Close,Adj Close,Volume
2021-01-04,64.910004,65.000000,61.889999,62.910000,62.127823,498200
2021-01-05,62.709999,65.239998,62.709999,64.040001,63.243774,803200
2021-01-06,65.750000,71.349998,65.580002,68.250000,67.401428,2097200
2021-01-07,70.190002,72.419998,68.330002,68.730003,67.875465,1054400
2021-01-08,69.360001,70.279999,68.169998,69.889999,69.021034,687700
2021-01-11,68.650002,70.839996,68.529999,69.540001,68.675392,667800
2021-01-12,69.599998,70.379997,68.559998,70.120003,69.248177,653500
2021-01-13,70.449997,70.550003,67.250000,67.790001,66.947151,521900
2021-01-14,68.500000,68.769997,66.169998,66.730003,65.900330,686600
2021-01-15,66.120003,66.209999,64.629997,64.860001,64.053581,780800
2021-01-19,65.879997,66.410004,64.300003,66.410004,65.584312,812600
2021-01-20,67.000000,67.720001,64.809998,65.419998,64.606613,676300
2021-01-21,65.250000,69.309998,64.750000,68.849998,67.993965,1203200
2021-01-22,67.970001,68.400002,66.449997,67.080002,66.245979,765000
2021-01-25,66.839996,69.070000,65.580002,66.989998,66.157097,653200
2021-01-26,67.750000,67.750000,65.209999,65.510002,64.695503,419500
2021-01-27,64.000000,64.129997,59.669998,60.150002,59.402142,1098400
2021-01-28,61.369999,62.000000,59.849998,61.470001,60.705727,1104300
2021-01-29,61.709999,61.709999,58.310001,59.150002,58.414574,861100
2021-02-01,59.779999,60.340000,58.220001,60.240002,59.491024,803700
2021-02-02,60.820000,62.740002,60.360001,62.570000,61.792053,772100
2021-02-03,62.750000,62.990002,60.860001,61.689999,60.922993,471900
2021-02-04,61.770000,62.160000,60.660000,61.000000,60.241570,655500
2021-02-05,62.599998,63.740002,61.389999,62.770000,61.989567,580800
2021-02-08,63.060001,64.790001,62.939999,63.430000,62.641357,629700
2021-02-09,63.970001,64.209999,63.220001,63.590000,62.799370,485600
2021-02-10,64.080002,64.480003,61.720001,62.200001,61.426651,455500
2021-02-11,62.139999,63.220001,61.230000,62.000000,61.229137,454800
2021-02-12,62.070000,62.959999,61.250000,61.459999,60.695850,542000
2021-02-16,62.660000,63.970001,61.680000,62.200001,61.426651,678500
2021-02-17,61.759998,61.759998,59.230000,60.070000,59.323135,689000
2021-02-18,59.509998,59.630001,56.110001,56.180000,55.481499,1100200
2021-02-19,63.619999,65.900002,61.049999,62.020000,61.248890,1764400
2021-02-22,61.090000,61.900002,57.580002,57.750000,57.031982,802300
2021-02-23,56.250000,57.820000,52.240002,56.990002,56.281429,1350700
2021-02-24,57.119999,59.180000,56.290001,59.049999,58.315815,638300
2021-02-25,58.980000,59.660000,55.259998,55.520000,54.829704,681200
2021-02-26,55.730000,57.880001,54.779999,56.230000,55.530876,806000
2021-03-01,57.310001,60.509998,57.090000,59.650002,58.908356,819700
2021-03-02,59.950001,60.630001,57.660000,57.830002,57.110985,521700
2021-03-03,58.209999,58.450001,55.500000,55.840000,55.145729,537500
2021-03-04,55.250000,56.080002,51.560001,53.230000,52.568176,1127500
2021-03-05,54.009998,54.250000,48.930000,53.080002,52.420044,1349800
2021-03-08,52.950001,54.099998,50.689999,51.259998,50.622669,748900
2021-03-09,53.419998,56.799999,52.849998,55.820000,55.125973,926200
2021-03-10,56.709999,60.200001,56.349998,57.689999,56.972725,1075400
2021-03-11,59.000000,60.360001,58.560001,60.349998,59.599651,832000
2021-03-12,60.000000,61.000000,58.919998,59.080002,58.345444,936400
2021-03-15,58.150002,59.259998,57.320000,58.980000,58.246685,524500
2021-03-16,59.000000,59.290001,55.450001,55.759998,55.066719,870000
2021-03-17,54.950001,54.950001,52.299999,53.770000,53.101463,1149200
2021-03-18,53.160000,53.610001,51.380001,51.740002,51.096703,625600
2021-03-19,51.840000,53.419998,50.639999,52.220001,51.570736,2636700
2021-03-22,53.799999,55.310001,52.009998,54.639999,53.960644,1042200
2021-03-23,54.240002,55.740002,52.730000,53.189999,52.528675,1017500
2021-03-24,53.480000,54.910000,52.689999,52.910000,52.252155,888100
2021-03-25,52.009998,54.549999,51.000000,54.110001,53.437237,546700
2021-03-26,54.639999,55.619999,52.849998,54.639999,53.960644,603100
2021-03-29,54.009998,54.439999,52.880001,53.209999,52.548424,443200
2021-03-30,53.000000,55.639999,52.849998,55.509998,54.819828,415400
2021-03-31,56.110001,57.209999,55.970001,56.099998,55.402493,789800
2021-04-01,56.250000,56.459999,54.119999,54.740002,54.398792,592300
2021-04-05,55.549999,56.049999,53.570000,53.709999,53.375210,581400
2021-04-06,53.669998,55.320000,53.669998,54.130001,53.792595,381000
2021-04-07,53.840000,54.259998,53.000000,53.220001,52.888268,386000
2021-04-08,53.750000,54.349998,53.400002,54.060001,53.723030,339800
2021-04-09,53.529999,53.930000,52.459999,53.650002,53.315586,281700
2021-04-12,53.439999,53.849998,52.349998,53.570000,53.236084,371100
2021-04-13,53.500000,54.759998,52.900002,54.490002,54.150349,418000
2021-04-14,54.560001,55.529999,53.630001,53.980000,53.643528,413100
2021-04-15,54.750000,54.759998,53.480000,54.400002,54.060913,421900
2021-04-16,54.840000,55.500000,54.419998,54.599998,54.259663,665700
2021-04-19,53.930000,54.570000,51.750000,52.090000,51.765308,811000
2021-04-20,51.849998,52.580002,50.720001,51.820000,51.496990,445800
2021-04-21,51.689999,53.759998,51.290001,53.619999,53.285770,680200
2021-04-22,54.110001,55.750000,54.110001,54.840000,54.498169,503000
2021-04-23,55.130001,56.759998,55.000000,56.619999,56.267071,517300
2021-04-26,56.959999,57.740002,55.439999,56.310001,55.959007,406900
2021-04-27,56.049999,56.470001,55.450001,56.310001,55.959007,350600
2021-04-28,55.950001,56.470001,55.320000,55.900002,55.551563,272600
2021-04-29,55.750000,55.990002,52.619999,53.380001,53.047268,740200
2021-04-30,52.759998,53.810001,51.869999,52.400002,52.073380,898800
2021-05-03,52.959999,53.000000,51.389999,51.740002,51.417492,408800
2021-05-04,51.169998,51.500000,48.389999,48.770000,48.466003,1199200
2021-05-05,49.500000,49.549999,46.099998,47.630001,47.333111,1261100
2021-05-06,47.099998,47.770000,46.099998,47.310001,47.015106,970100
2021-05-07,47.869999,50.150002,47.630001,47.990002,47.690868,609500
2021-05-10,50.349998,50.660000,48.099998,48.320000,48.018806,1129600
2021-05-11,47.119999,48.259998,46.500000,47.470001,47.174107,1215100
2021-05-12,46.610001,47.240002,44.889999,45.220001,44.938133,936700
2021-05-13,45.840000,46.919998,44.689999,45.720001,45.435017,992300
2021-05-14,45.930000,48.520000,45.880001,48.299999,47.998932,776400
2021-05-17,47.660000,47.660000,45.889999,46.869999,46.577847,840600
2021-05-18,46.930000,47.200001,45.570000,46.630001,46.339344,854500
2021-05-19,45.919998,49.070000,45.750000,48.830002,48.525631,874000
2021-05-20,49.220001,50.410000,49.099998,49.630001,49.320644,747300
2021-05-21,50.139999,50.459999,49.560001,49.830002,49.519398,555800
2021-05-24,50.389999,50.639999,48.700001,48.720001,48.416317,455300
2021-05-25,49.060001,49.560001,48.259998,48.779999,48.475941,382500
2021-05-26,48.779999,50.630001,48.779999,50.400002,50.085846,594700
2021-05-27,50.299999,50.549999,49.240002,49.720001,49.410084,434400
2021-05-28,50.070000,50.360001,49.020000,49.209999,48.903259,336900
2021-06-01,49.959999,50.549999,49.209999,49.820000,49.509457,424200
2021-06-02,49.880001,49.880001,48.790001,49.080002,48.774075,375200
2021-06-03,48.580002,49.139999,47.939999,48.080002,47.780308,400900
2021-06-04,48.279999,48.820000,47.900002,48.450001,48.147999,342400
2021-06-07,48.439999,49.810001,48.049999,49.509998,49.201389,520700
2021-06-08,49.820000,51.599998,49.790001,51.360001,51.039860,711400
2021-06-09,51.689999,52.959999,51.389999,52.660000,52.331757,951400
2021-06-10,52.709999,53.189999,52.000000,52.119999,51.795120,845200
2021-06-11,52.240002,53.820000,52.099998,53.820000,53.484524,390300
2021-06-14,54.000000,54.759998,53.299999,53.599998,53.265896,387400
2021-06-15,53.410000,53.820000,52.750000,52.860001,52.530510,753600
2021-06-16,53.380001,53.900002,52.430000,52.880001,52.550385,602300
2021-06-17,52.490002,55.299999,52.490002,54.959999,54.617420,783400
2021-06-18,54.459999,55.290001,53.709999,54.930000,54.587608,1373900
2021-06-21,55.000000,55.000000,53.139999,53.700001,53.365273,454900
2021-06-22,53.369999,54.369999,53.009998,54.080002,53.742905,388400
2021-06-23,54.040001,55.279999,54.020000,54.250000,53.911846,418800
2021-06-24,54.779999,57.290001,54.389999,57.270000,56.913021,1087100
2021-06-25,57.369999,58.090000,57.139999,57.259998,56.903080,859700
2021-06-28,57.740002,57.849998,56.380001,56.840000,56.485703,474200
2021-06-29,57.290001,57.500000,56.310001,56.740002,56.386326,321900
2021-06-30,56.400002,56.980000,55.950001,56.150002,55.800003,401200
2021-07-01,55.830002,56.540001,55.320000,55.860001,55.860001,451900
2021-07-02,56.060001,56.580002,55.520000,56.470001,56.470001,352400
2021-07-06,56.740002,57.889999,56.430000,57.790001,57.790001,306500
2021-07-07,57.869999,58.570000,56.700001,56.830002,56.830002,311600
2021-07-08,55.520000,55.610001,53.790001,54.500000,54.500000,470000
2021-07-09,54.759998,56.270000,53.529999,56.209999,56.209999,535500
2021-07-12,56.400002,57.590000,56.029999,57.500000,57.500000,332600
2021-07-13,57.160000,57.840000,56.169998,56.349998,56.349998,688800
2021-07-14,56.790001,56.990002,54.330002,54.490002,54.490002,407500
2021-07-15,54.380001,54.650002,53.299999,53.830002,53.830002,811300
2021-07-16,54.830002,55.919998,53.669998,53.970001,53.970001,523100
2021-07-19,52.740002,54.349998,52.060001,54.180000,54.180000,447800
2021-07-20,54.520000,56.200001,54.000000,55.599998,55.599998,443200
2021-07-21,56.320000,57.860001,56.320000,57.450001,57.450001,381300
2021-07-22,57.180000,57.500000,56.349998,56.810001,56.810001,197800
2021-07-23,56.680000,57.110001,55.779999,56.990002,56.990002,212000
2021-07-26,56.720001,56.990002,55.279999,55.950001,55.950001,248700
2021-07-27,55.799999,55.990002,54.869999,55.919998,55.919998,223500
2021-07-28,56.340000,57.639999,56.080002,57.110001,57.110001,385200
2021-07-29,57.490002,58.279999,57.220001,57.470001,57.470001,270800
2021-07-30,57.020000,59.250000,56.549999,56.799999,56.799999,436100
2021-08-02,57.299999,57.759998,56.240002,56.380001,56.380001,239700
2021-08-03,56.959999,57.779999,56.750000,57.730000,57.730000,300500
2021-08-04,57.570000,58.439999,57.279999,57.549999,57.549999,320000
2021-08-05,57.799999,58.580002,57.410000,57.410000,57.410000,300800
2021-08-06,57.459999,58.840000,56.250000,57.919998,57.919998,331600
2021-08-09,58.400002,59.150002,57.160000,58.490002,58.490002,291300
2021-08-10,58.830002,60.049999,58.540001,59.900002,59.900002,406900
2021-08-11,59.970001,60.139999,56.700001,58.080002,58.080002,444800
2021-08-12,57.790001,59.430000,57.689999,59.250000,59.250000,278000
2021-08-13,59.650002,59.700001,58.250000,58.480000,58.480000,299100
2021-08-16,58.040001,58.990002,57.529999,57.779999,57.779999,348000
2021-08-17,56.790001,57.720001,56.049999,57.009998,57.009998,284900
2021-08-18,57.470001,58.250000,56.709999,56.849998,56.849998,439400
2021-08-19,55.610001,56.250000,54.770000,56.009998,56.009998,501400
2021-08-20,56.000000,57.349998,56.000000,57.080002,57.080002,281200
2021-08-23,57.349998,58.360001,57.349998,58.180000,58.180000,738100
2021-08-24,58.430000,58.970001,57.990002,58.349998,58.349998,196500
2021-08-25,58.320000,59.200001,58.090000,58.400002,58.400002,169900
2021-08-26,58.430000,58.939999,58.090000,58.099998,58.099998,219800
2021-08-27,57.810001,59.799999,57.810001,58.889999,58.889999,267700
2021-08-30,59.549999,60.730000,58.959999,60.360001,60.360001,359900