Date,Open,High,Low,Close,Adj Close,Volume
2021-01-04,223.929993,225.009995,216.449997,220.210007,220.210007,185100
2021-01-05,220.960007,222.839996,218.619995,219.259995,219.259995,170800
2021-01-06,220.000000,229.130005,217.979996,228.509995,228.509995,282800
2021-01-07,217.509995,227.000000,208.740005,223.509995,223.509995,629700
2021-01-08,225.000000,226.020004,211.639999,214.100006,214.100006,390200
2021-01-11,211.979996,215.250000,210.630005,211.050003,211.050003,218500
2021-01-12,210.449997,216.240005,207.589996,215.660004,215.660004,321700
2021-01-13,215.660004,223.389999,215.660004,219.800003,219.800003,272400
2021-01-14,221.869995,222.759995,213.520004,213.779999,213.779999,294300
2021-01-15,212.690002,221.339996,212.000000,220.820007,220.820007,295600
2021-01-19,223.080002,231.940002,221.350006,230.789993,230.789993,283200
2021-01-20,232.619995,233.169998,227.850006,230.029999,230.029999,245900
2021-01-21,229.600006,238.369995,229.490005,234.520004,234.520004,287400
2021-01-22,233.339996,235.460007,232.679993,234.809998,234.809998,128900
2021-01-25,235.750000,245.910004,234.960007,244.990005,244.990005,214500
2021-01-26,245.539993,248.880005,239.570007,248.179993,248.179993,231100
2021-01-27,244.289993,265.970001,240.059998,262.890015,262.890015,651100
2021-01-28,260.170013,262.880005,238.649994,248.570007,248.570007,320300
2021-01-29,250.160004,254.229996,242.720001,244.250000,244.250000,444600
2021-02-01,247.960007,248.259995,244.130005,245.259995,245.259995,259700
2021-02-02,245.970001,248.089996,237.029999,238.979996,238.979996,224700
2021-02-03,238.990005,241.369995,232.759995,233.679993,233.679993,200000
2021-02-04,234.350006,238.009995,228.119995,230.020004,230.020004,196100
2021-02-05,231.479996,234.500000,227.020004,229.389999,229.389999,218200
2021-02-08,231.449997,233.539993,229.000000,229.940002,229.940002,214100
2021-02-09,231.440002,234.800003,227.539993,230.270004,230.270004,230400
2021-02-10,230.250000,232.990005,227.289993,231.720001,231.720001,295200
2021-02-11,233.259995,233.940002,226.740005,227.539993,227.539993,128000
2021-02-12,226.160004,230.050003,224.059998,227.300003,227.300003,183400
2021-02-16,227.649994,228.119995,222.380005,222.399994,222.399994,149700
2021-02-17,221.110001,224.940002,217.429993,221.520004,221.520004,214700
2021-02-18,220.190002,226.070007,218.850006,225.529999,225.529999,146400
2021-02-19,225.419998,230.440002,223.000000,230.080002,230.080002,151900
2021-02-22,228.830002,234.369995,227.080002,232.740005,232.740005,603500
2021-02-23,230.630005,232.429993,225.220001,228.130005,228.130005,180800
2021-02-24,228.580002,229.970001,223.690002,229.570007,229.570007,150600
2021-02-25,229.619995,232.160004,220.460007,221.190002,221.190002,135400
2021-02-26,221.429993,223.160004,215.339996,216.800003,216.800003,217200
2021-03-01,220.919998,220.919998,215.809998,219.820007,219.820007,267900
2021-03-02,218.860001,220.550003,215.630005,216.199997,216.199997,187000
2021-03-03,217.110001,224.550003,215.059998,217.770004,217.770004,259500
2021-03-04,217.850006,222.970001,217.009995,220.520004,220.520004,224100
2021-03-05,221.070007,231.449997,220.020004,225.699997,225.699997,349300
2021-03-08,226.300003,234.910004,224.009995,233.179993,233.179993,219100
2021-03-09,234.830002,238.529999,227.759995,228.389999,228.389999,210100
2021-03-10,229.539993,231.160004,226.809998,229.220001,229.220001,135500
2021-03-11,229.389999,231.919998,221.389999,225.070007,225.070007,199600
2021-03-12,225.000000,227.220001,222.289993,227.160004,227.160004,115700
2021-03-15,226.130005,233.669998,225.770004,233.570007,233.570007,178100
2021-03-16,233.570007,235.410004,228.800003,232.539993,232.539993,182100
2021-03-17,228.119995,228.119995,213.639999,215.039993,215.039993,579000
2021-03-18,214.229996,214.229996,206.839996,207.960007,207.960007,410100
2021-03-19,207.169998,218.229996,206.449997,209.300003,209.300003,951700
2021-03-22,209.889999,213.759995,208.350006,213.369995,213.369995,192800
2021-03-23,213.970001,218.369995,212.500000,215.699997,215.699997,284900
2021-03-24,216.850006,217.449997,206.300003,206.910004,206.910004,205600
2021-03-25,206.830002,209.860001,201.020004,207.070007,207.070007,217300
2021-03-26,208.470001,214.850006,203.940002,214.500000,214.500000,204100
2021-03-29,214.139999,216.490005,210.009995,213.899994,213.899994,179200
2021-03-30,213.720001,215.000000,210.220001,213.149994,213.149994,173400
2021-03-31,212.979996,214.809998,208.509995,210.660004,210.660004,327600
2021-04-01,211.839996,215.300003,208.559998,212.779999,212.779999,321900
2021-04-05,213.009995,216.500000,210.250000,214.509995,214.509995,202900
2021-04-06,215.589996,220.619995,215.119995,218.199997,218.199997,226400
2021-04-07,218.600006,219.050003,213.610001,215.440002,215.440002,161200
2021-04-08,217.149994,221.350006,215.020004,216.660004,216.660004,271200
2021-04-09,216.220001,217.839996,211.669998,212.649994,212.649994,193200
2021-04-12,213.449997,218.860001,213.000000,217.960007,217.960007,217900
2021-04-13,218.110001,220.610001,213.500000,219.630005,219.630005,293200
2021-04-14,217.449997,221.830002,216.149994,219.210007,219.210007,221700
2021-04-15,220.550003,225.000000,217.270004,224.729996,224.729996,170700
2021-04-16,226.080002,230.880005,224.520004,229.800003,229.800003,263800
2021-04-19,229.089996,229.089996,223.279999,226.139999,226.139999,236200
2021-04-20,226.240005,231.550003,225.009995,231.100006,231.100006,208200
2021-04-21,232.350006,233.740005,228.850006,230.149994,230.149994,226600
2021-04-22,231.289993,231.289993,227.160004,229.710007,229.710007,141800
2021-04-23,230.649994,230.649994,226.009995,226.389999,226.389999,166800
2021-04-26,227.470001,229.429993,224.559998,226.669998,226.669998,216500
2021-04-27,227.029999,229.929993,223.259995,223.669998,223.669998,269700
2021-04-28,218.990005,218.990005,203.800003,206.080002,206.080002,600500
2021-04-29,205.229996,211.679993,204.139999,211.279999,211.279999,362500
2021-04-30,209.639999,214.940002,209.149994,211.210007,211.210007,320000
2021-05-03,211.589996,218.100006,211.479996,217.339996,217.339996,160600
2021-05-04,215.740005,218.649994,213.289993,218.139999,218.139999,354400
2021-05-05,218.470001,219.649994,213.720001,216.649994,216.649994,148700
2021-05-06,217.770004,224.880005,216.740005,222.429993,222.429993,282000
2021-05-07,222.809998,226.449997,220.429993,226.000000,226.000000,162900
2021-05-10,226.639999,229.500000,224.630005,226.110001,226.110001,165600
2021-05-11,224.830002,225.619995,222.669998,224.320007,224.320007,187500
2021-05-12,222.300003,224.289993,214.850006,215.339996,215.339996,174000
2021-05-13,214.539993,221.910004,213.130005,221.029999,221.029999,149500
2021-05-14,221.339996,223.589996,220.589996,223.000000,223.000000,139100
2021-05-17,223.449997,223.449997,205.309998,220.289993,220.289993,203400
2021-05-18,220.220001,220.610001,217.039993,218.360001,218.360001,232900
2021-05-19,217.820007,220.990005,216.100006,220.889999,220.889999,166700
2021-05-20,219.970001,222.460007,218.529999,222.419998,222.419998,295600
2021-05-21,223.380005,224.339996,221.289993,222.860001,222.860001,131900
2021-05-24,223.440002,223.440002,216.350006,217.770004,217.770004,107900
2021-05-25,217.039993,217.169998,212.169998,215.440002,215.440002,189800
2021-05-26,215.440002,218.460007,213.419998,217.080002,217.080002,226000
2021-05-27,218.360001,220.009995,216.309998,216.660004,216.660004,170800
2021-05-28,216.339996,217.330002,210.110001,210.479996,210.479996,206000
2021-06-01,211.330002,215.610001,209.509995,214.860001,214.860001,272800
2021-06-02,215.199997,215.199997,208.000000,208.899994,208.899994,141400
2021-06-03,209.369995,210.190002,206.500000,207.490005,207.490005,149300
2021-06-04,207.570007,208.850006,206.179993,206.610001,206.610001,77500
2021-06-07,207.360001,215.910004,207.360001,215.110001,215.110001,274700
2021-06-08,215.619995,221.789993,213.630005,220.949997,220.949997,209000
2021-06-09,221.910004,225.479996,219.539993,224.740005,224.740005,297800
2021-06-10,225.369995,225.369995,221.009995,223.380005,223.380005,263400
2021-06-11,223.190002,229.479996,221.899994,227.860001,227.860001,175900
2021-06-14,227.220001,228.419998,221.389999,223.070007,223.070007,117200
2021-06-15,223.320007,226.479996,221.399994,224.479996,224.479996,118100
2021-06-16,225.039993,226.350006,219.240005,221.210007,221.210007,113000
2021-06-17,221.130005,222.490005,217.820007,220.539993,220.539993,101000
2021-06-18,218.630005,221.179993,216.679993,217.259995,217.259995,218300
2021-06-21,219.130005,221.750000,216.490005,217.830002,217.830002,149700
2021-06-22,217.830002,218.910004,215.199997,217.550003,217.550003,145300
2021-06-23,217.990005,219.470001,216.410004,218.300003,218.300003,129000
2021-06-24,218.029999,220.990005,217.059998,219.970001,219.970001,215000
2021-06-25,220.339996,223.559998,219.539993,222.679993,222.679993,334600
2021-06-28,223.389999,225.160004,221.770004,224.630005,224.630005,110600
2021-06-29,224.990005,228.570007,223.800003,227.350006,227.350006,97300
2021-06-30,226.490005,228.479996,226.009995,228.119995,228.119995,106400
2021-07-01,229.089996,232.970001,228.460007,231.529999,231.529999,220100
2021-07-02,232.600006,235.139999,230.500000,232.440002,232.440002,216100
2021-07-06,231.979996,236.509995,230.160004,234.779999,234.779999,351900
2021-07-07,234.100006,237.779999,231.259995,232.520004,232.520004,243900
2021-07-08,207.970001,222.809998,206.309998,218.509995,218.509995,1007500
2021-07-09,217.009995,218.850006,213.000000,215.250000,215.250000,429400
2021-07-12,215.759995,216.320007,207.320007,213.000000,213.000000,302700
2021-07-13,212.000000,214.369995,208.800003,209.300003,209.300003,213600
2021-07-14,209.619995,213.869995,208.279999,212.100006,212.100006,262100
2021-07-15,211.960007,217.050003,211.869995,217.029999,217.029999,196700
2021-07-16,218.490005,220.339996,216.190002,216.759995,216.759995,169400
2021-07-19,216.070007,218.979996,213.009995,218.220001,218.220001,155400
2021-07-20,219.919998,227.100006,218.699997,222.070007,222.070007,242700
2021-07-21,222.470001,226.039993,221.250000,223.360001,223.360001,151600
2021-07-22,223.279999,223.389999,218.949997,220.300003,220.300003,104100
2021-07-23,221.039993,225.690002,219.690002,225.029999,225.029999,85100
2021-07-26,226.470001,227.429993,224.199997,225.210007,225.210007,121600
2021-07-27,223.880005,226.460007,220.619995,222.410004,222.410004,106100
2021-07-28,222.669998,225.350006,221.350006,223.899994,223.899994,69900
2021-07-29,223.899994,227.899994,223.899994,227.089996,227.089996,65100
2021-07-30,225.979996,227.789993,222.149994,223.389999,223.389999,136400
2021-08-02,224.410004,225.110001,222.399994,222.929993,222.929993,79400
2021-08-03,223.690002,228.710007,221.649994,228.440002,228.440002,85700
2021-08-04,227.110001,228.990005,224.440002,224.669998,224.669998,79400
2021-08-05,225.550003,226.699997,223.610001,225.860001,225.860001,75900
2021-08-06,227.380005,228.300003,225.080002,226.479996,226.479996,79500
2021-08-09,225.470001,228.550003,225.389999,227.050003,227.050003,80000
2021-08-10,228.130005,237.000000,226.009995,236.130005,236.130005,141100
2021-08-11,236.679993,239.949997,227.800003,239.610001,239.610001,100700
2021-08-12,240.000000,240.000000,237.029999,237.600006,237.600006,74300
2021-08-13,237.259995,239.100006,235.820007,238.800003,238.800003,56300
2021-08-16,238.220001,240.210007,235.509995,236.960007,236.960007,70200
2021-08-17,235.240005,235.889999,232.419998,235.000000,235.000000,66100
2021-08-18,235.309998,235.610001,230.399994,230.570007,230.570007,56600
2021-08-19,228.820007,233.169998,227.779999,229.460007,229.460007,87900
2021-08-20,228.979996,232.940002,227.020004,230.979996,230.979996,113900
2021-08-23,232.139999,232.139999,227.410004,230.000000,230.000000,103900
2021-08-24,229.809998,232.630005,228.460007,232.240005,232.240005,85000
2021-08-25,232.190002,234.970001,230.710007,232.800003,232.800003,64700
2021-08-26,231.869995,233.910004,230.520004,233.000000,233.000000,120600
2021-08-27,232.960007,236.970001,231.699997,236.250000,236.250000,128900
2021-08-30,236.610001,239.309998,236.589996,239.000000,239.000000,94900