Date,Open,High,Low,Close,Adj Close,Volume
2021-01-04,31.450001,31.700001,29.580000,30.110001,30.110001,1003700
2021-01-05,30.010000,31.215000,30.010000,30.900000,30.900000,624900
2021-01-06,31.280001,33.759998,31.280001,32.459999,32.459999,1136000
2021-01-07,32.470001,33.110001,32.099998,32.320000,32.320000,492200
2021-01-08,32.650002,32.860001,31.709999,32.279999,32.279999,373500
2021-01-11,31.760000,32.720001,31.590000,32.369999,32.369999,346000
2021-01-12,32.389999,32.599998,31.705000,32.349998,32.349998,335000
2021-01-13,32.230000,32.470001,31.410000,31.780001,31.780001,387500
2021-01-14,32.240002,33.099998,32.020000,32.330002,32.330002,827200
2021-01-15,31.639999,32.790001,31.639999,32.639999,32.639999,817300
2021-01-19,33.169998,34.139999,32.950001,33.689999,33.689999,940100
2021-01-20,33.790001,34.389999,33.740002,34.189999,34.189999,823900
2021-01-21,34.189999,34.205002,33.040001,33.970001,33.970001,742000
2021-01-22,33.529999,33.980000,32.889999,33.849998,33.849998,512600
2021-01-25,33.419998,33.419998,32.580002,33.110001,33.110001,488300
2021-01-26,33.380001,33.500000,32.189999,32.299999,32.299999,334900
2021-01-27,31.440001,32.240002,29.830000,29.900000,29.900000,1189800
2021-01-28,30.350000,31.135000,29.760000,30.410000,30.410000,568500
2021-01-29,30.250000,30.250000,28.879999,29.719999,29.719999,833700
2021-02-01,30.040001,31.059999,29.415001,30.980000,30.980000,545200
2021-02-02,31.389999,32.650002,31.360001,32.570000,32.570000,515000
2021-02-03,32.509998,32.980000,32.349998,32.669998,32.669998,282400
2021-02-04,32.910000,34.110001,32.910000,33.759998,33.759998,600900
2021-02-05,34.200001,35.279999,34.075001,34.360001,34.360001,647900
2021-02-08,34.619999,34.770000,33.910000,34.169998,34.169998,978400
2021-02-09,34.500000,34.750000,34.150002,34.160000,34.160000,755600
2021-02-10,34.570000,34.750000,34.009998,34.119999,34.119999,621100
2021-02-11,34.110001,34.740002,33.869999,34.689999,34.689999,510600
2021-02-12,34.490002,35.849998,34.369999,35.639999,35.639999,657100
2021-02-16,36.000000,37.029999,35.790001,36.139999,36.139999,541700
2021-02-17,35.700001,37.590000,35.599998,37.330002,37.330002,1094700
2021-02-18,37.000000,37.500000,36.599998,37.060001,37.060001,1217500
2021-02-19,37.439999,39.169998,37.430000,39.029999,39.029999,1121000
2021-02-22,39.029999,40.110001,38.700001,38.849998,38.849998,1408300
2021-02-23,38.900002,39.639999,37.900002,38.950001,38.950001,1327900
2021-02-24,38.990002,41.150002,38.540001,40.619999,40.619999,1182300
2021-02-25,40.639999,40.720001,38.410000,39.020000,39.020000,873600
2021-02-26,39.520000,40.680000,38.779999,39.509998,39.509998,1057500
2021-03-01,40.060001,42.520000,39.119999,41.840000,41.840000,1141400
2021-03-02,41.700001,41.700001,39.549999,40.450001,40.450001,1228100
2021-03-03,40.740002,41.419998,40.180000,40.419998,40.419998,616100
2021-03-04,40.209999,40.580002,38.090000,39.419998,39.419998,586900
2021-03-05,40.259998,40.755001,38.259998,40.549999,40.549999,872500
2021-03-08,41.220001,41.540001,40.520000,40.580002,40.580002,1018400
2021-03-09,42.430000,42.939999,40.099998,40.570000,40.570000,881600
2021-03-10,41.169998,41.689999,39.380001,40.270000,40.270000,1772400
2021-03-11,40.240002,40.380001,38.950001,40.160000,40.160000,2128300
2021-03-12,40.099998,40.719002,39.549999,39.810001,39.810001,1025700
2021-03-15,39.990002,41.060001,39.740002,41.000000,41.000000,1535000
2021-03-16,40.639999,41.000000,38.669998,39.560001,39.560001,1160600
2021-03-17,39.299999,40.180000,39.110001,40.180000,40.180000,870400
2021-03-18,40.070000,40.369999,38.720001,38.730000,38.730000,740000
2021-03-19,39.150002,39.470001,38.195000,39.130001,39.130001,1772600
2021-03-22,39.110001,39.529999,37.599998,38.220001,38.220001,492700
2021-03-23,37.750000,37.810001,36.200001,36.610001,36.610001,757300
2021-03-24,37.279999,38.029999,35.830002,36.209999,36.209999,1203900
2021-03-25,35.730000,37.759998,35.345001,37.570000,37.570000,664000
2021-03-26,37.950001,38.099998,36.360001,37.060001,37.060001,903500
2021-03-29,36.730000,37.630001,36.560001,37.000000,37.000000,1147700
2021-03-30,37.220001,38.099998,37.220001,37.639999,37.639999,685900
2021-03-31,37.799999,38.099998,37.060001,37.490002,37.490002,736800
2021-04-01,37.849998,38.740002,37.639999,38.000000,38.000000,782000
2021-04-05,38.040001,39.070000,37.759998,37.910000,37.910000,442700
2021-04-06,38.000000,38.869999,38.000000,38.330002,38.330002,510800
2021-04-07,38.430000,38.799999,37.840000,38.099998,38.099998,381000
2021-04-08,38.099998,38.610001,37.400002,38.570000,38.570000,330700
2021-04-09,38.259998,39.099998,37.799999,38.509998,38.509998,613600
2021-04-12,38.509998,38.520000,37.869999,38.169998,38.169998,423700
2021-04-13,37.799999,38.720001,37.310001,38.650002,38.650002,461800
2021-04-14,38.830002,40.150002,38.830002,39.919998,39.919998,1052400
2021-04-15,40.110001,40.650002,39.099998,40.470001,40.470001,1107600
2021-04-16,41.240002,43.240002,41.220001,42.580002,42.580002,2062800
2021-04-19,42.009998,43.180000,41.770000,42.590000,42.590000,851700
2021-04-20,42.320000,42.320000,40.619999,42.000000,42.000000,1330300
2021-04-21,42.000000,43.359001,41.490002,43.020000,43.020000,966500
2021-04-22,43.070000,44.169998,42.715000,43.130001,43.130001,1261100
2021-04-23,43.459999,43.709999,42.709999,42.740002,42.740002,598500
2021-04-26,43.099998,43.630001,42.750000,43.169998,43.169998,746400
2021-04-27,43.070000,44.230000,42.869999,44.139999,44.139999,971800
2021-04-28,44.139999,45.509998,43.950001,44.520000,44.520000,881600
2021-04-29,45.240002,46.570000,44.139999,44.849998,44.849998,1554500
2021-04-30,44.680000,45.389999,44.169998,44.560001,44.560001,701100
2021-05-03,44.930000,45.320000,44.040001,45.029999,45.029999,1368300
2021-05-04,44.860001,45.220001,44.060001,44.869999,44.869999,2119900
2021-05-05,44.340000,45.000000,44.040001,44.369999,44.369999,1878600
2021-05-06,44.080002,44.099998,42.384998,43.119999,43.119999,1652500
2021-05-07,42.930000,44.360001,42.759998,44.299999,44.299999,1280900
2021-05-10,44.410000,44.419998,43.130001,43.200001,43.200001,536900
2021-05-11,42.349998,43.200001,42.200001,42.990002,42.990002,753100
2021-05-12,42.709999,43.285000,41.598000,41.970001,41.970001,1296300
2021-05-13,41.980000,43.290001,41.980000,42.830002,42.830002,1026000
2021-05-14,43.340000,45.119999,43.080002,44.840000,44.840000,951800
2021-05-17,44.880001,45.560001,44.110001,45.430000,45.430000,545800
2021-05-18,45.720001,46.700001,45.110001,45.279999,45.279999,784900
2021-05-19,44.349998,44.970001,43.090000,44.910000,44.910000,794400
2021-05-20,44.500000,45.340000,43.500000,44.919998,44.919998,905400
2021-05-21,45.470001,45.820000,44.740002,45.110001,45.110001,709100
2021-05-24,45.610001,46.860001,45.220001,46.360001,46.360001,673000
2021-05-25,46.439999,48.160000,46.009998,46.349998,46.349998,1203400
2021-05-26,46.279999,46.740002,45.590000,46.189999,46.189999,628100
2021-05-27,46.880001,46.880001,45.849998,46.009998,46.009998,545200
2021-05-28,46.230000,46.330002,44.720001,45.730000,45.730000,651100
2021-06-01,46.070000,46.930000,45.880001,46.830002,46.830002,451900
2021-06-02,46.939999,47.029999,46.230000,46.700001,46.700001,749400
2021-06-03,46.080002,46.141998,45.340000,45.830002,45.830002,601100
2021-06-04,46.060001,46.759998,46.000000,46.080002,46.080002,268300
2021-06-07,46.320000,46.480000,45.959999,46.310001,46.310001,381800
2021-06-08,46.599998,46.900002,46.040001,46.450001,46.450001,559600
2021-06-09,46.490002,46.770000,45.980000,46.540001,46.540001,522600
2021-06-10,46.790001,46.790001,45.869999,46.369999,46.369999,387200
2021-06-11,46.430000,47.134998,46.139999,46.820000,46.820000,476000
2021-06-14,46.509998,46.849998,45.880001,45.980000,45.980000,633500
2021-06-15,45.840000,46.070000,44.630001,45.000000,45.000000,590900
2021-06-16,44.860001,45.084999,44.009998,44.180000,44.180000,338700
2021-06-17,44.169998,44.424999,42.970001,43.240002,43.240002,436900
2021-06-18,42.490002,42.860001,41.820000,42.560001,42.560001,946000
2021-06-21,42.930000,43.459999,42.689999,43.400002,43.400002,515600
2021-06-22,43.099998,43.389999,42.549999,42.980000,42.980000,358100
2021-06-23,42.770000,43.400002,42.740002,42.990002,42.990002,598800
2021-06-24,43.250000,43.250000,42.500000,42.950001,42.950001,1330000
2021-06-25,42.919998,43.200001,42.299999,42.310001,42.310001,1299700
2021-06-28,42.220001,42.285000,41.115002,41.990002,41.990002,604500
2021-06-29,42.130001,42.209999,41.599998,41.759998,41.759998,511800
2021-06-30,41.500000,42.320000,41.270000,41.389999,41.389999,676500
2021-07-01,41.750000,42.814999,41.750000,42.709999,42.709999,727100
2021-07-02,42.919998,43.040001,41.860001,41.900002,41.900002,467700
2021-07-06,41.840000,41.840000,40.310001,40.630001,40.630001,609100
2021-07-07,40.310001,40.790001,39.610001,39.689999,39.689999,767500
2021-07-08,38.930000,40.290001,38.020000,39.439999,39.439999,525200
2021-07-09,40.090000,40.740002,39.799999,40.720001,40.720001,343200
2021-07-12,40.200001,41.009998,39.830002,40.730000,40.730000,388100
2021-07-13,40.340000,40.459999,39.889999,40.020000,40.020000,332500
2021-07-14,40.259998,40.869999,39.509998,40.560001,40.560001,953500
2021-07-15,40.330002,40.384998,39.459999,39.889999,39.889999,335600
2021-07-16,40.330002,40.560001,38.830002,39.009998,39.009998,419700
2021-07-19,38.009998,38.880001,37.070000,37.910000,37.910000,664100
2021-07-20,37.880001,39.700001,37.540001,39.240002,39.240002,897200
2021-07-21,39.740002,40.889999,39.740002,40.509998,40.509998,738600
2021-07-22,40.200001,40.285000,39.564999,39.820000,39.820000,264500
2021-07-23,40.240002,40.330002,39.750000,40.020000,40.020000,276100
2021-07-26,40.299999,40.570000,39.910000,40.389999,40.389999,408800
2021-07-27,40.000000,40.500000,39.970001,40.400002,40.400002,552500
2021-07-28,40.799999,40.994999,39.529999,40.450001,40.450001,1259600
2021-07-29,38.560001,41.380001,37.509998,40.840000,40.840000,943900
2021-07-30,40.360001,40.910000,40.340000,40.669998,40.669998,1313500
2021-08-02,41.139999,41.955002,39.990002,40.270000,40.270000,1136700
2021-08-03,39.990002,40.240002,39.195000,39.980000,39.980000,2328600
2021-08-04,39.320000,40.430000,39.235001,39.799999,39.799999,1330900
2021-08-05,40.180000,41.500000,40.055000,41.349998,41.349998,724200
2021-08-06,41.799999,42.049999,40.990002,41.750000,41.750000,580200
2021-08-09,41.540001,42.000000,40.810001,41.599998,41.599998,1286400
2021-08-10,41.349998,42.389999,41.000000,42.240002,42.240002,503300
2021-08-11,42.139999,42.320000,41.340000,41.520000,41.520000,861800
2021-08-12,41.320000,41.435001,40.099998,40.369999,40.369999,677200
2021-08-13,40.445000,40.445000,39.160000,39.910000,39.910000,967700
2021-08-16,39.389999,40.360001,39.099998,40.189999,40.189999,540500
2021-08-17,39.689999,39.910000,39.049999,39.090000,39.090000,409700
2021-08-18,38.849998,39.130001,38.314999,38.360001,38.360001,561100
2021-08-19,37.970001,38.250000,37.080002,37.639999,37.639999,517700
2021-08-20,37.630001,38.419998,36.950001,38.400002,38.400002,676100
2021-08-23,38.840000,39.384998,38.610001,39.290001,39.290001,408000
2021-08-24,39.680000,41.820000,39.639999,41.230000,41.230000,580000
2021-08-25,41.230000,42.369999,40.660000,41.680000,41.680000,587700
2021-08-26,41.540001,41.880001,40.700001,41.090000,41.090000,341100
2021-08-27,40.910000,43.380001,40.680000,43.189999,43.189999,729300
2021-08-30,43.320000,43.570000,42.511002,43.110001,43.110001,524300