Date,Open,High,Low,Close,Adj Close,Volume
2021-01-04,39.990002,40.169998,38.180000,38.520000,38.173431,500800
2021-01-05,38.610001,39.900002,38.610001,39.430000,39.075245,308900
2021-01-06,40.349998,42.880001,40.020000,42.500000,42.117622,832000
2021-01-07,42.540001,43.570000,42.320000,43.450001,43.059074,225000
2021-01-08,43.459999,43.540001,41.830002,42.610001,42.226631,238900
2021-01-11,41.849998,43.349998,40.990002,43.279999,42.890606,286200
2021-01-12,43.400002,44.209999,43.009998,44.040001,43.643768,267200
2021-01-13,43.869999,44.240002,43.529999,43.590000,43.197815,253300
2021-01-14,43.970001,44.720001,43.639999,44.419998,44.020348,229700
2021-01-15,43.580002,44.290001,43.060001,43.480000,43.088802,483000
2021-01-19,43.910000,44.020000,42.779999,43.150002,42.761776,283600
2021-01-20,43.200001,44.070000,43.200001,43.730000,43.336555,296300
2021-01-21,43.730000,43.790001,43.250000,43.520000,43.128445,343300
2021-01-22,42.950001,44.360001,42.770000,44.250000,43.851875,285600
2021-01-25,43.759998,44.310001,43.169998,43.810001,43.415836,215900
2021-01-26,44.340000,44.340000,43.330002,43.860001,43.465389,349100
2021-01-27,42.680000,43.320000,41.470001,41.650002,41.275272,406500
2021-01-28,41.889999,42.369999,41.680000,42.020000,41.641941,325700
2021-01-29,42.029999,42.240002,41.099998,41.099998,40.730217,437300
2021-02-01,41.450001,42.580002,40.740002,42.480000,42.097801,234700
2021-02-02,43.220001,43.919998,42.740002,43.810001,43.415836,271700
2021-02-03,43.549999,43.889999,42.840000,43.720001,43.326649,340500
2021-02-04,46.349998,46.959999,42.500000,43.849998,43.455475,642500
2021-02-05,44.480000,45.189999,43.599998,45.189999,44.783417,235700
2021-02-08,45.549999,46.250000,45.099998,46.230000,45.814064,313500
2021-02-09,46.230000,46.230000,45.310001,45.360001,44.951893,351800
2021-02-10,45.520000,45.599998,44.560001,44.930000,44.525761,320400
2021-02-11,45.250000,45.750000,44.240002,45.509998,45.100540,357400
2021-02-12,45.130001,45.439999,44.540001,45.139999,44.733871,242800
2021-02-16,45.450001,45.450001,44.619999,44.840000,44.436569,236000
2021-02-17,44.410000,44.740002,43.770000,44.200001,43.802330,249300
2021-02-18,44.029999,44.330002,43.599998,44.000000,43.604126,252400
2021-02-19,44.310001,44.970001,44.099998,44.650002,44.248283,300200
2021-02-22,44.529999,46.099998,44.369999,45.680000,45.269009,450500
2021-02-23,45.369999,46.070000,45.080002,45.669998,45.259098,397300
2021-02-24,45.910000,48.180000,45.810001,47.549999,47.122185,975700
2021-02-25,48.000000,48.849998,46.439999,46.500000,46.081631,524700
2021-02-26,46.590000,47.060001,45.119999,46.459999,46.041992,490000
2021-03-01,47.340000,47.900002,46.950001,47.680000,47.251015,583700
2021-03-02,47.820000,47.900002,46.709999,47.090000,46.666325,288000
2021-03-03,47.380001,48.959999,47.020000,48.400002,47.964542,490400
2021-03-04,48.220001,48.830002,46.560001,47.400002,46.973537,435800
2021-03-05,48.349998,49.910000,47.349998,49.810001,49.361855,554500
2021-03-08,49.810001,50.450001,49.310001,50.200001,49.748344,471100
2021-03-09,50.470001,50.860001,49.139999,49.689999,49.242931,363700
2021-03-10,49.900002,51.419998,49.900002,51.330002,50.868179,384400
2021-03-11,51.480000,51.820000,50.730000,50.970001,50.511417,340300
2021-03-12,51.450001,51.480000,50.720001,51.169998,50.709614,359500
2021-03-15,50.820000,51.389999,49.880001,51.389999,50.927635,344100
2021-03-16,50.759998,50.799999,49.759998,50.389999,50.146431,224300
2021-03-17,50.349998,51.570000,50.029999,51.549999,51.300827,332500
2021-03-18,51.490002,52.840000,51.110001,51.310001,51.061989,365800
2021-03-19,51.160000,51.160000,48.770000,50.500000,50.255901,1619200
2021-03-22,50.570000,50.570000,49.259998,49.630001,49.390106,372100
2021-03-23,48.980000,49.099998,46.610001,46.919998,46.693203,486300
2021-03-24,47.520000,48.560001,46.419998,46.459999,46.235428,612900
2021-03-25,46.040001,48.150002,45.209999,47.820000,47.588856,416100
2021-03-26,48.560001,48.990002,48.090000,48.939999,48.703442,470800
2021-03-29,48.939999,49.340000,47.189999,47.220001,46.991756,323900
2021-03-30,47.209999,48.540001,47.029999,48.169998,47.937160,261300
2021-03-31,48.470001,48.919998,47.470001,47.709999,47.479385,487600
2021-04-01,47.970001,48.330002,47.389999,48.240002,48.006828,231600
2021-04-05,48.970001,49.770000,48.150002,49.740002,49.499577,337400
2021-04-06,49.919998,50.669998,49.750000,49.980000,49.738415,250500
2021-04-07,49.849998,49.849998,48.939999,49.160000,48.922379,254700
2021-04-08,49.189999,49.509998,48.599998,49.279999,49.041798,305300
2021-04-09,49.410000,50.540001,49.389999,50.459999,50.216095,260800
2021-04-12,50.459999,50.959999,49.959999,50.830002,50.584309,163300
2021-04-13,50.910000,50.910000,49.400002,50.070000,49.827980,178500
2021-04-14,49.950001,51.099998,49.950001,50.099998,49.857834,167800
2021-04-15,50.470001,50.660000,49.750000,50.490002,50.245953,141900
2021-04-16,51.029999,51.029999,49.860001,50.090000,49.847881,442100
2021-04-19,49.759998,49.810001,48.779999,48.919998,48.683537,297800
2021-04-20,48.599998,49.070000,47.090000,47.700001,47.469437,304200
2021-04-21,47.660000,49.410000,47.540001,48.939999,48.703442,271200
2021-04-22,49.250000,49.520000,48.580002,48.770000,48.534264,236600
2021-04-23,49.119999,50.020000,48.740002,49.570000,49.330395,211800
2021-04-26,50.080002,50.709999,49.830002,49.869999,49.628944,161200
2021-04-27,49.790001,50.040001,49.360001,49.660000,49.419960,169400
2021-04-28,49.709999,50.299999,49.250000,50.099998,49.857834,170400
2021-04-29,50.500000,50.740002,49.830002,50.439999,50.196190,126700
2021-04-30,49.790001,50.430000,49.040001,49.090000,48.852718,346300
2021-05-03,49.650002,50.169998,49.119999,49.599998,49.360249,465400
2021-05-04,49.369999,49.630001,48.610001,49.410000,49.171169,270000
2021-05-05,48.980000,49.209999,45.619999,46.029999,45.807507,553600
2021-05-06,46.029999,46.750000,45.830002,46.750000,46.524029,474200
2021-05-07,46.509998,47.000000,45.660000,46.119999,45.897072,403000
2021-05-10,46.680000,47.709999,46.439999,46.639999,46.414558,571100
2021-05-11,45.919998,46.610001,45.340000,46.209999,45.986637,325100
2021-05-12,45.990002,46.279999,43.849998,44.070000,43.856979,321900
2021-05-13,44.220001,46.080002,44.220001,45.759998,45.538811,408100
2021-05-14,46.099998,46.680000,45.770000,46.680000,46.454365,340900
2021-05-17,46.549999,47.020000,45.650002,46.279999,46.056297,346800
2021-05-18,46.340000,46.580002,45.520000,45.540001,45.319878,391100
2021-05-19,44.810001,45.029999,44.209999,45.029999,44.812340,313100
2021-05-20,44.830002,45.169998,44.419998,45.110001,44.891956,249600
2021-05-21,45.610001,46.160000,45.529999,45.869999,45.648281,253000
2021-05-24,46.160000,46.540001,45.700001,46.209999,45.986637,219900
2021-05-25,46.310001,46.720001,45.040001,45.080002,44.862103,405700
2021-05-26,45.209999,46.150002,44.919998,46.009998,45.787601,440100
2021-05-27,46.700001,46.730000,45.959999,45.959999,45.737846,287500
2021-05-28,46.020000,46.110001,45.000000,45.599998,45.379585,282300
2021-06-01,45.889999,46.830002,45.660000,46.750000,46.524029,383800
2021-06-02,46.369999,46.910000,45.080002,45.290001,45.071087,404000
2021-06-03,45.150002,45.450001,44.430000,45.410000,45.190506,386900
2021-06-04,45.520000,45.930000,45.160000,45.730000,45.508957,293700
2021-06-07,45.900002,45.900002,45.410000,45.500000,45.280071,279700
2021-06-08,45.340000,46.160000,44.939999,45.840000,45.618427,394100
2021-06-09,45.790001,46.049999,45.419998,45.619999,45.399487,454900
2021-06-10,45.799999,45.959999,44.970001,45.070000,44.852146,347800
2021-06-11,45.389999,45.790001,45.020000,45.470001,45.250217,204400
2021-06-14,45.439999,45.660000,43.889999,44.480000,44.264999,547100
2021-06-15,44.560001,44.889999,44.160000,44.889999,44.889999,330100
2021-06-16,44.180000,44.590000,43.419998,43.570000,43.570000,422300
2021-06-17,43.540001,43.570000,41.480000,42.090000,42.090000,391300
2021-06-18,41.270000,41.720001,40.860001,41.049999,41.049999,1294400
2021-06-21,41.610001,42.939999,41.529999,42.869999,42.869999,527000
2021-06-22,42.700001,43.410000,41.970001,43.209999,43.209999,330900
2021-06-23,43.049999,43.630001,42.830002,42.939999,42.939999,935400
2021-06-24,43.139999,43.799999,42.310001,43.570000,43.570000,524800
2021-06-25,43.779999,44.349998,43.200001,43.279999,43.279999,2135400
2021-06-28,43.400002,43.400002,42.610001,43.049999,43.049999,291600
2021-06-29,43.150002,43.720001,43.150002,43.389999,43.389999,279200
2021-06-30,43.250000,44.209999,43.200001,44.080002,44.080002,270200
2021-07-01,44.570000,44.830002,44.259998,44.430000,44.430000,257000
2021-07-02,44.389999,44.389999,43.880001,43.900002,43.900002,180100
2021-07-06,43.930000,43.930000,42.639999,43.340000,43.340000,285200
2021-07-07,43.110001,43.970001,42.939999,43.549999,43.549999,368100
2021-07-08,42.630001,43.799999,42.330002,43.459999,43.459999,426100
2021-07-09,44.130001,44.939999,43.660000,44.580002,44.580002,257800
2021-07-12,44.160000,45.270000,44.160000,45.189999,45.189999,279400
2021-07-13,44.750000,45.200001,43.740002,43.770000,43.770000,396500
2021-07-14,44.070000,44.240002,43.380001,43.590000,43.590000,305100
2021-07-15,43.240002,43.950001,43.200001,43.599998,43.599998,312600
2021-07-16,44.000000,44.029999,43.459999,43.540001,43.540001,490100
2021-07-19,42.529999,43.720001,42.259998,42.889999,42.889999,496500
2021-07-20,42.990002,45.000000,42.889999,44.560001,44.560001,509400
2021-07-21,44.959999,45.599998,44.830002,45.060001,45.060001,241600
2021-07-22,44.770000,45.139999,44.029999,44.130001,44.130001,317200
2021-07-23,44.389999,44.610001,43.950001,44.470001,44.470001,220200
2021-07-26,44.830002,45.200001,44.410000,44.799999,44.799999,301400
2021-07-27,44.320000,44.730000,43.980000,44.720001,44.720001,326100
2021-07-28,45.049999,45.700001,44.369999,45.360001,45.360001,222500
2021-07-29,45.750000,46.400002,45.400002,45.570000,45.570000,318800
2021-07-30,45.570000,45.980000,44.959999,45.299999,45.299999,321900
2021-08-02,45.549999,46.400002,44.400002,44.500000,44.500000,255300
2021-08-03,44.560001,45.029999,43.840000,44.799999,44.799999,365800
2021-08-04,44.250000,44.549999,43.750000,43.799999,43.799999,191100
2021-08-05,44.750000,45.869999,44.380001,45.119999,45.119999,295100
2021-08-06,45.720001,45.869999,44.830002,45.529999,45.529999,290600
2021-08-09,45.299999,48.400002,42.430000,43.669998,43.669998,880100
2021-08-10,43.730000,45.209999,43.639999,45.090000,45.090000,334400
2021-08-11,45.380001,45.810001,44.419998,45.799999,45.799999,462500
2021-08-12,45.700001,45.700001,44.009998,44.180000,44.180000,245900
2021-08-13,44.180000,44.380001,42.939999,43.779999,43.779999,528700
2021-08-16,43.590000,44.650002,43.060001,44.299999,44.299999,438500
2021-08-17,43.619999,44.110001,43.099998,43.830002,43.830002,479500
2021-08-18,43.770000,44.320000,43.000000,43.630001,43.630001,559700
2021-08-19,43.000000,43.830002,43.000000,43.759998,43.759998,462900
2021-08-20,43.770000,44.279999,43.450001,44.080002,44.080002,511300
2021-08-23,44.080002,44.450001,43.910000,44.360001,44.360001,252900
2021-08-24,44.610001,45.139999,44.470001,45.000000,45.000000,222900
2021-08-25,45.000000,45.509998,44.840000,45.150002,45.150002,213400
2021-08-26,44.869999,45.090000,44.480000,45.000000,45.000000,253900
2021-08-27,45.430000,46.459999,45.360001,46.200001,46.200001,316400
2021-08-30,46.490002,46.830002,45.900002,46.630001,46.630001,235300