Date,Open,High,Low,Close,Adj Close,Volume
2021-01-04,6.840000,7.060000,6.640000,6.790000,6.757354,14406300
2021-01-05,6.900000,7.000000,6.680000,6.960000,6.926537,9053500
2021-01-06,6.920000,6.980000,6.690000,6.970000,6.936488,9961900
2021-01-07,6.920000,7.050000,6.720000,6.830000,6.797161,8437400
2021-01-08,6.580000,6.580000,5.940000,6.080000,6.050768,16687900
2021-01-11,5.820000,6.080000,5.760000,5.980000,5.951248,7573800
2021-01-12,5.930000,6.120000,5.780000,6.100000,6.070672,10280200
2021-01-13,6.040000,6.050000,5.720000,5.790000,5.762162,10149000
2021-01-14,5.870000,5.990000,5.760000,5.850000,5.821873,7726600
2021-01-15,5.730000,5.740000,5.280000,5.310000,5.284469,15051900
2021-01-19,5.490000,5.500000,5.260000,5.380000,5.354133,9294900
2021-01-20,5.460000,5.750000,5.440000,5.590000,5.563123,12021200
2021-01-21,5.590000,5.640000,5.390000,5.490000,5.463604,7541700
2021-01-22,5.270000,5.490000,5.180000,5.390000,5.364085,6957700
2021-01-25,5.420000,5.480000,4.980000,5.130000,5.105335,11440100
2021-01-26,5.180000,5.230000,5.060000,5.080000,5.055575,5499000
2021-01-27,4.890000,4.970000,4.660000,4.800000,4.776922,10099900
2021-01-28,5.350000,5.900000,5.350000,5.620000,5.592978,24778700
2021-01-29,6.100000,6.340000,5.660000,5.690000,5.662642,18387900
2021-02-01,7.230000,8.450000,6.730000,7.300000,7.264902,61942200
2021-02-02,6.520000,6.530000,5.780000,5.920000,5.891536,26192600
2021-02-03,6.050000,6.190000,5.830000,5.840000,5.811921,11042100
2021-02-04,5.500000,5.900000,5.230000,5.840000,5.811921,17735800
2021-02-05,5.980000,6.160000,5.760000,6.120000,6.090575,10274800
2021-02-08,6.450000,6.570000,6.350000,6.480000,6.448844,11059500
2021-02-09,6.510000,6.510000,6.240000,6.390000,6.359277,8770600
2021-02-10,6.450000,6.490000,6.030000,6.180000,6.150287,6968800
2021-02-11,6.210000,6.230000,5.910000,6.060000,6.030864,6829500
2021-02-12,5.980000,6.300000,5.840000,6.170000,6.140335,6851500
2021-02-16,6.120000,6.320000,6.000000,6.130000,6.100527,7867200
2021-02-17,6.010000,6.070000,5.870000,6.000000,5.971152,8857500
2021-02-18,5.910000,6.050000,5.650000,5.660000,5.632786,8818800
2021-02-19,5.660000,6.140000,5.660000,6.090000,6.060720,13312800
2021-02-22,6.220000,6.990000,6.150000,6.900000,6.866825,16410200
2021-02-23,6.710000,6.920000,6.400000,6.860000,6.827017,12316600
2021-02-24,6.790000,7.440000,6.690000,7.360000,7.324614,14815000
2021-02-25,7.270000,7.390000,6.820000,6.890000,6.856873,13488100
2021-02-26,6.690000,6.790000,6.290000,6.530000,6.498604,11698100
2021-03-01,6.690000,6.810000,6.150000,6.210000,6.180142,11594000
2021-03-02,6.220000,6.380000,6.100000,6.110000,6.080624,14945400
2021-03-03,5.970000,6.080000,5.780000,5.910000,5.881584,13162800
2021-03-04,5.880000,6.050000,5.510000,5.720000,5.692498,14666800
2021-03-05,5.760000,5.900000,5.310000,5.890000,5.870918,12425900
2021-03-08,5.890000,5.930000,5.660000,5.740000,5.721404,7162300
2021-03-09,6.060000,6.120000,5.830000,6.000000,5.980562,8965200
2021-03-10,6.060000,6.340000,5.980000,6.270000,6.249687,8361000
2021-03-11,6.370000,6.520000,6.290000,6.480000,6.459007,8785200
2021-03-12,6.260000,6.550000,6.170000,6.500000,6.478942,6692400
2021-03-15,6.570000,6.850000,6.480000,6.800000,6.777970,8398900
2021-03-16,6.760000,6.770000,6.500000,6.590000,6.568651,7763400
2021-03-17,6.520000,6.980000,6.460000,6.890000,6.867679,8546000
2021-03-18,6.740000,6.950000,6.580000,6.640000,6.618489,7607000
2021-03-19,6.640000,6.690000,6.460000,6.500000,6.478942,20874700
2021-03-22,6.490000,6.640000,6.270000,6.330000,6.309493,6419800
2021-03-23,6.230000,6.270000,5.850000,5.910000,5.890853,9578800
2021-03-24,6.030000,6.120000,5.720000,5.720000,5.701469,9758600
2021-03-25,5.640000,5.870000,5.590000,5.850000,5.831048,7371000
2021-03-26,5.880000,5.970000,5.780000,5.940000,5.920757,6052300
2021-03-29,5.830000,5.920000,5.510000,5.680000,5.661599,7568900
2021-03-30,5.520000,5.630000,5.410000,5.470000,5.452279,6592800
2021-03-31,5.540000,5.760000,5.460000,5.690000,5.671566,8640900
2021-04-01,5.850000,6.000000,5.790000,5.930000,5.910789,5836000
2021-04-05,5.990000,6.040000,5.830000,5.890000,5.870918,5229800
2021-04-06,6.000000,6.280000,6.000000,6.160000,6.140044,7364700
2021-04-07,6.140000,6.150000,5.960000,6.000000,5.980562,4367600
2021-04-08,6.210000,6.390000,6.140000,6.330000,6.309493,7926900
2021-04-09,6.050000,6.170000,6.010000,6.060000,6.040368,6589200
2021-04-12,6.030000,6.100000,5.870000,5.940000,5.920757,4649100
2021-04-13,6.090000,6.220000,6.070000,6.140000,6.120108,6470300
2021-04-14,6.130000,6.250000,6.040000,6.140000,6.120108,4984600
2021-04-15,6.270000,6.680000,6.240000,6.520000,6.498878,10033000
2021-04-16,6.670000,6.700000,6.330000,6.380000,6.359332,5633900
2021-04-19,6.350000,6.370000,6.130000,6.200000,6.179914,4827700
2021-04-20,6.150000,6.250000,6.090000,6.180000,6.159979,6056500
2021-04-21,6.210000,6.570000,6.160000,6.550000,6.528780,11247400
2021-04-22,6.470000,6.480000,6.250000,6.290000,6.269622,7452400
2021-04-23,6.370000,6.480000,6.270000,6.370000,6.349363,4898000
2021-04-26,6.450000,6.490000,6.330000,6.440000,6.419137,3883600
2021-04-27,6.450000,6.560000,6.260000,6.270000,6.249687,4798500
2021-04-28,6.210000,6.500000,6.140000,6.450000,6.429104,5532500
2021-04-29,6.410000,6.430000,5.840000,6.030000,6.010465,12406100
2021-04-30,6.010000,6.140000,5.840000,5.910000,5.890853,11590200
2021-05-03,6.070000,6.470000,6.020000,6.430000,6.409169,12326300
2021-05-04,6.410000,6.540000,6.210000,6.250000,6.229752,8945900
2021-05-05,6.260000,6.270000,6.170000,6.250000,6.229752,6091100
2021-05-06,6.410000,7.320000,6.410000,7.290000,7.266383,25193100
2021-05-07,7.310000,7.370000,6.760000,7.280000,7.256415,14733200
2021-05-10,7.530000,7.660000,7.150000,7.160000,7.136804,12022400
2021-05-11,6.940000,7.460000,6.840000,7.430000,7.405929,12514200
2021-05-12,7.420000,7.550000,7.160000,7.200000,7.176674,7023200
2021-05-13,7.200000,7.230000,6.980000,7.130000,7.106901,7273800
2021-05-14,7.300000,7.600000,7.240000,7.560000,7.535508,9355800
2021-05-17,7.730000,8.880000,7.650000,8.810000,8.781459,24399500
2021-05-18,8.700000,8.970000,8.220000,8.830000,8.801394,15033400
2021-05-19,8.650000,8.910000,8.440000,8.650000,8.632730,12451600
2021-05-20,8.680000,8.820000,8.470000,8.690000,8.672651,7620500
2021-05-21,8.750000,9.140000,8.570000,8.680000,8.662672,10939100
2021-05-24,8.750000,8.970000,8.670000,8.870000,8.852292,7254500
2021-05-25,8.900000,9.010000,8.590000,8.780000,8.762471,9148500
2021-05-26,8.850000,8.990000,8.740000,8.810000,8.792412,8035300
2021-05-27,8.810000,9.060000,8.670000,8.970000,8.952092,10861100
2021-05-28,8.840000,9.010000,8.800000,9.000000,8.982033,7109900
2021-06-01,9.190000,9.440000,9.040000,9.160000,9.141713,8804400
2021-06-02,9.250000,9.410000,9.080000,9.310000,9.291414,7731200
2021-06-03,8.970000,8.980000,8.710000,8.900000,8.882232,8868500
2021-06-04,8.980000,9.160000,8.920000,8.920000,8.902192,6813500
2021-06-07,8.890000,9.100000,8.720000,9.080000,9.061872,5742000
2021-06-08,9.040000,9.200000,8.890000,8.970000,8.952092,5642500
2021-06-09,9.030000,9.100000,8.870000,8.890000,8.872252,5062800
2021-06-10,8.960000,9.290000,8.890000,9.280000,9.261473,6101900
2021-06-11,9.290000,9.360000,8.990000,9.040000,9.021953,5744400
2021-06-14,8.780000,9.440000,8.580000,8.970000,8.952092,11861100
2021-06-15,9.000000,9.020000,8.650000,8.870000,8.852292,6637800
2021-06-16,8.800000,8.970000,8.670000,8.770000,8.752492,7511400
2021-06-17,8.240000,8.460000,7.830000,7.970000,7.954089,17013200
2021-06-18,7.990000,8.070000,7.430000,7.540000,7.524947,26801600
2021-06-21,7.710000,7.900000,7.590000,7.880000,7.864268,9631100
2021-06-22,7.790000,7.960000,7.710000,7.910000,7.894208,7030400
2021-06-23,8.070000,8.180000,7.840000,7.850000,7.834328,8062800
2021-06-24,7.990000,8.010000,7.810000,7.960000,7.944108,5107000
2021-06-25,8.050000,8.080000,7.570000,7.590000,7.574848,17143100
2021-06-28,7.580000,7.710000,7.330000,7.430000,7.415166,6644800
2021-06-29,7.250000,7.420000,7.150000,7.320000,7.305387,5262400
2021-06-30,7.300000,7.550000,7.260000,7.440000,7.425147,6841900
2021-07-01,7.630000,7.670000,7.340000,7.410000,7.395206,4253400
2021-07-02,7.560000,7.600000,7.350000,7.460000,7.445107,4375800
2021-07-06,7.650000,7.710000,7.280000,7.340000,7.325346,5938100
2021-07-07,7.380000,7.430000,7.250000,7.300000,7.285427,3726900
2021-07-08,7.260000,7.290000,6.850000,6.910000,6.896205,7974800
2021-07-09,6.950000,7.200000,6.950000,7.140000,7.125746,4661300
2021-07-12,7.000000,7.130000,6.880000,6.950000,6.936125,5119700
2021-07-13,6.970000,7.240000,6.940000,7.060000,7.045906,5547400
2021-07-14,7.330000,7.380000,7.060000,7.090000,7.075846,5062100
2021-07-15,7.030000,7.160000,6.960000,7.080000,7.065866,3917700
2021-07-16,7.060000,7.070000,6.630000,6.690000,6.676644,8810200
2021-07-19,6.450000,6.600000,6.330000,6.420000,6.407183,8599300
2021-07-20,6.460000,6.620000,6.400000,6.440000,6.427143,7296200
2021-07-21,6.450000,6.830000,6.440000,6.740000,6.726544,5638100
2021-07-22,6.710000,6.730000,6.530000,6.630000,6.616764,4582600
2021-07-23,6.650000,6.650000,6.440000,6.530000,6.516964,3709300
2021-07-26,6.510000,6.750000,6.510000,6.610000,6.596804,4357900
2021-07-27,6.600000,6.600000,6.290000,6.450000,6.437123,5218300
2021-07-28,6.470000,6.600000,6.360000,6.590000,6.576844,5582900
2021-07-29,6.930000,7.050000,6.740000,6.850000,6.836325,8516100
2021-07-30,6.760000,6.890000,6.580000,6.690000,6.676644,5502100
2021-08-02,6.700000,6.730000,6.490000,6.510000,6.497004,3662200
2021-08-03,6.530000,6.640000,6.460000,6.620000,6.606784,5048500
2021-08-04,6.820000,6.820000,6.250000,6.300000,6.287423,8848000
2021-08-05,6.250000,6.490000,6.100000,6.340000,6.327343,5151700
2021-08-06,6.000000,6.230000,5.980000,6.200000,6.187622,6370600
2021-08-09,6.040000,6.180000,5.900000,5.910000,5.898201,7817100
2021-08-10,5.910000,6.100000,5.830000,6.010000,5.998002,4905500
2021-08-11,6.120000,6.340000,6.110000,6.270000,6.257483,5265800
2021-08-12,6.210000,6.210000,5.900000,6.000000,5.988022,5729000
2021-08-13,6.090000,6.280000,6.030000,6.130000,6.117762,7215100
2021-08-16,6.120000,6.140000,6.010000,6.050000,6.037922,4398800
2021-08-17,6.000000,6.080000,5.810000,5.880000,5.868261,5140600
2021-08-18,5.880000,5.890000,5.570000,5.650000,5.638721,7869100
2021-08-19,5.560000,5.690000,5.460000,5.510000,5.499000,7723800
2021-08-20,5.430000,5.620000,5.430000,5.520000,5.520000,4863600
2021-08-23,5.740000,5.920000,5.690000,5.830000,5.830000,6928300
2021-08-24,5.910000,5.960000,5.790000,5.890000,5.890000,6347200
2021-08-25,5.840000,5.840000,5.650000,5.770000,5.770000,3866900
2021-08-26,5.700000,5.860000,5.660000,5.670000,5.670000,4571000
2021-08-27,5.700000,6.140000,5.630000,6.070000,6.070000,7357000
2021-08-30,6.140000,6.200000,5.920000,6.000000,6.000000,4620900