Date,Open,High,Low,Close,Adj Close,Volume
2021-01-04,67.809998,68.415001,66.309998,66.889999,66.160637,241800
2021-01-05,66.360001,67.680000,66.360001,66.589996,65.863899,278000
2021-01-06,66.879997,68.980003,66.879997,68.690002,67.941010,415800
2021-01-07,69.099998,70.809998,69.099998,70.769997,69.998329,292200
2021-01-08,71.000000,71.379997,70.393997,71.150002,70.374191,375000
2021-01-11,70.949997,72.055000,70.820000,71.519997,70.740158,286000
2021-01-12,71.919998,72.650002,71.699997,72.160004,71.373177,278500
2021-01-13,72.180000,72.480003,71.684998,72.239998,71.452301,271400
2021-01-14,72.820000,73.260002,71.129997,71.169998,70.393974,354400
2021-01-15,70.779999,71.169998,69.800003,70.089996,69.325745,334400
2021-01-19,70.430000,71.709999,70.000000,71.690002,70.908302,310600
2021-01-20,71.910004,72.400002,70.349998,71.209999,70.433533,195600
2021-01-21,71.000000,71.644997,70.279999,70.709999,69.938988,207200
2021-01-22,70.449997,70.989998,69.669998,70.290001,69.523567,268500
2021-01-25,70.300003,71.264999,69.830002,70.830002,70.057678,221900
2021-01-26,70.959999,70.959999,68.900002,69.639999,68.880653,258500
2021-01-27,68.599998,69.389999,67.040001,67.360001,66.625511,410500
2021-01-28,67.260002,68.599998,66.074997,67.720001,66.981583,540500
2021-01-29,70.849998,71.510002,64.214996,64.849998,64.142883,787500
2021-02-01,65.370003,67.070000,64.650002,66.830002,66.101295,513800
2021-02-02,67.370003,67.519997,65.139999,66.550003,65.824348,535300
2021-02-03,66.440002,67.680000,65.820000,66.199997,65.478157,550400
2021-02-04,66.120003,66.400002,64.989998,65.430000,64.716560,388800
2021-02-05,65.889999,66.290001,65.370003,66.220001,65.497948,334300
2021-02-08,66.330002,68.120003,66.019997,68.120003,67.377228,409300
2021-02-09,68.129997,68.224998,65.500000,66.370003,65.646309,363100
2021-02-10,66.779999,67.099998,66.110001,66.150002,65.428711,426500
2021-02-11,66.230003,67.089996,65.160004,66.849998,66.121078,554600
2021-02-12,67.000000,67.589996,66.320000,67.250000,66.516708,347300
2021-02-16,67.349998,67.949997,67.050003,67.660004,66.922241,277700
2021-02-17,67.129997,67.504997,66.330002,66.550003,65.824348,412100
2021-02-18,66.230003,67.120003,65.995003,66.370003,65.646309,378800
2021-02-19,66.410004,66.985001,65.139999,65.260002,64.548416,524000
2021-02-22,64.790001,66.370003,64.470001,65.559998,64.845139,621000
2021-02-23,65.150002,66.000000,64.839996,65.879997,65.161652,594100
2021-02-24,66.029999,66.120003,64.459999,64.889999,64.182442,598000
2021-02-25,64.470001,65.320000,64.029999,64.070000,63.371387,441800
2021-02-26,64.220001,64.555000,63.382000,63.560001,62.866951,379800
2021-03-01,63.500000,65.360001,63.500000,65.080002,64.706329,456800
2021-03-02,65.269997,65.269997,64.279999,64.419998,64.050110,359700
2021-03-03,64.449997,66.080002,64.269997,64.970001,64.596954,437400
2021-03-04,64.839996,66.120003,64.550003,65.290001,64.915123,637900
2021-03-05,65.830002,66.209999,64.260002,65.129997,64.756035,746000
2021-03-08,65.510002,67.830002,65.190002,67.360001,66.973236,396200
2021-03-09,67.599998,69.029999,67.599998,67.639999,67.251625,650600
2021-03-10,68.059998,68.370003,67.010002,67.320000,66.933464,330000
2021-03-11,67.260002,68.379997,67.089996,68.099998,67.708984,244300
2021-03-12,68.099998,69.190002,67.940002,68.269997,67.878006,334500
2021-03-15,68.150002,68.320000,67.269997,68.220001,67.828300,262300
2021-03-16,68.459999,68.474998,67.580002,68.029999,67.639389,308600
2021-03-17,68.180000,68.220001,67.129997,67.919998,67.530014,361300
2021-03-18,67.660004,69.540001,67.489998,68.080002,67.689102,407100
2021-03-19,67.739998,67.769997,65.290001,66.910004,66.525818,1008600
2021-03-22,66.389999,66.610001,65.660004,65.959999,65.581268,258700
2021-03-23,65.860001,66.629997,65.370003,65.809998,65.432129,341600
2021-03-24,66.059998,67.059998,65.900002,66.019997,65.640923,337900
2021-03-25,65.870003,66.362000,64.720001,66.029999,65.650871,291700
2021-03-26,66.309998,67.529999,65.889999,67.519997,67.132309,279100
2021-03-29,67.379997,68.019997,66.629997,67.160004,66.774384,289200
2021-03-30,67.000000,67.830002,67.000000,67.260002,66.873810,261100
2021-03-31,67.360001,67.550003,65.800003,66.510002,66.128120,491800
2021-04-01,66.639999,68.660004,66.540001,68.629997,68.235939,287600
2021-04-05,69.110001,69.650002,68.309998,69.589996,69.190430,287300
2021-04-06,69.510002,69.849998,68.529999,68.660004,68.265770,204000
2021-04-07,68.900002,69.309998,68.120003,68.410004,68.017212,273600
2021-04-08,68.500000,68.500000,66.010002,66.349998,65.969032,333800
2021-04-09,66.120003,66.360001,65.199997,65.870003,65.491791,273700
2021-04-12,65.790001,67.250000,65.559998,66.739998,66.356789,217900
2021-04-13,66.720001,66.720001,65.169998,65.349998,64.974777,209800
2021-04-14,65.349998,66.900002,65.250000,66.080002,65.700584,206200
2021-04-15,66.250000,66.250000,65.029999,66.150002,65.770180,256400
2021-04-16,66.959999,67.779999,66.589996,67.529999,67.142258,320500
2021-04-19,67.889999,68.480003,67.139999,68.269997,67.878006,375300
2021-04-20,68.269997,68.370003,66.860001,67.250000,66.863869,496800
2021-04-21,67.230003,68.339996,66.919998,68.199997,67.808411,229300
2021-04-22,68.650002,68.709999,67.519997,68.010002,67.619507,477700
2021-04-23,67.959999,70.639999,67.959999,69.760002,69.359459,354800
2021-04-26,70.000000,70.379997,68.510002,68.529999,68.136513,287100
2021-04-27,68.510002,69.430000,68.139999,69.190002,68.792732,200300
2021-04-28,69.269997,69.580002,68.330002,68.660004,68.265770,224000
2021-04-29,69.220001,70.019997,68.250000,68.449997,68.056969,299100
2021-04-30,67.900002,68.169998,65.940002,66.269997,65.889488,518500
2021-05-03,66.430000,66.970001,65.709999,66.480003,66.098289,262600
2021-05-04,66.099998,66.470001,65.599998,66.000000,65.621040,433600
2021-05-05,66.029999,66.980003,65.459999,66.419998,66.038628,325700
2021-05-06,66.440002,67.000000,65.699997,66.970001,66.585472,289200
2021-05-07,66.440002,68.099998,66.318001,67.970001,67.579735,325100
2021-05-10,68.160004,69.010002,66.790001,66.820000,66.436333,443000
2021-05-11,66.099998,66.589996,65.029999,65.889999,65.511673,577000
2021-05-12,66.070000,70.470001,66.070000,70.370003,69.965958,1181600
2021-05-13,70.739998,73.028000,70.394997,72.269997,71.855042,649800
2021-05-14,72.989998,74.510002,72.680000,74.000000,73.575111,450100
2021-05-17,73.879997,74.910004,73.720001,74.169998,73.744133,288900
2021-05-18,73.900002,74.099998,72.459999,72.550003,72.133438,338100
2021-05-19,71.910004,73.820000,71.040001,73.389999,72.968613,297900
2021-05-20,73.889999,74.139999,73.285004,73.650002,73.227119,222900
2021-05-21,74.250000,75.000000,73.849998,74.180000,73.754074,180600
2021-05-24,74.250000,74.629997,73.919998,74.410004,73.982758,160400
2021-05-25,74.290001,74.809998,72.875000,72.879997,72.461540,209800
2021-05-26,73.169998,74.230003,72.529999,73.699997,73.276825,300300
2021-05-27,74.339996,74.379997,73.750000,74.129997,73.704361,370400
2021-05-28,73.820000,74.970001,73.730003,74.889999,74.459999,381200
2021-06-01,75.000000,76.010002,74.660004,74.750000,74.750000,353000
2021-06-02,74.910004,74.910004,73.860001,74.550003,74.550003,352700
2021-06-03,73.839996,75.339996,73.739998,74.790001,74.790001,239000
2021-06-04,74.680000,75.610001,74.570000,75.349998,75.349998,197400
2021-06-07,75.779999,76.125000,75.040001,75.820000,75.820000,312400
2021-06-08,75.589996,76.510002,75.459999,76.250000,76.250000,367600
2021-06-09,75.980003,77.205002,75.785004,76.900002,76.900002,420800
2021-06-10,77.589996,79.110001,76.900002,78.919998,78.919998,568700
2021-06-11,78.919998,79.680000,78.510002,79.680000,79.680000,328700
2021-06-14,79.500000,80.000000,78.339996,79.000000,79.000000,427300
2021-06-15,79.059998,79.790001,78.805000,79.290001,79.290001,493000
2021-06-16,79.500000,80.180000,78.940002,79.949997,79.949997,433400
2021-06-17,79.230003,79.800003,77.320000,77.379997,77.379997,419700
2021-06-18,77.040001,77.370003,76.010002,76.239998,76.239998,548400
2021-06-21,76.599998,78.129997,76.269997,77.930000,77.930000,236200
2021-06-22,77.529999,78.139999,76.980003,77.820000,77.820000,290600
2021-06-23,78.050003,78.919998,77.620003,78.540001,78.540001,417600
2021-06-24,78.760002,79.739998,78.279999,79.709999,79.709999,221700
2021-06-25,79.940002,81.269997,79.830002,80.839996,80.839996,826600
2021-06-28,80.260002,81.570000,80.200996,81.400002,81.400002,330600
2021-06-29,81.989998,82.500000,80.940002,81.080002,81.080002,394600
2021-06-30,81.180000,81.949997,80.970001,81.790001,81.790001,333700
2021-07-01,82.199997,82.230003,81.419998,81.570000,81.570000,251200
2021-07-02,81.910004,82.375000,81.513000,82.190002,82.190002,234000
2021-07-06,82.610001,82.820000,81.279999,82.250000,82.250000,249000
2021-07-07,82.250000,82.930000,81.910004,82.629997,82.629997,241100
2021-07-08,81.650002,81.845001,80.239998,80.660004,80.660004,329800
2021-07-09,81.269997,81.292000,79.690002,80.750000,80.750000,281000
2021-07-12,81.190002,82.830002,81.150002,82.269997,82.269997,224700
2021-07-13,82.260002,83.349998,82.199997,82.699997,82.699997,240800
2021-07-14,81.300003,82.307999,79.919998,80.330002,80.330002,334700
2021-07-15,79.989998,80.699997,79.500000,80.260002,80.260002,252200
2021-07-16,80.699997,81.230003,80.000000,80.540001,80.540001,306600
2021-07-19,79.680000,80.680000,79.139999,80.279999,80.279999,305200
2021-07-20,80.279999,83.000000,80.279999,81.760002,81.760002,343100
2021-07-21,82.110001,83.519997,82.110001,83.150002,83.150002,248700
2021-07-22,83.480003,85.684998,83.364998,84.330002,84.330002,454200
2021-07-23,85.080002,86.220001,84.584999,86.089996,86.089996,300800
2021-07-26,86.230003,87.089996,85.730003,86.349998,86.349998,231600
2021-07-27,86.000000,86.139999,84.419998,85.300003,85.300003,307600
2021-07-28,85.430000,86.750000,84.989998,86.449997,86.449997,357100
2021-07-29,87.099998,88.779999,86.620003,88.699997,88.699997,321100
2021-07-30,88.650002,89.860001,87.709999,89.099998,89.099998,405300
2021-08-02,89.440002,91.019997,89.290001,89.959999,89.959999,497500
2021-08-03,89.910004,90.970001,83.180000,83.629997,83.629997,796400
2021-08-04,83.330002,86.394997,83.180000,85.410004,85.410004,526700
2021-08-05,86.050003,86.750000,85.040001,86.709999,86.709999,240400
2021-08-06,87.230003,87.974998,86.449997,86.800003,86.800003,238000
2021-08-09,87.139999,88.052002,86.070000,87.959999,87.959999,203800
2021-08-10,88.000000,89.320000,87.739998,88.379997,88.379997,220900
2021-08-11,88.910004,89.199997,88.029999,88.800003,88.800003,158100
2021-08-12,88.879997,89.330002,87.839996,88.150002,88.150002,245700
2021-08-13,88.699997,88.980003,88.099998,88.949997,88.949997,200700
2021-08-16,89.320000,89.714996,88.279999,89.230003,89.230003,136000
2021-08-17,88.489998,88.675003,87.680000,88.139999,88.139999,136100
2021-08-18,87.980003,89.065002,87.720001,87.730003,87.730003,170800
2021-08-19,86.860001,88.010002,86.459999,86.540001,86.540001,344000
2021-08-20,86.849998,90.889999,85.839996,89.300003,89.300003,540300
2021-08-23,89.400002,90.779999,88.989998,90.230003,90.230003,216400
2021-08-24,90.120003,90.900002,89.360001,90.080002,90.080002,181300
2021-08-25,90.180000,91.474998,89.949997,90.199997,90.199997,232100
2021-08-26,90.300003,90.401001,89.089996,89.089996,89.089996,167600
2021-08-27,89.239998,90.849998,89.110001,90.500000,90.500000,180600
2021-08-30,90.860001,91.050003,90.018997,90.279999,90.279999,130300