Date,Open,High,Low,Close,Adj Close,Volume
2021-01-04,78.680000,78.970001,75.355003,75.739998,75.178925,186100
2021-01-05,75.690002,79.838997,75.690002,77.110001,76.538780,258900
2021-01-06,77.699997,79.709999,76.500000,77.459999,76.886185,242300
2021-01-07,77.599998,80.529999,77.525002,79.930000,79.337891,176900
2021-01-08,79.889999,80.824997,78.930000,80.059998,79.466927,197100
2021-01-11,79.320000,81.089996,79.320000,80.970001,80.370186,94700
2021-01-12,81.500000,82.504997,81.199997,82.070000,81.462036,140800
2021-01-13,82.099998,83.750000,78.739998,81.339996,80.737442,250600
2021-01-14,81.570000,84.440002,78.440002,82.870003,82.256111,178800
2021-01-15,81.919998,82.990997,79.305000,81.959999,81.352852,126000
2021-01-19,82.790001,83.199997,80.680000,80.809998,80.211365,249300
2021-01-20,80.839996,82.370003,80.839996,81.809998,81.203964,130600
2021-01-21,82.000000,82.580002,81.610001,81.870003,81.263527,190000
2021-01-22,81.209999,82.138000,80.940002,81.459999,80.856552,141500
2021-01-25,81.059998,81.324997,78.830002,79.139999,78.553741,97500
2021-01-26,76.150002,77.650002,75.379997,77.269997,76.697594,185200
2021-01-27,76.019997,78.180000,74.110001,75.419998,74.861298,203400
2021-01-28,76.470001,78.589996,75.900002,77.489998,76.915962,158300
2021-01-29,77.089996,77.089996,74.849998,75.370003,74.811676,190700
2021-02-01,75.410004,78.419998,75.209999,77.650002,77.074776,164000
2021-02-02,82.000000,82.184998,77.160004,77.559998,76.985443,330800
2021-02-03,78.500000,79.044998,77.070000,77.839996,77.263367,426500
2021-02-04,77.779999,81.419998,77.400002,80.940002,80.340408,234600
2021-02-05,81.559998,82.919998,81.190002,82.750000,82.136993,190800
2021-02-08,83.489998,85.260002,82.324997,84.860001,84.231369,251800
2021-02-09,84.559998,86.809998,81.337997,86.250000,85.611069,301100
2021-02-10,86.110001,89.459999,85.309998,86.160004,85.521744,176800
2021-02-11,86.629997,87.540001,85.129997,87.470001,86.822029,129900
2021-02-12,87.480003,89.680000,87.449997,89.150002,88.489594,141200
2021-02-16,90.000000,90.330002,88.730003,89.570000,88.906479,156600
2021-02-17,89.059998,89.690002,87.160004,87.349998,86.702919,202500
2021-02-18,88.264999,88.730003,86.019997,88.599998,87.943657,329600
2021-02-19,89.000000,94.849998,89.000000,94.190002,93.492256,974000
2021-02-22,93.620003,97.110001,92.120003,96.449997,95.735512,353700
2021-02-23,96.309998,97.480003,93.964996,95.000000,94.296249,396700
2021-02-24,94.230003,96.510002,91.129997,92.110001,91.427666,259700
2021-02-25,92.019997,93.150002,90.892998,91.349998,90.673286,245400
2021-02-26,91.379997,93.809998,88.849998,89.400002,88.737732,236200
2021-03-01,90.260002,93.980003,90.260002,91.900002,91.219223,162300
2021-03-02,84.510002,87.599998,83.595001,86.610001,85.968399,1164900
2021-03-03,86.610001,88.695000,85.750000,88.000000,87.348106,431200
2021-03-04,87.980003,88.035004,83.605003,84.029999,83.407509,416500
2021-03-05,84.849998,89.205002,80.470001,84.099998,83.476997,256400
2021-03-08,84.160004,85.269997,81.660004,83.669998,83.050179,225600
2021-03-09,84.279999,87.190002,83.360001,85.629997,84.995659,276200
2021-03-10,86.500000,88.220001,86.000000,87.660004,87.010635,197600
2021-03-11,88.459999,88.540001,87.019997,87.980003,87.328262,152600
2021-03-12,87.239998,88.139999,85.940002,87.099998,86.763443,170300
2021-03-15,86.940002,88.070000,85.570000,88.070000,87.729698,217600
2021-03-16,88.260002,88.870003,86.440002,88.099998,87.759583,176100
2021-03-17,87.510002,90.290001,86.239998,88.690002,88.347305,136900
2021-03-18,88.250000,89.389999,85.805000,85.949997,85.617889,158500
2021-03-19,85.360001,87.005997,85.089996,86.139999,85.807152,437700
2021-03-22,85.949997,86.629997,84.339996,84.709999,84.382683,176100
2021-03-23,84.699997,85.949997,84.010002,85.169998,84.840904,235000
2021-03-24,85.959999,86.175003,84.029999,84.610001,84.283066,193900
2021-03-25,84.449997,84.760002,81.099998,83.690002,83.366623,161300
2021-03-26,84.220001,86.180000,83.510002,86.120003,85.787239,141100
2021-03-29,86.000000,87.150002,83.970001,85.239998,84.910629,141300
2021-03-30,84.879997,87.430000,84.430000,87.150002,86.813255,173900
2021-03-31,87.309998,89.620003,87.309998,88.559998,88.217804,181000
2021-04-01,88.559998,91.400002,88.559998,91.199997,90.847603,144300
2021-04-05,91.839996,93.209999,91.129997,93.000000,92.640648,178800
2021-04-06,93.300003,95.070000,91.769997,91.980003,91.624596,285200
2021-04-07,91.980003,92.070000,90.230003,91.169998,90.817719,127400
2021-04-08,91.680000,94.080002,90.135002,93.070000,92.710381,216500
2021-04-09,93.639999,93.639999,91.540001,92.690002,92.331848,130300
2021-04-12,92.839996,94.410004,91.959999,94.180000,93.816093,121800
2021-04-13,94.739998,95.180000,92.800003,93.160004,92.800034,119300
2021-04-14,93.660004,94.129997,92.620003,92.980003,92.620728,160000
2021-04-15,93.690002,93.690002,92.050003,92.480003,92.122658,211400
2021-04-16,93.000000,93.099998,91.040001,92.589996,92.232231,167100
2021-04-19,91.870003,92.419998,90.400002,90.690002,90.339577,79400
2021-04-20,90.480003,90.690002,88.849998,89.230003,88.885216,116500
2021-04-21,89.529999,89.989998,88.489998,89.690002,89.343445,151100
2021-04-22,89.559998,91.459999,89.110001,90.470001,90.120422,234800
2021-04-23,90.720001,92.230003,90.199997,91.989998,91.634552,370700
2021-04-26,92.559998,95.750000,92.404999,94.019997,93.656708,217800
2021-04-27,94.089996,94.110001,92.209999,93.629997,93.268211,169600
2021-04-28,94.139999,94.150002,92.180000,93.669998,93.308060,110200
2021-04-29,94.440002,94.900002,91.220001,92.309998,91.953316,130000
2021-04-30,91.650002,92.279999,90.059998,90.449997,90.100502,227900
2021-05-03,90.959999,90.959999,89.419998,89.519997,89.174095,151800
2021-05-04,88.879997,88.968002,87.059998,88.199997,87.859192,237300
2021-05-05,88.779999,90.930000,88.169998,90.860001,90.508919,176300
2021-05-06,91.000000,91.500000,90.250000,91.269997,90.917328,119800
2021-05-07,91.550003,92.220001,91.120003,91.349998,90.997025,122400
2021-05-10,91.360001,91.360001,89.519997,89.760002,89.413170,82800
2021-05-11,88.360001,89.639999,87.449997,88.029999,87.689850,100800
2021-05-12,87.309998,88.169998,85.900002,86.169998,85.837036,111400
2021-05-13,86.720001,87.985001,86.599998,87.639999,87.301361,181600
2021-05-14,88.220001,90.349998,87.449997,89.550003,89.203979,116000
2021-05-17,89.029999,90.750000,88.419998,90.559998,90.210075,133200
2021-05-18,90.510002,91.974998,88.309998,88.339996,87.998650,158200
2021-05-19,86.849998,88.330002,86.080002,88.010002,87.669930,125300
2021-05-20,87.870003,89.760002,87.870003,89.110001,88.765678,93900
2021-05-21,89.989998,90.694000,88.955002,89.339996,88.994789,83100
2021-05-24,89.879997,91.500000,89.724998,91.400002,91.046829,133000
2021-05-25,91.870003,93.050003,91.559998,92.610001,92.252159,232100
2021-05-26,92.580002,93.940002,91.430000,93.800003,93.437561,192000
2021-05-27,93.800003,94.345001,92.790001,93.150002,92.790070,211300
2021-05-28,92.489998,93.290001,90.110001,90.370003,90.020813,174000
2021-06-01,91.220001,91.709999,87.500000,89.110001,88.765678,153800
2021-06-02,89.029999,90.480003,87.610001,88.360001,88.018578,183800
2021-06-03,88.260002,88.449997,86.019997,86.550003,86.215576,92800
2021-06-04,86.589996,87.680000,85.309998,87.589996,87.251549,114500
2021-06-07,87.629997,90.000000,87.379997,89.379997,89.034637,144600
2021-06-08,89.489998,91.199997,89.309998,90.410004,90.060661,177100
2021-06-09,90.879997,90.919998,89.540001,89.639999,89.293633,102800
2021-06-10,89.870003,90.320000,88.930000,89.500000,89.154175,166700
2021-06-11,90.070000,91.190002,88.099998,90.580002,90.230003,97900
2021-06-14,90.459999,91.070000,89.422997,90.120003,90.120003,73400
2021-06-15,90.129997,91.269997,89.360001,90.160004,90.160004,124700
2021-06-16,90.279999,92.129997,90.279999,91.320000,91.320000,156800
2021-06-17,91.139999,91.839996,88.550003,88.970001,88.970001,176800
2021-06-18,88.870003,89.730003,87.190002,87.510002,87.510002,317800
2021-06-21,87.989998,90.690002,87.055000,90.589996,90.589996,147900
2021-06-22,90.120003,91.080002,89.330002,90.370003,90.370003,150500
2021-06-23,90.610001,91.830002,90.419998,90.980003,90.980003,168500
2021-06-24,91.599998,91.709999,90.262001,91.199997,91.199997,127000
2021-06-25,91.639999,92.300003,89.860001,90.400002,90.400002,374400
2021-06-28,91.764999,91.764999,85.769997,86.370003,86.370003,263900
2021-06-29,86.820000,90.519997,86.099998,90.410004,90.410004,357000
2021-06-30,90.410004,91.389999,89.089996,91.120003,91.120003,164400
2021-07-01,91.680000,92.629997,91.040001,92.510002,92.510002,108900
2021-07-02,92.779999,93.169998,92.080002,92.599998,92.599998,99000
2021-07-06,92.620003,92.779999,91.309998,92.669998,92.669998,110500
2021-07-07,92.309998,93.389999,91.900002,92.730003,92.730003,122600
2021-07-08,91.019997,91.815002,89.959999,90.510002,90.510002,66500
2021-07-09,91.650002,92.000000,89.809998,91.599998,91.599998,124300
2021-07-12,91.750000,94.169998,91.680000,93.750000,93.750000,169500
2021-07-13,93.629997,93.680000,91.919998,92.809998,92.809998,242900
2021-07-14,93.010002,93.010002,90.529999,91.699997,91.699997,68100
2021-07-15,91.070000,92.330002,90.870003,91.629997,91.629997,64000
2021-07-16,92.410004,92.639999,91.269997,92.000000,92.000000,76900
2021-07-19,90.540001,91.230003,89.389999,89.800003,89.800003,68400
2021-07-20,89.940002,93.000000,89.940002,92.080002,92.080002,126900
2021-07-21,92.690002,93.279999,91.035004,92.459999,92.459999,114200
2021-07-22,92.330002,93.622002,92.000000,92.629997,92.629997,161400
2021-07-23,93.040001,93.800003,91.900002,93.250000,93.250000,113500
2021-07-26,93.550003,93.809998,93.110001,93.150002,93.150002,107900
2021-07-27,92.589996,92.830002,90.675003,90.849998,90.849998,100600
2021-07-28,91.260002,92.570000,90.974998,92.250000,92.250000,181100
2021-07-29,92.919998,93.779999,91.514999,92.940002,92.940002,152200
2021-07-30,92.739998,94.010002,92.220001,93.000000,93.000000,109300
2021-08-02,93.449997,94.370003,92.205002,93.059998,93.059998,273200
2021-08-03,93.300003,93.760002,86.750000,87.089996,87.089996,304300
2021-08-04,86.750000,87.449997,84.175003,85.699997,85.699997,304800
2021-08-05,86.050003,91.239998,85.529999,90.000000,90.000000,450100
2021-08-06,90.800003,92.320000,89.750000,92.300003,92.300003,258700
2021-08-09,92.470001,94.550003,91.260002,92.720001,92.720001,246100
2021-08-10,93.040001,93.040001,91.690002,92.300003,92.300003,127800
2021-08-11,92.980003,93.900002,90.610001,91.080002,91.080002,135100
2021-08-12,90.980003,91.650002,89.434998,90.220001,90.220001,135900
2021-08-13,90.080002,90.919998,89.639999,90.639999,90.639999,50000
2021-08-16,90.199997,92.300003,89.690002,90.370003,90.370003,88800
2021-08-17,89.900002,90.160004,88.070000,89.150002,89.150002,74000
2021-08-18,89.360001,89.985001,87.019997,88.699997,88.699997,97500
2021-08-19,87.980003,88.644997,86.139999,88.000000,88.000000,166000
2021-08-20,87.790001,88.959999,87.199997,88.699997,88.699997,114200
2021-08-23,89.040001,89.805000,88.809998,89.050003,89.050003,53300
2021-08-24,89.190002,90.199997,87.989998,89.559998,89.559998,66500
2021-08-25,89.589996,89.920998,88.675003,89.129997,89.129997,83800
2021-08-26,88.870003,89.893997,88.430000,88.500000,88.500000,58600
2021-08-27,88.839996,90.860001,88.779999,90.419998,90.419998,111800
2021-08-30,90.570000,91.370003,88.379997,88.660004,88.660004,177600