Date,Open,High,Low,Close,Adj Close,Volume
2021-01-04,19.750000,19.889999,19.110001,19.510000,19.171730,587400
2021-01-05,19.530001,19.940001,19.530001,19.600000,19.260170,633500
2021-01-06,19.950001,21.770000,19.910000,21.299999,20.930695,1609000
2021-01-07,21.450001,21.580000,21.160000,21.240000,20.871735,714600
2021-01-08,21.250000,21.250000,20.160000,20.670000,20.311619,463100
2021-01-11,20.400000,20.990000,20.350000,20.959999,20.596588,368300
2021-01-12,21.000000,21.520000,20.850000,21.240000,20.871735,585100
2021-01-13,21.250000,21.330000,20.700001,20.959999,20.596588,380800
2021-01-14,21.160000,21.490000,20.830000,21.270000,20.901215,424700
2021-01-15,20.840000,21.240000,20.730000,21.110001,20.743988,424700
2021-01-19,21.270000,21.309999,20.900000,21.180000,20.812777,508400
2021-01-20,21.129999,21.530001,20.850000,21.299999,20.930695,664500
2021-01-21,21.750000,21.950001,21.040001,21.090000,20.724335,524900
2021-01-22,21.250000,22.270000,20.860001,22.180000,21.795437,928100
2021-01-25,21.879999,21.879999,21.020000,21.740000,21.363066,693200
2021-01-26,22.129999,22.490000,21.620001,21.820000,21.441679,610700
2021-01-27,21.209999,22.170000,21.209999,21.950001,21.569424,956400
2021-01-28,22.000000,22.400000,21.510000,21.549999,21.176359,845700
2021-01-29,21.590000,21.870001,21.170000,21.200001,20.832430,591600
2021-02-01,21.379999,21.590000,21.000000,21.500000,21.127226,879900
2021-02-02,21.680000,21.980000,21.500000,21.700001,21.323759,504000
2021-02-03,21.570000,21.840000,21.280001,21.620001,21.245146,484400
2021-02-04,21.809999,22.340000,21.620001,22.209999,21.824915,491300
2021-02-05,22.389999,22.459999,22.070000,22.370001,21.982143,478100
2021-02-08,22.500000,22.559999,22.270000,22.540001,22.149197,501800
2021-02-09,22.610001,23.469999,22.469999,23.459999,23.053242,883400
2021-02-10,23.530001,23.750000,23.139999,23.350000,22.945150,870100
2021-02-11,23.309999,23.730000,22.650000,23.139999,22.738791,562400
2021-02-12,22.980000,23.469999,22.980000,23.420000,23.013935,603600
2021-02-16,23.480000,23.790001,23.320000,23.580000,23.310507,541400
2021-02-17,23.559999,23.639999,23.049999,23.240000,22.974394,453300
2021-02-18,23.129999,23.350000,22.840000,22.950001,22.687708,505600
2021-02-19,23.059999,23.559999,23.059999,23.530001,23.261082,427400
2021-02-22,23.500000,24.160000,23.420000,24.010000,23.735596,580100
2021-02-23,24.230000,24.790001,23.990000,24.690001,24.407824,816300
2021-02-24,24.930000,25.690001,24.799999,25.620001,25.327194,691600
2021-02-25,25.809999,25.809999,24.799999,24.860001,24.575880,706500
2021-02-26,24.700001,25.129999,23.870001,24.440001,24.160681,816900
2021-03-01,24.840000,25.480000,24.730000,25.430000,25.139366,543500
2021-03-02,25.290001,25.490000,25.000000,25.200001,24.911993,486000
2021-03-03,25.500000,26.820000,25.430000,25.980000,25.683079,1060200
2021-03-04,25.750000,26.490000,25.340000,25.799999,25.505136,884300
2021-03-05,26.500000,26.670000,25.770000,26.530001,26.226795,743700
2021-03-08,26.830000,27.780001,26.620001,27.480000,27.165936,768900
2021-03-09,26.389999,27.420000,26.280001,27.139999,26.829821,715700
2021-03-10,27.360001,28.020000,27.180000,27.790001,27.472395,811800
2021-03-11,27.680000,27.959999,27.370001,27.900000,27.581137,608900
2021-03-12,28.209999,28.650000,27.860001,28.330000,28.006222,950200
2021-03-15,28.469999,28.469999,27.680000,28.219999,27.897478,483400
2021-03-16,27.980000,28.280001,27.650000,28.170000,27.848051,442500
2021-03-17,28.500000,28.650000,27.180000,28.290001,27.966679,521600
2021-03-18,28.450001,29.209999,27.790001,27.860001,27.541594,960800
2021-03-19,27.639999,28.420000,27.260000,27.990000,27.670109,3080300
2021-03-22,27.600000,27.639999,26.920000,27.040001,26.730965,462400
2021-03-23,26.709999,27.049999,25.670000,25.780001,25.485365,1001800
2021-03-24,25.980000,26.770000,25.780001,25.830000,25.534794,1050400
2021-03-25,25.760000,26.790001,25.530001,26.670000,26.365192,515700
2021-03-26,27.040001,27.620001,26.809999,27.570000,27.254908,453200
2021-03-29,27.139999,27.510000,26.350000,26.549999,26.246565,789900
2021-03-30,26.809999,27.430000,26.809999,27.290001,26.978107,529200
2021-03-31,27.160000,27.480000,26.930000,27.049999,26.740850,570000
2021-04-01,26.900000,27.290001,26.719999,27.020000,26.711193,743000
2021-04-05,27.370001,27.540001,26.860001,27.049999,26.740850,816300
2021-04-06,27.000000,27.309999,26.590000,26.709999,26.404736,566800
2021-04-07,26.950001,27.030001,26.330000,26.400000,26.098278,382500
2021-04-08,26.240000,26.660000,25.860001,26.629999,26.325651,503100
2021-04-09,26.910000,27.010000,26.629999,26.930000,26.622221,376900
2021-04-12,27.160000,27.389999,26.950001,27.389999,27.076963,581500
2021-04-13,27.180000,27.190001,26.430000,26.650000,26.345421,623700
2021-04-14,26.600000,27.360001,26.580000,26.980000,26.671650,528200
2021-04-15,26.670000,27.010000,26.000000,26.910000,26.602451,495700
2021-04-16,27.870001,27.879999,26.760000,26.969999,26.661764,740900
2021-04-19,26.879999,27.270000,26.740000,27.110001,26.800165,810300
2021-04-20,26.860001,27.000000,26.309999,26.440001,26.137823,708300
2021-04-21,26.490000,27.180000,26.370001,27.150000,26.839708,461000
2021-04-22,27.209999,27.400000,26.840000,26.879999,26.572792,373100
2021-04-23,27.040001,28.290001,26.879999,28.049999,27.729422,835300
2021-04-26,28.379999,28.760000,28.200001,28.299999,27.976563,525200
2021-04-27,28.299999,28.500000,28.049999,28.209999,27.887592,749200
2021-04-28,28.450001,28.450001,27.990000,28.129999,27.808506,340900
2021-04-29,28.350000,28.740000,28.160000,28.280001,27.956793,401100
2021-04-30,28.020000,28.450001,27.740000,27.830000,27.511936,641100
2021-05-03,28.180000,28.379999,27.780001,28.129999,27.808506,419600
2021-05-04,28.059999,28.440001,27.850000,28.410000,28.085308,512300
2021-05-05,28.500000,28.719999,28.150000,28.490000,28.164392,432100
2021-05-06,28.670000,28.680000,28.080000,28.440001,28.114965,648700
2021-05-07,28.000000,28.590000,27.780001,28.530001,28.203938,314500
2021-05-10,28.700001,29.760000,27.900000,27.930000,27.610792,897000
2021-05-11,27.389999,27.969999,27.160000,27.650000,27.471695,548500
2021-05-12,27.809999,27.910000,26.660000,26.719999,26.547691,686800
2021-05-13,26.600000,27.980000,26.070000,27.799999,27.620728,698300
2021-05-14,28.070000,28.110001,27.680000,28.049999,27.869116,518400
2021-05-17,27.910000,28.070000,27.559999,27.940001,27.759827,367800
2021-05-18,27.850000,27.969999,27.280001,27.309999,27.133888,878700
2021-05-19,27.020000,27.260000,26.510000,27.250000,27.074274,386900
2021-05-20,27.250000,27.370001,26.809999,27.170000,26.994791,288800
2021-05-21,27.590000,27.780001,27.330000,27.590000,27.412083,314800
2021-05-24,27.840000,27.840000,27.219999,27.430000,27.253115,334800
2021-05-25,27.459999,27.870001,26.580000,26.629999,26.458273,494100
2021-05-26,26.680000,27.170000,26.520000,27.110001,26.935179,496200
2021-05-27,27.500000,27.690001,27.190001,27.389999,27.213371,466300
2021-05-28,27.580000,27.580000,26.920000,27.360001,27.183567,333700
2021-06-01,27.600000,27.750000,27.360001,27.620001,27.441891,423400
2021-06-02,27.840000,27.910000,27.440001,27.480000,27.302792,866800
2021-06-03,27.500000,27.799999,27.420000,27.650000,27.471695,431600
2021-06-04,27.709999,27.860001,27.270000,27.600000,27.422018,324300
2021-06-07,27.709999,27.860001,27.209999,27.469999,27.292856,533000
2021-06-08,27.209999,27.639999,26.980000,27.549999,27.372339,443200
2021-06-09,27.370001,27.379999,26.969999,27.000000,26.825888,316800
2021-06-10,27.389999,27.389999,26.480000,26.500000,26.329111,351300
2021-06-11,26.500000,26.850000,26.500000,26.620001,26.448338,454600
2021-06-14,26.629999,26.850000,25.920000,26.110001,25.941628,602600
2021-06-15,26.180000,26.740000,26.059999,26.450001,26.279434,624900
2021-06-16,26.280001,26.820000,26.000000,26.500000,26.329111,795600
2021-06-17,26.770000,26.770000,25.200001,25.280001,25.116980,878100
2021-06-18,24.770000,25.080000,24.070000,24.110001,23.954525,2529700
2021-06-21,24.459999,25.469999,24.459999,25.379999,25.216333,849900
2021-06-22,25.320000,25.379999,24.900000,25.280001,25.116980,551200
2021-06-23,25.389999,25.530001,25.180000,25.219999,25.057365,803800
2021-06-24,25.290001,25.530001,25.129999,25.469999,25.305754,542500
2021-06-25,25.690001,25.760000,25.420000,25.590000,25.424980,2330100
2021-06-28,25.440001,25.590000,24.790001,25.020000,24.858656,571400
2021-06-29,25.180000,25.370001,24.620001,24.730000,24.570524,354000
2021-06-30,24.639999,24.879999,24.620001,24.680000,24.520847,588200
2021-07-01,24.940001,25.110001,24.790001,24.910000,24.749365,635400
2021-07-02,24.920000,24.940001,24.500000,24.530001,24.371817,336000
2021-07-06,24.250000,24.400000,23.650000,23.790001,23.636587,496300
2021-07-07,23.590000,23.940001,23.410000,23.559999,23.408070,646400
2021-07-08,23.059999,23.520000,22.879999,23.180000,23.030521,597000
2021-07-09,23.750000,24.250000,23.570000,24.240000,24.083685,836100
2021-07-12,23.920000,24.200001,23.700001,24.110001,23.954525,494200
2021-07-13,23.510000,24.030001,23.469999,23.500000,23.348457,638100
2021-07-14,23.549999,23.910000,23.270000,23.450001,23.298780,642400
2021-07-15,23.129999,23.309999,22.540001,23.290001,23.139812,947700
2021-07-16,22.670000,23.049999,22.260000,22.299999,22.156195,897500
2021-07-19,21.790001,21.950001,21.450001,21.719999,21.579935,1345000
2021-07-20,21.700001,22.570000,21.700001,21.969999,21.828323,1330900
2021-07-21,22.200001,22.570000,22.139999,22.209999,22.066774,717800
2021-07-22,22.049999,22.160000,21.410000,21.440001,21.301743,701000
2021-07-23,21.780001,21.879999,21.379999,21.400000,21.261999,974700
2021-07-26,21.459999,21.799999,21.459999,21.559999,21.420967,664800
2021-07-27,21.290001,21.510000,21.129999,21.309999,21.172579,587200
2021-07-28,21.490000,21.740000,21.090000,21.500000,21.361355,620100
2021-07-29,21.790001,21.940001,21.459999,21.559999,21.420967,463600
2021-07-30,21.459999,21.790001,21.090000,21.180000,21.043419,573400
2021-08-02,21.370001,21.780001,21.040001,21.059999,20.924191,602400
2021-08-03,21.170000,21.430000,20.690001,21.340000,21.202387,761900
2021-08-04,21.040001,21.260000,20.840000,20.850000,20.715546,436500
2021-08-05,20.940001,21.230000,20.920000,21.209999,21.073223,456500
2021-08-06,21.600000,21.980000,21.559999,21.870001,21.728970,444300
2021-08-09,22.110001,22.110001,21.410000,21.709999,21.570000,532200
2021-08-10,21.490000,21.969999,21.270000,21.959999,21.959999,611800
2021-08-11,21.959999,22.440001,21.709999,22.430000,22.430000,703800
2021-08-12,22.469999,22.469999,22.070000,22.219999,22.219999,631300
2021-08-13,22.360001,22.370001,21.990000,22.059999,22.059999,397300
2021-08-16,21.940001,22.120001,21.700001,22.049999,22.049999,407700
2021-08-17,21.840000,22.080000,21.590000,21.870001,21.870001,483800
2021-08-18,21.799999,21.990000,21.469999,21.500000,21.500000,485900
2021-08-19,21.240000,21.490000,21.100000,21.290001,21.290001,472000
2021-08-20,21.230000,21.730000,21.139999,21.690001,21.690001,447700
2021-08-23,21.860001,21.920000,21.670000,21.809999,21.809999,390700
2021-08-24,21.840000,21.969999,21.700001,21.900000,21.900000,389900
2021-08-25,22.000000,22.389999,21.860001,22.230000,22.230000,585500
2021-08-26,22.230000,22.299999,21.780001,21.799999,21.799999,417300
2021-08-27,21.870001,22.410000,21.870001,22.330000,22.330000,608500
2021-08-30,22.370001,22.430000,21.820000,21.879999,21.879999,515500