Date,Open,High,Low,Close,Adj Close,Volume
2021-01-04,69.709999,70.290001,67.739998,68.910004,68.910004,587800
2021-01-05,69.040001,72.000000,68.769997,70.750000,70.750000,791500
2021-01-06,71.989998,78.449997,71.500000,76.320000,76.320000,1376700
2021-01-07,76.879997,78.430000,76.760002,77.930000,77.930000,692700
2021-01-08,77.550003,78.035004,72.985001,75.269997,75.269997,813200
2021-01-11,73.510002,75.440002,72.290001,73.989998,73.989998,667400
2021-01-12,74.250000,76.389999,74.129997,76.029999,76.029999,414000
2021-01-13,75.540001,76.776001,74.669998,75.639999,75.639999,376000
2021-01-14,76.320000,78.589996,76.239998,78.099998,78.099998,516700
2021-01-15,76.989998,78.839996,75.599998,76.610001,76.610001,889300
2021-01-19,78.570000,82.000000,76.989998,81.360001,81.360001,1273100
2021-01-20,81.180000,82.449997,80.559998,81.599998,81.599998,759200
2021-01-21,82.449997,85.150002,81.500000,85.000000,85.000000,928800
2021-01-22,83.529999,85.639999,82.400002,85.360001,85.360001,725300
2021-01-25,84.610001,87.589996,83.552002,84.790001,84.790001,1355400
2021-01-26,85.779999,91.419998,85.084999,91.010002,91.010002,1772000
2021-01-27,88.680000,93.320000,87.059998,90.230003,90.230003,1811900
2021-01-28,91.980003,92.000000,82.995003,83.250000,83.250000,1168800
2021-01-29,83.550003,86.339996,82.080002,83.550003,83.550003,802300
2021-02-01,82.800003,85.139999,82.209999,83.849998,83.849998,451400
2021-02-02,84.529999,84.889999,80.180000,81.000000,81.000000,745400
2021-02-03,80.889999,81.330002,77.959999,78.309998,78.309998,897000
2021-02-04,79.589996,82.879997,77.589996,82.639999,82.639999,1145400
2021-02-05,83.620003,85.919998,82.300003,84.839996,84.839996,577200
2021-02-08,84.809998,86.669998,83.680000,86.190002,86.190002,627600
2021-02-09,85.269997,87.139999,83.089996,85.339996,85.339996,902900
2021-02-10,88.519997,90.650002,84.860001,86.209999,86.209999,815100
2021-02-11,86.389999,88.379997,84.800003,85.389999,85.389999,517200
2021-02-12,85.790001,86.989998,84.239998,85.129997,85.129997,540700
2021-02-16,85.389999,86.400002,84.220001,85.400002,85.400002,842700
2021-02-17,80.150002,80.529999,79.410004,80.300003,80.300003,4105300
2021-02-18,78.709999,80.510002,76.769997,77.970001,77.970001,3184700
2021-02-19,78.550003,79.709999,77.320000,79.330002,79.330002,1674300
2021-02-22,78.889999,80.440002,77.360001,79.070000,79.070000,632400
2021-02-23,78.510002,80.889999,78.154999,80.750000,80.750000,830100
2021-02-24,80.900002,84.420998,80.230003,83.839996,83.839996,1071700
2021-02-25,83.839996,85.794998,81.300003,83.589996,83.589996,670200
2021-02-26,83.830002,85.980003,78.815002,82.349998,82.349998,916400
2021-03-01,84.379997,84.820000,82.870003,83.370003,83.370003,535500
2021-03-02,83.360001,83.400002,79.760002,79.830002,79.830002,644900
2021-03-03,79.809998,81.650002,77.910004,78.180000,78.180000,604500
2021-03-04,77.980003,79.410004,74.720001,75.500000,75.500000,618800
2021-03-05,76.949997,80.480003,74.500000,79.459999,79.459999,1273800
2021-03-08,80.199997,81.300003,77.601997,77.860001,77.860001,548600
2021-03-09,79.199997,79.930000,75.300003,75.589996,75.589996,923600
2021-03-10,76.440002,78.269997,74.879997,76.449997,76.449997,880200
2021-03-11,77.220001,77.989998,76.230003,76.820000,76.820000,503700
2021-03-12,76.879997,79.400002,75.760002,79.169998,79.169998,706000
2021-03-15,79.980003,82.000000,78.750000,80.199997,80.199997,816200
2021-03-16,79.000000,79.870003,73.949997,74.529999,74.529999,1724600
2021-03-17,73.099998,73.910004,72.150002,73.400002,73.400002,1725200
2021-03-18,72.809998,75.279999,71.330002,71.529999,71.529999,834100
2021-03-19,71.500000,73.120003,70.059998,71.709999,71.709999,1809800
2021-03-22,71.680000,72.230003,69.070000,70.910004,70.910004,768600
2021-03-23,70.269997,72.180000,69.839996,70.480003,70.480003,790800
2021-03-24,71.029999,71.977997,68.199997,68.279999,68.279999,480300
2021-03-25,67.680000,70.139999,66.556999,69.830002,69.830002,446600
2021-03-26,70.739998,71.000000,68.559998,70.000000,70.000000,435000
2021-03-29,69.559998,70.510002,67.059998,67.199997,67.199997,803300
2021-03-30,67.250000,68.570000,66.139999,67.000000,67.000000,574500
2021-03-31,67.650002,68.860001,66.879997,68.000000,68.000000,882500
2021-04-01,68.360001,69.690002,67.910004,68.110001,68.110001,667000
2021-04-05,69.199997,69.199997,66.260002,66.809998,66.809998,700600
2021-04-06,66.889999,67.669998,66.209999,67.160004,67.160004,471600
2021-04-07,67.370003,67.525002,66.060997,66.239998,66.239998,586600
2021-04-08,66.279999,67.599998,65.400002,67.550003,67.550003,492300
2021-04-09,68.180000,69.629997,67.410004,69.330002,69.330002,563400
2021-04-12,69.500000,70.949997,69.419998,69.660004,69.660004,560800
2021-04-13,70.245003,70.245003,68.660004,70.029999,70.029999,595900
2021-04-14,69.809998,71.349998,69.629997,69.839996,69.839996,485200
2021-04-15,70.339996,71.230003,69.040001,70.010002,70.010002,264000
2021-04-16,70.160004,71.489998,69.820000,70.989998,70.989998,284800
2021-04-19,71.120003,71.449997,69.879997,70.739998,70.739998,460600
2021-04-20,70.050003,70.699997,68.849998,69.709999,69.709999,460600
2021-04-21,69.830002,71.309998,69.419998,71.199997,71.199997,320400
2021-04-22,71.639999,74.110001,71.500000,73.430000,73.430000,942500
2021-04-23,73.320000,74.540001,72.709999,73.529999,73.529999,679500
2021-04-26,74.419998,77.040001,74.010002,76.330002,76.330002,655400
2021-04-27,76.099998,76.639999,74.860001,76.230003,76.230003,354400
2021-04-28,76.440002,77.160004,75.629997,76.480003,76.480003,315000
2021-04-29,77.349998,77.849998,76.080002,77.419998,77.419998,432100
2021-04-30,77.180000,77.290001,75.320000,75.970001,75.970001,501000
2021-05-03,76.370003,76.769997,74.839996,75.279999,75.279999,366400
2021-05-04,74.440002,75.379997,72.940002,74.309998,74.309998,316400
2021-05-05,74.690002,74.690002,72.940002,73.589996,73.589996,224500
2021-05-06,73.589996,73.879997,70.830002,73.120003,73.120003,284500
2021-05-07,72.989998,75.000000,72.820000,74.529999,74.529999,180500
2021-05-10,74.349998,74.349998,71.050003,71.790001,71.790001,293100
2021-05-11,70.099998,73.239998,69.684998,72.160004,72.160004,496600
2021-05-12,71.900002,73.879997,71.500000,73.639999,73.639999,897600
2021-05-13,73.620003,75.190002,72.639999,74.370003,74.370003,721200
2021-05-14,75.239998,75.580002,73.735001,74.430000,74.430000,413800
2021-05-17,74.480003,76.669998,74.028999,76.529999,76.529999,290800
2021-05-18,76.610001,78.665001,74.519997,77.400002,77.400002,492100
2021-05-19,76.639999,77.470001,75.099998,77.370003,77.370003,289600
2021-05-20,77.480003,78.220001,76.839996,78.080002,78.080002,312700
2021-05-21,78.489998,79.250000,77.680000,78.139999,78.139999,392800
2021-05-24,78.660004,78.750000,77.730003,77.730003,77.730003,283600
2021-05-25,78.000000,79.199997,77.900002,79.010002,79.010002,375600
2021-05-26,79.519997,80.230003,78.580002,80.010002,80.010002,498200
2021-05-27,80.750000,82.000000,79.519997,81.820000,81.820000,448400
2021-05-28,81.779999,84.199997,81.000000,83.120003,83.120003,870400
2021-06-01,82.639999,83.889999,82.129997,83.330002,83.330002,414600
2021-06-02,83.589996,84.779999,82.910004,84.599998,84.599998,526400
2021-06-03,84.360001,84.434998,81.120003,81.379997,81.379997,434200
2021-06-04,81.910004,82.169998,80.459999,81.099998,81.099998,390700
2021-06-07,81.559998,82.559998,80.589996,82.309998,82.309998,740800
2021-06-08,76.940002,83.540001,74.750000,81.440002,81.440002,1280300
2021-06-09,82.220001,82.519997,77.959999,77.959999,77.959999,592900
2021-06-10,79.120003,79.610001,77.849998,77.980003,77.980003,580200
2021-06-11,77.839996,78.820000,77.504997,78.510002,78.510002,433100
2021-06-14,78.910004,79.160004,76.839996,77.000000,77.000000,474300
2021-06-15,77.000000,78.260002,76.699997,77.059998,77.059998,467400
2021-06-16,76.660004,79.250000,75.839996,78.690002,78.690002,752400
2021-06-17,78.879997,79.699997,76.989998,78.309998,78.309998,499700
2021-06-18,77.230003,78.589996,77.120003,77.370003,77.370003,658000
2021-06-21,77.779999,80.860001,76.153000,80.800003,80.800003,421800
2021-06-22,81.364998,82.379997,79.879997,82.239998,82.239998,402000
2021-06-23,82.279999,84.379997,82.129997,83.739998,83.739998,423800
2021-06-24,83.680000,83.930000,82.150002,83.269997,83.269997,386600
2021-06-25,83.730003,84.709999,82.800003,83.339996,83.339996,781400
2021-06-28,83.070000,83.720001,81.809998,82.260002,82.260002,344600
2021-06-29,82.129997,83.639999,81.529999,83.300003,83.300003,240700
2021-06-30,83.139999,83.160004,79.029999,80.480003,80.480003,750600
2021-07-01,80.389999,82.370003,80.190002,81.089996,81.089996,525500
2021-07-02,81.889999,82.709999,81.500000,82.650002,82.650002,301700
2021-07-06,82.580002,82.580002,79.080002,80.849998,80.849998,396400
2021-07-07,80.919998,81.989998,79.120003,79.830002,79.830002,271800
2021-07-08,78.449997,78.599998,76.419998,77.730003,77.730003,381700
2021-07-09,78.639999,79.410004,78.519997,79.239998,79.239998,362700
2021-07-12,79.000000,80.500000,78.199997,80.010002,80.010002,340800
2021-07-13,79.459999,79.529999,78.199997,78.279999,78.279999,191700
2021-07-14,78.870003,78.870003,76.500000,76.930000,76.930000,511000
2021-07-15,76.290001,77.400002,75.769997,76.019997,76.019997,304000
2021-07-16,77.000000,77.434998,74.800003,74.970001,74.970001,451900
2021-07-19,73.629997,74.959999,72.389999,73.080002,73.080002,455700
2021-07-20,73.250000,75.470001,73.110001,75.000000,75.000000,545000
2021-07-21,75.620003,76.290001,74.750000,75.669998,75.669998,347700
2021-07-22,75.389999,75.910004,73.910004,74.419998,74.419998,253900
2021-07-23,75.029999,75.029999,73.610001,74.419998,74.419998,154500
2021-07-26,74.830002,75.070000,73.449997,74.620003,74.620003,146500
2021-07-27,74.309998,74.309998,72.919998,74.279999,74.279999,353000
2021-07-28,74.629997,76.330002,73.690002,75.410004,75.410004,354400
2021-07-29,76.160004,76.309998,74.550003,74.570000,74.570000,299700
2021-07-30,74.099998,75.245003,73.839996,73.980003,73.980003,265900
2021-08-02,74.449997,75.389999,72.379997,74.169998,74.169998,282200
2021-08-03,74.410004,74.574997,71.860001,72.169998,72.169998,349600
2021-08-04,71.510002,73.224998,71.110001,71.970001,71.970001,212900
2021-08-05,72.099998,73.839996,71.169998,73.589996,73.589996,329800
2021-08-06,74.139999,74.720001,72.820000,73.169998,73.169998,289500
2021-08-09,73.230003,73.595001,72.010002,72.410004,72.410004,207000
2021-08-10,72.639999,72.989998,71.239998,71.820000,71.820000,368900
2021-08-11,71.930000,72.580002,68.949997,69.900002,69.900002,422200
2021-08-12,70.070000,70.309998,68.800003,69.269997,69.269997,535300
2021-08-13,69.120003,69.464996,68.199997,68.449997,68.449997,519000
2021-08-16,68.309998,68.370003,64.919998,64.980003,64.980003,820300
2021-08-17,61.000000,62.980000,60.209999,61.849998,61.849998,2223800
2021-08-18,62.439999,64.110001,61.810001,62.830002,62.830002,902800
2021-08-19,62.450001,63.410000,62.220001,62.639999,62.639999,377300
2021-08-20,62.320000,63.610001,62.200001,63.099998,63.099998,347900
2021-08-23,63.330002,64.629997,63.330002,63.560001,63.560001,381800
2021-08-24,63.799999,65.089996,63.799999,64.599998,64.599998,565200
2021-08-25,64.440002,65.150002,64.040001,64.449997,64.449997,358600
2021-08-26,64.379997,64.839996,63.590000,64.099998,64.099998,350700
2021-08-27,64.160004,66.290001,64.160004,65.790001,65.790001,397200
2021-08-30,65.800003,66.339996,63.970001,64.209999,64.209999,410700