Date,Open,High,Low,Close,Adj Close,Volume
2021-01-04,29.650000,29.790001,28.700001,28.700001,27.849977,1419800
2021-01-05,28.510000,29.020000,28.340000,28.400000,27.558861,1215900
2021-01-06,28.510000,28.910000,28.190001,28.820000,27.966421,1135700
2021-01-07,28.670000,28.840000,28.030001,28.219999,27.384190,1177400
2021-01-08,28.230000,28.600000,28.120001,28.500000,27.655899,1379100
2021-01-11,28.389999,28.750000,28.000000,28.150000,27.316267,1277100
2021-01-12,28.209999,28.650000,28.049999,28.620001,27.772346,727700
2021-01-13,29.110001,30.170000,29.030001,30.110001,29.218216,1376000
2021-01-14,30.230000,30.340000,29.660000,29.879999,28.995028,1000700
2021-01-15,29.740000,30.260000,29.650000,30.230000,29.334660,648600
2021-01-19,30.400000,30.400000,29.500000,29.740000,28.859173,648900
2021-01-20,29.719999,31.170000,29.719999,31.150000,30.227413,1116500
2021-01-21,30.940001,31.190001,30.600000,31.160000,30.237118,1021000
2021-01-22,30.889999,31.240000,30.780001,31.180000,30.256527,534300
2021-01-25,31.129999,31.530001,30.900000,31.080000,30.159487,637800
2021-01-26,31.080000,31.299999,30.750000,31.000000,30.081856,481400
2021-01-27,30.850000,31.059999,29.719999,29.790001,28.907694,619900
2021-01-28,29.879999,30.510000,29.719999,30.049999,29.159992,741200
2021-01-29,29.879999,30.450001,29.459999,30.010000,29.121178,742300
2021-02-01,30.170000,30.799999,29.700001,30.790001,29.878075,800600
2021-02-02,30.840000,31.040001,30.500000,30.830000,29.916889,573200
2021-02-03,30.549999,30.660000,29.840000,30.500000,29.596664,800400
2021-02-04,30.559999,30.950001,30.340000,30.610001,29.703407,793100
2021-02-05,30.870001,30.940001,30.389999,30.799999,29.887777,894700
2021-02-08,30.830000,30.840000,30.480000,30.840000,29.926596,545300
2021-02-09,30.840000,30.959999,30.400000,30.740000,29.829556,414300
2021-02-10,31.000000,31.190001,30.680000,30.840000,29.926596,956500
2021-02-11,30.780001,31.480000,30.530001,30.860001,29.946003,975700
2021-02-12,30.670000,31.040001,30.629999,30.959999,30.043039,825200
2021-02-16,30.900000,30.950001,30.160000,30.299999,29.402588,952700
2021-02-17,30.170000,30.490000,29.980000,30.340000,29.441402,846900
2021-02-18,30.160000,30.490000,30.139999,30.240000,29.344364,648400
2021-02-19,29.980000,30.059999,29.160000,29.260000,28.680767,1133100
2021-02-22,29.139999,29.690001,29.139999,29.610001,29.023838,752500
2021-02-23,29.790001,30.530001,29.480000,30.360001,29.758991,803000
2021-02-24,30.290001,30.510000,30.030001,30.129999,29.533545,714700
2021-02-25,30.070000,30.459999,29.280001,29.410000,28.827797,708200
2021-02-26,29.520000,29.680000,28.850000,28.860001,28.288685,1021200
2021-03-01,29.280001,29.820000,29.280001,29.379999,28.798391,869800
2021-03-02,29.320000,29.549999,28.990000,29.180000,28.602350,1167300
2021-03-03,29.120001,29.389999,28.860001,28.910000,28.337696,763400
2021-03-04,28.980000,29.430000,28.799999,29.040001,28.465124,757400
2021-03-05,29.250000,29.280001,28.730000,29.139999,28.563141,907200
2021-03-08,29.250000,29.900000,28.889999,29.670000,29.082651,846100
2021-03-09,29.940001,30.100000,29.379999,29.480000,28.896412,797000
2021-03-10,29.480000,29.860001,29.379999,29.750000,29.161068,656000
2021-03-11,29.780001,30.090000,29.559999,29.660000,29.072849,738100
2021-03-12,29.840000,30.670000,29.629999,30.660000,30.053051,932900
2021-03-15,30.750000,31.760000,30.520000,31.299999,30.680382,1182700
2021-03-16,31.020000,31.299999,30.709999,31.020000,30.405926,780900
2021-03-17,30.980000,31.150000,30.580000,31.000000,30.386322,906400
2021-03-18,30.809999,30.969999,30.420000,30.570000,29.964834,1330600
2021-03-19,30.549999,30.760000,29.770000,29.860001,29.268890,3334400
2021-03-22,29.760000,30.490000,29.650000,30.480000,29.876616,1025900
2021-03-23,30.450001,30.809999,30.389999,30.549999,29.945229,978400
2021-03-24,30.629999,31.180000,30.530001,30.639999,30.033449,1148100
2021-03-25,30.510000,30.690001,29.870001,30.559999,29.955032,1011300
2021-03-26,30.639999,30.980000,30.459999,30.959999,30.347113,1451100
2021-03-29,30.959999,31.230000,30.549999,30.930000,30.317707,1325300
2021-03-30,30.879999,31.200001,30.770000,30.870001,30.258896,827100
2021-03-31,30.840000,31.010000,30.320000,30.320000,29.719784,2802100
2021-04-01,30.570000,31.330000,30.440001,31.330000,30.709789,1163800
2021-04-05,31.379999,31.510000,31.070000,31.469999,30.847017,781200
2021-04-06,31.400000,31.500000,30.889999,30.959999,30.347113,1772600
2021-04-07,30.860001,31.139999,30.799999,31.000000,30.386322,1269000
2021-04-08,31.059999,31.129999,30.770000,30.900000,30.288301,843500
2021-04-09,30.790001,31.010000,30.590000,30.650000,30.043251,764400
2021-04-12,30.730000,30.879999,30.500000,30.870001,30.258896,609600
2021-04-13,30.840000,31.360001,30.770000,31.280001,30.660778,657000
2021-04-14,31.270000,31.430000,30.860001,30.920000,30.307907,598100
2021-04-15,31.070000,31.490000,30.980000,31.469999,30.847017,683800
2021-04-16,31.670000,31.680000,31.410000,31.420000,30.798008,543400
2021-04-19,31.400000,31.660000,31.230000,31.650000,31.023455,717100
2021-04-20,31.620001,32.669998,31.620001,32.549999,31.905638,962800
2021-04-21,32.639999,32.779999,32.450001,32.639999,31.993856,902200
2021-04-22,32.669998,32.930000,32.439999,32.439999,31.797813,707700
2021-04-23,32.560001,32.660000,32.049999,32.099998,31.464544,1006900
2021-04-26,32.419998,32.560001,32.070000,32.299999,31.660585,861400
2021-04-27,32.439999,32.560001,31.610001,31.660000,31.033257,1014600
2021-04-28,31.580000,32.169998,31.580000,32.119999,31.484150,945000
2021-04-29,32.270000,32.549999,31.629999,31.730000,31.101871,726200
2021-04-30,31.570000,32.369999,31.540001,32.160000,31.523359,1559400
2021-05-03,32.299999,32.630001,32.009998,32.259998,31.621376,799000
2021-05-04,32.259998,32.459999,31.870001,32.080002,31.444944,794600
2021-05-05,31.860001,31.860001,30.889999,30.940001,30.327511,927900
2021-05-06,30.950001,31.270000,30.770000,31.139999,30.523550,715900
2021-05-07,31.200001,31.790001,31.160000,31.719999,31.092068,627000
2021-05-10,31.809999,32.310001,31.620001,31.639999,31.013651,856400
2021-05-11,31.430000,31.430000,30.850000,31.200001,30.582363,796900
2021-05-12,30.950001,31.139999,30.139999,30.150000,29.553148,566600
2021-05-13,30.270000,30.809999,30.240000,30.400000,29.798199,1669300
2021-05-14,30.330000,30.379999,30.040001,30.280001,29.979383,689400
2021-05-17,30.250000,30.360001,29.969999,29.990000,29.692261,658800
2021-05-18,29.940001,30.370001,29.820000,29.969999,29.672459,783900
2021-05-19,29.740000,30.260000,29.410000,30.230000,29.929878,905100
2021-05-20,30.190001,30.320000,29.940001,30.280001,29.979383,744600
2021-05-21,30.270000,30.469999,30.100000,30.330000,30.028887,650800
2021-05-24,30.510000,30.730000,30.270000,30.590000,30.286304,1203600
2021-05-25,30.660000,30.830000,30.340000,30.700001,30.395214,775600
2021-05-26,30.760000,30.990000,30.549999,30.590000,30.286304,709400
2021-05-27,30.760000,30.820000,30.309999,30.330000,30.028887,1335100
2021-05-28,30.420000,30.520000,30.209999,30.340000,30.038786,628300
2021-06-01,30.299999,30.820000,30.129999,30.820000,30.514021,825500
2021-06-02,30.870001,30.980000,30.740000,30.910000,30.603128,980800
2021-06-03,30.809999,30.830000,30.379999,30.530001,30.226900,1044800
2021-06-04,30.639999,30.639999,30.420000,30.500000,30.197199,883900
2021-06-07,30.639999,31.129999,30.610001,30.870001,30.563526,860500
2021-06-08,30.969999,31.379999,30.740000,31.379999,31.068460,1156900
2021-06-09,31.740000,32.299999,31.600000,32.090000,31.771414,1120100
2021-06-10,32.150002,32.439999,31.959999,32.419998,32.098133,1086500
2021-06-11,32.330002,32.459999,31.990000,32.150002,31.830818,1331300
2021-06-14,32.270000,32.360001,32.029999,32.279999,31.959526,1122200
2021-06-15,32.299999,32.340000,31.680000,31.690001,31.375385,1058000
2021-06-16,31.770000,32.000000,31.350000,31.370001,31.058561,712000
2021-06-17,31.320000,31.360001,30.910000,31.059999,30.751638,1521800
2021-06-18,31.000000,31.080000,30.250000,30.260000,29.959581,1638500
2021-06-21,30.420000,31.000000,30.270000,30.850000,30.543724,716600
2021-06-22,30.900000,30.940001,30.650000,30.740000,30.434814,821400
2021-06-23,30.690001,30.840000,30.480000,30.680000,30.375412,1016200
2021-06-24,30.730000,30.780001,30.450001,30.700001,30.395214,846300
2021-06-25,30.500000,30.750000,30.430000,30.670000,30.365511,1719700
2021-06-28,30.650000,30.780001,30.209999,30.570000,30.266502,923800
2021-06-29,30.580000,30.799999,30.389999,30.469999,30.167496,1046900
2021-06-30,30.469999,30.600000,30.160000,30.200001,29.900177,1034600
2021-07-01,30.160000,30.580000,29.879999,30.280001,29.979383,1291600
2021-07-02,30.350000,30.540001,30.049999,30.230000,29.929878,855600
2021-07-06,30.120001,30.750000,29.690001,30.670000,30.365511,1310200
2021-07-07,30.559999,30.850000,30.420000,30.629999,30.325907,1456000
2021-07-08,30.469999,30.620001,30.129999,30.219999,29.919977,654300
2021-07-09,30.389999,30.719999,30.139999,30.670000,30.365511,830500
2021-07-12,30.520000,31.020000,30.459999,31.000000,30.692234,525900
2021-07-13,30.879999,31.010000,30.290001,30.389999,30.088289,499100
2021-07-14,30.320000,30.889999,30.219999,30.650000,30.345709,667400
2021-07-15,30.629999,30.799999,30.510000,30.740000,30.434814,388700
2021-07-16,30.940001,31.350000,30.799999,31.200001,30.890249,635200
2021-07-19,30.910000,31.120001,30.490000,30.840000,30.533823,784200
2021-07-20,31.010000,31.969999,30.809999,31.670000,31.355583,1135100
2021-07-21,31.620001,31.969999,31.570000,31.709999,31.395184,796500
2021-07-22,31.530001,31.639999,31.280001,31.469999,31.157568,783200
2021-07-23,31.660000,31.889999,31.530001,31.830000,31.513994,518700
2021-07-26,31.910000,32.020000,31.480000,31.540001,31.226873,605300
2021-07-27,31.420000,31.969999,31.299999,31.770000,31.454590,384500
2021-07-28,31.879999,31.889999,31.549999,31.610001,31.296179,520300
2021-07-29,31.790001,31.879999,31.580000,31.600000,31.286278,366700
2021-07-30,31.629999,32.150002,31.629999,31.879999,31.563498,813100
2021-08-02,32.040001,32.240002,31.459999,31.559999,31.246674,805000
2021-08-03,31.450001,31.549999,31.180000,31.350000,31.038759,502200
2021-08-04,31.020000,31.139999,30.620001,30.750000,30.444715,660100
2021-08-05,31.010000,31.559999,30.940001,31.559999,31.246674,708600
2021-08-06,31.700001,31.830000,31.320000,31.389999,31.078362,690500
2021-08-09,31.170000,31.370001,30.860001,30.889999,30.583326,639200
2021-08-10,30.920000,30.920000,30.309999,30.450001,30.147696,1157000
2021-08-11,30.559999,30.750000,30.320000,30.459999,30.157595,588500
2021-08-12,30.440001,30.570000,30.250000,30.520000,30.217001,577000
2021-08-13,30.309999,30.480000,30.260000,30.389999,30.389999,473500
2021-08-16,30.309999,30.559999,30.120001,30.230000,30.230000,810700
2021-08-17,30.129999,30.350000,29.799999,30.180000,30.180000,799300
2021-08-18,30.059999,30.160000,29.740000,29.969999,29.969999,1496200
2021-08-19,29.879999,30.320000,29.600000,29.889999,29.889999,1051700
2021-08-20,29.420000,30.209999,29.350000,29.950001,29.950001,1811400
2021-08-23,30.000000,30.080000,29.180000,29.580000,29.580000,1273700
2021-08-24,29.650000,29.910000,29.320000,29.830000,29.830000,919700
2021-08-25,29.850000,30.040001,29.680000,29.770000,29.770000,1011300
2021-08-26,29.709999,29.930000,29.570000,29.840000,29.840000,1245700
2021-08-27,29.959999,30.270000,29.879999,30.030001,30.030001,1054700
2021-08-30,30.049999,30.240000,29.740000,30.240000,30.240000,815700