Date,Open,High,Low,Close,Adj Close,Volume
2021-01-04,67.160004,67.160004,62.439999,63.360001,63.360001,152200
2021-01-05,63.360001,66.199997,63.360001,65.870003,65.870003,206400
2021-01-06,67.870003,71.669998,67.870003,70.239998,70.239998,231700
2021-01-07,70.730003,71.260002,69.120003,70.610001,70.610001,117900
2021-01-08,71.220001,71.220001,66.680000,68.250000,68.250000,130600
2021-01-11,66.669998,69.660004,66.669998,69.500000,69.500000,87000
2021-01-12,69.500000,71.839996,69.019997,71.610001,71.610001,115800
2021-01-13,71.150002,71.440002,67.949997,68.389999,68.389999,142100
2021-01-14,69.690002,70.779999,68.419998,69.930000,69.930000,146500
2021-01-15,68.889999,69.209999,66.360001,67.809998,67.809998,134800
2021-01-19,69.199997,69.690002,67.989998,69.279999,69.279999,146300
2021-01-20,69.500000,70.989998,69.040001,70.610001,70.610001,135500
2021-01-21,70.839996,71.110001,69.529999,70.680000,70.680000,176900
2021-01-22,69.459999,72.220001,68.830002,72.089996,72.089996,156300
2021-01-25,71.220001,72.959999,68.900002,69.769997,69.769997,132300
2021-01-26,70.690002,70.690002,67.589996,67.699997,67.699997,99100
2021-01-27,65.339996,65.599998,61.189999,64.059998,64.059998,183000
2021-01-28,65.230003,67.980003,65.190002,66.629997,66.629997,153600
2021-01-29,66.550003,66.550003,63.240002,63.980000,63.980000,169500
2021-02-01,64.879997,67.029999,64.320000,66.790001,66.790001,108000
2021-02-02,68.389999,68.389999,65.750000,67.089996,67.089996,97800
2021-02-03,66.879997,67.000000,65.519997,66.919998,66.919998,72500
2021-02-04,66.769997,68.959999,66.309998,68.930000,68.930000,92800
2021-02-05,70.000000,70.260002,68.660004,69.620003,69.620003,72100
2021-02-08,70.000000,71.379997,69.220001,71.349998,71.349998,79500
2021-02-09,70.709999,71.540001,68.830002,71.510002,71.510002,139000
2021-02-10,71.889999,72.709999,70.709999,72.050003,72.050003,157100
2021-02-11,72.480003,73.610001,71.660004,73.510002,73.510002,185000
2021-02-12,73.400002,75.290001,72.820000,74.879997,74.879997,105500
2021-02-16,75.500000,76.199997,72.959999,73.160004,73.160004,154000
2021-02-17,72.599998,73.720001,70.070000,73.000000,73.000000,193300
2021-02-18,73.129997,73.779999,66.400002,72.650002,72.650002,261000
2021-02-19,74.410004,78.669998,73.430000,78.559998,78.559998,245400
2021-02-22,77.389999,81.940002,77.209999,81.370003,81.370003,435400
2021-02-23,81.349998,84.769997,79.440002,84.739998,84.739998,253700
2021-02-24,86.269997,89.419998,86.230003,89.169998,89.169998,377200
2021-02-25,89.099998,89.830002,86.010002,88.000000,88.000000,399600
2021-02-26,88.680000,89.150002,84.709999,87.760002,87.760002,222600
2021-03-01,88.779999,90.839996,87.540001,90.000000,90.000000,316700
2021-03-02,89.500000,91.239998,88.440002,89.400002,89.400002,322200
2021-03-03,89.389999,91.150002,88.660004,89.110001,89.110001,184500
2021-03-04,88.540001,89.239998,81.669998,85.199997,85.199997,216300
2021-03-05,87.349998,88.989998,84.029999,88.239998,88.239998,195200
2021-03-08,88.750000,90.279999,87.300003,88.910004,88.910004,135300
2021-03-09,89.000000,89.720001,86.459999,88.000000,88.000000,258700
2021-03-10,85.760002,91.839996,85.760002,91.400002,91.400002,476800
2021-03-11,92.000000,97.980003,91.250000,97.580002,97.580002,314200
2021-03-12,98.489998,101.379997,97.849998,99.570000,99.570000,607000
2021-03-15,99.190002,101.940002,98.709999,101.540001,101.540001,310400
2021-03-16,102.220001,103.430000,99.389999,102.570000,102.570000,469400
2021-03-17,103.480003,110.029999,100.550003,109.599998,109.599998,433800
2021-03-18,108.529999,109.379997,99.570000,100.269997,100.269997,502300
2021-03-19,100.360001,100.800003,96.029999,99.610001,99.610001,497900
2021-03-22,99.410004,99.589996,95.919998,98.230003,98.230003,274700
2021-03-23,96.040001,97.930000,95.629997,97.110001,97.110001,475600
2021-03-24,99.220001,100.980003,94.230003,94.269997,94.269997,264400
2021-03-25,93.150002,98.070000,90.910004,97.849998,97.849998,205500
2021-03-26,99.519997,99.690002,97.129997,99.519997,99.519997,225500
2021-03-29,99.150002,99.800003,94.059998,94.599998,94.599998,167200
2021-03-30,94.400002,99.510002,94.099998,98.349998,98.349998,158000
2021-03-31,100.269997,103.220001,97.080002,101.330002,101.330002,457800
2021-04-01,102.400002,102.900002,99.669998,102.269997,102.269997,199000
2021-04-05,104.290001,105.500000,102.430000,103.059998,103.059998,146800
2021-04-06,102.760002,104.720001,98.529999,99.540001,99.540001,286600
2021-04-07,99.500000,100.209999,95.750000,96.059998,96.059998,278300
2021-04-08,97.000000,97.309998,93.339996,96.680000,96.680000,312100
2021-04-09,96.160004,98.449997,95.720001,97.949997,97.949997,126900
2021-04-12,98.209999,100.199997,97.360001,99.089996,99.089996,120700
2021-04-13,99.099998,99.099998,95.339996,96.720001,96.720001,115000
2021-04-14,97.410004,99.500000,96.269997,97.199997,97.199997,143200
2021-04-15,97.769997,97.769997,95.209999,97.010002,97.010002,96500
2021-04-16,98.669998,99.480003,97.230003,97.559998,97.559998,162200
2021-04-19,96.720001,97.500000,95.410004,96.680000,96.680000,150600
2021-04-20,96.099998,96.690002,90.860001,92.930000,92.930000,216300
2021-04-21,92.260002,97.059998,91.760002,96.269997,96.269997,221500
2021-04-22,97.360001,99.940002,95.320000,96.980003,96.980003,614100
2021-04-23,99.269997,102.169998,98.360001,100.239998,100.239998,368100
2021-04-26,101.790001,108.980003,100.480003,108.680000,108.680000,333900
2021-04-27,108.389999,109.830002,104.510002,107.849998,107.849998,225900
2021-04-28,107.730003,109.779999,107.400002,108.629997,108.629997,216400
2021-04-29,110.000000,111.389999,107.599998,108.849998,108.849998,249500
2021-04-30,106.680000,108.809998,105.400002,105.599998,105.599998,250200
2021-05-03,106.669998,108.339996,104.410004,105.269997,105.269997,209500
2021-05-04,103.669998,106.209999,101.620003,106.040001,106.040001,157500
2021-05-05,106.930000,107.809998,104.739998,106.790001,106.790001,194600
2021-05-06,107.790001,110.750000,106.389999,110.629997,110.629997,181500
2021-05-07,110.169998,113.080002,109.250000,112.750000,112.750000,143800
2021-05-10,112.750000,114.739998,110.610001,110.639999,110.639999,137000
2021-05-11,108.250000,108.489998,103.540001,107.739998,107.739998,181500
2021-05-12,106.849998,107.480003,101.059998,101.220001,101.220001,226000
2021-05-13,102.050003,105.220001,100.400002,101.629997,101.629997,176200
2021-05-14,103.139999,107.190002,103.139999,106.510002,106.510002,114300
2021-05-17,105.760002,107.139999,103.169998,106.440002,106.440002,145500
2021-05-18,106.870003,108.019997,104.730003,108.010002,108.010002,381900
2021-05-19,105.059998,106.059998,99.349998,101.470001,101.470001,264200
2021-05-20,101.889999,103.970001,100.160004,103.379997,103.379997,144400
2021-05-21,105.000000,107.279999,103.940002,103.940002,103.940002,134300
2021-05-24,105.120003,107.029999,103.489998,105.989998,105.989998,103100
2021-05-25,105.989998,107.769997,104.709999,104.889999,104.889999,159600
2021-05-26,105.269997,108.769997,104.459999,107.690002,107.690002,189700
2021-05-27,109.160004,111.790001,108.730003,111.550003,111.550003,256300
2021-05-28,111.879997,115.440002,110.489998,115.019997,115.019997,353600
2021-06-01,116.540001,117.260002,113.239998,117.250000,117.250000,292400
2021-06-02,116.930000,116.930000,110.510002,111.000000,111.000000,419000
2021-06-03,110.099998,111.400002,106.949997,110.330002,110.330002,149200
2021-06-04,111.099998,113.269997,110.139999,113.250000,113.250000,271400
2021-06-07,113.279999,114.620003,111.790001,113.019997,113.019997,412900
2021-06-08,113.349998,114.470001,111.110001,112.989998,112.989998,167600
2021-06-09,113.360001,113.360001,108.529999,108.889999,108.889999,312200
2021-06-10,110.699997,110.699997,102.739998,103.459999,103.459999,338400
2021-06-11,105.250000,106.190002,104.010002,106.050003,106.050003,284700
2021-06-14,106.000000,108.440002,105.449997,107.199997,107.199997,257600
2021-06-15,107.750000,114.250000,107.680000,111.389999,111.389999,568400
2021-06-16,110.110001,112.410004,108.699997,108.750000,108.750000,438300
2021-06-17,109.160004,109.349998,102.480003,105.910004,105.910004,353900
2021-06-18,104.040001,105.199997,102.099998,102.449997,102.449997,409000
2021-06-21,104.279999,108.379997,103.260002,107.930000,107.930000,146000
2021-06-22,108.050003,109.919998,105.930000,109.910004,109.910004,212200
2021-06-23,110.540001,114.809998,108.839996,112.220001,112.220001,369800
2021-06-24,113.199997,116.830002,112.839996,116.230003,116.230003,273800
2021-06-25,117.250000,118.589996,113.269997,113.400002,113.400002,1424100
2021-06-28,112.860001,113.010002,108.699997,110.010002,110.010002,324900
2021-06-29,111.199997,111.839996,108.989998,109.309998,109.309998,175500
2021-06-30,108.239998,112.500000,107.760002,112.070000,112.070000,212300
2021-07-01,113.889999,114.290001,112.199997,113.169998,113.169998,99700
2021-07-02,113.010002,114.160004,111.430000,112.110001,112.110001,89400
2021-07-06,113.419998,113.620003,108.019997,110.220001,110.220001,177200
2021-07-07,109.320000,112.379997,109.040001,111.879997,111.879997,184600
2021-07-08,108.809998,113.070000,107.389999,109.870003,109.870003,132200
2021-07-09,112.949997,115.320000,112.230003,114.690002,114.690002,179800
2021-07-12,113.139999,115.959999,113.110001,115.489998,115.489998,104300
2021-07-13,114.349998,116.480003,113.190002,114.150002,114.150002,243600
2021-07-14,116.580002,117.349998,112.330002,113.070000,113.070000,134400
2021-07-15,110.779999,112.290001,109.589996,111.120003,111.120003,235300
2021-07-16,112.620003,112.989998,107.919998,109.040001,109.040001,185100
2021-07-19,105.040001,107.709999,103.300003,106.129997,106.129997,208200
2021-07-20,106.489998,113.639999,106.489998,112.860001,112.860001,235500
2021-07-21,114.010002,117.820000,114.010002,117.449997,117.449997,183200
2021-07-22,118.199997,119.800003,115.769997,117.599998,117.599998,321500
2021-07-23,120.000000,120.879997,116.290001,117.480003,117.480003,249500
2021-07-26,118.500000,122.410004,118.040001,122.180000,122.180000,314500
2021-07-27,120.879997,123.849998,119.459999,121.040001,121.040001,279900
2021-07-28,120.660004,123.820000,118.139999,121.930000,121.930000,152300
2021-07-29,122.790001,126.389999,120.779999,123.800003,123.800003,225700
2021-07-30,123.070000,125.879997,122.629997,124.040001,124.040001,227800
2021-08-02,125.000000,128.229996,120.540001,120.760002,120.760002,148100
2021-08-03,121.760002,124.910004,118.349998,124.650002,124.650002,236900
2021-08-04,123.010002,124.400002,118.699997,118.870003,118.870003,177100
2021-08-05,120.199997,122.959999,120.199997,121.629997,121.629997,92100
2021-08-06,123.379997,124.940002,121.699997,124.430000,124.430000,92900
2021-08-09,123.790001,124.440002,121.650002,123.110001,123.110001,86200
2021-08-10,124.150002,127.529999,122.839996,125.919998,125.919998,133800
2021-08-11,126.500000,132.839996,126.040001,132.380005,132.380005,228100
2021-08-12,133.100006,135.630005,131.580002,133.800003,133.800003,185600
2021-08-13,132.970001,134.000000,130.529999,130.720001,130.720001,122800
2021-08-16,129.000000,131.179993,127.269997,129.830002,129.830002,193400
2021-08-17,129.000000,129.000000,123.110001,125.610001,125.610001,122200
2021-08-18,125.110001,127.410004,121.940002,122.180000,122.180000,178900
2021-08-19,119.349998,120.629997,117.040001,117.589996,117.589996,194100
2021-08-20,117.559998,120.220001,114.720001,119.519997,119.519997,208600
2021-08-23,121.669998,125.449997,121.669998,125.190002,125.190002,134900
2021-08-24,125.980003,127.379997,124.629997,125.129997,125.129997,151100
2021-08-25,125.199997,130.000000,124.470001,127.730003,127.730003,184200
2021-08-26,127.059998,128.440002,124.769997,125.260002,125.260002,143900
2021-08-27,126.309998,132.910004,126.309998,131.960007,131.960007,175700
2021-08-30,132.000000,135.190002,129.250000,133.339996,133.339996,178100