Date,Open,High,Low,Close,Adj Close,Volume
2021-01-04,34.310001,34.480000,32.520000,33.450001,33.039761,495200
2021-01-05,33.639999,34.590000,33.029999,34.160000,33.741055,496600
2021-01-06,35.000000,38.340000,34.169998,37.500000,37.040089,864200
2021-01-07,37.750000,39.209999,37.189999,38.840000,38.363655,636500
2021-01-08,38.520000,39.080002,37.169998,38.049999,37.583344,443500
2021-01-11,37.380001,39.200001,37.270000,39.029999,38.551327,345600
2021-01-12,39.200001,40.110001,38.980000,39.990002,39.499557,503800
2021-01-13,39.630001,39.990002,38.669998,39.740002,39.252621,418400
2021-01-14,40.110001,41.410000,39.509998,41.200001,40.694714,632300
2021-01-15,40.410000,40.980000,39.610001,39.770000,39.282249,474000
2021-01-19,40.459999,40.459999,39.299999,40.060001,39.568695,343500
2021-01-20,39.400002,40.240002,38.779999,39.470001,38.985935,441100
2021-01-21,40.490002,40.490002,37.430000,37.560001,37.099354,846900
2021-01-22,37.299999,38.230000,36.910000,38.169998,37.701874,650600
2021-01-25,37.540001,37.560001,36.000000,37.169998,36.714134,420400
2021-01-26,37.730000,37.730000,36.330002,36.430000,35.983215,389400
2021-01-27,35.500000,35.590000,34.330002,34.430000,34.007740,565200
2021-01-28,35.230000,35.889999,34.599998,35.470001,35.034988,398700
2021-01-29,35.419998,35.419998,34.110001,34.139999,33.721298,424300
2021-02-01,34.310001,34.919998,33.689999,34.730000,34.304062,463700
2021-02-02,35.509998,36.139999,35.090000,35.630001,35.193027,306300
2021-02-03,35.459999,35.910000,34.900002,35.740002,35.301678,306800
2021-02-04,36.139999,37.130001,35.889999,37.049999,36.595608,385400
2021-02-05,37.639999,37.639999,36.810001,37.299999,36.842545,200000
2021-02-08,37.580002,37.910000,37.000000,37.840000,37.375923,295400
2021-02-09,37.439999,38.480000,36.900002,38.400002,37.929054,217600
2021-02-10,38.270000,38.889999,37.990002,38.169998,37.701874,243700
2021-02-11,37.910000,38.470001,37.029999,37.279999,36.822788,609600
2021-02-12,36.970001,37.910000,36.560001,37.139999,36.684505,254500
2021-02-16,37.770000,38.250000,37.000000,38.000000,37.533958,335100
2021-02-17,37.720001,38.099998,37.250000,37.540001,37.079601,299800
2021-02-18,37.110001,37.450001,36.389999,36.450001,36.002972,360500
2021-02-19,36.709999,37.810001,36.450001,37.759998,37.296902,376600
2021-02-22,37.419998,39.060001,37.250000,38.750000,38.274761,429700
2021-02-23,38.740002,39.630001,37.509998,39.520000,39.035320,379500
2021-02-24,39.930000,41.230000,39.560001,40.419998,39.924278,698300
2021-02-25,40.580002,40.799999,38.250000,38.290001,37.820404,450600
2021-02-26,37.740002,38.630001,36.799999,37.750000,37.287025,863800
2021-03-01,38.630001,40.660000,38.320000,40.310001,39.815628,668600
2021-03-02,39.990002,40.439999,39.169998,39.540001,39.055073,435400
2021-03-03,39.959999,41.500000,39.889999,40.259998,39.766239,373300
2021-03-04,40.200001,41.090000,39.029999,39.369999,38.887154,441500
2021-03-05,40.500000,41.279999,39.490002,41.259998,41.035397,740100
2021-03-08,41.490002,43.290001,41.480000,42.240002,42.010067,470800
2021-03-09,42.130001,42.209999,40.290001,41.549999,41.323818,439100
2021-03-10,41.680000,43.500000,41.680000,43.389999,43.153801,426800
2021-03-11,43.650002,44.549999,42.900002,44.369999,44.128468,405800
2021-03-12,45.000000,45.619999,44.400002,45.110001,44.864441,496300
2021-03-15,45.450001,45.450001,43.730000,44.560001,44.317436,324400
2021-03-16,44.340000,44.340000,42.959999,43.959999,43.720699,305300
2021-03-17,44.770000,45.290001,44.029999,45.200001,44.953953,598700
2021-03-18,45.500000,47.369999,44.689999,44.860001,44.615803,524400
2021-03-19,44.419998,45.230000,43.169998,44.520000,44.277653,1616600
2021-03-22,44.009998,44.099998,42.259998,42.799999,42.567013,317400
2021-03-23,42.180000,42.639999,40.099998,40.450001,40.229809,455900
2021-03-24,41.290001,42.509998,40.220001,40.259998,40.040840,411900
2021-03-25,40.020000,41.220001,39.000000,41.060001,40.836487,603700
2021-03-26,42.080002,43.919998,41.130001,42.430000,42.199028,371100
2021-03-29,41.490002,42.119999,40.220001,41.060001,40.836487,532100
2021-03-30,41.509998,42.500000,41.509998,42.049999,41.821098,262300
2021-03-31,41.790001,42.770000,41.650002,42.009998,41.781315,473100
2021-04-01,41.720001,42.150002,41.330002,42.119999,41.890717,280800
2021-04-05,42.630001,43.099998,41.700001,42.049999,41.821098,294500
2021-04-06,41.889999,42.430000,41.470001,41.540001,41.313873,209200
2021-04-07,42.799999,42.799999,41.070000,41.290001,41.065235,395300
2021-04-08,41.110001,41.540001,40.360001,41.450001,41.224365,247600
2021-04-09,41.580002,42.240002,40.799999,42.139999,41.910606,343700
2021-04-12,42.490002,42.930000,42.080002,42.590000,42.358158,265400
2021-04-13,42.070000,42.410000,41.340000,42.189999,41.960335,417700
2021-04-14,41.849998,43.759998,41.849998,43.070000,42.835545,357400
2021-04-15,43.040001,43.349998,41.820000,42.990002,42.755981,333300
2021-04-16,43.619999,43.880001,42.759998,43.410000,43.173695,256400
2021-04-19,43.230000,43.619999,42.340000,43.270000,43.034458,482700
2021-04-20,43.250000,43.250000,40.250000,40.799999,40.577900,507600
2021-04-21,42.869999,44.580002,41.470001,44.480000,44.237869,978000
2021-04-22,44.770000,45.160000,43.439999,43.450001,43.213478,504400
2021-04-23,43.439999,45.599998,43.090000,45.200001,44.953953,503100
2021-04-26,46.020000,46.750000,45.470001,45.560001,45.311993,352400
2021-04-27,45.619999,46.520000,45.560001,46.250000,45.998234,259600
2021-04-28,46.610001,47.400002,46.320000,47.009998,46.754097,578200
2021-04-29,47.540001,48.270000,47.200001,47.799999,47.539795,466100
2021-04-30,47.250000,47.820000,44.189999,46.240002,45.988293,739800
2021-05-03,47.000000,48.099998,46.180000,47.430000,47.171810,564100
2021-05-04,47.220001,48.369999,46.439999,48.029999,47.768543,498400
2021-05-05,48.180000,48.400002,47.369999,48.060001,47.798382,456100
2021-05-06,48.439999,49.349998,47.849998,49.349998,49.081360,480900
2021-05-07,48.259998,49.680000,47.700001,49.599998,49.329998,286200
2021-05-10,49.810001,50.279999,49.029999,49.049999,48.782993,474100
2021-05-11,48.189999,49.869999,48.009998,49.270000,49.001797,706300
2021-05-12,49.619999,50.119999,47.209999,47.410000,47.151920,517100
2021-05-13,46.770000,49.779999,46.770000,49.470001,49.200706,434900
2021-05-14,49.369999,50.160000,48.990002,50.020000,49.747711,350100
2021-05-17,49.900002,50.419998,49.150002,50.279999,50.006294,442700
2021-05-18,50.209999,50.689999,49.599998,49.689999,49.419506,465600
2021-05-19,48.610001,49.180000,47.730000,49.080002,48.812832,288900
2021-05-20,49.080002,49.200001,47.529999,48.810001,48.544300,252200
2021-05-21,49.500000,50.099998,49.259998,49.689999,49.419506,297300
2021-05-24,49.860001,49.950001,49.150002,49.590000,49.320053,198900
2021-05-25,49.599998,50.349998,47.990002,48.060001,47.798382,350400
2021-05-26,48.090000,49.150002,48.009998,49.080002,48.812832,254000
2021-05-27,49.900002,50.200001,49.369999,49.580002,49.310108,385300
2021-05-28,49.950001,49.950001,48.549999,49.509998,49.240486,353100
2021-06-01,49.980000,50.410000,49.560001,50.020000,49.747711,308900
2021-06-02,50.410000,50.599998,49.139999,49.560001,49.290218,357200
2021-06-03,49.330002,50.009998,49.299999,49.599998,49.329998,386500
2021-06-04,49.209999,49.509998,48.560001,49.299999,49.299999,239000
2021-06-07,49.470001,49.900002,48.810001,49.270000,49.270000,401800
2021-06-08,48.860001,49.580002,48.299999,49.360001,49.360001,338300
2021-06-09,48.860001,48.990002,48.070000,48.130001,48.130001,300800
2021-06-10,48.939999,49.299999,47.150002,47.169998,47.169998,265700
2021-06-11,47.619999,47.939999,47.130001,47.450001,47.450001,242000
2021-06-14,47.259998,47.759998,45.869999,46.340000,46.340000,247800
2021-06-15,46.439999,47.869999,46.330002,47.459999,47.459999,319600
2021-06-16,47.259998,48.730000,46.849998,48.439999,48.439999,402900
2021-06-17,48.700001,48.700001,45.189999,45.400002,45.400002,467500
2021-06-18,44.450001,45.150002,43.220001,43.240002,43.240002,950000
2021-06-21,43.889999,46.029999,43.889999,45.889999,45.889999,442500
2021-06-22,45.700001,45.820000,44.900002,45.549999,45.549999,290600
2021-06-23,45.869999,45.990002,45.490002,45.560001,45.560001,274200
2021-06-24,45.610001,46.330002,45.139999,46.290001,46.290001,315400
2021-06-25,46.459999,47.169998,46.130001,46.520000,46.520000,1144300
2021-06-28,45.250000,46.270000,44.270000,45.209999,45.209999,346800
2021-06-29,45.560001,45.939999,44.180000,44.389999,44.389999,307700
2021-06-30,44.029999,44.660000,44.029999,44.439999,44.439999,385800
2021-07-01,44.900002,45.220001,44.410000,44.919998,44.919998,356000
2021-07-02,44.750000,44.750000,43.900002,44.369999,44.369999,337500
2021-07-06,44.020000,44.020000,42.330002,42.849998,42.849998,329400
2021-07-07,42.439999,43.310001,42.380001,42.540001,42.540001,270200
2021-07-08,41.419998,42.500000,41.040001,42.029999,42.029999,465600
2021-07-09,43.080002,44.259998,42.529999,44.110001,44.110001,347600
2021-07-12,43.529999,44.470001,42.939999,44.400002,44.400002,276500
2021-07-13,44.250000,44.500000,43.009998,43.380001,43.380001,271200
2021-07-14,43.680000,44.470001,42.509998,43.029999,43.029999,271200
2021-07-15,42.509998,44.060001,42.290001,43.820000,43.820000,432900
2021-07-16,44.299999,44.360001,42.049999,42.139999,42.139999,403000
2021-07-19,39.070000,41.299999,39.070000,40.330002,40.330002,520200
2021-07-20,40.410000,42.849998,40.380001,41.820000,41.820000,737900
2021-07-21,44.439999,45.000000,43.430000,43.590000,43.590000,802800
2021-07-22,43.360001,43.380001,42.310001,42.509998,42.509998,372900
2021-07-23,43.150002,43.919998,42.369999,43.360001,43.360001,362600
2021-07-26,43.470001,44.380001,43.360001,43.740002,43.740002,247600
2021-07-27,43.369999,44.299999,42.610001,43.669998,43.669998,316500
2021-07-28,43.860001,44.540001,42.959999,44.070000,44.070000,373900
2021-07-29,44.630001,45.000000,44.150002,44.220001,44.220001,240400
2021-07-30,43.939999,44.820000,43.360001,43.709999,43.709999,351800
2021-08-02,43.840000,44.759998,42.509998,42.619999,42.619999,326100
2021-08-03,42.900002,43.240002,41.860001,43.099998,43.099998,372500
2021-08-04,42.299999,43.099998,42.099998,42.380001,42.380001,352800
2021-08-05,42.779999,43.610001,42.779999,43.310001,43.310001,213000
2021-08-06,44.230000,45.480000,43.340000,44.980000,44.980000,345300
2021-08-09,44.680000,45.020000,44.139999,44.310001,44.310001,221700
2021-08-10,44.049999,45.700001,44.040001,45.509998,45.509998,334300
2021-08-11,45.689999,46.230000,45.189999,46.189999,46.189999,268100
2021-08-12,46.290001,46.389999,45.610001,46.020000,46.020000,254000
2021-08-13,45.990002,46.189999,45.380001,45.680000,45.680000,191800
2021-08-16,45.119999,45.990002,44.660000,45.740002,45.740002,295900
2021-08-17,45.820000,45.959999,44.580002,45.270000,45.270000,415400
2021-08-18,45.029999,45.799999,44.470001,44.549999,44.549999,288500
2021-08-19,43.950001,44.599998,43.430000,44.000000,44.000000,362800
2021-08-20,43.939999,44.980000,43.930000,44.950001,44.950001,397100
2021-08-23,45.410000,45.730000,45.099998,45.520000,45.520000,348300
2021-08-24,45.540001,45.939999,45.419998,45.529999,45.529999,234900
2021-08-25,45.730000,46.580002,45.599998,45.930000,45.930000,187600
2021-08-26,46.049999,46.099998,44.889999,45.119999,45.119999,239300
2021-08-27,45.400002,46.799999,45.400002,46.660000,46.660000,380200
2021-08-30,46.660000,46.799999,45.360001,45.500000,45.500000,211600