Date,Open,High,Low,Close,Adj Close,Volume
2021-01-04,105.910004,105.970001,101.290001,102.800003,102.270050,199500
2021-01-05,101.769997,106.570000,101.120003,105.010002,104.468651,255600
2021-01-06,105.430000,109.279999,103.070000,107.980003,107.423340,303000
2021-01-07,109.169998,113.269997,109.169998,112.889999,112.308029,179500
2021-01-08,113.519997,113.519997,106.139999,106.589996,106.040504,148100
2021-01-11,104.739998,110.059998,104.010002,108.870003,108.308754,148200
2021-01-12,109.849998,110.620003,106.459999,110.239998,109.671692,113200
2021-01-13,110.970001,114.059998,109.629997,109.800003,109.233955,111800
2021-01-14,110.669998,112.930000,109.800003,111.769997,111.193802,143900
2021-01-15,110.050003,112.209999,108.239998,111.250000,110.676476,124900
2021-01-19,113.309998,120.839996,110.970001,115.070000,114.476784,346100
2021-01-20,115.879997,120.849998,115.320000,120.470001,119.848953,229600
2021-01-21,122.379997,126.919998,117.650002,119.449997,118.834206,380600
2021-01-22,118.320000,119.449997,115.459999,117.089996,116.486366,238200
2021-01-25,117.510002,120.000000,112.709999,114.750000,114.158440,227700
2021-01-26,115.120003,115.160004,104.989998,105.570000,105.025757,286200
2021-01-27,103.900002,106.519997,100.849998,101.480003,100.956848,327700
2021-01-28,102.300003,106.919998,99.360001,104.779999,104.239838,214700
2021-01-29,103.809998,105.559998,101.000000,104.930000,104.389061,275600
2021-02-01,106.279999,111.910004,105.750000,111.870003,111.293289,230200
2021-02-02,114.459999,117.739998,110.650002,116.620003,116.018799,227800
2021-02-03,116.769997,118.019997,112.260002,114.389999,113.800293,160300
2021-02-04,114.919998,116.019997,113.339996,114.830002,114.238029,170300
2021-02-05,116.459999,118.599998,114.599998,118.559998,117.948799,130100
2021-02-08,119.279999,122.239998,118.720001,122.089996,121.460594,196600
2021-02-09,122.599998,123.769997,119.389999,123.160004,122.525085,114900
2021-02-10,124.000000,129.149994,122.279999,126.419998,125.768272,249300
2021-02-11,126.849998,129.149994,125.809998,129.000000,128.334976,146000
2021-02-12,128.550003,130.110001,128.020004,128.389999,127.728127,150300
2021-02-16,128.270004,128.550003,122.690002,123.330002,122.694206,146000
2021-02-17,122.029999,123.750000,119.199997,122.279999,121.649620,204100
2021-02-18,122.160004,122.169998,119.110001,119.589996,118.973488,117400
2021-02-19,121.190002,127.699997,121.190002,126.629997,125.977188,318600
2021-02-22,126.260002,126.870003,122.669998,123.320000,122.684258,385400
2021-02-23,123.000000,123.940002,118.379997,122.919998,122.286316,245200
2021-02-24,115.589996,120.970001,108.610001,112.300003,111.721069,576200
2021-02-25,112.879997,113.389999,107.000000,107.230003,106.677208,326600
2021-02-26,108.370003,111.580002,107.250000,109.360001,108.796227,263000
2021-03-01,112.489998,116.570000,111.930000,115.059998,114.466843,242900
2021-03-02,115.870003,116.820000,112.500000,113.080002,112.497055,258800
2021-03-03,112.769997,113.190002,108.419998,109.000000,108.438080,171700
2021-03-04,108.419998,111.080002,102.610001,105.830002,105.284431,169000
2021-03-05,107.139999,110.690002,102.989998,110.669998,110.099472,222400
2021-03-08,110.760002,114.470001,109.470001,110.760002,110.189011,116100
2021-03-09,113.720001,115.300003,109.529999,109.589996,109.025040,172800
2021-03-10,110.699997,115.500000,109.750000,112.110001,111.532043,328200
2021-03-11,113.849998,116.120003,113.559998,115.000000,114.407150,345400
2021-03-12,113.739998,117.180000,112.220001,115.769997,115.474419,313000
2021-03-15,115.099998,118.790001,112.959999,118.680000,118.376991,231700
2021-03-16,119.660004,121.459999,114.089996,114.199997,113.908424,166200
2021-03-17,112.610001,117.040001,110.480003,116.959999,116.661385,160300
2021-03-18,115.279999,115.639999,108.849998,109.279999,109.000992,151300
2021-03-19,110.570000,113.430000,109.459999,111.690002,111.404839,353500
2021-03-22,112.059998,114.709999,109.599998,111.800003,111.514557,159400
2021-03-23,110.769997,111.800003,104.980003,105.000000,104.731918,239200
2021-03-24,106.870003,109.099998,105.629997,105.820000,105.549828,191800
2021-03-25,103.839996,109.470001,103.300003,108.540001,108.262878,199100
2021-03-26,109.500000,113.690002,109.269997,113.260002,112.970833,135000
2021-03-29,113.230003,113.940002,108.480003,108.519997,108.242928,198100
2021-03-30,107.400002,111.570000,106.360001,110.459999,110.177979,190900
2021-03-31,111.830002,113.779999,110.080002,110.879997,110.596901,139800
2021-04-01,112.290001,116.860001,112.290001,116.330002,116.032990,167700
2021-04-05,118.080002,118.839996,115.290001,117.019997,116.721222,222700
2021-04-06,117.540001,118.510002,115.500000,118.010002,117.708702,184800
2021-04-07,117.779999,118.300003,115.320000,115.580002,115.284904,137100
2021-04-08,119.150002,119.150002,114.510002,116.769997,116.471863,151200
2021-04-09,116.599998,121.919998,116.529999,121.279999,120.970352,229700
2021-04-12,121.190002,123.559998,119.440002,122.769997,122.456543,142000
2021-04-13,122.059998,123.739998,120.849998,123.250000,122.935326,154200
2021-04-14,124.050003,127.150002,123.849998,124.320000,124.002594,172500
2021-04-15,125.989998,127.529999,123.010002,126.889999,126.566025,164200
2021-04-16,128.139999,132.190002,127.790001,131.679993,131.343796,225200
2021-04-19,131.679993,133.229996,129.729996,132.070007,131.732803,279500
2021-04-20,132.559998,132.970001,125.790001,128.149994,127.822807,266900
2021-04-21,127.889999,131.339996,127.889999,129.990005,129.658127,237400
2021-04-22,130.440002,132.089996,127.500000,128.550003,128.221786,238000
2021-04-23,130.130005,133.300003,128.119995,131.130005,130.795212,554200
2021-04-26,132.289993,134.160004,131.509995,132.419998,132.081909,107500
2021-04-27,132.500000,135.630005,132.270004,133.000000,132.660431,114900
2021-04-28,133.479996,133.500000,130.720001,132.119995,131.782669,114100
2021-04-29,133.490005,136.389999,133.110001,136.009995,135.662735,196400
2021-04-30,134.429993,135.520004,133.770004,134.649994,134.306213,216400
2021-05-03,136.429993,137.960007,135.419998,137.649994,137.298553,243300
2021-05-04,137.029999,139.820007,135.779999,139.589996,139.233597,233000
2021-05-05,140.240005,140.580002,137.229996,138.789993,138.435638,299900
2021-05-06,139.759995,139.759995,134.399994,137.919998,137.567871,444300
2021-05-07,124.330002,128.000000,122.059998,127.570000,127.244293,856500
2021-05-10,125.440002,130.770004,123.839996,128.570007,128.241745,467000
2021-05-11,123.940002,125.910004,121.750000,122.250000,121.937874,539700
2021-05-12,121.040001,122.760002,115.459999,115.889999,115.594116,528800
2021-05-13,116.639999,121.629997,116.639999,121.000000,120.691071,313700
2021-05-14,121.959999,124.550003,121.269997,123.320000,123.005142,177000
2021-05-17,121.930000,122.500000,118.620003,120.900002,120.591324,203300
2021-05-18,120.839996,121.050003,116.239998,116.540001,116.242455,200900
2021-05-19,113.489998,115.400002,111.169998,114.839996,114.546791,206900
2021-05-20,115.220001,118.300003,114.339996,116.470001,116.172630,184400
2021-05-21,118.059998,118.550003,114.150002,115.000000,114.706383,218700
2021-05-24,116.320000,116.320000,114.639999,115.230003,114.935799,433900
2021-05-25,116.269997,118.029999,115.410004,116.370003,116.072891,473000
2021-05-26,117.029999,120.000000,116.550003,119.230003,118.925591,181800
2021-05-27,119.639999,120.000000,117.800003,118.110001,117.808449,178500
2021-05-28,119.489998,119.500000,117.050003,118.599998,118.297195,155100
2021-06-01,119.379997,120.970001,118.169998,120.449997,120.142471,303100
2021-06-02,119.849998,119.849998,117.129997,117.639999,117.339645,300600
2021-06-03,116.800003,117.800003,114.470001,117.220001,116.920723,280000
2021-06-04,118.669998,119.900002,115.779999,119.709999,119.404358,137400
2021-06-07,120.059998,120.489998,118.620003,119.300003,118.995407,125400
2021-06-08,120.099998,121.580002,118.790001,121.129997,120.820732,213900
2021-06-09,121.239998,122.379997,119.010002,119.199997,118.895660,238400
2021-06-10,119.129997,119.129997,114.660004,115.010002,114.716362,178800
2021-06-11,115.610001,117.720001,115.110001,117.500000,117.200005,178600
2021-06-14,116.760002,118.169998,112.300003,113.290001,113.290001,263500
2021-06-15,113.379997,115.029999,112.589996,114.000000,114.000000,219100
2021-06-16,112.809998,114.290001,111.279999,112.419998,112.419998,260700
2021-06-17,111.959999,113.379997,110.129997,111.430000,111.430000,259700
2021-06-18,109.639999,113.410004,109.410004,111.120003,111.120003,372500
2021-06-21,111.889999,115.260002,111.889999,115.250000,115.250000,247600
2021-06-22,114.620003,115.199997,113.550003,114.959999,114.959999,255300
2021-06-23,114.720001,115.279999,112.800003,115.000000,115.000000,348100
2021-06-24,116.389999,117.459999,114.970001,116.570000,116.570000,272900
2021-06-25,116.430000,117.449997,115.860001,116.180000,116.180000,221300
2021-06-28,116.779999,119.129997,115.879997,118.930000,118.930000,205500
2021-06-29,119.120003,121.669998,118.930000,120.739998,120.739998,205000
2021-06-30,120.269997,122.809998,119.480003,122.360001,122.360001,198000
2021-07-01,122.610001,125.150002,121.540001,124.449997,124.449997,261400
2021-07-02,125.129997,125.129997,119.989998,120.480003,120.480003,177900
2021-07-06,120.820000,121.449997,115.680000,117.650002,117.650002,247800
2021-07-07,117.239998,120.010002,116.970001,118.500000,118.500000,169200
2021-07-08,115.860001,117.669998,113.180000,114.709999,114.709999,199700
2021-07-09,115.830002,118.330002,114.330002,116.260002,116.260002,242700
2021-07-12,116.180000,116.940002,113.739998,116.860001,116.860001,286700
2021-07-13,115.720001,116.320000,112.360001,112.629997,112.629997,169900
2021-07-14,113.839996,115.239998,111.639999,113.370003,113.370003,194400
2021-07-15,112.790001,114.199997,112.059998,113.739998,113.739998,89500
2021-07-16,114.660004,115.690002,111.540001,111.540001,111.540001,186100
2021-07-19,109.279999,112.230003,108.559998,110.639999,110.639999,205600
2021-07-20,111.709999,115.639999,110.309998,114.559998,114.559998,375900
2021-07-21,115.040001,118.720001,115.040001,118.419998,118.419998,293100
2021-07-22,117.959999,117.959999,115.489998,116.080002,116.080002,119100
2021-07-23,117.169998,118.849998,116.370003,118.160004,118.160004,293600
2021-07-26,118.889999,118.889999,114.930000,116.190002,116.190002,227200
2021-07-27,115.029999,117.709999,113.709999,117.570000,117.570000,114700
2021-07-28,118.500000,119.370003,115.290001,117.139999,117.139999,138100
2021-07-29,118.529999,122.570000,118.529999,121.639999,121.639999,241200
2021-07-30,120.379997,123.419998,119.620003,120.000000,120.000000,154400
2021-08-02,120.000000,121.180000,118.489998,118.870003,118.870003,204200
2021-08-03,119.730003,122.290001,118.070000,121.029999,121.029999,386000
2021-08-04,119.800003,121.690002,118.430000,119.000000,119.000000,300200
2021-08-05,120.860001,122.900002,118.760002,122.879997,122.879997,264900
2021-08-06,123.050003,124.190002,119.970001,123.269997,123.269997,164700
2021-08-09,123.459999,125.019997,122.389999,123.589996,123.589996,202900
2021-08-10,123.510002,127.110001,123.150002,124.739998,124.739998,273400
2021-08-11,124.800003,127.470001,123.889999,127.430000,127.430000,257000
2021-08-12,128.169998,129.190002,124.199997,124.849998,124.849998,282300
2021-08-13,124.339996,124.690002,122.260002,123.550003,123.550003,88400
2021-08-16,121.900002,124.220001,121.470001,123.330002,123.330002,74900
2021-08-17,122.290001,122.290001,118.000000,119.169998,119.169998,163700
2021-08-18,118.440002,120.970001,117.930000,118.459999,118.459999,91400
2021-08-19,116.379997,119.180000,115.940002,118.059998,118.059998,154000
2021-08-20,118.360001,122.610001,118.050003,121.849998,121.849998,231300
2021-08-23,122.400002,122.930000,120.919998,122.440002,122.440002,162900
2021-08-24,122.930000,127.199997,122.930000,126.379997,126.379997,203300
2021-08-25,126.019997,128.259995,126.019997,126.089996,126.089996,187600
2021-08-26,125.370003,126.739998,122.300003,122.959999,122.959999,117800
2021-08-27,122.870003,126.639999,122.870003,125.879997,125.879997,211100
2021-08-30,126.820000,127.410004,125.419998,126.610001,126.610001,206100