Date,Open,High,Low,Close,Adj Close,Volume
2021-01-04,184.000000,186.264008,174.020004,177.500000,174.893738,416200
2021-01-05,178.000000,181.330002,176.490005,180.029999,177.386581,344900
2021-01-06,186.240005,186.977005,177.100006,178.990005,176.361862,817300
2021-01-07,182.940002,183.479996,170.610001,174.300003,171.740738,845500
2021-01-08,174.940002,178.570007,172.500000,178.440002,175.819946,618600
2021-01-11,176.940002,191.270004,175.479996,189.410004,186.628876,803600
2021-01-12,190.250000,196.610001,180.509995,185.440002,182.717163,712800
2021-01-13,185.440002,193.729996,184.449997,187.119995,184.372482,411300
2021-01-14,187.550003,191.500000,187.380005,189.770004,186.983582,347900
2021-01-15,190.000000,190.889999,181.600006,189.300003,186.520477,515300
2021-01-19,191.850006,192.880005,180.660004,189.240005,186.461365,485500
2021-01-20,190.000000,199.500000,189.800003,195.619995,192.747665,494600
2021-01-21,195.429993,198.250000,188.130005,196.649994,193.762543,547400
2021-01-22,193.949997,196.000000,189.789993,194.380005,191.525879,298300
2021-01-25,195.500000,206.449997,191.190002,193.940002,191.092346,519800
2021-01-26,195.660004,201.850006,195.240005,201.089996,198.137360,348000
2021-01-27,194.919998,197.550003,187.009995,187.990005,185.229706,491000
2021-01-28,192.740005,198.837997,191.300003,191.800003,188.983765,360000
2021-01-29,190.190002,193.475006,184.559998,187.119995,184.372482,372400
2021-02-01,188.940002,195.309998,187.669998,194.580002,191.722961,187400
2021-02-02,196.720001,207.580002,195.190002,204.259995,201.260803,470200
2021-02-03,207.029999,209.789993,202.279999,208.820007,205.753860,388200
2021-02-04,209.020004,210.729996,204.440002,208.380005,205.320328,303100
2021-02-05,208.589996,212.389008,206.110001,211.479996,208.374786,186500
2021-02-08,217.110001,217.490005,209.000000,215.179993,212.020477,367700
2021-02-09,213.210007,214.550003,209.500000,211.990005,208.877319,378000
2021-02-10,213.789993,218.130005,208.102005,210.119995,207.034760,339400
2021-02-11,213.850006,215.199997,203.899994,209.720001,206.640656,322800
2021-02-12,209.800003,216.873993,206.690002,214.399994,211.251907,299800
2021-02-16,214.520004,221.029999,214.279999,219.779999,216.552933,259200
2021-02-17,217.479996,218.550003,210.509995,214.419998,211.271637,318600
2021-02-18,211.929993,216.906998,209.063995,209.229996,206.157837,223700
2021-02-19,209.000000,215.977997,207.809998,214.570007,211.419449,224800
2021-02-22,212.419998,219.639999,210.300003,211.570007,208.463486,247400
2021-02-23,208.539993,210.464996,190.059998,208.500000,205.438568,548200
2021-02-24,210.089996,222.082001,208.250000,220.160004,216.927353,439900
2021-02-25,208.809998,209.059998,175.000000,188.639999,185.870178,2736700
2021-02-26,185.889999,198.000000,184.009995,195.000000,192.136780,770900
2021-03-01,199.660004,204.389999,195.000000,196.100006,193.220642,544300
2021-03-02,197.000000,198.220001,190.380005,191.039993,188.234909,309300
2021-03-03,191.039993,192.529999,184.000000,187.770004,185.012939,367500
2021-03-04,183.949997,186.940002,176.229996,182.160004,179.485321,659000
2021-03-05,182.440002,182.729996,160.910004,173.740005,171.188950,920200
2021-03-08,174.000000,183.220001,165.250000,165.649994,163.217728,639100
2021-03-09,171.500000,177.179993,171.500000,172.720001,170.183914,625200
2021-03-10,174.779999,179.509995,170.309998,172.020004,169.494217,703700
2021-03-11,176.169998,182.544998,176.070007,180.729996,178.076309,433000
2021-03-12,180.539993,188.679993,176.979996,188.479996,185.712524,348000
2021-03-15,190.059998,196.485001,188.070007,194.429993,191.575150,431200
2021-03-16,197.779999,200.000000,188.529999,192.139999,189.318787,399600
2021-03-17,188.699997,196.000000,186.531006,194.250000,191.397781,352500
2021-03-18,189.440002,193.380005,177.750000,178.750000,176.125381,689000
2021-03-19,176.690002,181.220001,173.054993,178.240005,175.622864,1192600
2021-03-22,178.000000,179.820007,173.500000,175.600006,173.021637,321000
2021-03-23,175.589996,180.429993,171.509995,172.330002,169.799652,308800
2021-03-24,174.660004,179.369995,171.000000,172.839996,170.302155,356300
2021-03-25,171.679993,178.979996,170.250000,178.059998,175.445511,325200
2021-03-26,179.490005,181.750000,171.442993,176.770004,174.174469,356000
2021-03-29,176.770004,179.940002,172.570007,174.059998,171.504242,236500
2021-03-30,173.000000,176.750000,170.509995,176.750000,175.485565,203100
2021-03-31,177.869995,183.589996,177.570007,180.160004,178.871170,344800
2021-04-01,185.000000,186.990005,182.970001,186.550003,185.215454,203200
2021-04-05,189.240005,189.843994,185.229996,189.119995,187.767059,226000
2021-04-06,190.000000,194.949997,189.910004,193.360001,191.976746,304900
2021-04-07,194.330002,195.000000,188.500000,189.520004,188.164215,210700
2021-04-08,190.380005,195.779999,190.380005,193.679993,192.294449,292700
2021-04-09,191.179993,192.809998,186.679993,188.990005,187.638000,232900
2021-04-12,188.080002,191.419998,185.130005,191.110001,189.742844,137300
2021-04-13,191.880005,193.304993,188.429993,190.639999,189.276199,190600
2021-04-14,190.500000,191.050003,182.270004,182.979996,181.670990,205800
2021-04-15,184.160004,187.735992,183.039993,183.539993,182.226990,218500
2021-04-16,185.509995,186.643997,181.509995,184.940002,183.616974,196600
2021-04-19,184.940002,187.199997,180.248001,180.800003,179.506592,185000
2021-04-20,180.000000,182.850006,175.050003,177.070007,175.803284,241300
2021-04-21,176.380005,180.970001,174.000000,179.929993,178.642807,166100
2021-04-22,181.000000,182.779999,176.240005,178.000000,176.726624,197800
2021-04-23,179.589996,182.759995,177.990005,181.960007,180.658295,128500
2021-04-26,182.979996,185.990005,181.250000,181.779999,180.479584,191000
2021-04-27,182.770004,184.149994,180.600006,183.380005,182.068146,112000
2021-04-28,183.050003,186.363998,181.000000,184.809998,183.487900,129400
2021-04-29,186.229996,186.229996,180.600006,182.990005,181.680923,121000
2021-04-30,181.589996,186.000000,181.589996,183.130005,181.819931,178900
2021-05-03,183.160004,183.610001,178.070007,178.690002,177.411682,257300
2021-05-04,176.979996,177.789993,172.880005,174.889999,173.638870,227800
2021-05-05,174.889999,175.639999,171.490005,173.070007,171.831894,146700
2021-05-06,174.149994,180.979996,171.000000,180.300003,179.010178,231200
2021-05-07,183.119995,185.871002,182.000000,184.729996,183.408478,184200
2021-05-10,183.369995,185.000000,175.000000,175.259995,174.006226,231600
2021-05-11,170.850006,174.440002,167.750000,170.100006,168.883148,424600
2021-05-12,169.929993,172.695999,165.539993,166.470001,165.279114,208100
2021-05-13,166.490005,170.039993,162.809998,166.880005,165.686172,228500
2021-05-14,170.000000,176.070999,170.000000,175.410004,174.155151,166800
2021-05-17,175.339996,175.339996,169.500000,172.750000,171.514175,188600
2021-05-18,172.750000,173.960007,169.899994,169.960007,168.744141,183700
2021-05-19,168.000000,169.690002,163.619995,169.250000,168.039215,257500
2021-05-20,169.440002,174.779999,169.250000,174.770004,173.519730,205300
2021-05-21,175.960007,176.149994,172.348007,173.009995,171.772308,100300
2021-05-24,174.979996,179.000000,174.750000,177.399994,176.130905,126100
2021-05-25,178.800003,180.929993,177.466003,178.990005,177.709549,205900
2021-05-26,180.119995,184.520004,180.050003,183.029999,181.720642,183200
2021-05-27,183.020004,183.020004,178.300003,181.509995,180.211502,249400
2021-05-28,181.710007,182.990005,180.000000,180.229996,178.940659,97100
2021-06-01,181.369995,184.949997,179.949997,183.940002,182.624130,177900
2021-06-02,182.970001,185.130005,181.690002,184.860001,183.537552,142400
2021-06-03,184.300003,184.332001,179.000000,180.229996,178.940659,233800
2021-06-04,181.100006,182.399994,180.350006,181.270004,179.973236,94000
2021-06-07,181.660004,189.789993,181.279999,188.839996,187.489075,184300
2021-06-08,189.250000,192.000000,185.544998,188.880005,187.528793,156800
2021-06-09,190.779999,191.000000,186.580002,188.979996,187.628067,149100
2021-06-10,188.979996,192.240005,187.399994,191.259995,189.891754,135000
2021-06-11,190.610001,191.869995,189.000000,191.729996,190.358398,98200
2021-06-14,191.389999,193.559998,190.610001,191.740005,190.368332,161900
2021-06-15,191.000000,192.544998,188.970001,189.250000,187.896149,126600
2021-06-16,189.320007,191.839996,187.649994,189.759995,188.402481,157600
2021-06-17,188.190002,192.470001,188.190002,189.770004,188.412430,167200
2021-06-18,187.910004,189.710007,183.789993,184.369995,183.051041,361400
2021-06-21,185.369995,190.000000,182.610001,188.610001,187.260727,158700
2021-06-22,188.600006,191.580002,188.100006,189.190002,187.836578,138900
2021-06-23,189.610001,191.856995,189.610001,189.979996,188.620911,110400
2021-06-24,191.639999,193.699997,190.210007,193.000000,191.619308,162000
2021-06-25,193.350006,195.300003,192.500000,195.240005,193.843292,342100
2021-06-28,196.429993,196.429993,194.110001,195.699997,194.300003,137200
2021-06-29,193.789993,194.509995,192.500000,193.990005,193.990005,89900
2021-06-30,194.369995,195.434998,188.839996,191.020004,191.020004,215100
2021-07-01,192.000000,193.809998,190.470001,193.589996,193.589996,120800
2021-07-02,196.000000,200.000000,195.429993,199.149994,199.149994,229800
2021-07-06,199.149994,202.880005,197.149994,202.169998,202.169998,253000
2021-07-07,202.779999,202.869003,198.535995,200.000000,200.000000,284800
2021-07-08,195.000000,200.149994,191.880005,197.020004,197.020004,197900
2021-07-09,198.759995,204.119995,197.339996,203.979996,203.979996,168300
2021-07-12,205.000000,209.600006,203.320007,207.800003,207.800003,199100
2021-07-13,208.600006,209.940002,206.570007,208.190002,208.190002,239100
2021-07-14,209.149994,210.570007,201.350006,202.279999,202.279999,220000
2021-07-15,201.800003,207.089996,200.529999,203.929993,203.929993,205500
2021-07-16,205.929993,209.529999,204.300003,209.039993,209.039993,258100
2021-07-19,204.770004,205.149994,199.050003,202.500000,202.500000,218400
2021-07-20,203.850006,211.860001,203.000000,207.990005,207.990005,266200
2021-07-21,208.240005,214.380005,207.009003,213.699997,213.699997,256900
2021-07-22,213.000000,213.619995,209.820007,211.089996,211.089996,120600
2021-07-23,210.360001,213.039993,209.779999,212.350006,212.350006,129500
2021-07-26,213.000000,216.119995,210.429993,212.600006,212.600006,154400
2021-07-27,212.990005,214.729996,209.080002,210.860001,210.860001,151600
2021-07-28,210.389999,215.919998,210.389999,213.839996,213.839996,163400
2021-07-29,213.649994,216.000000,212.520004,214.380005,214.380005,83400
2021-07-30,215.000000,217.559998,213.610001,214.990005,214.990005,150900
2021-08-02,217.779999,218.000000,213.695007,214.080002,214.080002,105600
2021-08-03,215.000000,216.647995,211.000000,213.539993,213.539993,130500
2021-08-04,214.580002,217.384995,212.570007,213.889999,213.889999,120200
2021-08-05,218.399994,229.395996,216.690002,216.940002,216.940002,306600
2021-08-06,219.679993,230.639999,219.054993,228.449997,228.449997,287800
2021-08-09,229.000000,230.475006,223.380005,227.860001,227.860001,171800
2021-08-10,229.460007,232.000000,227.625000,227.990005,227.990005,143300
2021-08-11,229.429993,231.550003,226.315002,229.559998,229.559998,111600
2021-08-12,231.100006,234.320007,229.130005,232.279999,232.279999,143200
2021-08-13,233.000000,236.919998,232.445007,233.300003,233.300003,130300
2021-08-16,233.399994,234.742004,228.160004,229.779999,229.779999,141000
2021-08-17,228.000000,228.779999,221.593994,228.440002,228.440002,160000
2021-08-18,229.000000,233.585007,226.975006,231.490005,231.490005,168100
2021-08-19,227.009995,230.490005,225.050003,229.080002,229.080002,117200
2021-08-20,228.839996,234.929993,227.723007,233.880005,233.880005,135000
2021-08-23,234.990005,238.309998,234.990005,237.149994,237.149994,164100
2021-08-24,238.869995,242.789993,237.229996,239.869995,239.869995,153200
2021-08-25,238.789993,241.449997,237.350006,237.679993,237.679993,108600
2021-08-26,237.679993,240.320007,236.210007,236.820007,236.820007,87900
2021-08-27,239.059998,244.210007,238.000000,240.509995,240.509995,180800
2021-08-30,241.839996,245.039993,241.261002,244.149994,244.149994,136100