Date,Open,High,Low,Close,Adj Close,Volume
2021-01-04,77.029999,78.529999,75.379997,76.010002,76.010002,1166900
2021-01-05,75.980003,79.989998,75.510002,79.089996,79.089996,1519700
2021-01-06,78.589996,81.300003,78.500000,79.389999,79.389999,1307500
2021-01-07,80.370003,83.449997,80.239998,83.239998,83.239998,989000
2021-01-08,84.320000,84.690002,81.440002,82.370003,82.370003,1062000
2021-01-11,79.739998,85.449997,79.690002,85.220001,85.220001,1331000
2021-01-12,86.519997,91.089996,86.519997,87.209999,87.209999,2380200
2021-01-13,90.019997,90.660004,86.989998,87.529999,87.529999,946800
2021-01-14,87.599998,90.209999,87.449997,88.680000,88.680000,1938400
2021-01-15,88.750000,89.279999,85.589996,88.269997,88.269997,1279300
2021-01-19,91.010002,93.629997,90.139999,92.940002,92.940002,1899500
2021-01-20,94.059998,95.000000,90.879997,91.900002,91.900002,1449300
2021-01-21,93.000000,93.790001,91.540001,93.269997,93.269997,915100
2021-01-22,92.410004,94.529999,92.029999,93.870003,93.870003,983800
2021-01-25,95.480003,96.230003,90.849998,91.489998,91.489998,1259700
2021-01-26,92.879997,93.260002,89.269997,89.910004,89.910004,1203300
2021-01-27,87.089996,90.110001,85.570000,87.230003,87.230003,1606200
2021-01-28,87.580002,88.470001,85.150002,87.050003,87.050003,1498300
2021-01-29,87.489998,88.769997,83.940002,84.070000,84.070000,1392200
2021-02-01,85.809998,87.669998,84.169998,87.279999,87.279999,1427800
2021-02-02,89.820000,90.199997,86.779999,87.820000,87.820000,1521900
2021-02-03,88.320000,89.470001,85.349998,86.620003,86.620003,1235700
2021-02-04,87.239998,90.559998,86.059998,89.050003,89.050003,1109700
2021-02-05,90.750000,91.980003,87.839996,88.000000,88.000000,1165000
2021-02-08,89.500000,91.769997,87.839996,88.730003,88.730003,2363500
2021-02-09,92.279999,96.660004,89.010002,94.029999,94.029999,2296100
2021-02-10,95.750000,98.519997,93.500000,94.400002,94.400002,1766700
2021-02-11,95.000000,100.440002,95.000000,99.580002,99.580002,1487400
2021-02-12,91.730003,98.029999,89.580002,89.919998,89.919998,7156500
2021-02-16,92.250000,92.610001,90.220001,91.949997,91.949997,2142600
2021-02-17,92.160004,93.419998,88.800003,90.309998,90.309998,1687400
2021-02-18,88.760002,89.489998,86.510002,87.639999,87.639999,1326200
2021-02-19,89.570000,92.110001,89.330002,90.279999,90.279999,1463200
2021-02-22,89.010002,89.989998,87.220001,87.470001,87.470001,873400
2021-02-23,84.550003,85.349998,80.550003,84.650002,84.650002,1892300
2021-02-24,84.070000,89.529999,82.820000,89.309998,89.309998,1484100
2021-02-25,88.970001,89.110001,82.459999,82.510002,82.510002,1229600
2021-02-26,83.489998,85.879997,82.150002,84.300003,84.300003,1078200
2021-03-01,86.809998,87.370003,85.199997,86.809998,86.809998,822700
2021-03-02,87.839996,88.110001,84.839996,84.949997,84.949997,874500
2021-03-03,84.320000,85.940002,80.169998,80.639999,80.639999,1146500
2021-03-04,80.040001,80.750000,73.529999,75.610001,75.610001,1829000
2021-03-05,76.639999,77.620003,69.639999,74.610001,74.610001,2503700
2021-03-08,74.699997,76.300003,71.129997,71.669998,71.669998,2386800
2021-03-09,75.160004,75.529999,73.120003,73.779999,73.779999,2481900
2021-03-10,74.970001,76.809998,72.959999,73.099998,73.099998,1613500
2021-03-11,75.260002,77.110001,75.070000,76.510002,76.510002,1605800
2021-03-12,74.239998,74.879997,70.699997,71.459999,71.459999,3726800
2021-03-15,71.330002,71.610001,69.440002,71.099998,71.099998,2903800
2021-03-16,72.000000,72.730003,70.650002,71.800003,71.800003,1442400
2021-03-17,71.169998,73.930000,70.800003,73.389999,73.389999,1814400
2021-03-18,70.580002,72.739998,68.000000,68.430000,68.430000,2215200
2021-03-19,67.769997,70.180000,66.529999,69.059998,69.059998,3525500
2021-03-22,69.529999,69.970001,67.239998,67.470001,67.470001,2069300
2021-03-23,67.650002,68.000000,65.250000,65.849998,65.849998,2275000
2021-03-24,67.320000,71.989998,64.070000,67.260002,67.260002,6624500
2021-03-25,62.560001,67.790001,62.080002,66.739998,66.739998,6850300
2021-03-26,67.650002,70.650002,66.620003,70.550003,70.550003,3105200
2021-03-29,70.000000,70.800003,66.629997,66.790001,66.790001,2750600
2021-03-30,65.949997,66.820000,63.720001,66.580002,66.580002,1939600
2021-03-31,67.510002,69.129997,66.589996,68.370003,68.370003,1740200
2021-04-01,69.690002,71.720001,69.620003,71.400002,71.400002,2061900
2021-04-05,72.309998,75.690002,71.830002,75.260002,75.260002,3054600
2021-04-06,75.260002,76.089996,74.510002,75.470001,75.470001,3016500
2021-04-07,74.779999,76.129997,74.139999,74.349998,74.349998,1578000
2021-04-08,75.580002,76.389999,74.900002,76.220001,76.220001,1913100
2021-04-09,75.529999,76.620003,75.070000,76.209999,76.209999,1256000
2021-04-12,78.839996,82.220001,77.599998,80.000000,80.000000,4142500
2021-04-13,80.510002,81.730003,78.269997,79.089996,79.089996,1975400
2021-04-14,79.760002,82.750000,79.199997,81.279999,81.279999,2723100
2021-04-15,82.669998,83.449997,81.150002,81.669998,81.669998,1703600
2021-04-16,81.980003,82.519997,80.589996,81.419998,81.419998,1512200
2021-04-19,80.919998,81.610001,76.559998,77.029999,77.029999,2195200
2021-04-20,76.779999,78.699997,74.870003,75.769997,75.769997,4518700
2021-04-21,75.550003,76.970001,74.750000,76.510002,76.510002,1687300
2021-04-22,77.360001,78.440002,75.599998,76.010002,76.010002,2696100
2021-04-23,76.690002,79.120003,76.370003,77.870003,77.870003,1864500
2021-04-26,77.800003,78.339996,77.129997,77.849998,77.849998,1275200
2021-04-27,77.830002,78.089996,75.519997,75.580002,75.580002,1418300
2021-04-28,75.470001,75.709999,73.750000,74.559998,74.559998,1780600
2021-04-29,76.139999,76.139999,70.769997,71.930000,71.930000,2415400
2021-04-30,70.629997,71.190002,66.570000,67.139999,67.139999,3607100
2021-05-03,68.190002,68.389999,66.300003,67.029999,67.029999,2306000
2021-05-04,66.010002,66.230003,63.580002,64.559998,64.559998,2112700
2021-05-05,66.720001,67.250000,64.139999,64.589996,64.589996,3112900
2021-05-06,59.820000,63.070000,58.820000,59.910000,59.910000,6421900
2021-05-07,60.509998,64.400002,59.919998,63.639999,63.639999,2701700
2021-05-10,63.250000,63.730000,61.560001,62.009998,62.009998,2075700
2021-05-11,59.580002,65.000000,59.250000,64.459999,64.459999,2390500
2021-05-12,61.439999,62.840000,60.049999,60.419998,60.419998,3402300
2021-05-13,60.810001,61.779999,59.580002,61.500000,61.500000,2238200
2021-05-14,61.880001,64.029999,61.020000,63.669998,63.669998,1949900
2021-05-17,62.820000,64.389999,62.340000,63.570000,63.570000,1711500
2021-05-18,62.270000,63.810001,61.820000,62.650002,62.650002,1687500
2021-05-19,61.480000,65.099998,60.630001,65.040001,65.040001,1997400
2021-05-20,65.160004,66.449997,65.080002,65.889999,65.889999,1463600
2021-05-21,66.330002,67.370003,65.949997,66.339996,66.339996,1628900
2021-05-24,66.720001,67.080002,65.760002,66.320000,66.320000,953000
2021-05-25,66.900002,67.260002,65.720001,65.900002,65.900002,988400
2021-05-26,66.900002,68.330002,66.870003,68.059998,68.059998,1020400
2021-05-27,68.190002,69.620003,67.110001,68.570000,68.570000,1786600
2021-05-28,68.709999,68.709999,67.209999,67.370003,67.370003,1079800
2021-06-01,68.000000,68.400002,66.919998,67.620003,67.620003,974100
2021-06-02,67.220001,68.169998,66.720001,68.059998,68.059998,1173400
2021-06-03,67.639999,68.459999,66.699997,67.480003,67.480003,1811600
2021-06-04,67.650002,69.629997,67.650002,69.250000,69.250000,1080300
2021-06-07,69.470001,69.949997,68.860001,69.150002,69.150002,1371600
2021-06-08,69.500000,71.519997,69.500000,71.000000,71.000000,1529700
2021-06-09,71.320000,71.910004,70.540001,70.589996,70.589996,1208800
2021-06-10,70.269997,70.370003,68.690002,70.010002,70.010002,1051800
2021-06-11,70.500000,70.589996,69.620003,70.099998,70.099998,1067300
2021-06-14,70.080002,72.870003,69.940002,72.839996,72.839996,1315600
2021-06-15,72.690002,73.639999,70.680000,70.959999,70.959999,1595200
2021-06-16,70.629997,70.860001,67.690002,68.790001,68.790001,1708200
2021-06-17,68.430000,69.570000,67.150002,69.360001,69.360001,1841600
2021-06-18,68.519997,68.720001,65.699997,67.459999,67.459999,3457500
2021-06-21,67.739998,68.820000,66.910004,68.410004,68.410004,1198200
2021-06-22,67.949997,68.910004,67.290001,68.470001,68.470001,941100
2021-06-23,68.449997,70.739998,68.349998,70.059998,70.059998,1251400
2021-06-24,70.570000,71.419998,70.089996,71.309998,71.309998,906000
2021-06-25,71.930000,72.209999,70.790001,71.019997,71.019997,1594800
2021-06-28,71.099998,73.400002,71.050003,72.230003,72.230003,1053400
2021-06-29,72.430000,73.730003,72.230003,73.209999,73.209999,1509800
2021-06-30,72.709999,73.000000,71.900002,72.589996,72.589996,894300
2021-07-01,73.000000,73.330002,72.120003,72.589996,72.589996,1277100
2021-07-02,73.000000,73.379997,72.239998,73.190002,73.190002,662400
2021-07-06,73.089996,74.500000,72.680000,74.080002,74.080002,1248200
2021-07-07,74.690002,75.230003,71.639999,72.150002,72.150002,1978600
2021-07-08,69.610001,72.139999,69.110001,70.919998,70.919998,1039400
2021-07-09,71.010002,72.900002,70.580002,72.400002,72.400002,634700
2021-07-12,72.839996,72.900002,71.250000,71.879997,71.879997,739300
2021-07-13,71.269997,72.419998,71.089996,71.629997,71.629997,970300
2021-07-14,72.209999,74.720001,72.000000,72.519997,72.519997,1116600
2021-07-15,72.330002,72.330002,69.279999,70.400002,70.400002,1067700
2021-07-16,70.919998,71.260002,69.480003,69.540001,69.540001,1406400
2021-07-19,68.199997,69.290001,67.110001,68.440002,68.440002,1147100
2021-07-20,68.349998,71.580002,67.610001,70.930000,70.930000,957000
2021-07-21,69.570000,72.970001,69.570000,72.529999,72.529999,952700
2021-07-22,72.430000,73.389999,70.889999,71.169998,71.169998,575600
2021-07-23,71.540001,71.589996,70.010002,71.389999,71.389999,634500
2021-07-26,70.699997,71.160004,67.220001,67.400002,67.400002,1777500
2021-07-27,67.400002,67.669998,64.250000,66.110001,66.110001,2027500
2021-07-28,65.910004,68.930000,65.910004,68.279999,68.279999,1375200
2021-07-29,68.699997,69.750000,67.570000,69.510002,69.510002,1129400
2021-07-30,68.959999,70.110001,68.750000,69.809998,69.809998,1040600
2021-08-02,70.529999,71.029999,69.080002,69.480003,69.480003,991400
2021-08-03,68.720001,69.150002,65.639999,67.000000,67.000000,2085200
2021-08-04,66.339996,70.169998,66.339996,69.419998,69.419998,1707500
2021-08-05,69.779999,70.769997,68.730003,69.199997,69.199997,1171500
2021-08-06,68.580002,69.500000,67.839996,68.360001,68.360001,1201100
2021-08-09,68.629997,68.879997,67.099998,67.889999,67.889999,1489800
2021-08-10,69.330002,70.989998,64.040001,64.940002,64.940002,2932300
2021-08-11,64.730003,65.000000,62.639999,64.379997,64.379997,2040300
2021-08-12,64.349998,64.620003,63.389999,63.880001,63.880001,949300
2021-08-13,63.540001,64.199997,63.139999,63.340000,63.340000,795300
2021-08-16,62.689999,63.599998,62.150002,62.230000,62.230000,1023000
2021-08-17,61.639999,62.130001,60.720001,61.419998,61.419998,1442500
2021-08-18,61.200001,62.040001,60.529999,60.939999,60.939999,1220800
2021-08-19,60.279999,61.320000,59.779999,59.939999,59.939999,1918700
2021-08-20,59.439999,60.509998,59.119999,60.419998,60.419998,1450500
2021-08-23,61.169998,62.020000,60.130001,61.560001,61.560001,2380200
2021-08-24,62.000000,62.660000,61.419998,62.439999,62.439999,1565500
2021-08-25,62.509998,63.270000,62.430000,62.619999,62.619999,798500
2021-08-26,62.320000,62.720001,60.720001,61.020000,61.020000,964900
2021-08-27,61.259998,63.880001,61.220001,63.599998,63.599998,937700
2021-08-30,63.880001,64.199997,62.389999,63.040001,63.040001,918600