Date,Open,High,Low,Close,Adj Close,Volume
2021-01-04,18.270000,18.490000,17.980000,18.420000,18.420000,442200
2021-01-05,18.510000,18.799999,18.309999,18.760000,18.760000,470000
2021-01-06,18.889999,19.820000,18.809999,19.580000,19.580000,640400
2021-01-07,19.879999,20.490000,19.799999,20.410000,20.410000,628400
2021-01-08,20.549999,20.959999,20.170000,20.930000,20.930000,884800
2021-01-11,21.510000,22.750000,21.204000,22.440001,22.440001,1628800
2021-01-12,22.799999,26.900000,22.559999,25.570000,25.570000,2173500
2021-01-13,25.500000,26.805000,24.954000,26.420000,26.420000,874800
2021-01-14,26.850000,27.500000,26.459999,26.740000,26.740000,887700
2021-01-15,26.500000,26.860001,25.730000,26.379999,26.379999,808800
2021-01-19,26.920000,26.920000,25.709999,26.020000,26.020000,748600
2021-01-20,25.969999,26.520000,25.760000,25.980000,25.980000,446600
2021-01-21,25.700001,26.340000,25.520000,25.540001,25.540001,502400
2021-01-22,25.270000,26.020000,24.930000,25.930000,25.930000,555300
2021-01-25,25.870001,26.219999,25.469999,25.790001,25.790001,478800
2021-01-26,25.980000,26.299999,25.570000,26.139999,26.139999,462000
2021-01-27,25.930000,26.219999,24.739000,25.309999,25.309999,733700
2021-01-28,25.360001,25.650000,24.320000,24.450001,24.450001,585100
2021-01-29,24.760000,24.875000,24.010000,24.400000,24.400000,425100
2021-02-01,24.530001,25.840000,24.059999,25.590000,25.590000,670200
2021-02-02,25.730000,26.150000,25.530001,25.840000,25.840000,771900
2021-02-03,25.840000,26.370001,25.600000,25.760000,25.760000,534500
2021-02-04,25.830000,26.900000,25.820000,26.059999,26.059999,1226500
2021-02-05,26.160000,26.965000,26.059999,26.920000,26.920000,877400
2021-02-08,26.959999,27.430000,26.719999,27.379999,27.379999,603900
2021-02-09,27.500000,28.750000,27.469999,27.850000,27.850000,607000
2021-02-10,27.990000,28.309999,27.559999,28.040001,28.040001,549100
2021-02-11,27.940001,28.200001,27.520000,27.830000,27.830000,314300
2021-02-12,27.920000,28.170000,27.448999,28.020000,28.020000,338900
2021-02-16,28.700001,28.700001,26.700001,26.700001,26.700001,430800
2021-02-17,26.209999,26.389999,25.590000,25.639999,25.639999,402900
2021-02-18,25.610001,25.910000,24.969999,25.040001,25.040001,298900
2021-02-19,25.090000,25.612000,25.052999,25.250000,25.250000,321700
2021-02-22,25.150000,25.940001,24.469999,24.559999,24.559999,391000
2021-02-23,24.400000,24.400000,23.180000,24.379999,24.379999,607100
2021-02-24,24.290001,25.059999,24.070000,25.040001,25.040001,351300
2021-02-25,24.990000,25.170000,24.840000,25.000000,25.000000,572800
2021-02-26,24.600000,25.150000,24.365000,24.559999,24.559999,1100700
2021-03-01,24.879999,26.129999,24.639999,25.620001,25.620001,635300
2021-03-02,25.620001,25.799999,24.950001,25.120001,25.120001,2517400
2021-03-03,25.260000,25.559999,24.674999,25.280001,25.280001,1094800
2021-03-04,25.160000,25.500000,24.030001,25.200001,25.200001,940300
2021-03-05,25.540001,25.549999,24.160000,25.459999,25.459999,648100
2021-03-08,25.620001,26.219999,25.160000,25.299999,25.299999,520600
2021-03-09,25.730000,26.440001,25.605000,26.350000,26.350000,458400
2021-03-10,26.780001,27.330000,26.450001,26.600000,26.600000,465400
2021-03-11,26.830000,27.150000,26.379999,27.129999,27.129999,460900
2021-03-12,27.139999,27.670000,26.820000,27.610001,27.610001,345200
2021-03-15,27.520000,27.840000,27.240000,27.434999,27.434999,509000
2021-03-16,27.500000,27.570000,26.969999,27.410000,27.410000,487800
2021-03-17,27.372000,27.700001,27.090000,27.520000,27.520000,518300
2021-03-18,27.520000,27.670000,26.870001,27.010000,27.010000,344100
2021-03-19,27.100000,27.870001,26.920000,27.740000,27.740000,915200
2021-03-22,27.700001,28.000000,27.090000,27.799999,27.799999,420800
2021-03-23,27.469999,27.840000,27.150000,27.500000,27.500000,441100
2021-03-24,27.740000,28.000000,27.049999,27.080000,27.080000,613600
2021-03-25,26.830000,27.250000,26.320000,27.049999,27.049999,377200
2021-03-26,27.340000,27.990000,27.000000,27.540001,27.540001,361200
2021-03-29,27.139999,27.889999,27.139999,27.510000,27.510000,349000
2021-03-30,27.530001,27.760000,27.270000,27.700001,27.700001,342900
2021-03-31,28.000000,28.879999,27.754999,28.780001,28.780001,1316600
2021-04-01,28.879999,29.709999,28.490000,29.670000,29.670000,503700
2021-04-05,30.020000,30.410000,29.840000,30.370001,30.370001,439900
2021-04-06,30.230000,30.559999,29.620001,29.940001,29.940001,454100
2021-04-07,29.480000,30.040001,29.480000,29.950001,29.950001,309900
2021-04-08,30.250000,30.770000,29.879999,29.950001,29.950001,611600
2021-04-09,29.990000,30.070000,29.680000,29.950001,29.950001,230000
2021-04-12,29.969999,30.170000,29.590000,30.030001,30.030001,368300
2021-04-13,30.120001,30.120001,29.410000,29.590000,29.590000,302500
2021-04-14,29.660000,29.900000,29.250000,29.780001,29.780001,245500
2021-04-15,29.900000,30.110001,29.639999,30.040001,30.040001,284200
2021-04-16,30.049999,30.049999,29.337000,29.780001,29.780001,510200
2021-04-19,29.879999,29.879999,29.070000,29.510000,29.510000,301100
2021-04-20,29.549999,29.700001,28.865000,29.090000,29.090000,472700
2021-04-21,29.040001,29.629999,28.620001,29.350000,29.350000,300100
2021-04-22,29.610001,29.820000,28.990000,29.100000,29.100000,395500
2021-04-23,29.160000,29.379999,29.020000,29.129999,29.129999,384500
2021-04-26,29.469999,29.799999,29.160000,29.545000,29.545000,341400
2021-04-27,29.430000,29.690001,29.180000,29.660000,29.660000,315900
2021-04-28,29.840000,29.850000,29.240000,29.250000,29.250000,443000
2021-04-29,30.049999,31.120001,29.290001,29.780001,29.780001,765400
2021-04-30,29.559999,30.230000,29.559999,30.209999,30.209999,593700
2021-05-03,30.200001,30.639999,30.070000,30.400000,30.400000,538500
2021-05-04,30.320000,30.510000,29.889999,30.490000,30.490000,435600
2021-05-05,30.510000,30.940001,30.090000,30.799999,30.799999,357600
2021-05-06,30.930000,30.950001,30.480000,30.920000,30.920000,255900
2021-05-07,30.990000,31.260000,30.730000,30.910000,30.910000,279800
2021-05-10,31.000000,31.000000,29.730000,29.750000,29.750000,352600
2021-05-11,29.090000,30.070000,28.809999,29.920000,29.920000,439300
2021-05-12,29.910000,30.000000,29.334999,29.389999,29.389999,339700
2021-05-13,29.410000,29.858999,29.410000,29.650000,29.650000,275500
2021-05-14,29.940001,30.820000,29.600000,30.705000,30.705000,382700
2021-05-17,30.590000,30.959999,30.370001,30.930000,30.930000,258000
2021-05-18,30.930000,31.200001,30.700001,30.790001,30.790001,364400
2021-05-19,30.799999,30.799999,30.330000,30.450001,30.450001,396300
2021-05-20,30.160000,30.709999,29.750000,30.389999,30.389999,494700
2021-05-21,30.430000,31.209999,30.045000,30.610001,30.610001,482400
2021-05-24,30.660000,30.980000,30.309999,30.750000,30.750000,405100
2021-05-25,30.320000,31.000000,30.320000,30.490000,30.490000,337500
2021-05-26,30.629999,30.719999,30.139999,30.389999,30.389999,341900
2021-05-27,30.500000,31.469999,30.219999,31.070000,31.070000,636100
2021-05-28,31.250000,32.080002,31.240000,31.360001,31.360001,839400
2021-06-01,31.559999,31.900000,31.010000,31.830000,31.830000,432000
2021-06-02,31.900000,32.165001,30.924999,30.959999,30.959999,1906000
2021-06-03,30.680000,31.100000,29.639999,31.049999,31.049999,414600
2021-06-04,31.280001,31.760000,31.280001,31.610001,31.610001,258200
2021-06-07,31.650000,31.955000,31.613001,31.740000,31.740000,277800
2021-06-08,31.830000,32.380001,31.315001,32.020000,32.020000,278600
2021-06-09,32.119999,32.459999,31.985001,32.279999,32.279999,318700
2021-06-10,32.500000,32.650002,32.145000,32.549999,32.549999,229500
2021-06-11,32.709999,32.970001,32.650002,32.799999,32.799999,252900
2021-06-14,33.040001,33.200001,32.330002,32.840000,32.840000,309200
2021-06-15,33.000000,33.200001,32.730000,32.799999,32.799999,369900
2021-06-16,32.709999,33.000000,31.690001,32.139999,32.139999,335600
2021-06-17,32.119999,32.279999,31.170000,32.169998,32.169998,305900
2021-06-18,31.790001,32.279999,31.634001,32.090000,32.090000,488800
2021-06-21,32.580002,32.880001,32.380001,32.560001,32.560001,345900
2021-06-22,32.639999,32.930000,32.250000,32.840000,32.840000,269200
2021-06-23,32.849998,33.119999,32.630001,32.959999,32.959999,286600
2021-06-24,33.139999,33.200001,32.860001,32.939999,32.939999,250400
2021-06-25,33.040001,33.610001,32.770000,33.279999,33.279999,1055400
2021-06-28,33.689999,33.689999,32.990002,33.540001,33.540001,347300
2021-06-29,33.060001,33.990002,33.060001,33.939999,33.939999,350000
2021-06-30,33.980000,34.314999,33.590000,34.080002,34.080002,470200
2021-07-01,34.230000,34.230000,33.669998,33.900002,33.900002,319200
2021-07-02,33.830002,33.910000,33.520000,33.740002,33.740002,205400
2021-07-06,33.860001,34.150002,33.389999,34.029999,34.029999,273300
2021-07-07,33.970001,34.270000,33.380001,33.849998,33.849998,210400
2021-07-08,33.369999,33.849998,33.000000,33.570000,33.570000,270100
2021-07-09,33.779999,34.099998,33.349998,33.389999,33.389999,178200
2021-07-12,33.360001,34.119999,33.270000,34.070000,34.070000,233900
2021-07-13,34.470001,34.470001,33.590000,33.639999,33.639999,234200
2021-07-14,33.650002,33.810001,32.689999,32.770000,32.770000,341700
2021-07-15,32.669998,32.900002,31.799999,32.000000,32.000000,603300
2021-07-16,32.270000,32.270000,31.860001,31.969999,31.969999,414900
2021-07-19,31.629999,32.410000,31.534000,31.940001,31.940001,579100
2021-07-20,32.070000,33.220001,32.000000,32.630001,32.630001,505500
2021-07-21,32.610001,32.980000,32.410000,32.830002,32.830002,202100
2021-07-22,32.840000,32.950001,32.400002,32.700001,32.700001,123600
2021-07-23,32.919998,33.400002,32.520000,33.299999,33.299999,212100
2021-07-26,33.439999,33.680000,32.599998,32.709999,32.709999,230600
2021-07-27,35.980000,37.520000,35.775002,36.950001,36.950001,2194600
2021-07-28,37.160000,37.500000,36.439999,36.799999,36.799999,854500
2021-07-29,36.880001,38.605000,35.369999,37.889999,37.889999,705000
2021-07-30,37.799999,38.349998,37.389999,37.880001,37.880001,424000
2021-08-02,37.340000,37.849998,37.099998,37.680000,37.680000,465800
2021-08-03,37.910000,38.040001,36.912998,38.000000,38.000000,512000
2021-08-04,37.790001,38.369999,37.610001,38.299999,38.299999,395600
2021-08-05,38.400002,38.860001,37.700001,38.810001,38.810001,291300
2021-08-06,38.860001,39.279999,38.230000,39.029999,39.029999,378400
2021-08-09,38.910999,39.270000,38.410000,38.770000,38.770000,683200
2021-08-10,38.560001,38.610001,37.167999,37.349998,37.349998,454200
2021-08-11,37.560001,38.119999,36.889999,37.450001,37.450001,579300
2021-08-12,37.349998,38.270000,37.139999,38.139999,38.139999,331200
2021-08-13,38.049999,38.127998,37.450001,37.770000,37.770000,250500
2021-08-16,37.830002,38.080002,37.513000,37.840000,37.840000,256800
2021-08-17,37.700001,38.424999,37.044998,37.639999,37.639999,541400
2021-08-18,37.619999,38.101002,37.169998,37.220001,37.220001,324300
2021-08-19,40.400002,40.500000,40.200001,40.320000,40.320000,9456100
2021-08-20,40.290001,40.470001,40.119999,40.180000,40.180000,3762000
2021-08-23,40.200001,40.330002,40.200001,40.310001,40.310001,3190500
2021-08-24,40.220001,40.525002,40.220001,40.389999,40.389999,1234000
2021-08-25,40.220001,40.540001,40.169998,40.250000,40.250000,1239400
2021-08-26,40.320000,40.849998,40.195000,40.590000,40.590000,2007300
2021-08-27,40.509998,40.610001,40.220001,40.540001,40.540001,2360000
2021-08-30,40.700001,40.709999,40.299999,40.500000,40.500000,869100