Date,Open,High,Low,Close,Adj Close,Volume
2021-01-04,33.860001,34.970001,33.020000,33.419998,33.419998,690400
2021-01-05,33.419998,34.310001,32.740002,33.450001,33.450001,719300
2021-01-06,33.459999,34.650002,32.779999,34.049999,34.049999,823600
2021-01-07,33.990002,34.770000,33.599998,34.029999,34.029999,523100
2021-01-08,33.930000,34.669998,32.709999,33.630001,33.630001,814000
2021-01-11,33.680000,34.000000,32.709999,33.200001,33.200001,592100
2021-01-12,33.240002,37.549999,33.240002,36.509998,36.509998,1560000
2021-01-13,36.290001,37.939999,36.070000,36.380001,36.380001,1760500
2021-01-14,36.759998,37.840000,36.250000,37.369999,37.369999,649500
2021-01-15,37.070000,37.750000,35.549999,36.240002,36.240002,675300
2021-01-19,37.480000,39.590000,36.799999,39.439999,39.439999,929800
2021-01-20,39.669998,40.389999,38.900002,40.250000,40.250000,930800
2021-01-21,40.320000,42.770000,40.320000,42.080002,42.080002,808300
2021-01-22,41.430000,42.200001,40.330002,42.000000,42.000000,985600
2021-01-25,42.000000,43.939999,41.549999,43.860001,43.860001,829700
2021-01-26,43.540001,44.369999,41.570000,42.250000,42.250000,1040300
2021-01-27,41.330002,41.410000,37.500000,38.320000,38.320000,1208400
2021-01-28,38.560001,39.180000,37.400002,37.470001,37.470001,977000
2021-01-29,36.669998,38.560001,36.290001,37.590000,37.590000,832300
2021-02-01,38.049999,38.490002,36.500000,37.439999,37.439999,715300
2021-02-02,38.250000,41.950001,38.000000,41.700001,41.700001,1280300
2021-02-03,41.810001,42.500000,40.160000,40.290001,40.290001,593500
2021-02-04,40.119999,42.570000,39.950001,41.990002,41.990002,809300
2021-02-05,42.669998,42.709999,41.150002,42.459999,42.459999,494800
2021-02-08,42.900002,44.310001,42.430000,44.299999,44.299999,567800
2021-02-09,44.480000,45.439999,44.150002,44.270000,44.270000,850700
2021-02-10,44.599998,44.599998,41.680000,41.950001,41.950001,449900
2021-02-11,42.160000,42.730000,39.810001,40.340000,40.340000,597400
2021-02-12,40.070000,42.209999,39.740002,41.779999,41.779999,628900
2021-02-16,41.410000,42.619999,40.970001,41.880001,41.880001,442900
2021-02-17,41.410000,43.299999,41.029999,42.639999,42.639999,522100
2021-02-18,42.000000,42.340000,39.650002,40.400002,40.400002,511400
2021-02-19,40.619999,42.060001,40.169998,40.900002,40.900002,616000
2021-02-22,41.279999,41.820000,40.049999,40.549999,40.549999,1045000
2021-02-23,39.540001,40.389999,38.029999,39.290001,39.290001,1132600
2021-02-24,39.639999,40.209999,38.580002,40.029999,40.029999,918700
2021-02-25,38.000000,39.860001,36.840000,37.160000,37.160000,1316500
2021-02-26,37.799999,38.450001,35.689999,35.770000,35.770000,1061700
2021-03-01,36.689999,38.180000,36.689999,37.730000,37.730000,783300
2021-03-02,37.540001,39.150002,37.000000,38.450001,38.450001,1128900
2021-03-03,38.299999,40.020000,37.509998,37.910000,37.910000,1428800
2021-03-04,38.049999,38.759998,36.709999,37.290001,37.290001,779100
2021-03-05,37.259998,38.630001,36.200001,38.130001,38.130001,1447200
2021-03-08,38.200001,39.509998,37.959999,38.919998,38.919998,1367400
2021-03-09,38.799999,41.770000,38.799999,39.889999,39.889999,961700
2021-03-10,40.459999,40.560001,38.240002,38.560001,38.560001,1050100
2021-03-11,38.900002,40.340000,38.430000,40.250000,40.250000,1422200
2021-03-12,39.939999,40.259998,39.009998,39.110001,39.110001,3318200
2021-03-15,38.709999,39.209999,35.900002,36.619999,36.619999,2746700
2021-03-16,36.419998,37.270000,35.090000,35.529999,35.529999,1021000
2021-03-17,35.160000,37.509998,34.770000,37.490002,37.490002,1136400
2021-03-18,36.900002,38.299999,35.889999,36.430000,36.430000,1003200
2021-03-19,36.250000,37.860001,36.250000,37.520000,37.520000,2158800
2021-03-22,37.419998,38.410000,37.049999,37.590000,37.590000,527700
2021-03-23,36.970001,37.360001,35.180000,35.189999,35.189999,871700
2021-03-24,35.939999,35.939999,33.910000,33.980000,33.980000,891500
2021-03-25,33.430000,34.560001,32.880001,34.470001,34.470001,556400
2021-03-26,34.919998,35.480000,33.450001,34.650002,34.650002,544300
2021-03-29,34.220001,34.740002,32.259998,32.540001,32.540001,885900
2021-03-30,32.470001,33.200001,31.690001,32.279999,32.279999,1096500
2021-03-31,32.349998,34.389999,32.200001,34.060001,34.060001,932600
2021-04-01,34.500000,36.020000,33.869999,35.439999,35.439999,684300
2021-04-05,36.020000,36.020000,34.950001,35.389999,35.389999,720200
2021-04-06,35.290001,35.560001,34.070000,34.130001,34.130001,593300
2021-04-07,34.220001,34.660000,33.130001,33.349998,33.349998,1051600
2021-04-08,33.619999,34.080002,32.130001,32.320000,32.320000,1087100
2021-04-09,32.090000,32.560001,31.320000,31.700001,31.700001,866000
2021-04-12,31.520000,31.719999,30.549999,30.820000,30.820000,948600
2021-04-13,30.980000,31.809999,30.820000,31.680000,31.680000,544700
2021-04-14,32.180000,33.400002,32.009998,33.020000,33.020000,904600
2021-04-15,33.320000,33.860001,32.820000,33.619999,33.619999,715100
2021-04-16,33.889999,33.889999,32.389999,33.070000,33.070000,584400
2021-04-19,32.919998,33.209999,31.910000,32.250000,32.250000,346900
2021-04-20,31.950001,32.430000,31.389999,32.299999,32.299999,473800
2021-04-21,32.230000,33.840000,31.639999,33.790001,33.790001,521800
2021-04-22,33.950001,35.750000,32.919998,35.020000,35.020000,1126900
2021-04-23,35.099998,35.349998,34.340000,35.000000,35.000000,688700
2021-04-26,35.500000,36.060001,34.330002,36.009998,36.009998,733300
2021-04-27,36.299999,36.970001,35.660000,35.990002,35.990002,623000
2021-04-28,35.730000,35.970001,35.270000,35.730000,35.730000,644800
2021-04-29,35.880001,35.880001,34.180000,34.900002,34.900002,459700
2021-04-30,34.360001,35.029999,33.709999,33.730000,33.730000,587700
2021-05-03,34.139999,34.720001,32.910000,32.939999,32.939999,628800
2021-05-04,32.549999,32.770000,31.049999,31.299999,31.299999,944800
2021-05-05,31.850000,31.850000,30.330000,30.520000,30.520000,916300
2021-05-06,30.000000,32.619999,29.120001,32.500000,32.500000,1313300
2021-05-07,32.990002,32.990002,31.580000,32.580002,32.580002,672500
2021-05-10,28.219999,28.500000,24.889999,25.990000,25.990000,7268800
2021-05-11,25.070000,27.520000,25.000000,26.959999,26.959999,9437600
2021-05-12,26.840000,27.969999,26.400000,26.459999,26.459999,3289800
2021-05-13,26.540001,26.570000,24.910000,25.480000,25.480000,2215700
2021-05-14,25.520000,26.600000,25.290001,26.230000,26.230000,1569300
2021-05-17,26.110001,26.379999,25.540001,26.040001,26.040001,1438600
2021-05-18,26.110001,26.889999,25.740000,26.049999,26.049999,1788400
2021-05-19,25.400000,25.930000,25.110001,25.740000,25.740000,898900
2021-05-20,25.740000,26.639999,25.400000,26.270000,26.270000,905800
2021-05-21,26.590000,26.590000,25.639999,25.850000,25.850000,785900
2021-05-24,25.900000,26.160000,25.219999,25.360001,25.360001,673800
2021-05-25,25.480000,25.600000,24.290001,24.290001,24.290001,1304600
2021-05-26,24.360001,24.860001,23.950001,24.459999,24.459999,1303300
2021-05-27,24.650000,24.889999,24.020000,24.170000,24.170000,1686000
2021-05-28,24.270000,24.840000,24.270000,24.600000,24.600000,945100
2021-06-01,25.000000,25.570000,24.510000,25.170000,25.170000,1052500
2021-06-02,25.120001,25.540001,24.670000,25.490000,25.490000,915200
2021-06-03,25.240000,25.730000,24.559999,25.170000,25.170000,727300
2021-06-04,25.180000,25.730000,24.760000,25.330000,25.330000,541000
2021-06-07,25.370001,27.309999,25.370001,26.969999,26.969999,1063400
2021-06-08,27.160000,27.400000,26.480000,26.930000,26.930000,962600
2021-06-09,27.070000,27.910000,27.070000,27.580000,27.580000,691100
2021-06-10,27.620001,29.190001,27.360001,29.070000,29.070000,1419000
2021-06-11,29.270000,30.150000,28.830000,30.059999,30.059999,1169900
2021-06-14,30.280001,30.740000,29.530001,29.969999,29.969999,1394600
2021-06-15,29.889999,29.889999,28.879999,29.309999,29.309999,706900
2021-06-16,29.309999,29.590000,28.320000,29.000000,29.000000,1101500
2021-06-17,28.740000,29.480000,28.540001,29.230000,29.230000,945700
2021-06-18,28.780001,29.160000,28.280001,29.100000,29.100000,1501800
2021-06-21,29.170000,29.180000,28.170000,28.770000,28.770000,1131300
2021-06-22,28.549999,28.600000,27.500000,27.620001,27.620001,1142500
2021-06-23,27.430000,27.950001,27.070000,27.840000,27.840000,1113500
2021-06-24,28.030001,28.490000,27.459999,27.639999,27.639999,576500
2021-06-25,27.660000,28.990000,27.559999,28.940001,28.940001,1128100
2021-06-28,29.190001,29.930000,29.080000,29.700001,29.700001,924100
2021-06-29,29.850000,29.879999,29.299999,29.370001,29.370001,556200
2021-06-30,29.250000,29.320000,28.430000,28.459999,28.459999,514300
2021-07-01,28.610001,29.500000,28.500000,29.469999,29.469999,574500
2021-07-02,29.330000,29.500000,28.450001,28.500000,28.500000,385200
2021-07-06,28.459999,28.570000,27.850000,28.059999,28.059999,444500
2021-07-07,27.940001,28.450001,26.959999,27.860001,27.860001,736400
2021-07-08,26.959999,28.270000,26.600000,27.889999,27.889999,434000
2021-07-09,27.930000,28.440001,27.299999,28.400000,28.400000,314500
2021-07-12,28.459999,28.690001,27.820000,28.250000,28.250000,454800
2021-07-13,28.160000,28.930000,27.809999,28.510000,28.510000,438900
2021-07-14,28.570000,28.670000,27.160000,27.389999,27.389999,828500
2021-07-15,27.299999,27.670000,26.980000,27.490000,27.490000,465600
2021-07-16,27.809999,27.900000,26.530001,26.660000,26.660000,985100
2021-07-19,26.120001,26.459999,25.520000,25.700001,25.700001,602600
2021-07-20,25.600000,26.780001,25.540001,26.480000,26.480000,1062100
2021-07-21,26.459999,26.459999,25.840000,26.020000,26.020000,803100
2021-07-22,25.780001,26.049999,24.930000,25.020000,25.020000,1439500
2021-07-23,25.250000,25.250000,24.100000,24.240000,24.240000,1163600
2021-07-26,24.190001,24.469999,23.690001,23.900000,23.900000,460800
2021-07-27,23.600000,24.020000,23.280001,23.809999,23.809999,556000
2021-07-28,23.969999,25.240000,23.639999,25.090000,25.090000,1008800
2021-07-29,25.240000,25.389999,24.459999,24.540001,24.540001,636100
2021-07-30,24.360001,24.840000,24.280001,24.600000,24.600000,759800
2021-08-02,24.840000,25.170000,24.040001,24.129999,24.129999,618900
2021-08-03,23.160000,24.230000,23.160000,24.040001,24.040001,509800
2021-08-04,24.010000,25.139999,23.559999,24.770000,24.770000,1392600
2021-08-05,24.910000,25.309999,24.459999,25.309999,25.309999,957600
2021-08-06,25.420000,26.080000,24.940001,25.600000,25.600000,830000
2021-08-09,25.559999,25.900000,24.570000,24.600000,24.600000,878700
2021-08-10,24.570000,24.860001,23.959999,24.190001,24.190001,499300
2021-08-11,24.299999,24.750000,24.139999,24.360001,24.360001,436800
2021-08-12,24.450001,24.530001,23.459999,23.920000,23.920000,721800
2021-08-13,24.030001,24.260000,23.490000,23.559999,23.559999,403700
2021-08-16,23.500000,23.639999,22.850000,22.889999,22.889999,685100
2021-08-17,22.559999,23.350000,22.360001,23.320000,23.320000,483400
2021-08-18,23.480000,23.530001,22.770000,22.809999,22.809999,476100
2021-08-19,22.719999,23.110001,22.410000,22.459999,22.459999,527600
2021-08-20,22.250000,23.740000,22.000000,23.570000,23.570000,753000
2021-08-23,24.120001,25.379999,23.940001,25.309999,25.309999,780700
2021-08-24,25.389999,25.549999,24.840000,25.490000,25.490000,599300
2021-08-25,25.530001,26.260000,25.360001,26.190001,26.190001,434400
2021-08-26,26.180000,26.480000,25.750000,25.809999,25.809999,617900
2021-08-27,25.719999,27.059999,25.559999,26.879999,26.879999,770400
2021-08-30,26.959999,27.770000,26.629999,27.650000,27.650000,677400