Date,Open,High,Low,Close,Adj Close,Volume
2021-01-04,184.559998,187.130005,179.619995,182.449997,182.449997,257000
2021-01-05,182.740005,189.350006,182.550003,188.139999,188.139999,217400
2021-01-06,187.710007,194.470001,186.320007,191.190002,191.190002,219100
2021-01-07,192.300003,195.000000,191.205002,194.259995,194.259995,193200
2021-01-08,187.000000,201.979996,185.000000,194.100006,194.100006,348700
2021-01-11,191.630005,196.740005,187.839996,193.880005,193.880005,199500
2021-01-12,193.949997,196.289993,192.610001,195.139999,195.139999,145300
2021-01-13,195.139999,201.139999,192.410004,200.860001,200.860001,247400
2021-01-14,201.000000,216.979996,200.535004,211.470001,211.470001,449100
2021-01-15,211.289993,216.485001,208.520004,209.770004,209.770004,271900
2021-01-19,213.309998,224.830002,212.529999,223.529999,223.529999,298200
2021-01-20,225.289993,229.490005,220.429993,221.330002,221.330002,203100
2021-01-21,223.100006,224.229996,217.419998,219.600006,219.600006,198000
2021-01-22,217.699997,222.929993,216.554993,220.809998,220.809998,190200
2021-01-25,223.919998,226.350006,211.789993,214.929993,214.929993,289700
2021-01-26,216.860001,218.130005,199.259995,201.550003,201.550003,316100
2021-01-27,194.889999,197.449997,187.067993,188.839996,188.839996,370600
2021-01-28,192.199997,207.600006,191.160004,204.500000,204.500000,346300
2021-01-29,204.639999,205.669998,195.000000,201.509995,201.509995,249600
2021-02-01,203.710007,205.085007,200.179993,204.619995,204.619995,140500
2021-02-02,208.410004,218.910004,208.410004,213.990005,213.990005,213600
2021-02-03,215.630005,215.860001,209.410004,213.960007,213.960007,160300
2021-02-04,215.529999,226.500000,213.570007,221.830002,221.830002,253100
2021-02-05,224.759995,224.759995,216.050003,222.259995,222.259995,134800
2021-02-08,224.800003,233.440002,222.089996,223.179993,223.179993,183800
2021-02-09,223.059998,227.848999,219.998993,224.559998,224.559998,177800
2021-02-10,228.220001,233.440002,220.839996,224.619995,224.619995,151700
2021-02-11,226.199997,232.669998,223.880005,232.179993,232.179993,152300
2021-02-12,231.529999,238.285004,228.130005,237.250000,237.250000,136400
2021-02-16,238.639999,239.395004,228.145004,231.179993,231.179993,165000
2021-02-17,227.100006,230.139999,218.880005,228.899994,228.899994,177700
2021-02-18,227.110001,227.110001,218.024994,224.020004,224.020004,137200
2021-02-19,226.360001,233.690002,224.050003,229.100006,229.100006,147200
2021-02-22,227.000000,229.850006,221.046997,223.630005,223.630005,235500
2021-02-23,219.190002,224.240005,195.080002,220.500000,220.500000,379100
2021-02-24,232.149994,237.613998,225.360001,231.210007,231.210007,318300
2021-02-25,229.020004,229.589996,220.714996,226.240005,226.240005,315900
2021-02-26,227.559998,235.630005,223.919998,232.789993,232.789993,353500
2021-03-01,237.460007,252.250000,237.020004,249.250000,249.250000,272800
2021-03-02,250.000000,251.964996,240.250000,241.389999,241.389999,226700
2021-03-03,241.440002,241.440002,226.830002,231.529999,231.529999,217900
2021-03-04,227.139999,235.050003,212.210007,215.429993,215.429993,380400
2021-03-05,217.020004,217.235001,198.160004,211.889999,211.889999,429500
2021-03-08,213.220001,213.220001,186.669998,186.770004,186.770004,437100
2021-03-09,191.330002,208.220001,191.330002,205.990005,205.990005,352800
2021-03-10,208.190002,218.410004,208.190002,210.539993,210.539993,263400
2021-03-11,218.320007,219.880005,212.899994,219.860001,219.860001,288600
2021-03-12,216.960007,219.369995,211.419998,218.050003,218.050003,148900
2021-03-15,217.509995,219.440002,213.029999,218.169998,218.169998,165000
2021-03-16,220.000000,224.125000,212.330002,216.639999,216.639999,232200
2021-03-17,212.470001,224.354996,210.167007,222.669998,222.669998,209400
2021-03-18,219.479996,220.399994,201.059998,201.330002,201.330002,276600
2021-03-19,203.610001,209.270004,199.565002,204.610001,204.610001,351900
2021-03-22,206.729996,210.979996,203.770004,207.369995,207.369995,193000
2021-03-23,205.210007,207.699997,200.380005,200.460007,200.460007,247700
2021-03-24,204.820007,204.820007,192.800003,193.399994,193.399994,287500
2021-03-25,190.119995,199.449997,186.800003,198.220001,198.220001,221700
2021-03-26,199.460007,199.979996,187.149994,193.979996,193.979996,154700
2021-03-29,192.830002,193.770004,187.110001,188.720001,188.720001,180600
2021-03-30,188.360001,197.039993,185.160004,196.199997,196.199997,193700
2021-03-31,199.399994,208.449997,199.309998,206.990005,206.990005,269000
2021-04-01,210.750000,217.039993,204.710007,207.880005,207.880005,270500
2021-04-05,210.380005,212.139999,200.425003,204.720001,204.720001,178100
2021-04-06,205.020004,209.190002,204.800003,206.880005,206.880005,117400
2021-04-07,206.669998,209.229996,202.524994,204.110001,204.110001,116500
2021-04-08,206.899994,213.287994,205.740005,211.179993,211.179993,116500
2021-04-09,211.759995,218.710007,210.675003,218.449997,218.449997,167000
2021-04-12,218.399994,218.809998,210.610001,217.539993,217.539993,179200
2021-04-13,218.880005,222.630005,215.000000,221.220001,221.220001,137500
2021-04-14,222.009995,226.300003,222.000000,224.669998,224.669998,166700
2021-04-15,228.039993,234.000000,225.089996,233.399994,233.399994,150800
2021-04-16,235.000000,235.000000,226.240005,231.460007,231.460007,157800
2021-04-19,229.419998,229.419998,220.179993,222.710007,222.710007,138200
2021-04-20,221.440002,223.000000,215.000000,219.600006,219.600006,111800
2021-04-21,218.339996,230.630005,217.529999,229.500000,229.500000,100500
2021-04-22,232.080002,233.865005,223.830002,228.130005,228.130005,141800
2021-04-23,229.690002,232.139999,225.610001,227.679993,227.679993,126000
2021-04-26,228.679993,242.000000,227.279999,241.149994,241.149994,178100
2021-04-27,240.600006,240.904999,233.429993,237.990005,237.990005,111300
2021-04-28,235.639999,244.589996,234.725006,242.229996,242.229996,220300
2021-04-29,243.479996,243.720001,235.220001,240.679993,240.679993,118000
2021-04-30,236.250000,244.889999,233.960007,236.820007,236.820007,204100
2021-05-03,238.779999,241.449997,233.800003,235.479996,235.479996,172800
2021-05-04,234.009995,234.130005,221.904999,226.529999,226.529999,247600
2021-05-05,215.000000,218.429993,194.169998,197.880005,197.880005,666100
2021-05-06,196.020004,197.190002,183.229996,191.600006,191.600006,446200
2021-05-07,194.050003,199.664993,192.373001,194.600006,194.600006,266500
2021-05-10,192.820007,192.820007,175.270004,179.889999,179.889999,491400
2021-05-11,173.860001,184.970001,173.759995,179.789993,179.789993,308400
2021-05-12,177.009995,180.339996,170.399994,170.929993,170.929993,306300
2021-05-13,173.580002,176.330002,160.020004,166.630005,166.630005,293900
2021-05-14,168.070007,175.309998,164.800003,171.160004,171.160004,300000
2021-05-17,168.750000,171.520004,164.910004,168.429993,168.429993,209800
2021-05-18,169.210007,179.880005,168.110001,175.300003,175.300003,331100
2021-05-19,170.970001,177.324997,168.210007,176.300003,176.300003,211400
2021-05-20,177.779999,178.979996,173.634995,177.539993,177.539993,212500
2021-05-21,186.600006,187.554993,178.020004,178.020004,178.020004,188200
2021-05-24,178.759995,183.330002,177.429993,181.889999,181.889999,249800
2021-05-25,183.460007,189.389999,181.850006,188.149994,188.149994,236700
2021-05-26,188.000000,192.020004,186.389999,189.509995,189.509995,166500
2021-05-27,189.429993,194.869995,186.690002,192.940002,192.940002,166200
2021-05-28,195.210007,197.884995,193.270004,194.300003,194.300003,164500
2021-06-01,194.610001,197.449997,182.720001,184.759995,184.759995,167800
2021-06-02,184.070007,184.070007,170.759995,170.979996,170.979996,333200
2021-06-03,168.399994,171.110001,160.940002,165.830002,165.830002,668100
2021-06-04,167.729996,169.639999,164.309998,164.929993,164.929993,289400
2021-06-07,164.960007,173.940002,164.960007,172.470001,172.470001,247100
2021-06-08,173.729996,173.729996,164.089996,168.119995,168.119995,302000
2021-06-09,170.000000,171.839996,166.770004,167.250000,167.250000,204200
2021-06-10,165.589996,174.630005,164.664993,172.380005,172.380005,241900
2021-06-11,172.600006,184.470001,172.600006,183.100006,183.100006,365700
2021-06-14,185.000000,191.220001,184.320007,188.289993,188.289993,261900
2021-06-15,189.100006,189.604996,182.630005,187.419998,187.419998,187100
2021-06-16,187.399994,187.419998,182.889999,186.149994,186.149994,186200
2021-06-17,183.740005,192.410004,183.740005,189.649994,189.649994,116300
2021-06-18,186.619995,190.250000,183.880005,185.929993,185.929993,392700
2021-06-21,186.089996,190.869995,179.380005,188.759995,188.759995,134800
2021-06-22,188.639999,196.139999,187.119995,195.589996,195.589996,208500
2021-06-23,195.160004,200.000000,193.401993,198.699997,198.699997,175800
2021-06-24,200.289993,201.089996,195.309998,196.279999,196.279999,146200
2021-06-25,197.199997,201.520004,193.985001,198.199997,198.199997,269000
2021-06-28,200.309998,200.899994,194.860001,196.690002,196.690002,170700
2021-06-29,197.850006,198.210007,194.460007,195.309998,195.309998,147000
2021-06-30,194.300003,195.149994,190.781006,193.259995,193.259995,104400
2021-07-01,195.000000,199.169998,194.419998,198.330002,198.330002,221200
2021-07-02,201.000000,203.270004,197.139999,201.820007,201.820007,218500
2021-07-06,201.820007,201.820007,179.382996,186.479996,186.479996,551800
2021-07-07,185.850006,188.179993,177.774994,178.089996,178.089996,243700
2021-07-08,174.929993,181.365005,172.395004,179.589996,179.589996,303200
2021-07-09,181.600006,186.192001,179.759995,185.729996,185.729996,161800
2021-07-12,184.570007,188.990005,184.350006,185.199997,185.199997,232300
2021-07-13,183.589996,189.009995,183.589996,187.699997,187.699997,186100
2021-07-14,179.279999,181.979996,174.505005,175.580002,175.580002,541200
2021-07-15,175.494995,178.000000,172.080002,174.220001,174.220001,292000
2021-07-16,176.199997,181.440002,172.710007,180.259995,180.259995,139700
2021-07-19,176.289993,179.710007,174.990005,176.250000,176.250000,229200
2021-07-20,159.710007,173.059998,159.179993,170.000000,170.000000,1287800
2021-07-21,171.330002,180.029999,168.820007,179.160004,179.160004,327500
2021-07-22,180.029999,180.050003,173.009995,176.750000,176.750000,155300
2021-07-23,177.619995,178.990005,174.535004,178.720001,178.720001,136700
2021-07-26,178.639999,180.009995,172.139999,173.740005,173.740005,155500
2021-07-27,172.259995,172.259995,165.389999,170.389999,170.389999,171900
2021-07-28,172.699997,180.940002,172.559998,178.550003,178.550003,146400
2021-07-29,178.509995,185.940002,177.259995,178.779999,178.779999,152100
2021-07-30,177.470001,183.529999,177.470001,183.160004,183.160004,259900
2021-08-02,182.899994,190.375000,182.785004,186.820007,186.820007,377600
2021-08-03,185.880005,188.850006,180.199997,187.000000,187.000000,288600
2021-08-04,208.869995,221.940002,208.490005,211.000000,211.000000,1129400
2021-08-05,210.000000,215.445007,207.630005,214.960007,214.960007,294800
2021-08-06,214.910004,216.000000,209.970001,213.740005,213.740005,181700
2021-08-09,214.210007,214.210007,204.820007,207.220001,207.220001,318600
2021-08-10,207.330002,207.330002,184.869995,188.029999,188.029999,350000
2021-08-11,187.350006,188.470001,178.410004,185.809998,185.809998,305100
2021-08-12,186.000000,196.690002,182.210007,192.020004,192.020004,277700
2021-08-13,190.960007,193.500000,187.020004,188.729996,188.729996,123100
2021-08-16,189.000000,198.369995,187.610001,197.119995,197.119995,213400
2021-08-17,195.169998,205.449997,195.169998,204.479996,204.479996,224400
2021-08-18,205.429993,213.179993,201.789993,206.740005,206.740005,236400
2021-08-19,205.000000,209.809998,202.720993,204.770004,204.770004,182500
2021-08-20,204.270004,213.559998,203.660004,212.729996,212.729996,219700
2021-08-23,212.919998,216.050003,209.070007,211.589996,211.589996,147200
2021-08-24,213.410004,221.440002,208.110001,218.130005,218.130005,255900
2021-08-25,216.220001,220.460007,214.490005,215.589996,215.589996,133000
2021-08-26,215.479996,219.889999,214.259995,216.869995,216.869995,153300
2021-08-27,217.759995,220.740005,213.880005,219.639999,219.639999,226800
2021-08-30,221.000000,223.250000,219.639999,222.360001,222.360001,248500