Date,Open,High,Low,Close,Adj Close,Volume
2021-01-04,39.529999,39.799999,37.709999,38.759998,38.759998,660700
2021-01-05,38.860001,40.000000,38.730000,39.680000,39.680000,556800
2021-01-06,40.160000,41.770000,39.919998,41.630001,41.630001,1062400
2021-01-07,41.730000,42.910000,41.619999,42.610001,42.610001,734300
2021-01-08,42.799999,44.500000,42.570000,43.200001,43.200001,752400
2021-01-11,42.500000,43.150002,41.590000,43.049999,43.049999,508400
2021-01-12,43.450001,44.279999,43.130001,44.080002,44.080002,531500
2021-01-13,44.250000,44.250000,42.930000,43.160000,43.160000,473100
2021-01-14,45.400002,47.450001,45.000000,46.919998,46.919998,1658500
2021-01-15,46.980000,47.220001,45.810001,46.549999,46.549999,1131200
2021-01-19,49.000000,49.230000,47.700001,48.380001,48.380001,1711000
2021-01-20,48.419998,50.830002,47.709999,48.000000,48.000000,1653200
2021-01-21,48.080002,48.810001,47.320000,48.310001,48.310001,1015700
2021-01-22,48.160000,49.150002,47.400002,49.000000,49.000000,1025900
2021-01-25,49.349998,51.119999,48.330002,49.000000,49.000000,1118100
2021-01-26,49.230000,49.419998,48.240002,48.730000,48.730000,829800
2021-01-27,47.570000,49.279999,46.209999,48.650002,48.650002,1044300
2021-01-28,54.509998,54.509998,47.790001,49.830002,49.830002,1476900
2021-01-29,50.750000,52.000000,49.020000,49.270000,49.270000,1393000
2021-02-01,51.500000,51.500000,49.290001,49.820000,49.820000,1257300
2021-02-02,50.520000,50.919998,49.419998,49.750000,49.750000,1095600
2021-02-03,50.169998,51.700001,49.919998,51.419998,51.419998,1074900
2021-02-04,51.810001,52.880001,50.799999,52.860001,52.860001,821800
2021-02-05,53.610001,54.049999,53.029999,53.939999,53.939999,945500
2021-02-08,54.500000,54.650002,53.560001,54.369999,54.369999,1331600
2021-02-09,51.480000,51.880001,47.349998,47.509998,47.509998,3959800
2021-02-10,49.799999,49.810001,46.570000,47.500000,47.500000,3271300
2021-02-11,47.500000,48.259998,43.939999,46.110001,46.110001,24324300
2021-02-12,46.889999,47.959999,45.759998,47.520000,47.520000,2728500
2021-02-16,50.150002,50.549999,48.669998,49.029999,49.029999,2243300
2021-02-17,47.930000,49.259998,46.900002,48.320000,48.320000,1758900
2021-02-18,46.970001,47.470001,45.910000,47.349998,47.349998,1619400
2021-02-19,48.009998,48.500000,46.849998,47.369999,47.369999,1202700
2021-02-22,46.000000,46.570000,44.189999,44.200001,44.200001,1501100
2021-02-23,40.099998,41.400002,37.799999,40.590000,40.590000,2478600
2021-02-24,39.950001,41.169998,39.000000,40.610001,40.610001,1458800
2021-02-25,40.570000,40.869999,38.369999,38.700001,38.700001,1379000
2021-02-26,38.410000,39.520000,38.049999,38.310001,38.310001,1923500
2021-03-01,39.259998,41.990002,39.119999,41.910000,41.910000,1496800
2021-03-02,41.360001,41.660000,39.299999,39.470001,39.470001,1602600
2021-03-03,42.000000,42.189999,38.770000,38.790001,38.790001,1583800
2021-03-04,38.459999,39.049999,36.570000,37.270000,37.270000,2002600
2021-03-05,37.310001,37.880001,34.980000,37.700001,37.700001,3051600
2021-03-08,37.500000,38.770000,36.779999,37.320000,37.320000,1593400
2021-03-09,38.709999,40.470001,38.410000,40.040001,40.040001,1373900
2021-03-10,40.990002,41.419998,39.930000,40.810001,40.810001,952000
2021-03-11,41.549999,42.349998,41.000000,41.700001,41.700001,1478400
2021-03-12,40.880001,41.570000,40.110001,41.459999,41.459999,612800
2021-03-15,41.520000,42.110001,41.000000,42.060001,42.060001,697400
2021-03-16,41.869999,42.029999,39.709999,40.259998,40.259998,908400
2021-03-17,39.590000,41.020000,38.799999,40.599998,40.599998,732200
2021-03-18,40.049999,40.119999,38.389999,38.520000,38.520000,688000
2021-03-19,38.410000,39.180000,37.450001,38.830002,38.830002,2334500
2021-03-22,39.049999,39.540001,38.770000,39.240002,39.240002,610300
2021-03-23,38.820000,39.110001,37.660000,37.790001,37.790001,800800
2021-03-24,38.169998,38.860001,36.700001,36.779999,36.779999,1141900
2021-03-25,35.610001,38.529999,35.580002,38.349998,38.349998,1376900
2021-03-26,38.619999,38.900002,36.970001,38.130001,38.130001,918600
2021-03-29,38.090000,38.950001,37.209999,37.889999,37.889999,1190800
2021-03-30,38.029999,39.869999,37.820000,39.799999,39.799999,1097000
2021-03-31,40.200001,41.610001,40.189999,41.250000,41.250000,1152900
2021-04-01,42.240002,42.380001,40.060001,40.200001,40.200001,998000
2021-04-05,40.500000,41.349998,40.110001,40.919998,40.919998,668000
2021-04-06,40.419998,41.020000,39.790001,40.910000,40.910000,637200
2021-04-07,40.660000,40.990002,39.950001,40.070000,40.070000,806100
2021-04-08,40.619999,42.070000,40.509998,42.040001,42.040001,706200
2021-04-09,42.169998,43.139999,42.029999,42.950001,42.950001,738100
2021-04-12,42.529999,42.639999,40.299999,40.459999,40.459999,933800
2021-04-13,40.270000,41.650002,40.270000,41.369999,41.369999,803900
2021-04-14,41.360001,42.369999,41.060001,41.130001,41.130001,536400
2021-04-15,41.130001,41.560001,40.900002,41.529999,41.529999,526000
2021-04-16,41.299999,41.580002,40.660000,40.810001,40.810001,566300
2021-04-19,40.080002,40.470001,38.099998,38.470001,38.470001,1143600
2021-04-20,37.000000,38.270000,35.919998,35.930000,35.930000,1589000
2021-04-21,35.520000,37.779999,35.259998,37.700001,37.700001,1420100
2021-04-22,38.250000,38.439999,37.430000,37.549999,37.549999,1107400
2021-04-23,37.430000,38.160000,37.020000,37.669998,37.669998,819500
2021-04-26,38.040001,38.990002,37.889999,38.560001,38.560001,892000
2021-04-27,38.910000,38.990002,37.919998,38.209999,38.209999,735500
2021-04-28,38.080002,38.389999,37.689999,38.299999,38.299999,532600
2021-04-29,38.470001,38.610001,37.700001,38.240002,38.240002,945200
2021-04-30,37.330002,38.720001,37.330002,37.990002,37.990002,1197900
2021-05-03,37.910000,38.139999,37.430000,37.480000,37.480000,774800
2021-05-04,36.880001,37.439999,36.540001,37.139999,37.139999,1911000
2021-05-05,37.410000,37.490002,36.459999,36.900002,36.900002,1140000
2021-05-06,36.840000,38.240002,36.150002,38.220001,38.220001,1128000
2021-05-07,38.740002,39.220001,37.820000,37.930000,37.930000,902500
2021-05-10,37.540001,37.700001,36.349998,36.360001,36.360001,1195000
2021-05-11,33.160000,37.480000,32.849998,36.889999,36.889999,1249900
2021-05-12,36.119999,36.430000,35.180000,35.290001,35.290001,1240900
2021-05-13,35.590000,37.439999,35.549999,36.560001,36.560001,1191100
2021-05-14,36.980000,38.160000,36.919998,37.279999,37.279999,994800
2021-05-17,36.919998,37.180000,36.040001,36.860001,36.860001,953900
2021-05-18,36.000000,37.570000,36.000000,36.720001,36.720001,1596500
2021-05-19,35.320000,37.330002,34.939999,37.160000,37.160000,704600
2021-05-20,37.209999,37.680000,36.820000,37.430000,37.430000,558800
2021-05-21,37.959999,38.160000,36.860001,36.980000,36.980000,511500
2021-05-24,37.299999,37.639999,36.869999,37.330002,37.330002,709900
2021-05-25,37.740002,38.320000,37.110001,37.349998,37.349998,1314400
2021-05-26,37.520000,38.020000,37.419998,38.000000,38.000000,551200
2021-05-27,38.380001,38.380001,37.570000,37.759998,37.759998,758300
2021-05-28,38.160000,38.730000,37.889999,38.209999,38.209999,686700
2021-06-01,38.410000,38.750000,37.910000,38.330002,38.330002,611500
2021-06-02,38.340000,38.430000,37.720001,38.009998,38.009998,754000
2021-06-03,37.400002,37.650002,36.759998,36.990002,36.990002,794000
2021-06-04,36.880001,37.900002,36.880001,37.230000,37.230000,433300
2021-06-07,37.299999,38.220001,37.040001,38.119999,38.119999,552100
2021-06-08,38.599998,38.930000,38.049999,38.560001,38.560001,1274300
2021-06-09,38.880001,39.389999,38.340000,38.480000,38.480000,676700
2021-06-10,38.709999,39.459999,38.509998,39.340000,39.340000,766300
2021-06-11,39.360001,39.669998,38.570000,39.060001,39.060001,652000
2021-06-14,39.189999,39.830002,38.849998,39.799999,39.799999,556700
2021-06-15,39.810001,39.810001,38.830002,39.500000,39.500000,738100
2021-06-16,39.480000,39.490002,38.119999,39.049999,39.049999,806800
2021-06-17,38.820000,41.910000,38.590000,41.320000,41.320000,1233600
2021-06-18,41.000000,41.189999,39.080002,39.330002,39.330002,1534800
2021-06-21,39.470001,40.490002,39.009998,40.410000,40.410000,523900
2021-06-22,40.410000,40.740002,39.970001,40.610001,40.610001,747100
2021-06-23,40.750000,41.150002,40.340000,40.730000,40.730000,481600
2021-06-24,41.040001,41.900002,40.880001,41.290001,41.290001,649200
2021-06-25,41.570000,42.060001,40.320000,41.900002,41.900002,2253900
2021-06-28,42.099998,42.330002,41.500000,42.200001,42.200001,785600
2021-06-29,42.099998,42.700001,41.770000,42.139999,42.139999,1012200
2021-06-30,42.130001,42.279999,39.950001,39.990002,39.990002,875900
2021-07-01,40.400002,40.689999,39.910000,40.450001,40.450001,559000
2021-07-02,40.500000,40.880001,39.200001,39.230000,39.230000,432000
2021-07-06,39.209999,39.610001,38.500000,39.450001,39.450001,455500
2021-07-07,39.610001,39.970001,38.279999,39.060001,39.060001,550400
2021-07-08,38.150002,38.770000,37.320000,38.410000,38.410000,509300
2021-07-09,38.759998,39.639999,38.310001,39.560001,39.560001,408700
2021-07-12,39.650002,39.840000,39.139999,39.779999,39.779999,438600
2021-07-13,39.700001,39.720001,38.759998,38.880001,38.880001,443200
2021-07-14,39.009998,39.560001,37.540001,37.610001,37.610001,518300
2021-07-15,37.560001,37.590000,36.520000,37.040001,37.040001,554200
2021-07-16,37.400002,37.680000,36.869999,36.959999,36.959999,557900
2021-07-19,36.130001,37.750000,35.830002,37.560001,37.560001,941700
2021-07-20,38.180000,41.220001,37.560001,40.950001,40.950001,1306300
2021-07-21,40.910000,42.240002,40.830002,41.549999,41.549999,724800
2021-07-22,41.430000,41.430000,40.389999,41.200001,41.200001,500200
2021-07-23,41.299999,41.299999,40.490002,40.889999,40.889999,498800
2021-07-26,41.270000,41.970001,40.680000,41.090000,41.090000,440300
2021-07-27,40.910000,40.959999,38.750000,39.810001,39.810001,720700
2021-07-28,40.209999,41.110001,40.070000,40.930000,40.930000,533200
2021-07-29,40.939999,41.910000,40.529999,41.750000,41.750000,787600
2021-07-30,41.580002,42.650002,41.580002,42.230000,42.230000,811200
2021-08-02,42.419998,42.720001,41.880001,41.939999,41.939999,879900
2021-08-03,42.439999,42.580002,40.840000,41.560001,41.560001,557500
2021-08-04,41.320000,42.869999,41.220001,42.820000,42.820000,728200
2021-08-05,42.869999,44.040001,42.750000,43.830002,43.830002,495000
2021-08-06,43.970001,44.169998,42.639999,42.759998,42.759998,392300
2021-08-09,42.740002,43.320000,41.830002,42.880001,42.880001,325600
2021-08-10,43.070000,43.340000,42.459999,42.799999,42.799999,333200
2021-08-11,43.049999,43.200001,42.110001,42.610001,42.610001,448300
2021-08-12,42.610001,42.740002,41.910000,42.340000,42.340000,407000
2021-08-13,42.380001,42.459999,40.540001,40.660000,40.660000,526300
2021-08-16,40.490002,40.799999,39.599998,40.259998,40.259998,505800
2021-08-17,39.900002,40.000000,38.529999,39.160000,39.160000,516700
2021-08-18,39.279999,40.240002,39.250000,39.369999,39.369999,352400
2021-08-19,39.000000,39.200001,38.540001,38.880001,38.880001,364600
2021-08-20,38.869999,40.080002,38.869999,40.029999,40.029999,336200
2021-08-23,40.470001,41.330002,40.349998,41.279999,41.279999,876200
2021-08-24,41.480000,41.500000,40.099998,40.310001,40.310001,606200
2021-08-25,40.500000,40.950001,40.000000,40.009998,40.009998,463900
2021-08-26,39.799999,40.380001,39.169998,39.200001,39.200001,380400
2021-08-27,39.349998,40.779999,39.349998,40.619999,40.619999,572700
2021-08-30,43.740002,46.919998,43.200001,46.880001,46.880001,2420800