Date,Open,High,Low,Close,Adj Close,Volume
2021-01-04,10.640000,10.700000,10.400000,10.560000,10.242570,1858300
2021-01-05,10.590000,10.940000,10.590000,10.880000,10.552951,2322200
2021-01-06,11.100000,11.690000,11.100000,11.520000,11.173712,2351300
2021-01-07,11.740000,11.750000,11.540000,11.560000,11.212510,1729800
2021-01-08,11.580000,11.700000,11.210000,11.430000,11.086417,1791900
2021-01-11,11.340000,11.660000,11.180000,11.420000,11.076717,2320000
2021-01-12,11.550000,11.590000,11.190000,11.390000,11.047620,4277300
2021-01-13,11.330000,11.390000,11.180000,11.270000,10.931227,3381800
2021-01-14,11.370000,11.500000,11.280000,11.400000,11.057319,1829600
2021-01-15,11.180000,11.290000,11.110000,11.220000,10.882730,2762400
2021-01-19,11.380000,11.450000,11.230000,11.390000,11.047620,2951600
2021-01-20,11.370000,11.710000,11.260000,11.700000,11.348300,2780900
2021-01-21,11.670000,11.740000,11.440000,11.440000,11.096116,2556000
2021-01-22,11.280000,12.020000,11.270000,11.990000,11.629584,3577800
2021-01-25,11.800000,11.930000,11.600000,11.920000,11.561687,2424000
2021-01-26,11.970000,12.060000,11.500000,11.530000,11.183411,1943700
2021-01-27,11.300000,11.560000,11.230000,11.260000,10.921528,1931700
2021-01-28,11.560000,11.780000,11.150000,11.700000,11.348300,2276800
2021-01-29,11.820000,11.820000,11.420000,11.510000,11.164012,2399200
2021-02-01,11.670000,11.690000,11.410000,11.500000,11.154313,1901700
2021-02-02,11.630000,11.770000,11.530000,11.730000,11.377398,1605200
2021-02-03,12.900000,12.980000,12.300000,12.350000,11.978763,17747900
2021-02-04,12.420000,12.630000,12.290000,12.490000,12.114553,7257000
2021-02-05,12.540000,12.610000,12.160000,12.300000,11.930265,9137300
2021-02-08,12.410000,12.520000,12.330000,12.500000,12.124252,6908700
2021-02-09,12.300000,12.780000,12.260000,12.730000,12.487195,54441100
2021-02-10,12.580000,12.850000,12.430000,12.620000,12.379293,4983800
2021-02-11,12.590000,12.810000,12.410000,12.800000,12.555861,6810000
2021-02-12,12.680000,12.760000,12.550000,12.710000,12.467577,4337900
2021-02-16,12.830000,12.980000,12.720000,12.870000,12.624525,3393300
2021-02-17,12.880000,12.940000,12.710000,12.760000,12.516623,3181000
2021-02-18,12.690000,12.730000,12.470000,12.510000,12.271393,4483000
2021-02-19,12.510000,12.740000,12.510000,12.710000,12.467577,2681300
2021-02-22,12.670000,13.090000,12.670000,12.860000,12.614717,4695100
2021-02-23,12.870000,13.210000,12.820000,13.090000,12.840330,4201300
2021-02-24,13.190000,13.480000,13.120000,13.440000,13.183654,6245900
2021-02-25,13.660000,13.760000,13.240000,13.520000,13.262129,4385400
2021-02-26,13.500000,13.560000,13.160000,13.340000,13.085562,4361200
2021-03-01,13.600000,13.710000,13.370000,13.650000,13.389647,3232600
2021-03-02,13.610000,13.620000,13.360000,13.520000,13.262129,3361200
2021-03-03,13.590000,14.030000,13.560000,13.740000,13.477932,3457500
2021-03-04,13.700000,13.950000,13.570000,13.730000,13.468122,2939500
2021-03-05,13.870000,14.080000,13.690000,14.050000,13.782019,2439300
2021-03-08,14.270000,14.540000,14.130000,14.390000,14.115535,3886800
2021-03-09,13.970000,14.320000,13.860000,14.120000,13.850684,2359300
2021-03-10,14.200000,14.610000,14.000000,14.560000,14.282291,2326300
2021-03-11,14.380000,14.810000,14.210000,14.600000,14.321529,4091400
2021-03-12,14.830000,15.050000,14.800000,15.010000,14.723709,2974400
2021-03-15,15.090000,15.100000,14.760000,14.880000,14.596189,2473400
2021-03-16,14.770000,14.860000,14.570000,14.800000,14.517715,2631400
2021-03-17,14.880000,14.990000,14.680000,14.820000,14.537333,2278600
2021-03-18,14.970000,15.340000,14.570000,14.680000,14.400003,3001400
2021-03-19,14.410000,14.810000,14.280000,14.740000,14.458858,9932300
2021-03-22,14.560000,14.600000,14.220000,14.310000,14.037061,2407300
2021-03-23,14.040000,14.300000,13.790000,13.840000,13.576025,2078800
2021-03-24,13.970000,14.300000,13.860000,13.880000,13.615262,2042300
2021-03-25,13.730000,14.380000,13.710000,14.310000,14.037061,1800600
2021-03-26,14.550000,14.750000,14.440000,14.730000,14.449049,1963300
2021-03-29,14.700000,14.820000,14.270000,14.410000,14.135153,2428900
2021-03-30,14.690000,14.970000,14.600000,14.910000,14.625615,2519000
2021-03-31,14.740000,14.930000,14.670000,14.690000,14.409812,3339300
2021-04-01,14.660000,14.740000,14.430000,14.630000,14.350957,1679500
2021-04-05,14.870000,14.960000,14.590000,14.740000,14.458858,1629800
2021-04-06,14.810000,14.890000,14.460000,14.530000,14.252864,2957800
2021-04-07,14.690000,14.720000,14.400000,14.430000,14.154772,2320700
2021-04-08,14.450000,14.720000,14.290000,14.690000,14.409812,2543200
2021-04-09,14.780000,14.780000,14.620000,14.730000,14.449049,1087100
2021-04-12,14.790000,14.950000,14.770000,14.900000,14.615807,2181700
2021-04-13,14.800000,14.870000,14.520000,14.670000,14.390193,1407100
2021-04-14,14.590000,14.980000,14.510000,14.880000,14.596189,1572300
2021-04-15,14.700000,14.920000,14.580000,14.880000,14.596189,1220600
2021-04-16,15.000000,15.080000,14.850000,15.000000,14.713900,1603000
2021-04-19,15.040000,15.060000,14.790000,15.030000,14.743327,3009100
2021-04-20,15.010000,15.010000,14.440000,14.490000,14.213627,1737600
2021-04-21,14.410000,14.860000,14.350000,14.820000,14.537333,2061300
2021-04-22,14.850000,14.920000,14.680000,14.710000,14.429431,1748800
2021-04-23,14.750000,15.490000,14.730000,15.430000,15.135698,2071500
2021-04-26,15.550000,15.710000,15.280000,15.300000,15.008178,2382200
2021-04-27,15.350000,15.400000,15.160000,15.320000,15.027796,1689900
2021-04-28,15.330000,15.410000,15.100000,15.120000,14.831611,1867800
2021-04-29,15.030000,15.230000,14.850000,15.050000,14.762946,2199500
2021-04-30,15.010000,15.080000,14.620000,14.640000,14.360765,2725000
2021-05-03,14.850000,15.050000,14.690000,14.930000,14.645235,3088000
2021-05-04,14.870000,15.040000,14.710000,15.030000,14.743327,1801200
2021-05-05,14.800000,15.000000,14.600000,14.740000,14.458858,2030700
2021-05-06,14.910000,14.910000,14.570000,14.890000,14.605998,1635600
2021-05-07,14.470000,14.730000,14.390000,14.700000,14.556485,1312400
2021-05-10,14.800000,15.010000,14.620000,14.630000,14.487169,1934300
2021-05-11,14.480000,14.810000,14.460000,14.750000,14.605997,2115600
2021-05-12,14.820000,14.930000,14.310000,14.340000,14.200001,1884900
2021-05-13,14.310000,14.910000,14.260000,14.850000,14.705022,1499300
2021-05-14,14.930000,15.100000,14.840000,15.020000,14.873362,1580700
2021-05-17,14.890000,15.170000,14.850000,15.140000,14.992190,1322400
2021-05-18,15.180000,15.210000,14.920000,14.920000,14.774338,1085200
2021-05-19,14.740000,14.940000,14.530000,14.900000,14.754533,2086700
2021-05-20,14.790000,14.860000,14.630000,14.780000,14.635704,1332200
2021-05-21,14.920000,15.120000,14.870000,15.050000,14.903069,1663100
2021-05-24,15.090000,15.110000,14.770000,14.840000,14.695119,1359700
2021-05-25,14.900000,15.060000,14.410000,14.430000,14.289122,2088700
2021-05-26,14.470000,14.790000,14.360000,14.670000,14.526778,1234400
2021-05-27,14.850000,14.890000,14.720000,14.790000,14.645607,1863500
2021-05-28,14.790000,14.890000,14.630000,14.880000,14.734729,816500
2021-06-01,14.980000,15.110000,14.890000,14.940000,14.794142,1614800
2021-06-02,15.010000,15.010000,14.740000,14.770000,14.625803,1244100
2021-06-03,14.840000,14.940000,14.650000,14.910000,14.764435,2054100
2021-06-04,14.870000,14.910000,14.690000,14.870000,14.724826,1291100
2021-06-07,15.020000,15.050000,14.860000,14.970000,14.823850,1005500
2021-06-08,14.780000,15.100000,14.780000,15.040000,14.893167,1359000
2021-06-09,14.980000,15.000000,14.810000,14.880000,14.734729,1036100
2021-06-10,15.040000,15.070000,14.590000,14.600000,14.457462,944700
2021-06-11,14.690000,14.820000,14.610000,14.680000,14.536681,1035300
2021-06-14,14.740000,14.860000,14.410000,14.530000,14.388145,1777800
2021-06-15,14.590000,15.010000,14.570000,14.870000,14.724826,2060300
2021-06-16,14.830000,15.140000,14.650000,15.040000,14.893167,1693900
2021-06-17,15.120000,15.120000,14.360000,14.410000,14.269317,2191300
2021-06-18,14.140000,14.350000,13.780000,13.820000,13.685077,4001500
2021-06-21,13.970000,14.480000,13.970000,14.460000,14.318829,1865800
2021-06-22,14.460000,14.560000,14.290000,14.480000,14.338633,1294100
2021-06-23,14.580000,14.640000,14.440000,14.460000,14.318829,1242700
2021-06-24,14.560000,14.730000,14.470000,14.710000,14.566388,1097400
2021-06-25,14.770000,14.910000,14.690000,14.790000,14.645607,3113800
2021-06-28,14.690000,14.690000,14.340000,14.420000,14.279220,1694100
2021-06-29,14.570000,14.640000,14.260000,14.320000,14.180195,1405100
2021-06-30,14.240000,14.370000,14.180000,14.260000,14.120782,1091200
2021-07-01,14.370000,14.430000,14.260000,14.330000,14.190098,982200
2021-07-02,14.280000,14.320000,14.060000,14.090000,13.952441,1012000
2021-07-06,14.110000,14.120000,13.680000,13.710000,13.576151,1586300
2021-07-07,13.620000,13.830000,13.560000,13.680000,13.546444,2560900
2021-07-08,13.420000,13.550000,13.230000,13.350000,13.219666,2987600
2021-07-09,13.670000,13.750000,13.490000,13.700000,13.566248,3355600
2021-07-12,13.530000,13.690000,13.370000,13.640000,13.506835,2003500
2021-07-13,13.550000,13.600000,13.230000,13.270000,13.140447,1496800
2021-07-14,13.360000,13.540000,13.200000,13.310000,13.180057,2269500
2021-07-15,13.200000,13.470000,13.100000,13.410000,13.279079,1668900
2021-07-16,13.520000,13.560000,13.020000,13.060000,12.932497,1457300
2021-07-19,12.960000,13.000000,12.600000,12.740000,12.615621,1920800
2021-07-20,12.780000,13.280000,12.750000,13.020000,12.892888,2120000
2021-07-21,13.140000,13.340000,13.140000,13.270000,13.140447,1596300
2021-07-22,13.220000,13.220000,12.820000,12.840000,12.714644,1336600
2021-07-23,13.030000,13.110000,12.880000,12.940000,12.813668,933900
2021-07-26,12.980000,13.190000,12.980000,13.120000,12.991911,1390100
2021-07-27,13.030000,13.160000,12.850000,13.020000,12.892888,1136400
2021-07-28,13.770000,14.500000,13.770000,14.450000,14.308927,13431500
2021-07-29,14.120000,14.370000,13.970000,14.120000,13.982148,6320400
2021-07-30,14.170000,14.250000,13.750000,13.820000,13.685077,5218900
2021-08-02,13.900000,14.150000,13.560000,13.680000,13.546444,3831300
2021-08-03,13.700000,13.970000,13.460000,13.950000,13.813807,4297000
2021-08-04,13.670000,13.900000,13.670000,13.850000,13.714785,3607200
2021-08-05,13.900000,14.020000,13.900000,14.010000,13.873222,2830900
2021-08-06,14.240000,14.500000,14.240000,14.340000,14.200001,3374500
2021-08-09,14.140000,14.320000,14.020000,14.080000,14.080000,3137000
2021-08-10,13.960000,14.320000,13.960000,14.270000,14.270000,3625900
2021-08-11,14.320000,14.760000,14.150000,14.750000,14.750000,4225300
2021-08-12,14.720000,14.770000,14.590000,14.620000,14.620000,1666500
2021-08-13,14.660000,14.720000,14.390000,14.420000,14.420000,1797500
2021-08-16,14.290000,14.340000,14.120000,14.210000,14.210000,2374200
2021-08-17,14.070000,14.130000,13.730000,13.900000,13.900000,2719600
2021-08-18,13.860000,14.060000,13.750000,13.760000,13.760000,2639200
2021-08-19,13.640000,13.750000,13.390000,13.440000,13.440000,2188500
2021-08-20,13.520000,13.750000,13.460000,13.740000,13.740000,1728000
2021-08-23,13.790000,13.910000,13.730000,13.790000,13.790000,1726100
2021-08-24,13.800000,14.040000,13.780000,14.000000,14.000000,1612900
2021-08-25,14.010000,14.430000,13.980000,14.210000,14.210000,1689200
2021-08-26,14.210000,14.380000,14.050000,14.080000,14.080000,1245400
2021-08-27,14.130000,14.450000,14.080000,14.430000,14.430000,1303000
2021-08-30,14.420000,14.420000,14.010000,14.020000,14.020000,1239000