Date,Open,High,Low,Close,Adj Close,Volume
2021-01-04,81.620003,82.279999,78.309998,78.760002,78.760002,196200
2021-01-05,78.790001,81.339996,78.209999,80.360001,80.360001,129200
2021-01-06,81.650002,83.879997,80.360001,83.279999,83.279999,267300
2021-01-07,83.389999,83.839996,82.339996,83.300003,83.300003,150800
2021-01-08,83.510002,84.339996,81.889999,82.779999,82.779999,102400
2021-01-11,81.860001,82.290001,80.540001,80.779999,80.779999,167700
2021-01-12,80.430000,81.739998,80.430000,81.000000,81.000000,100800
2021-01-13,81.139999,81.290001,79.930000,80.230003,80.230003,125900
2021-01-14,80.519997,81.580002,79.690002,80.510002,80.510002,172300
2021-01-15,80.000000,80.559998,79.209999,79.699997,79.699997,189900
2021-01-19,80.570000,80.779999,78.730003,79.260002,79.260002,147400
2021-01-20,79.220001,80.300003,78.900002,79.110001,79.110001,178000
2021-01-21,79.279999,79.620003,77.599998,78.900002,78.900002,129000
2021-01-22,78.019997,79.190002,77.480003,79.050003,79.050003,134200
2021-01-25,78.870003,78.919998,77.089996,78.150002,78.150002,153800
2021-01-26,78.739998,78.739998,77.180000,77.260002,77.260002,99700
2021-01-27,75.470001,78.589996,74.040001,77.949997,77.949997,265400
2021-01-28,78.680000,79.320000,76.500000,76.940002,76.940002,188500
2021-01-29,76.720001,76.800003,73.790001,73.800003,73.800003,180100
2021-02-01,73.839996,74.669998,73.320000,74.040001,74.040001,118000
2021-02-02,75.320000,77.860001,74.239998,77.360001,77.360001,100300
2021-02-03,76.849998,76.849998,75.190002,75.190002,75.190002,116700
2021-02-04,75.419998,77.580002,74.980003,76.309998,76.309998,165100
2021-02-05,76.620003,78.099998,75.879997,77.750000,77.750000,147300
2021-02-08,77.959999,80.019997,77.940002,80.010002,80.010002,140800
2021-02-09,80.339996,81.709999,79.709999,80.680000,80.680000,129400
2021-02-10,81.320000,82.120003,80.610001,81.580002,81.580002,139000
2021-02-11,81.580002,83.370003,80.980003,82.160004,82.160004,145400
2021-02-12,82.099998,83.019997,80.779999,81.260002,81.260002,88300
2021-02-16,81.430000,81.430000,78.860001,79.180000,79.180000,111100
2021-02-17,77.940002,78.940002,76.540001,76.849998,76.849998,277100
2021-02-18,77.449997,85.730003,77.050003,82.900002,82.900002,401900
2021-02-19,82.900002,84.309998,79.580002,84.220001,84.220001,266700
2021-02-22,83.150002,85.410004,83.150002,84.849998,84.849998,222000
2021-02-23,84.900002,86.000000,82.989998,83.959999,83.959999,281100
2021-02-24,84.150002,88.199997,84.150002,87.680000,87.680000,194600
2021-02-25,87.139999,88.330002,86.269997,86.989998,86.989998,168300
2021-02-26,87.110001,89.699997,86.820000,88.190002,88.190002,295500
2021-03-01,89.919998,92.449997,88.529999,92.419998,92.419998,275300
2021-03-02,92.000000,93.709999,91.250000,91.699997,91.699997,192800
2021-03-03,91.620003,92.489998,90.750000,90.790001,90.790001,192300
2021-03-04,90.260002,91.580002,88.489998,90.059998,90.059998,224400
2021-03-05,90.839996,93.690002,88.970001,93.559998,93.559998,214300
2021-03-08,93.760002,94.430000,92.510002,93.209999,93.209999,119900
2021-03-09,94.010002,94.360001,91.519997,92.019997,92.019997,146200
2021-03-10,92.589996,94.860001,91.820000,94.570000,94.570000,102400
2021-03-11,95.000000,95.809998,94.139999,95.660004,95.660004,127200
2021-03-12,96.180000,96.190002,94.589996,95.669998,95.669998,110400
2021-03-15,95.269997,96.320000,93.580002,93.940002,93.940002,118300
2021-03-16,93.269997,93.949997,91.320000,92.150002,92.150002,131200
2021-03-17,91.820000,92.220001,91.160004,91.629997,91.629997,81900
2021-03-18,91.250000,91.500000,87.940002,88.480003,88.480003,134100
2021-03-19,88.430000,89.250000,86.410004,88.730003,88.730003,438700
2021-03-22,88.959999,89.970001,87.360001,89.480003,89.480003,158400
2021-03-23,89.290001,91.300003,86.080002,87.599998,87.599998,236600
2021-03-24,88.650002,89.300003,86.150002,86.510002,86.510002,192000
2021-03-25,85.790001,89.080002,85.279999,88.510002,88.510002,131400
2021-03-26,89.320000,93.910004,87.809998,93.320000,93.320000,331300
2021-03-29,92.580002,94.820000,88.360001,90.389999,90.389999,344200
2021-03-30,90.190002,92.279999,88.879997,91.349998,91.349998,194900
2021-03-31,91.589996,95.790001,90.580002,92.099998,92.099998,310400
2021-04-01,92.330002,92.529999,89.790001,90.879997,90.879997,124300
2021-04-05,91.750000,92.800003,91.010002,92.529999,92.529999,243800
2021-04-06,92.209999,94.089996,92.209999,92.760002,92.760002,108400
2021-04-07,92.980003,92.980003,90.849998,91.669998,91.669998,114800
2021-04-08,92.209999,92.959999,91.260002,92.900002,92.900002,78200
2021-04-09,93.279999,93.279999,91.320000,92.660004,92.660004,89100
2021-04-12,92.949997,93.050003,91.199997,91.709999,91.709999,78700
2021-04-13,91.139999,91.629997,90.150002,90.769997,90.769997,122200
2021-04-14,90.610001,92.529999,90.050003,91.510002,91.510002,120700
2021-04-15,92.120003,94.980003,90.830002,93.620003,93.620003,128300
2021-04-16,94.370003,94.370003,92.830002,93.050003,93.050003,62400
2021-04-19,92.470001,93.400002,91.529999,93.040001,93.040001,134900
2021-04-20,92.680000,92.919998,90.570000,90.660004,90.660004,120200
2021-04-21,91.250000,94.239998,91.169998,93.660004,93.660004,112400
2021-04-22,94.000000,94.879997,92.790001,92.820000,92.820000,112000
2021-04-23,93.169998,96.089996,93.169998,94.779999,94.779999,112400
2021-04-26,95.680000,96.040001,94.870003,95.089996,95.089996,128000
2021-04-27,95.129997,95.559998,94.110001,95.449997,95.449997,118200
2021-04-28,95.110001,96.709999,95.110001,95.900002,95.900002,100600
2021-04-29,97.330002,98.930000,94.839996,95.160004,95.160004,159100
2021-04-30,94.599998,95.870003,93.470001,93.879997,93.879997,123400
2021-05-03,94.639999,96.349998,94.099998,94.620003,94.620003,217500
2021-05-04,94.070000,94.070000,91.800003,93.379997,93.379997,108400
2021-05-05,93.599998,94.419998,92.239998,94.010002,94.010002,100800
2021-05-06,94.260002,94.260002,91.900002,94.239998,94.239998,119900
2021-05-07,93.870003,95.720001,93.870003,95.029999,95.029999,63200
2021-05-10,94.739998,94.900002,91.809998,92.000000,92.000000,122800
2021-05-11,90.610001,93.000000,90.610001,92.269997,92.269997,76800
2021-05-12,91.519997,92.900002,89.440002,89.730003,89.730003,94000
2021-05-13,89.900002,92.629997,89.900002,92.239998,92.239998,87600
2021-05-14,92.769997,93.739998,92.180000,93.599998,93.599998,62200
2021-05-17,92.730003,92.989998,91.849998,92.970001,92.970001,66800
2021-05-18,92.720001,95.370003,92.720001,93.279999,93.279999,85800
2021-05-19,91.769997,93.449997,91.570000,93.389999,93.389999,101800
2021-05-20,93.129997,93.910004,92.110001,92.720001,92.720001,61100
2021-05-21,94.559998,94.860001,93.139999,93.209999,93.209999,153200
2021-05-24,93.449997,94.870003,92.459999,92.879997,92.879997,100200
2021-05-25,93.510002,94.269997,90.410004,90.669998,90.669998,114300
2021-05-26,90.089996,91.139999,89.120003,90.269997,90.269997,113100
2021-05-27,90.849998,90.849998,89.190002,90.349998,90.349998,145400
2021-05-28,90.930000,92.580002,90.360001,90.470001,90.470001,58600
2021-06-01,90.639999,91.760002,89.639999,90.800003,90.800003,120400
2021-06-02,91.330002,91.330002,86.010002,87.320000,87.320000,143100
2021-06-03,86.809998,87.699997,85.370003,87.059998,87.059998,106900
2021-06-04,87.250000,87.250000,85.129997,85.839996,85.839996,102100
2021-06-07,85.970001,87.349998,85.870003,86.269997,86.269997,100500
2021-06-08,86.589996,87.290001,85.769997,87.169998,87.169998,80200
2021-06-09,88.639999,88.709999,87.389999,88.370003,88.370003,143800
2021-06-10,89.150002,89.389999,87.650002,88.089996,88.089996,105200
2021-06-11,88.139999,89.570000,87.919998,89.000000,89.000000,105700
2021-06-14,89.480003,89.559998,88.349998,89.559998,89.559998,134900
2021-06-15,89.550003,93.389999,89.480003,93.290001,93.290001,210800
2021-06-16,93.589996,94.129997,92.290001,94.019997,94.019997,154600
2021-06-17,93.620003,95.059998,91.589996,92.989998,92.989998,258100
2021-06-18,91.129997,91.220001,88.919998,90.190002,90.190002,345600
2021-06-21,91.019997,93.070000,88.940002,92.709999,92.709999,120400
2021-06-22,92.599998,93.260002,91.160004,92.970001,92.970001,93800
2021-06-23,93.010002,94.720001,92.230003,93.139999,93.139999,128000
2021-06-24,93.739998,94.320000,91.919998,93.769997,93.769997,103600
2021-06-25,94.389999,94.709999,93.419998,94.150002,94.150002,1036600
2021-06-28,93.860001,94.050003,91.699997,93.120003,93.120003,249200
2021-06-29,93.099998,94.589996,92.750000,93.980003,93.980003,168700
2021-06-30,93.650002,94.739998,93.099998,94.199997,94.199997,129100
2021-07-01,94.949997,95.489998,94.709999,95.120003,95.120003,136700
2021-07-02,95.339996,95.720001,94.320000,95.339996,95.339996,106500
2021-07-06,95.430000,95.430000,92.529999,93.529999,93.529999,101400
2021-07-07,93.489998,94.989998,92.050003,93.309998,93.309998,88600
2021-07-08,91.769997,92.800003,90.910004,92.150002,92.150002,95100
2021-07-09,93.019997,93.650002,92.470001,93.040001,93.040001,72700
2021-07-12,92.500000,93.349998,92.480003,93.080002,93.080002,60300
2021-07-13,92.360001,93.459999,90.510002,90.669998,90.669998,101200
2021-07-14,90.879997,91.180000,87.860001,88.000000,88.000000,136500
2021-07-15,87.339996,89.980003,86.709999,89.470001,89.470001,167300
2021-07-16,90.699997,91.489998,88.639999,88.959999,88.959999,124800
2021-07-19,87.239998,87.800003,85.559998,86.250000,86.250000,93900
2021-07-20,86.199997,89.830002,86.199997,89.120003,89.120003,154500
2021-07-21,90.010002,91.379997,89.330002,90.959999,90.959999,73100
2021-07-22,90.540001,90.540001,88.349998,89.620003,89.620003,83500
2021-07-23,90.300003,92.730003,89.800003,91.930000,91.930000,120600
2021-07-26,92.330002,93.169998,90.860001,92.620003,92.620003,161700
2021-07-27,92.050003,95.779999,91.849998,95.699997,95.699997,156100
2021-07-28,96.239998,99.629997,95.250000,98.809998,98.809998,283400
2021-07-29,99.459999,101.190002,97.599998,99.660004,99.660004,243600
2021-07-30,100.669998,101.610001,96.360001,97.889999,97.889999,184000
2021-08-02,97.879997,98.980003,95.239998,96.430000,96.430000,140400
2021-08-03,96.050003,96.529999,94.760002,95.629997,95.629997,154400
2021-08-04,94.169998,95.019997,93.070000,93.250000,93.250000,98600
2021-08-05,93.849998,93.849998,92.320000,93.540001,93.540001,60100
2021-08-06,94.570000,95.489998,93.150002,95.239998,95.239998,79300
2021-08-09,94.559998,94.830002,91.769997,92.050003,92.050003,128800
2021-08-10,91.949997,92.589996,90.080002,90.180000,90.180000,75200
2021-08-11,90.160004,90.709999,89.180000,90.000000,90.000000,157900
2021-08-12,90.379997,91.900002,89.870003,91.800003,91.800003,161100
2021-08-13,91.480003,92.550003,91.169998,91.830002,91.830002,128500
2021-08-16,91.489998,93.660004,90.769997,93.209999,93.209999,169000
2021-08-17,92.739998,95.209999,92.739998,95.110001,95.110001,122300
2021-08-18,95.089996,98.610001,94.589996,97.430000,97.430000,242200
2021-08-19,97.250000,97.860001,95.180000,96.949997,96.949997,157300
2021-08-20,97.180000,98.320000,96.089996,97.489998,97.489998,152300
2021-08-23,98.320000,98.699997,97.389999,97.959999,97.959999,92300
2021-08-24,97.800003,99.199997,97.680000,99.150002,99.150002,121300
2021-08-25,98.730003,99.190002,95.489998,95.720001,95.720001,151400
2021-08-26,95.199997,95.519997,93.440002,93.480003,93.480003,149800
2021-08-27,94.150002,98.760002,93.680000,98.300003,98.300003,227500
2021-08-30,98.790001,98.989998,96.959999,97.389999,97.389999,109000