Date,Open,High,Low,Close,Adj Close,Volume
2021-01-04,97.059998,97.540001,93.860001,95.650002,95.650002,277100
2021-01-05,95.489998,98.400002,94.730003,96.419998,96.419998,310100
2021-01-06,97.699997,107.610001,97.699997,106.980003,106.980003,768200
2021-01-07,107.680000,108.889999,105.879997,107.269997,107.269997,586800
2021-01-08,104.580002,105.779999,101.860001,103.169998,103.169998,416000
2021-01-11,101.510002,103.239998,101.110001,101.889999,101.889999,533600
2021-01-12,103.339996,104.059998,102.470001,103.000000,103.000000,311900
2021-01-13,103.209999,103.949997,100.000000,100.690002,100.690002,337500
2021-01-14,101.809998,103.379997,100.800003,101.610001,101.610001,331300
2021-01-15,100.440002,101.360001,96.190002,97.010002,97.010002,509200
2021-01-19,98.610001,100.269997,96.320000,96.550003,96.550003,453500
2021-01-20,97.360001,97.720001,95.180000,97.169998,97.169998,415500
2021-01-21,97.870003,99.339996,95.010002,96.839996,96.839996,356800
2021-01-22,95.470001,98.330002,94.589996,98.110001,98.110001,291000
2021-01-25,98.120003,102.010002,96.720001,97.389999,97.389999,333900
2021-01-26,97.849998,98.000000,95.080002,95.220001,95.220001,268600
2021-01-27,92.790001,93.550003,86.449997,89.279999,89.279999,438800
2021-01-28,90.360001,90.550003,88.620003,89.620003,89.620003,271800
2021-01-29,89.839996,91.019997,85.150002,86.019997,86.019997,508600
2021-02-01,87.160004,91.089996,86.989998,90.779999,90.779999,351200
2021-02-02,92.930000,94.459999,90.970001,94.160004,94.160004,376500
2021-02-03,94.410004,96.519997,94.050003,96.260002,96.260002,360500
2021-02-04,96.160004,98.510002,95.769997,98.489998,98.489998,191400
2021-02-05,99.000000,99.139999,96.919998,97.430000,97.430000,247800
2021-02-08,98.889999,102.000000,97.820000,101.660004,101.660004,316800
2021-02-09,101.400002,102.800003,100.190002,102.180000,102.180000,241400
2021-02-10,103.220001,103.220001,99.830002,101.500000,101.500000,347000
2021-02-11,102.400002,104.680000,101.680000,103.320000,103.320000,285900
2021-02-12,102.599998,104.070000,100.440002,103.680000,103.680000,195400
2021-02-16,104.739998,106.519997,103.320000,103.900002,103.900002,341700
2021-02-17,103.230003,104.070000,101.300003,101.860001,101.860001,334000
2021-02-18,100.620003,101.040001,98.739998,100.279999,100.279999,368700
2021-02-19,101.940002,102.860001,100.599998,101.860001,101.860001,373600
2021-02-22,101.250000,101.629997,98.769997,99.980003,99.980003,599200
2021-02-23,97.639999,98.860001,94.519997,97.250000,97.250000,800900
2021-02-24,95.250000,118.589996,95.250000,115.279999,115.279999,1333700
2021-02-25,113.360001,118.010002,111.599998,116.830002,116.830002,514400
2021-02-26,117.580002,118.500000,113.099998,117.239998,117.239998,507100
2021-03-01,119.260002,120.800003,117.510002,117.760002,117.760002,337000
2021-03-02,116.980003,119.940002,116.400002,117.750000,117.750000,278400
2021-03-03,120.980003,122.309998,118.849998,120.309998,120.309998,248300
2021-03-04,119.379997,120.370003,113.980003,114.910004,114.910004,465100
2021-03-05,117.730003,117.730003,108.040001,110.919998,110.919998,559600
2021-03-08,112.040001,114.110001,109.290001,110.959999,110.959999,391900
2021-03-09,103.540001,103.540001,93.459999,93.620003,93.620003,2300600
2021-03-10,90.000000,92.000000,89.349998,91.360001,91.360001,4200400
2021-03-11,91.500000,95.279999,90.500000,94.559998,94.559998,1496400
2021-03-12,94.529999,95.690002,93.089996,94.620003,94.620003,1169100
2021-03-15,94.660004,96.620003,92.989998,96.169998,96.169998,897200
2021-03-16,97.500000,98.230003,94.980003,95.660004,95.660004,558700
2021-03-17,94.489998,94.779999,90.410004,92.389999,92.389999,1025800
2021-03-18,91.839996,93.529999,88.190002,88.480003,88.480003,584000
2021-03-19,88.900002,92.110001,87.519997,89.339996,89.339996,1336300
2021-03-22,90.760002,91.040001,88.620003,89.300003,89.300003,523000
2021-03-23,89.389999,91.440002,87.440002,88.010002,88.010002,682100
2021-03-24,88.639999,90.730003,83.750000,83.949997,83.949997,779900
2021-03-25,83.029999,87.760002,82.660004,87.120003,87.120003,613800
2021-03-26,89.839996,92.209999,87.379997,89.220001,89.220001,1728900
2021-03-29,87.910004,89.389999,85.010002,86.089996,86.089996,560600
2021-03-30,86.279999,87.169998,85.019997,87.110001,87.110001,766900
2021-03-31,87.470001,89.830002,86.879997,88.650002,88.650002,601300
2021-04-01,88.930000,91.169998,88.889999,90.529999,90.529999,453200
2021-04-05,92.029999,94.709999,91.680000,93.360001,93.360001,507000
2021-04-06,94.070000,95.570000,92.940002,93.830002,93.830002,557600
2021-04-07,94.379997,94.379997,91.260002,91.720001,91.720001,479700
2021-04-08,92.660004,94.040001,92.080002,92.699997,92.699997,388200
2021-04-09,92.000000,92.769997,90.739998,91.599998,91.599998,291600
2021-04-12,90.930000,91.190002,89.199997,90.050003,90.050003,336300
2021-04-13,89.739998,90.889999,87.730003,90.709999,90.709999,913200
2021-04-14,91.370003,92.339996,89.199997,89.480003,89.480003,997500
2021-04-15,89.879997,91.529999,87.389999,88.720001,88.720001,360200
2021-04-16,90.419998,90.720001,88.139999,88.220001,88.220001,329300
2021-04-19,88.129997,89.160004,87.239998,89.150002,89.150002,410500
2021-04-20,88.500000,89.169998,86.720001,87.540001,87.540001,491600
2021-04-21,87.779999,90.599998,87.510002,90.550003,90.550003,365400
2021-04-22,90.580002,92.500000,90.190002,90.400002,90.400002,259700
2021-04-23,90.550003,92.690002,90.010002,92.440002,92.440002,220000
2021-04-26,93.220001,94.150002,92.169998,93.529999,93.529999,331600
2021-04-27,93.839996,93.839996,92.529999,93.400002,93.400002,232600
2021-04-28,93.000000,94.449997,92.330002,93.209999,93.209999,188600
2021-04-29,93.720001,94.010002,90.599998,91.099998,91.099998,274100
2021-04-30,89.889999,91.250000,89.529999,89.940002,89.940002,411100
2021-05-03,92.279999,93.290001,87.080002,88.449997,88.449997,537500
2021-05-04,87.070000,87.709999,83.790001,84.550003,84.550003,356100
2021-05-05,85.410004,85.730003,83.820000,84.440002,84.440002,273600
2021-05-06,84.120003,85.050003,82.930000,84.620003,84.620003,246400
2021-05-07,84.879997,87.790001,84.730003,87.389999,87.389999,348700
2021-05-10,87.190002,88.150002,84.900002,85.099998,85.099998,293300
2021-05-11,82.419998,86.389999,82.000000,85.800003,85.800003,368800
2021-05-12,84.900002,85.519997,83.629997,84.320000,84.320000,281200
2021-05-13,85.070000,87.629997,84.589996,86.790001,86.790001,394000
2021-05-14,87.550003,89.610001,87.230003,88.660004,88.660004,358100
2021-05-17,87.720001,89.790001,87.559998,89.190002,89.190002,429600
2021-05-18,89.680000,90.959999,89.269997,89.269997,89.269997,493800
2021-05-19,87.480003,89.349998,87.199997,88.970001,88.970001,176800
2021-05-20,89.029999,90.779999,88.430000,90.769997,90.769997,214300
2021-05-21,91.900002,93.260002,90.550003,91.639999,91.639999,398900
2021-05-24,92.010002,93.480003,90.589996,91.129997,91.129997,354200
2021-05-25,91.279999,93.500000,90.449997,92.660004,92.660004,228000
2021-05-26,93.209999,95.000000,92.470001,94.900002,94.900002,279300
2021-05-27,95.970001,98.089996,94.620003,96.480003,96.480003,302200
2021-05-28,96.879997,97.489998,94.699997,95.349998,95.349998,158300
2021-06-01,96.320000,97.790001,95.370003,97.309998,97.309998,289000
2021-06-02,98.110001,98.110001,95.309998,95.949997,95.949997,238900
2021-06-03,95.449997,95.510002,93.620003,94.330002,94.330002,257100
2021-06-04,95.000000,97.089996,94.519997,95.089996,95.089996,198900
2021-06-07,95.830002,95.830002,94.610001,95.629997,95.629997,144200
2021-06-08,96.290001,98.029999,95.760002,97.750000,97.750000,288800
2021-06-09,98.169998,98.400002,96.070000,96.230003,96.230003,156700
2021-06-10,96.769997,97.339996,95.180000,96.660004,96.660004,172600
2021-06-11,96.830002,98.750000,96.830002,98.709999,98.709999,196100
2021-06-14,99.529999,101.800003,98.620003,99.529999,99.529999,312900
2021-06-15,99.309998,99.930000,98.150002,98.919998,98.919998,258900
2021-06-16,99.089996,102.320000,99.089996,100.669998,100.669998,374100
2021-06-17,100.620003,102.070000,97.559998,98.089996,98.089996,237600
2021-06-18,96.190002,97.419998,94.709999,94.980003,94.980003,941800
2021-06-21,95.620003,97.370003,95.250000,97.019997,97.019997,220100
2021-06-22,96.699997,99.059998,95.620003,98.690002,98.690002,361900
2021-06-23,99.089996,99.709999,96.620003,96.989998,96.989998,347400
2021-06-24,98.260002,98.260002,96.120003,98.010002,98.010002,260400
2021-06-25,98.699997,101.349998,98.680000,100.190002,100.190002,678100
2021-06-28,100.580002,101.419998,99.309998,100.339996,100.339996,280200
2021-06-29,100.959999,101.239998,100.139999,100.720001,100.720001,201300
2021-06-30,99.309998,100.709999,98.379997,99.980003,99.980003,217700
2021-07-01,100.730003,101.379997,100.050003,100.870003,100.870003,146000
2021-07-02,100.870003,100.889999,98.180000,98.330002,98.330002,252400
2021-07-06,98.190002,98.660004,96.099998,98.279999,98.279999,281600
2021-07-07,98.480003,98.980003,95.669998,96.400002,96.400002,253100
2021-07-08,94.620003,96.120003,92.459999,95.269997,95.269997,204400
2021-07-09,96.739998,97.779999,95.879997,97.120003,97.120003,101500
2021-07-12,97.110001,98.029999,96.120003,97.790001,97.790001,130000
2021-07-13,97.250000,98.599998,95.440002,96.669998,96.669998,209900
2021-07-14,97.300003,97.989998,95.449997,95.839996,95.839996,208600
2021-07-15,95.620003,96.209999,93.839996,94.970001,94.970001,211900
2021-07-16,96.089996,96.709999,89.739998,89.760002,89.760002,272400
2021-07-19,88.320000,89.300003,87.000000,88.320000,88.320000,371400
2021-07-20,89.050003,92.389999,88.900002,91.730003,91.730003,337500
2021-07-21,92.629997,94.860001,92.510002,94.080002,94.080002,495000
2021-07-22,94.120003,94.820000,93.000000,93.970001,93.970001,182100
2021-07-23,94.849998,95.370003,93.589996,95.230003,95.230003,180700
2021-07-26,95.959999,96.510002,94.940002,95.010002,95.010002,146200
2021-07-27,94.279999,94.540001,91.089996,92.709999,92.709999,144600
2021-07-28,93.050003,97.199997,92.989998,96.120003,96.120003,204200
2021-07-29,96.860001,99.220001,96.610001,98.440002,98.440002,197100
2021-07-30,97.660004,99.690002,97.660004,98.620003,98.620003,189500
2021-08-02,98.879997,99.449997,97.290001,97.599998,97.599998,145900
2021-08-03,97.989998,98.180000,95.849998,97.620003,97.620003,300400
2021-08-04,97.029999,98.250000,96.760002,97.660004,97.660004,258400
2021-08-05,78.650002,79.760002,67.070000,71.839996,71.839996,3078000
2021-08-06,74.010002,77.500000,73.709999,77.110001,77.110001,938000
2021-08-09,76.330002,78.930000,75.949997,77.739998,77.739998,507300
2021-08-10,78.690002,82.720001,78.110001,81.400002,81.400002,536900
2021-08-11,80.910004,82.449997,80.389999,81.650002,81.650002,296500
2021-08-12,81.750000,83.440002,80.980003,82.449997,82.449997,369700
2021-08-13,82.750000,82.750000,79.610001,80.000000,80.000000,208600
2021-08-16,78.010002,79.650002,77.430000,78.099998,78.099998,267900
2021-08-17,77.489998,79.680000,77.029999,77.269997,77.269997,316300
2021-08-18,77.419998,78.830002,77.010002,77.570000,77.570000,227300
2021-08-19,77.080002,77.739998,75.459999,76.190002,76.190002,241800
2021-08-20,76.029999,77.050003,75.400002,76.860001,76.860001,183800
2021-08-23,77.470001,78.860001,77.389999,78.529999,78.529999,221600
2021-08-24,78.820000,81.220001,78.500000,80.849998,80.849998,292000
2021-08-25,81.029999,82.489998,80.230003,82.430000,82.430000,518700
2021-08-26,82.699997,83.360001,81.059998,81.809998,81.809998,224200
2021-08-27,82.320000,86.489998,82.300003,85.720001,85.720001,447500
2021-08-30,85.809998,86.269997,84.209999,84.820000,84.820000,223300