Date,Open,High,Low,Close,Adj Close,Volume
2021-01-04,114.790001,115.589996,110.529999,111.879997,111.631004,183800
2021-01-05,112.029999,116.169998,112.029999,114.309998,114.055603,199200
2021-01-06,116.459999,122.730003,116.459999,121.820000,121.548889,609700
2021-01-07,122.239998,124.230003,120.169998,123.839996,123.564384,143900
2021-01-08,124.050003,124.779999,121.559998,124.650002,124.372581,191300
2021-01-11,122.610001,127.000000,122.610001,126.639999,126.358162,152800
2021-01-12,126.680000,130.750000,126.680000,130.350006,130.059906,110500
2021-01-13,130.119995,130.350006,126.410004,126.889999,126.607597,97300
2021-01-14,127.660004,132.389999,127.660004,130.259995,129.970108,131600
2021-01-15,127.260002,128.130005,124.080002,126.239998,125.959045,106900
2021-01-19,127.320000,129.169998,125.000000,125.989998,125.709595,123800
2021-01-20,126.150002,127.110001,124.910004,125.250000,124.971252,133700
2021-01-21,125.500000,125.500000,123.889999,124.129997,123.853745,101900
2021-01-22,122.449997,125.900002,122.169998,125.510002,125.230682,178200
2021-01-25,124.110001,125.790001,121.070000,123.570000,123.294998,122200
2021-01-26,125.019997,126.139999,123.550003,125.089996,124.811600,112100
2021-01-27,121.419998,124.650002,119.919998,123.089996,122.816055,126400
2021-01-28,124.769997,125.410004,120.330002,120.690002,120.421402,128000
2021-01-29,121.160004,121.160004,115.870003,115.879997,115.622101,128600
2021-02-01,117.199997,118.959999,115.610001,118.239998,117.976852,226100
2021-02-02,120.349998,121.230003,119.389999,119.750000,119.483490,107300
2021-02-03,119.419998,120.250000,118.260002,118.949997,118.685272,90100
2021-02-04,118.949997,121.269997,117.660004,118.500000,118.236275,261700
2021-02-05,119.989998,122.209999,118.489998,122.209999,121.938019,147700
2021-02-08,123.629997,127.290001,123.629997,127.290001,127.006714,92400
2021-02-09,127.739998,131.169998,126.250000,130.429993,130.139709,148700
2021-02-10,131.039993,133.339996,130.339996,131.720001,131.426849,183600
2021-02-11,132.169998,133.259995,127.910004,130.710007,130.419113,155700
2021-02-12,129.759995,132.089996,128.990005,129.960007,129.670776,113000
2021-02-16,130.669998,134.669998,130.639999,132.350006,132.055450,181300
2021-02-17,129.779999,131.259995,123.790001,124.309998,124.033340,166800
2021-02-18,122.970001,127.120003,122.080002,125.620003,125.340431,136000
2021-02-19,126.260002,130.289993,126.260002,129.529999,129.241730,142800
2021-02-22,128.919998,137.070007,128.919998,135.369995,135.068726,197400
2021-02-23,136.399994,144.960007,131.410004,142.059998,141.743835,281600
2021-02-24,143.410004,148.940002,140.250000,146.320007,145.994370,587200
2021-02-25,146.910004,148.320007,140.279999,140.979996,140.666245,188000
2021-02-26,141.270004,149.479996,140.630005,147.570007,147.241592,271500
2021-03-01,150.360001,151.600006,148.050003,150.619995,150.284790,225200
2021-03-02,150.619995,151.639999,145.059998,145.220001,144.896805,104000
2021-03-03,146.160004,148.929993,144.619995,144.940002,144.617416,126900
2021-03-04,145.320007,147.649994,140.009995,140.750000,140.436752,180700
2021-03-05,143.460007,146.570007,141.009995,144.500000,144.280930,326800
2021-03-08,146.320007,148.580002,144.389999,144.589996,144.370773,188900
2021-03-09,146.289993,146.289993,140.929993,140.940002,140.726318,140200
2021-03-10,141.860001,142.669998,140.210007,141.279999,141.065796,205800
2021-03-11,142.110001,143.949997,139.440002,139.710007,139.498199,217500
2021-03-12,140.740005,143.500000,140.740005,142.979996,142.763214,290100
2021-03-15,142.289993,144.509995,140.509995,143.470001,143.252472,183800
2021-03-16,142.639999,144.449997,139.190002,139.339996,139.128738,105500
2021-03-17,139.360001,140.520004,136.929993,140.460007,140.247040,143300
2021-03-18,139.869995,143.779999,138.630005,139.589996,139.378357,129000
2021-03-19,139.039993,140.610001,136.020004,136.460007,136.253113,499500
2021-03-22,137.309998,137.309998,132.949997,133.979996,133.776871,186000
2021-03-23,131.600006,133.690002,129.800003,131.199997,131.001083,143500
2021-03-24,132.619995,138.479996,130.639999,130.779999,130.581726,191500
2021-03-25,129.199997,134.779999,127.750000,133.639999,133.437378,130500
2021-03-26,135.130005,137.490005,132.910004,135.500000,135.294556,145900
2021-03-29,135.070007,137.720001,130.360001,130.360001,130.162354,171000
2021-03-30,130.820007,135.080002,130.149994,133.600006,133.397446,216600
2021-03-31,133.910004,136.830002,132.649994,133.339996,133.137848,257000
2021-04-01,134.100006,137.020004,133.259995,135.899994,135.693954,150500
2021-04-05,137.679993,140.699997,137.679993,140.029999,139.817688,240800
2021-04-06,139.750000,143.470001,139.750000,142.179993,141.964417,133600
2021-04-07,142.100006,142.100006,133.309998,133.970001,133.766876,106500
2021-04-08,134.229996,134.550003,132.820007,134.020004,133.816818,230000
2021-04-09,133.750000,137.080002,132.850006,137.020004,136.812256,75500
2021-04-12,137.729996,138.210007,134.410004,137.139999,136.932068,100500
2021-04-13,136.669998,136.669998,132.960007,134.100006,133.896698,106700
2021-04-14,134.509995,137.369995,133.839996,135.130005,134.925125,128800
2021-04-15,135.149994,135.960007,133.740005,135.679993,135.474289,64400
2021-04-16,137.270004,138.039993,134.190002,135.470001,135.264618,78300
2021-04-19,134.750000,135.119995,132.320007,134.429993,134.226181,78400
2021-04-20,134.000000,136.779999,130.789993,132.860001,132.658569,103600
2021-04-21,133.919998,138.889999,133.919998,137.910004,137.700912,87400
2021-04-22,139.250000,139.729996,136.220001,136.520004,136.313019,118100
2021-04-23,137.750000,140.830002,137.589996,138.059998,137.850677,200000
2021-04-26,139.630005,142.300003,138.240005,138.619995,138.409836,117400
2021-04-27,134.100006,143.100006,132.940002,142.850006,142.633423,340700
2021-04-28,142.500000,146.979996,142.500000,146.070007,145.848541,140900
2021-04-29,147.279999,147.279999,143.649994,146.339996,146.118134,98700
2021-04-30,144.429993,146.029999,142.800003,145.380005,145.159592,173000
2021-05-03,146.559998,148.160004,142.449997,143.100006,142.883041,222400
2021-05-04,142.199997,145.589996,139.699997,142.839996,142.623444,107000
2021-05-05,143.149994,143.149994,139.750000,141.270004,141.055817,80600
2021-05-06,140.770004,143.720001,139.759995,143.050003,142.833130,94800
2021-05-07,142.229996,146.199997,141.610001,145.039993,144.820099,72800
2021-05-10,144.960007,145.479996,140.429993,140.500000,140.286972,97400
2021-05-11,136.789993,140.369995,136.229996,138.389999,138.180176,92500
2021-05-12,136.919998,138.020004,131.919998,132.830002,132.628616,106500
2021-05-13,132.910004,139.460007,132.910004,138.389999,138.180176,116400
2021-05-14,139.419998,143.369995,138.100006,142.940002,142.723297,101000
2021-05-17,141.740005,141.789993,138.259995,140.610001,140.396820,66900
2021-05-18,139.979996,140.779999,135.779999,135.960007,135.753876,71400
2021-05-19,134.440002,135.009995,132.360001,133.910004,133.706970,72900
2021-05-20,134.020004,135.940002,132.220001,132.610001,132.408951,79600
2021-05-21,134.940002,135.210007,132.690002,133.710007,133.507294,72300
2021-05-24,134.320007,135.960007,133.000000,134.889999,134.685486,76900
2021-05-25,127.279999,129.800003,123.120003,128.009995,127.815918,1041700
2021-05-26,130.000000,141.979996,130.000000,141.889999,141.785629,753100
2021-05-27,143.139999,145.929993,141.119995,145.710007,145.602829,345200
2021-05-28,146.119995,146.119995,142.279999,144.029999,143.924057,251200
2021-06-01,146.050003,151.309998,144.380005,150.020004,149.909668,343000
2021-06-02,149.289993,149.399994,144.369995,145.820007,145.712753,214000
2021-06-03,145.300003,146.770004,142.029999,144.460007,144.353760,221800
2021-06-04,145.160004,146.009995,143.529999,145.470001,145.363007,137000
2021-06-07,145.750000,146.820007,144.610001,145.279999,145.173141,98400
2021-06-08,144.679993,147.289993,143.539993,146.710007,146.602097,164900
2021-06-09,147.250000,147.250000,143.229996,143.369995,143.264542,112700
2021-06-10,144.520004,144.520004,139.490005,139.869995,139.767120,177700
2021-06-11,140.179993,141.179993,139.279999,140.300003,140.196808,95900
2021-06-14,141.039993,141.490005,138.539993,139.309998,139.207535,135600
2021-06-15,139.750000,140.809998,137.830002,139.009995,138.907745,132300
2021-06-16,139.039993,140.610001,136.669998,138.169998,138.068375,148200
2021-06-17,138.369995,138.369995,132.669998,135.729996,135.630157,161600
2021-06-18,132.850006,135.089996,132.389999,133.710007,133.611664,319500
2021-06-21,134.839996,138.479996,134.839996,138.110001,138.008423,167800
2021-06-22,138.110001,139.479996,135.669998,138.929993,138.827805,119900
2021-06-23,138.899994,140.339996,136.009995,136.669998,136.569473,209900
2021-06-24,137.460007,142.199997,135.679993,141.809998,141.705688,138900
2021-06-25,142.070007,142.809998,139.389999,142.250000,142.145370,345100
2021-06-28,142.500000,142.639999,139.410004,141.460007,141.355957,238800
2021-06-29,142.350006,142.630005,139.520004,140.130005,140.026932,225700
2021-06-30,139.800003,142.929993,137.910004,142.619995,142.515091,559800
2021-07-01,144.100006,144.910004,141.630005,142.639999,142.535080,197100
2021-07-02,142.710007,143.179993,139.539993,140.110001,140.006943,150700
2021-07-06,139.800003,139.800003,133.610001,133.889999,133.791519,288500
2021-07-07,133.429993,135.850006,132.080002,133.229996,133.132004,257400
2021-07-08,130.880005,135.399994,129.199997,132.639999,132.542435,173100
2021-07-09,135.479996,137.630005,134.559998,134.960007,134.860748,274000
2021-07-12,133.869995,136.630005,133.600006,135.839996,135.740082,286400
2021-07-13,135.039993,135.919998,133.380005,133.899994,133.801514,237200
2021-07-14,134.759995,136.660004,132.759995,133.610001,133.511734,204900
2021-07-15,132.500000,136.259995,132.500000,133.820007,133.721573,164800
2021-07-16,134.910004,137.250000,134.279999,134.539993,134.441040,294000
2021-07-19,131.220001,133.130005,128.619995,129.830002,129.734512,205400
2021-07-20,130.850006,137.740005,130.850006,136.720001,136.619446,246400
2021-07-21,138.000000,140.000000,136.710007,138.100006,137.998428,112700
2021-07-22,137.770004,138.850006,135.089996,136.289993,136.189743,85400
2021-07-23,137.169998,137.789993,135.270004,137.000000,136.899231,80100
2021-07-26,138.410004,138.490005,135.919998,137.100006,136.999161,80700
2021-07-27,135.320007,136.710007,133.220001,134.759995,134.660873,129400
2021-07-28,133.220001,138.990005,131.970001,137.330002,137.228989,215500
2021-07-29,139.369995,146.080002,137.309998,146.000000,145.892609,577600
2021-07-30,144.389999,146.869995,143.440002,146.580002,146.472183,239300
2021-08-02,147.259995,150.529999,144.149994,144.669998,144.563583,176800
2021-08-03,145.059998,146.940002,142.490005,146.240005,146.132446,143900
2021-08-04,144.399994,147.039993,143.759995,144.059998,143.954041,93100
2021-08-05,145.210007,147.589996,143.580002,145.979996,145.872620,99400
2021-08-06,148.309998,148.720001,147.100006,147.570007,147.461472,96300
2021-08-09,146.550003,146.639999,143.990005,144.679993,144.573578,105700
2021-08-10,145.339996,149.029999,144.250000,146.449997,146.342285,176900
2021-08-11,146.660004,147.229996,144.669998,146.080002,145.972549,85600
2021-08-12,146.899994,147.220001,142.690002,142.720001,142.615021,88600
2021-08-13,142.820007,143.800003,140.389999,141.990005,141.885574,93700
2021-08-16,141.289993,143.369995,140.259995,141.809998,141.705688,90400
2021-08-17,139.839996,140.770004,138.169998,139.130005,139.027664,89200
2021-08-18,138.380005,139.940002,136.830002,136.949997,136.849274,97400
2021-08-19,135.110001,137.240005,134.550003,135.960007,135.860001,101400
2021-08-20,136.199997,139.289993,135.350006,138.500000,138.500000,98700
2021-08-23,139.089996,140.759995,138.100006,139.889999,139.889999,100900
2021-08-24,140.000000,142.190002,139.690002,139.960007,139.960007,64600
2021-08-25,139.270004,140.559998,137.139999,139.330002,139.330002,107700
2021-08-26,139.479996,140.529999,138.380005,138.509995,138.509995,67700
2021-08-27,139.330002,143.869995,139.330002,143.320007,143.320007,137600
2021-08-30,144.179993,146.970001,142.869995,146.350006,146.350006,109000