Date,Open,High,Low,Close,Adj Close,Volume
2021-01-04,98.190002,98.190002,94.529999,95.290001,95.290001,686900
2021-01-05,95.019997,96.529999,94.730003,95.720001,95.720001,390300
2021-01-06,95.599998,98.209999,95.190002,97.860001,97.860001,439200
2021-01-07,98.080002,98.989998,96.839996,98.419998,98.419998,314500
2021-01-08,98.680000,100.540001,97.839996,98.650002,98.650002,319800
2021-01-11,97.650002,98.510002,95.410004,95.769997,95.769997,655900
2021-01-12,96.190002,97.839996,93.779999,96.370003,96.370003,399100
2021-01-13,95.989998,96.120003,93.879997,94.279999,94.279999,218500
2021-01-14,94.730003,97.699997,94.269997,96.879997,96.879997,412800
2021-01-15,96.330002,96.839996,94.410004,95.190002,95.190002,283700
2021-01-19,96.000000,96.440002,94.089996,94.959999,94.959999,435000
2021-01-20,95.410004,98.529999,95.239998,98.430000,98.430000,416900
2021-01-21,98.139999,98.529999,97.180000,97.320000,97.320000,289900
2021-01-22,97.250000,97.570000,95.589996,97.430000,97.430000,249000
2021-01-25,97.269997,99.589996,97.269997,98.139999,98.139999,407100
2021-01-26,99.209999,102.690002,98.849998,102.599998,102.599998,421800
2021-01-27,102.290001,106.589996,100.010002,105.860001,105.860001,1307400
2021-01-28,106.150002,107.940002,103.760002,103.970001,103.970001,584300
2021-01-29,104.199997,106.489998,102.269997,102.639999,102.639999,519400
2021-02-01,102.690002,104.529999,101.190002,102.900002,102.900002,408000
2021-02-02,103.720001,103.720001,100.510002,102.379997,102.379997,465500
2021-02-03,101.900002,103.500000,101.139999,102.029999,102.029999,1267900
2021-02-04,102.639999,103.699997,100.610001,102.550003,102.550003,310300
2021-02-05,103.370003,105.559998,103.010002,105.120003,105.120003,276600
2021-02-08,106.260002,106.459999,104.440002,105.669998,105.669998,332000
2021-02-09,105.980003,109.089996,105.980003,108.779999,108.779999,404000
2021-02-10,108.690002,109.190002,106.230003,108.029999,108.029999,497600
2021-02-11,107.970001,109.449997,106.879997,107.550003,107.550003,504800
2021-02-12,110.000000,111.459999,106.099998,107.790001,107.790001,734900
2021-02-16,111.239998,113.360001,109.059998,110.870003,110.870003,523500
2021-02-17,110.209999,111.220001,108.050003,109.779999,109.779999,404600
2021-02-18,110.419998,110.500000,107.709999,109.190002,109.190002,711100
2021-02-19,109.360001,110.720001,108.029999,109.589996,109.589996,351100
2021-02-22,108.930000,109.589996,108.000000,109.059998,109.059998,533300
2021-02-23,107.430000,109.430000,105.269997,109.279999,109.279999,862100
2021-02-24,109.180000,113.620003,107.769997,113.330002,113.330002,508600
2021-02-25,113.940002,114.000000,109.199997,109.570000,109.570000,278600
2021-02-26,110.099998,112.730003,108.160004,111.379997,111.379997,600000
2021-03-01,113.239998,114.000000,111.470001,113.830002,113.830002,452100
2021-03-02,113.980003,114.400002,111.529999,112.919998,112.919998,305500
2021-03-03,112.900002,113.910004,112.010002,113.269997,113.269997,463700
2021-03-04,113.660004,114.150002,109.779999,110.620003,110.620003,908200
2021-03-05,112.480003,114.110001,109.510002,113.760002,113.760002,372100
2021-03-08,114.000000,115.699997,113.000000,114.239998,114.239998,541600
2021-03-09,115.220001,117.459999,113.300003,116.169998,116.169998,492600
2021-03-10,116.589996,117.739998,115.089996,117.330002,117.330002,524700
2021-03-11,117.940002,119.330002,117.220001,118.150002,118.150002,542600
2021-03-12,117.989998,120.709999,117.190002,119.930000,119.930000,380500
2021-03-15,119.559998,122.610001,118.449997,122.489998,122.489998,437500
2021-03-16,123.139999,124.820000,121.070000,121.889999,121.889999,749100
2021-03-17,121.870003,121.870003,118.779999,120.000000,120.000000,493100
2021-03-18,119.019997,121.309998,116.739998,116.970001,116.970001,240800
2021-03-19,116.370003,119.760002,115.449997,118.529999,118.529999,689200
2021-03-22,118.750000,119.220001,117.220001,118.470001,118.470001,337400
2021-03-23,118.050003,120.290001,116.790001,117.699997,117.699997,724500
2021-03-24,117.860001,118.760002,114.889999,114.959999,114.959999,524900
2021-03-25,114.279999,118.239998,113.260002,117.830002,117.830002,325800
2021-03-26,118.620003,120.190002,116.940002,119.360001,119.360001,315800
2021-03-29,118.449997,121.180000,116.519997,117.589996,117.589996,346400
2021-03-30,117.370003,118.879997,115.989998,117.739998,117.739998,328100
2021-03-31,118.000000,121.339996,118.000000,119.860001,119.860001,428500
2021-04-01,119.900002,121.860001,119.519997,121.029999,121.029999,292500
2021-04-05,121.480003,122.000000,119.489998,120.150002,120.150002,307700
2021-04-06,119.230003,122.040001,119.230003,121.410004,121.410004,329000
2021-04-07,122.260002,122.750000,119.199997,119.419998,119.419998,234500
2021-04-08,120.360001,123.470001,120.349998,122.980003,122.980003,365900
2021-04-09,123.000000,123.699997,122.269997,123.220001,123.220001,484200
2021-04-12,122.769997,123.139999,121.070000,121.589996,121.589996,313700
2021-04-13,121.610001,124.500000,121.610001,124.330002,124.330002,284100
2021-04-14,123.809998,126.309998,123.809998,125.120003,125.120003,242700
2021-04-15,126.430000,128.220001,125.339996,128.160004,128.160004,362700
2021-04-16,128.449997,129.220001,126.739998,127.970001,127.970001,396800
2021-04-19,127.239998,129.070007,127.080002,128.029999,128.029999,463100
2021-04-20,130.100006,135.240005,129.220001,129.360001,129.360001,5274500
2021-04-21,127.309998,128.710007,117.809998,118.349998,118.349998,1084000
2021-04-22,119.190002,121.790001,118.000000,120.290001,120.290001,534000
2021-04-23,120.059998,125.050003,119.430000,125.029999,125.029999,2514600
2021-04-26,125.339996,126.449997,121.139999,121.300003,121.300003,1333700
2021-04-27,120.650002,123.230003,119.809998,122.279999,122.279999,311400
2021-04-28,122.279999,123.750000,121.680000,122.000000,122.000000,298100
2021-04-29,122.919998,124.059998,120.279999,122.650002,122.650002,1611400
2021-04-30,122.000000,122.379997,118.500000,121.000000,121.000000,1694500
2021-05-03,121.910004,123.489998,120.720001,122.050003,122.050003,366100
2021-05-04,121.169998,121.639999,118.150002,119.449997,119.449997,509700
2021-05-05,120.320000,121.669998,117.110001,117.699997,117.699997,676300
2021-05-06,117.250000,117.989998,115.610001,117.870003,117.870003,514000
2021-05-07,119.019997,122.370003,116.680000,122.099998,122.099998,378800
2021-05-10,121.480003,122.919998,119.669998,119.709999,119.709999,447900
2021-05-11,124.000000,125.000000,121.029999,122.830002,122.830002,564100
2021-05-12,122.190002,123.529999,120.839996,121.089996,121.089996,426500
2021-05-13,121.269997,123.000000,120.300003,122.050003,122.050003,623100
2021-05-14,123.339996,125.610001,123.029999,125.209999,125.209999,467400
2021-05-17,125.209999,126.669998,124.779999,125.190002,125.190002,355600
2021-05-18,125.459999,126.230003,123.800003,124.430000,124.430000,222000
2021-05-19,121.800003,125.620003,120.940002,125.440002,125.440002,388100
2021-05-20,125.419998,127.279999,125.000000,125.940002,125.940002,367000
2021-05-21,127.000000,128.610001,125.099998,125.889999,125.889999,906600
2021-05-24,126.690002,128.240005,126.690002,127.599998,127.599998,262100
2021-05-25,128.320007,128.929993,124.510002,124.989998,124.989998,290200
2021-05-26,125.370003,126.940002,124.750000,126.239998,126.239998,284700
2021-05-27,127.230003,128.000000,125.430000,125.629997,125.629997,310700
2021-05-28,125.750000,126.400002,124.379997,124.529999,124.529999,983100
2021-06-01,124.839996,126.739998,124.080002,126.510002,126.510002,691200
2021-06-02,126.510002,127.440002,125.550003,126.349998,126.349998,287700
2021-06-03,125.529999,127.230003,125.300003,126.930000,126.930000,1416500
2021-06-04,127.699997,129.000000,127.000000,127.320000,127.320000,355800
2021-06-07,127.180000,128.860001,126.309998,128.179993,128.179993,358300
2021-06-08,128.059998,129.869995,128.059998,129.139999,129.139999,293600
2021-06-09,129.289993,129.660004,127.459999,127.589996,127.589996,565400
2021-06-10,128.199997,128.979996,127.160004,127.540001,127.540001,282700
2021-06-11,128.589996,129.149994,127.720001,129.080002,129.080002,293300
2021-06-14,129.440002,129.440002,127.570000,129.020004,129.020004,348000
2021-06-15,129.039993,130.309998,125.610001,130.270004,130.270004,1552000
2021-06-16,130.839996,133.940002,129.860001,133.330002,133.330002,1705300
2021-06-17,132.960007,135.679993,132.419998,133.589996,133.589996,513000
2021-06-18,132.479996,134.250000,131.000000,131.490005,131.490005,645400
2021-06-21,131.710007,136.100006,131.399994,135.839996,135.839996,438300
2021-06-22,136.539993,137.830002,134.529999,136.419998,136.419998,405700
2021-06-23,136.750000,138.820007,136.750000,138.399994,138.399994,441600
2021-06-24,139.449997,140.570007,138.039993,138.839996,138.839996,402100
2021-06-25,138.800003,140.070007,137.529999,138.600006,138.600006,735600
2021-06-28,139.020004,139.059998,137.419998,138.119995,138.119995,346900
2021-06-29,138.589996,138.649994,136.869995,138.550003,138.550003,336800
2021-06-30,138.679993,139.139999,137.199997,137.550003,137.550003,308500
2021-07-01,137.210007,139.139999,137.210007,138.649994,138.649994,346800
2021-07-02,139.350006,140.149994,139.009995,139.779999,139.779999,253800
2021-07-06,140.050003,140.979996,138.289993,140.619995,140.619995,267900
2021-07-07,141.669998,143.279999,140.479996,142.580002,142.580002,353000
2021-07-08,140.960007,142.949997,139.800003,141.970001,141.970001,297400
2021-07-09,142.630005,143.350006,141.710007,142.449997,142.449997,243600
2021-07-12,142.899994,145.550003,141.529999,142.300003,142.300003,249900
2021-07-13,141.830002,142.679993,138.500000,138.690002,138.690002,342800
2021-07-14,139.429993,140.820007,137.770004,139.419998,139.419998,405000
2021-07-15,139.020004,140.770004,137.830002,138.720001,138.720001,294200
2021-07-16,139.369995,140.759995,138.619995,138.830002,138.830002,242800
2021-07-19,137.139999,138.830002,135.470001,136.990005,136.990005,528600
2021-07-20,138.410004,141.759995,136.610001,140.509995,140.509995,354900
2021-07-21,141.139999,143.350006,141.119995,142.940002,142.940002,461900
2021-07-22,143.220001,145.000000,140.830002,141.880005,141.880005,267700
2021-07-23,142.529999,144.630005,141.850006,144.229996,144.229996,281300
2021-07-26,144.720001,146.029999,143.750000,144.270004,144.270004,250600
2021-07-27,143.500000,145.990005,142.210007,144.770004,144.770004,291100
2021-07-28,145.589996,147.339996,144.949997,146.660004,146.660004,281000
2021-07-29,146.800003,147.350006,143.199997,143.550003,143.550003,506800
2021-07-30,142.820007,143.500000,140.880005,141.270004,141.270004,416900
2021-08-02,142.070007,142.800003,141.279999,141.619995,141.619995,323100
2021-08-03,141.770004,142.399994,140.119995,142.149994,142.149994,329800
2021-08-04,141.240005,142.279999,140.639999,141.330002,141.330002,244900
2021-08-05,141.649994,142.940002,140.679993,142.779999,142.779999,229900
2021-08-06,142.300003,142.880005,134.699997,138.089996,138.089996,576000
2021-08-09,138.479996,138.479996,134.619995,134.630005,134.630005,373800
2021-08-10,134.490005,136.479996,133.119995,136.059998,136.059998,234100
2021-08-11,136.820007,138.139999,134.369995,135.880005,135.880005,214000
2021-08-12,135.649994,136.860001,134.940002,136.300003,136.300003,308600
2021-08-13,136.699997,136.699997,133.899994,133.970001,133.970001,146400
2021-08-16,132.830002,133.050003,130.660004,131.309998,131.309998,318800
2021-08-17,130.020004,130.589996,128.759995,129.850006,129.850006,282300
2021-08-18,129.869995,130.779999,128.770004,128.839996,128.839996,212100
2021-08-19,127.519997,129.270004,127.050003,129.259995,129.259995,235900
2021-08-20,129.610001,132.740005,129.600006,131.910004,131.910004,256500
2021-08-23,132.759995,132.899994,131.160004,131.869995,131.869995,181000
2021-08-24,132.130005,134.039993,131.869995,134.029999,134.029999,179600
2021-08-25,134.639999,136.960007,134.050003,135.800003,135.800003,243100
2021-08-26,135.270004,136.369995,135.179993,135.449997,135.449997,261700
2021-08-27,135.410004,140.110001,135.410004,139.789993,139.789993,309000
2021-08-30,140.440002,140.440002,138.080002,138.169998,138.169998,259100