Date,Open,High,Low,Close,Adj Close,Volume
2021-01-04,33.919998,34.070000,32.660000,33.470001,33.130936,1404200
2021-01-05,33.000000,33.450001,32.400002,32.490002,32.160862,2346600
2021-01-06,32.230000,32.919998,31.760000,32.810001,32.477619,2214400
2021-01-07,33.080002,34.549999,32.799999,34.310001,33.962425,1945900
2021-01-08,34.439999,34.439999,32.700001,33.040001,32.705292,1413100
2021-01-11,32.779999,34.060001,32.520000,33.709999,33.368500,2004500
2021-01-12,34.270000,34.450001,33.349998,34.150002,33.804047,3453600
2021-01-13,36.869999,37.770000,34.959999,35.009998,34.655331,6542400
2021-01-14,35.240002,36.389999,34.549999,35.290001,34.932495,2377200
2021-01-15,35.189999,36.020000,34.919998,35.759998,35.397736,2795300
2021-01-19,36.139999,37.830002,36.099998,37.730000,37.347778,2866700
2021-01-20,37.919998,41.240002,37.759998,40.509998,40.099613,2943600
2021-01-21,40.939999,42.400002,40.910000,41.189999,40.772728,2582700
2021-01-22,41.029999,42.610001,40.610001,42.209999,41.782391,3005800
2021-01-25,42.630001,43.500000,42.080002,42.669998,42.237728,2271200
2021-01-26,43.029999,43.750000,41.070000,42.020000,41.594318,2346700
2021-01-27,41.000000,43.279999,40.869999,42.439999,42.010059,2671200
2021-01-28,42.070000,42.770000,41.310001,42.220001,41.792294,2573700
2021-01-29,41.770000,42.200001,40.750000,41.639999,41.218166,2335900
2021-02-01,41.980000,42.410000,40.720001,41.660000,41.237961,1500600
2021-02-02,42.000000,42.000000,40.369999,41.290001,40.871712,1426200
2021-02-03,41.099998,41.660000,40.590000,40.919998,40.653145,972500
2021-02-04,40.889999,41.259998,39.849998,40.610001,40.345169,1755300
2021-02-05,40.869999,42.630001,40.200001,42.549999,42.272518,1214300
2021-02-08,43.099998,45.209999,42.950001,45.080002,44.786018,1785300
2021-02-09,44.750000,44.810001,43.340000,43.860001,43.573975,1555000
2021-02-10,43.740002,44.680000,42.779999,43.630001,43.345474,1264400
2021-02-11,44.150002,45.590000,43.820000,44.709999,44.418430,1385000
2021-02-12,44.230000,44.599998,43.400002,44.060001,43.772671,1214300
2021-02-16,44.000000,44.009998,41.450001,41.470001,41.199562,1610500
2021-02-17,41.070000,41.470001,40.400002,41.250000,40.980991,1429500
2021-02-18,41.230000,41.490002,40.570000,40.700001,40.434582,1042900
2021-02-19,43.130001,43.189999,41.570000,42.369999,42.093689,2592200
2021-02-22,42.000000,42.209999,40.490002,40.500000,40.235886,1299100
2021-02-23,40.029999,40.630001,38.619999,40.450001,40.186214,1300200
2021-02-24,39.759998,41.720001,38.790001,41.610001,41.338650,1428900
2021-02-25,41.380001,41.380001,39.000000,39.270000,39.013905,1483900
2021-02-26,39.759998,40.980000,38.950001,40.380001,40.116669,1324500
2021-03-01,41.169998,41.709999,40.340000,40.509998,40.245819,1207100
2021-03-02,40.700001,41.419998,39.950001,41.160000,40.891582,1009700
2021-03-03,41.020000,41.349998,39.689999,40.200001,39.937843,1014100
2021-03-04,40.279999,41.980000,38.049999,39.529999,39.272209,1975700
2021-03-05,39.910000,42.680000,38.849998,42.630001,42.351997,2498100
2021-03-08,43.000000,44.200001,42.599998,43.470001,43.186520,1212400
2021-03-09,44.110001,44.799999,42.980000,43.009998,42.729515,1100100
2021-03-10,43.040001,45.009998,42.939999,44.570000,44.279343,1156600
2021-03-11,45.090000,45.250000,44.020000,44.430000,44.140259,1022300
2021-03-12,43.450001,44.320000,42.529999,43.930000,43.643517,1122900
2021-03-15,44.459999,45.540001,43.939999,45.500000,45.203278,1031100
2021-03-16,45.840000,46.549999,45.110001,45.230000,44.935036,1450300
2021-03-17,44.869999,47.369999,44.139999,47.369999,47.061085,1479000
2021-03-18,45.970001,46.720001,43.540001,43.560001,43.275932,1899600
2021-03-19,44.160000,45.200001,43.060001,44.180000,43.891888,2008000
2021-03-22,44.880001,45.419998,43.689999,44.970001,44.676739,1553500
2021-03-23,45.160000,45.259998,43.029999,43.360001,43.077232,1722900
2021-03-24,44.000000,44.779999,43.290001,43.389999,43.107037,2445100
2021-03-25,40.470001,44.759998,40.470001,44.400002,44.110455,3370300
2021-03-26,45.049999,47.000000,44.060001,46.990002,46.683563,2676500
2021-03-29,46.639999,47.230000,44.770000,44.939999,44.646927,1397200
2021-03-30,44.700001,46.950001,44.560001,46.700001,46.395454,1277200
2021-03-31,46.939999,47.340000,46.240002,46.529999,46.226563,1121000
2021-04-01,47.029999,47.889999,46.509998,47.779999,47.468407,1034700
2021-04-05,48.000000,49.169998,47.689999,49.029999,48.710255,1864200
2021-04-06,49.189999,49.630001,48.700001,49.189999,48.869213,814000
2021-04-07,49.259998,49.650002,48.270000,48.480000,48.163845,1023000
2021-04-08,48.720001,48.849998,47.400002,47.430000,47.120693,1079100
2021-04-09,47.459999,49.330002,47.099998,49.060001,48.740063,1012700
2021-04-12,49.020000,49.279999,48.450001,49.090000,48.769867,885200
2021-04-13,48.700001,49.230000,47.070000,48.529999,48.213520,1446500
2021-04-14,48.279999,49.259998,48.139999,48.220001,47.905544,810600
2021-04-15,48.889999,48.900002,48.040001,48.080002,47.766457,719300
2021-04-16,48.689999,49.919998,48.619999,49.660000,49.336151,1218200
2021-04-19,50.020000,50.160000,48.570000,49.139999,48.819542,1398700
2021-04-20,49.139999,49.220001,45.830002,46.849998,46.544476,1711000
2021-04-21,46.750000,48.040001,46.509998,47.830002,47.518085,1158400
2021-04-22,47.669998,47.889999,46.820000,47.209999,46.902126,1313300
2021-04-23,47.200001,48.090000,46.549999,47.830002,47.518085,1024900
2021-04-26,48.250000,48.810001,47.619999,48.709999,48.392345,703600
2021-04-27,49.270000,50.000000,48.419998,48.630001,48.312866,996500
2021-04-28,48.860001,49.099998,48.419998,48.700001,48.382412,1055400
2021-04-29,49.200001,50.110001,48.750000,49.639999,49.316280,1177600
2021-04-30,49.639999,49.660000,47.910000,48.230000,47.915478,1041800
2021-05-03,48.959999,49.799999,48.610001,49.549999,49.226868,764800
2021-05-04,49.250000,49.619999,48.590000,49.590000,49.266605,745600
2021-05-05,49.669998,49.810001,48.520000,49.330002,49.156994,1352700
2021-05-06,49.610001,49.610001,48.000000,48.779999,48.608921,1152800
2021-05-07,48.799999,50.990002,48.259998,50.830002,50.651733,1154200
2021-05-10,50.900002,52.480000,50.270000,51.000000,50.821136,1096200
2021-05-11,50.000000,50.130001,47.919998,48.520000,48.349834,1782700
2021-05-12,47.860001,47.980000,43.970001,44.189999,44.035019,2884100
2021-05-13,44.529999,46.459999,44.459999,45.939999,45.778881,1581700
2021-05-14,46.480000,47.130001,46.150002,46.959999,46.795303,1141500
2021-05-17,46.549999,46.889999,45.240002,45.900002,45.739025,1604400
2021-05-18,45.910000,46.080002,44.540001,44.650002,44.493408,1358500
2021-05-19,43.599998,44.669998,42.619999,44.040001,43.885548,1604300
2021-05-20,44.049999,44.680000,43.430000,44.400002,44.244286,1149800
2021-05-21,44.889999,45.439999,43.500000,43.540001,43.387299,1340700
2021-05-24,43.860001,43.919998,43.330002,43.580002,43.427162,892800
2021-05-25,43.990002,45.869999,43.980000,45.009998,44.852142,1977900
2021-05-26,45.240002,46.270000,44.930000,46.150002,45.988148,1112900
2021-05-27,46.419998,47.369999,46.150002,46.950001,46.785339,1403000
2021-05-28,47.259998,47.290001,46.110001,46.810001,46.645832,727100
2021-06-01,47.250000,47.580002,46.160000,47.130001,46.964710,802300
2021-06-02,47.259998,47.259998,45.740002,45.869999,45.709126,1089500
2021-06-03,45.520000,45.820000,44.419998,45.240002,45.081337,932000
2021-06-04,45.509998,46.169998,44.810001,46.000000,45.838673,887600
2021-06-07,46.119999,46.369999,45.320000,45.689999,45.529758,788100
2021-06-08,46.009998,46.049999,45.380001,45.590000,45.430111,1235100
2021-06-09,45.759998,45.900002,44.139999,44.360001,44.204426,1258000
2021-06-10,43.980000,44.000000,42.320000,43.389999,43.237823,2752900
2021-06-11,43.680000,44.299999,43.279999,43.810001,43.656353,1592300
2021-06-14,43.650002,44.299999,42.520000,43.009998,42.859158,1197800
2021-06-15,43.400002,43.450001,42.779999,43.090000,42.938877,992700
2021-06-16,43.049999,43.380001,42.009998,42.119999,41.972279,1170600
2021-06-17,42.000000,43.250000,41.599998,42.570000,42.420700,1765400
2021-06-18,42.119999,43.369999,41.930000,42.480000,42.331017,1801300
2021-06-21,42.810001,43.570000,42.700001,43.049999,42.899017,1204700
2021-06-22,43.250000,43.349998,42.450001,43.230000,43.078384,1548300
2021-06-23,43.919998,44.040001,42.340000,43.369999,43.217896,4695900
2021-06-24,41.750000,41.750000,40.130001,40.450001,40.308136,8477200
2021-06-25,40.610001,40.910000,40.020000,40.070000,39.929470,4872000
2021-06-28,40.259998,40.660000,39.860001,40.610001,40.467575,2128000
2021-06-29,40.549999,41.480000,40.529999,40.759998,40.617046,2427800
2021-06-30,40.410000,41.119999,40.290001,40.720001,40.577190,1830700
2021-07-01,40.849998,41.919998,40.590000,41.840000,41.693260,1805800
2021-07-02,42.060001,42.060001,41.250000,41.459999,41.314594,1059400
2021-07-06,41.279999,41.380001,39.759998,40.139999,39.999222,1787900
2021-07-07,40.090000,41.200001,40.040001,40.680000,40.537331,1332800
2021-07-08,39.509998,39.849998,38.540001,38.830002,38.693821,3114000
2021-07-09,39.520000,40.310001,39.470001,39.830002,39.690311,1725500
2021-07-12,39.549999,40.119999,39.200001,39.939999,39.799923,1215500
2021-07-13,39.549999,39.840000,38.500000,38.779999,38.643993,2025500
2021-07-14,39.169998,39.799999,39.000000,39.349998,39.211994,1956800
2021-07-15,39.029999,39.790001,38.849998,39.290001,39.152206,1834700
2021-07-16,39.450001,40.049999,38.849998,38.930000,38.793468,1750000
2021-07-19,38.830002,39.820000,38.290001,39.240002,39.102383,2514500
2021-07-20,39.320000,40.759998,39.240002,40.480000,40.338032,2090800
2021-07-21,40.709999,41.549999,40.349998,41.020000,40.876137,1912000
2021-07-22,40.549999,40.770000,39.900002,40.509998,40.367924,1788300
2021-07-23,40.889999,41.680000,40.849998,41.480000,41.334522,1635600
2021-07-26,41.660000,41.990002,40.810001,40.919998,40.776485,1527900
2021-07-27,40.619999,41.470001,40.270000,41.310001,41.165123,1375900
2021-07-28,41.369999,41.730000,40.880001,41.240002,41.095367,1070600
2021-07-29,41.700001,43.070000,41.619999,42.540001,42.390808,1774900
2021-07-30,42.049999,43.040001,42.029999,42.439999,42.291157,1383500
2021-08-02,42.619999,42.980000,42.360001,42.540001,42.390808,1249400
2021-08-03,42.650002,42.980000,42.000000,42.770000,42.619999,1115500
2021-08-04,42.259998,42.830002,41.509998,41.590000,41.590000,2026100
2021-08-05,41.610001,42.400002,41.540001,42.139999,42.139999,979200
2021-08-06,42.470001,42.580002,41.740002,41.869999,41.869999,1169900
2021-08-09,41.799999,42.360001,41.529999,41.720001,41.720001,1111200
2021-08-10,41.900002,43.029999,41.630001,42.259998,42.259998,1081200
2021-08-11,42.139999,43.810001,41.950001,43.799999,43.799999,1057300
2021-08-12,43.889999,44.160000,43.029999,43.450001,43.450001,764300
2021-08-13,43.590000,43.810001,43.070000,43.779999,43.779999,790900
2021-08-16,43.480000,44.220001,43.230000,43.410000,43.410000,961000
2021-08-17,42.869999,42.900002,40.860001,41.669998,41.669998,1262000
2021-08-18,41.110001,42.270000,41.000000,41.500000,41.500000,758500
2021-08-19,40.959999,41.450001,40.660000,41.040001,41.040001,1374300
2021-08-20,40.900002,42.029999,40.689999,41.900002,41.900002,1001400
2021-08-23,41.810001,41.840000,40.740002,41.439999,41.439999,899400
2021-08-24,41.759998,43.240002,41.500000,42.439999,42.439999,1172200
2021-08-25,42.560001,43.750000,42.279999,43.240002,43.240002,901400
2021-08-26,43.200001,43.360001,42.439999,42.759998,42.759998,956900
2021-08-27,42.939999,43.959999,42.660000,43.459999,43.459999,836300
2021-08-30,43.570000,43.570000,42.910000,43.150002,43.150002,622000