Date,Open,High,Low,Close,Adj Close,Volume
2021-01-04,31.110001,31.230000,29.620001,29.750000,29.583261,1811800
2021-01-05,29.879999,30.450001,29.870001,30.139999,29.971073,1492200
2021-01-06,30.420000,31.950001,30.120001,31.480000,31.303564,3360900
2021-01-07,31.629999,31.889999,31.219999,31.660000,31.482555,1205100
2021-01-08,31.740000,31.950001,31.010000,31.809999,31.631714,898900
2021-01-11,31.260000,31.780001,30.940001,31.129999,30.955526,1299900
2021-01-12,31.270000,31.730000,31.110001,31.480000,31.303564,2613100
2021-01-13,31.440001,31.850000,31.010000,31.059999,30.885918,1974600
2021-01-14,31.320000,32.220001,31.190001,31.809999,31.631714,1444500
2021-01-15,31.430000,31.730000,30.870001,31.530001,31.353285,920300
2021-01-19,32.150002,32.270000,31.420000,31.559999,31.383116,1199800
2021-01-20,31.719999,32.000000,31.190001,31.430000,31.253845,905600
2021-01-21,31.430000,31.660000,30.670000,30.930000,30.756647,943200
2021-01-22,30.540001,30.830000,30.370001,30.629999,30.458328,1295200
2021-01-25,30.370001,30.379999,29.719999,30.200001,30.030739,934000
2021-01-26,30.330000,30.360001,29.780001,29.990000,29.821917,775700
2021-01-27,29.290001,29.740000,28.430000,28.959999,28.797688,1850400
2021-01-28,29.510000,29.670000,29.000000,29.330000,29.165615,892000
2021-01-29,29.160000,29.469999,28.639999,29.049999,28.887184,1646000
2021-02-01,29.270000,30.219999,28.879999,29.870001,29.702589,1329400
2021-02-02,30.340000,30.600000,29.799999,30.500000,30.329056,907600
2021-02-03,30.299999,30.530001,29.850000,30.389999,30.219673,748900
2021-02-04,29.520000,30.639999,29.520000,30.330000,30.160011,892000
2021-02-05,30.680000,30.770000,30.150000,30.410000,30.239563,729700
2021-02-08,30.600000,31.049999,30.350000,31.040001,30.866032,755300
2021-02-09,31.030001,31.299999,30.420000,31.139999,30.965469,750100
2021-02-10,31.469999,31.480000,31.030001,31.440001,31.263788,789300
2021-02-11,31.650000,32.310001,31.500000,32.299999,32.118969,1443000
2021-02-12,32.189999,32.439999,31.820000,31.920000,31.741098,718800
2021-02-16,32.180000,32.310001,31.650000,32.130001,31.949921,985100
2021-02-17,31.850000,31.860001,31.200001,31.559999,31.383116,1478000
2021-02-18,31.780001,31.950001,31.459999,31.750000,31.572052,1157400
2021-02-19,31.910000,32.310001,31.910000,32.259998,32.079193,1208500
2021-02-22,31.990000,32.360001,31.549999,32.000000,31.820650,1640700
2021-02-23,31.930000,32.400002,31.370001,32.130001,31.949921,1357100
2021-02-24,32.139999,32.900002,31.980000,32.520000,32.337734,1153700
2021-02-25,32.410000,32.630001,31.870001,32.070000,31.890259,1057600
2021-02-26,32.090000,32.090000,30.940001,31.000000,30.826254,2799000
2021-03-01,31.690001,31.959999,31.320000,31.490000,31.313509,1131400
2021-03-02,31.450001,31.559999,30.820000,30.860001,30.687040,1125500
2021-03-03,30.950001,31.459999,30.809999,30.900000,30.726814,1408400
2021-03-04,30.879999,31.350000,30.270000,30.639999,30.468271,1024800
2021-03-05,31.090000,31.320000,30.670000,31.020000,30.846144,2179100
2021-03-08,31.309999,32.060001,31.120001,31.809999,31.631714,1345900
2021-03-09,32.110001,33.009998,31.950001,32.090000,31.910147,1284200
2021-03-10,32.220001,33.389999,32.049999,33.349998,33.163082,1058900
2021-03-11,33.529999,34.450001,33.380001,34.060001,33.869106,2231300
2021-03-12,34.230000,34.680000,33.639999,33.669998,33.481289,1763200
2021-03-15,33.520000,33.660000,32.709999,33.070000,32.884651,1529200
2021-03-16,33.009998,33.029999,32.259998,32.619999,32.437172,1244600
2021-03-17,32.619999,33.230000,32.169998,33.209999,33.023869,1080900
2021-03-18,33.230000,33.529999,32.509998,32.570000,32.387455,883300
2021-03-19,32.880001,32.880001,31.930000,32.400002,32.218410,2877100
2021-03-22,32.389999,32.529999,32.029999,32.090000,31.910147,869700
2021-03-23,31.670000,31.870001,30.950001,31.129999,30.955526,1071400
2021-03-24,31.400000,32.200001,31.250000,31.570000,31.393061,1386800
2021-03-25,31.370001,35.990002,31.219999,35.549999,35.350754,6326000
2021-03-26,35.830002,37.130001,35.529999,37.090000,36.882122,3671000
2021-03-29,37.349998,38.349998,37.080002,37.470001,37.259991,2433900
2021-03-30,37.500000,37.980000,37.160000,37.740002,37.528484,1851200
2021-03-31,37.939999,38.790001,37.900002,38.389999,38.174835,2303000
2021-04-01,38.400002,38.459999,36.950001,37.180000,37.077858,1948000
2021-04-05,37.490002,38.110001,37.250000,38.110001,38.005302,1323500
2021-04-06,37.830002,38.720001,37.730000,38.590000,38.483986,1290800
2021-04-07,38.349998,38.470001,37.849998,38.099998,37.995327,1120100
2021-04-08,38.169998,38.209999,37.439999,38.080002,37.975388,812800
2021-04-09,38.090000,38.779999,37.889999,38.480000,38.374287,1449200
2021-04-12,38.439999,39.160000,38.299999,38.990002,38.882885,1670000
2021-04-13,38.669998,39.310001,38.509998,39.049999,38.942719,1870100
2021-04-14,39.029999,39.790001,38.930000,39.209999,39.102280,1489300
2021-04-15,39.169998,39.770000,38.900002,39.520000,39.411430,1189200
2021-04-16,39.860001,40.389999,39.790001,39.869999,39.760468,2073000
2021-04-19,40.000000,40.150002,39.340000,39.660000,39.551044,1720800
2021-04-20,39.799999,39.799999,38.939999,39.250000,39.142170,1260800
2021-04-21,39.150002,39.820000,39.090000,39.770000,39.660744,2765600
2021-04-22,39.900002,40.599998,39.650002,39.669998,39.561016,1952500
2021-04-23,39.599998,40.599998,39.349998,40.169998,40.059643,1984400
2021-04-26,40.400002,40.980000,40.259998,40.349998,40.239147,1115600
2021-04-27,40.360001,40.810001,40.090000,40.599998,40.488461,1200400
2021-04-28,40.410000,40.880001,40.220001,40.459999,40.348846,1449000
2021-04-29,40.240002,40.580002,39.200001,39.990002,39.880138,1476600
2021-04-30,39.680000,40.080002,39.220001,39.560001,39.451321,2587200
2021-05-03,40.040001,40.169998,39.660000,39.750000,39.640797,1132600
2021-05-04,39.720001,39.840000,39.150002,39.830002,39.720581,1302400
2021-05-05,39.750000,40.110001,38.970001,39.650002,39.541073,1369800
2021-05-06,39.740002,40.509998,39.439999,40.490002,40.378765,1703500
2021-05-07,40.299999,41.230000,39.919998,41.160000,41.046925,960500
2021-05-10,41.320000,41.799999,40.900002,40.919998,40.807583,1206300
2021-05-11,40.250000,41.240002,40.060001,40.700001,40.588188,1575100
2021-05-12,40.580002,40.930000,40.230000,40.290001,40.179314,2213700
2021-05-13,40.270000,41.970001,40.040001,41.660000,41.545551,2197300
2021-05-14,41.830002,42.709999,41.560001,42.340000,42.223682,1465400
2021-05-17,41.980000,42.400002,41.660000,42.330002,42.213711,1143100
2021-05-18,42.250000,42.480000,40.959999,40.990002,40.877392,1024400
2021-05-19,40.680000,40.770000,39.910000,40.400002,40.289013,1164000
2021-05-20,40.410000,40.630001,39.689999,40.029999,39.920029,1248700
2021-05-21,40.570000,41.090000,40.570000,40.959999,40.847473,1394700
2021-05-24,41.189999,41.250000,40.849998,41.070000,40.957172,973700
2021-05-25,40.950001,41.459999,40.619999,40.669998,40.558270,1066700
2021-05-26,40.709999,41.070000,40.130001,40.470001,40.358822,877600
2021-05-27,41.020000,41.130001,40.580002,40.790001,40.677940,553800
2021-05-28,40.990002,40.990002,40.349998,40.740002,40.628078,644100
2021-06-01,41.279999,41.279999,40.750000,41.189999,41.076839,704900
2021-06-02,41.150002,41.430000,40.720001,40.869999,40.757721,1313100
2021-06-03,40.689999,40.740002,40.220001,40.529999,40.418652,704400
2021-06-04,40.570000,40.619999,40.110001,40.250000,40.139423,1372400
2021-06-07,40.520000,40.639999,39.910000,40.099998,39.989834,632900
2021-06-08,40.209999,40.389999,39.770000,40.150002,40.039700,1965700
2021-06-09,40.060001,40.310001,39.459999,39.509998,39.401455,1546700
2021-06-10,39.779999,39.779999,38.959999,39.250000,39.142170,1647200
2021-06-11,39.490002,40.189999,39.299999,40.040001,39.930000,950800
2021-06-14,40.000000,40.110001,39.160000,39.619999,39.619999,1163100
2021-06-15,39.630001,39.919998,39.369999,39.680000,39.680000,855700
2021-06-16,39.610001,39.810001,39.110001,39.509998,39.509998,1249500
2021-06-17,39.410000,39.410000,37.770000,38.279999,38.279999,1471600
2021-06-18,37.549999,37.880001,37.259998,37.360001,37.360001,2214900
2021-06-21,37.860001,38.340000,37.680000,37.790001,37.790001,1253000
2021-06-22,37.700001,37.720001,36.919998,37.430000,37.430000,997800
2021-06-23,37.580002,37.610001,37.099998,37.310001,37.310001,1043300
2021-06-24,37.480000,38.180000,37.029999,37.799999,37.799999,1901600
2021-06-25,37.910000,39.139999,37.820000,38.529999,38.529999,7176900
2021-06-28,38.549999,38.549999,37.520000,38.009998,38.009998,1450300
2021-06-29,38.180000,38.270000,37.279999,37.650002,37.650002,1314400
2021-06-30,37.410000,38.299999,37.360001,38.150002,38.150002,1140200
2021-07-01,38.490002,38.820000,38.290001,38.529999,38.529999,1286800
2021-07-02,38.730000,38.779999,38.270000,38.279999,38.279999,997300
2021-07-06,38.130001,38.299999,37.130001,37.689999,37.689999,730900
2021-07-07,37.250000,38.250000,37.250000,38.160000,38.160000,981600
2021-07-08,37.500000,38.919998,37.430000,38.470001,38.470001,1411900
2021-07-09,39.160000,39.619999,38.900002,39.209999,39.209999,1093700
2021-07-12,38.849998,39.700001,38.560001,39.470001,39.470001,855700
2021-07-13,39.139999,39.560001,38.889999,38.980000,38.980000,904700
2021-07-14,39.290001,39.580002,38.740002,38.840000,38.840000,899500
2021-07-15,38.480000,39.139999,38.470001,38.959999,38.959999,804700
2021-07-16,39.279999,39.279999,38.590000,38.650002,38.650002,650700
2021-07-19,37.990002,38.380001,37.580002,38.130001,38.130001,1601900
2021-07-20,38.139999,39.259998,37.970001,39.080002,39.080002,936700
2021-07-21,39.349998,39.810001,39.139999,39.270000,39.270000,629300
2021-07-22,39.250000,39.250000,38.730000,38.930000,38.930000,704200
2021-07-23,39.320000,39.389999,38.740002,39.200001,39.200001,751200
2021-07-26,39.459999,39.599998,39.029999,39.380001,39.380001,578500
2021-07-27,38.939999,39.259998,38.630001,39.080002,39.080002,858200
2021-07-28,39.240002,39.400002,38.439999,39.020000,39.020000,985400
2021-07-29,39.049999,39.169998,37.880001,38.730000,38.730000,1457500
2021-07-30,38.680000,39.070000,38.610001,38.700001,38.700001,1017100
2021-08-02,38.799999,39.709999,38.799999,38.840000,38.840000,1088000
2021-08-03,39.130001,39.240002,38.419998,38.889999,38.889999,729100
2021-08-04,38.490002,38.740002,38.040001,38.049999,38.049999,1048200
2021-08-05,38.240002,38.529999,37.630001,37.810001,37.810001,664100
2021-08-06,37.990002,38.590000,37.990002,38.130001,38.130001,682900
2021-08-09,38.040001,38.040001,37.529999,37.660000,37.660000,652300
2021-08-10,37.700001,38.080002,37.439999,37.900002,37.900002,470800
2021-08-11,37.930000,39.000000,37.689999,38.990002,38.990002,1394700
2021-08-12,39.119999,39.419998,38.959999,39.380001,39.380001,982800
2021-08-13,39.400002,39.759998,39.090000,39.400002,39.400002,951200
2021-08-16,39.259998,39.740002,38.810001,39.490002,39.490002,767900
2021-08-17,39.230000,39.570000,38.810001,39.330002,39.330002,474800
2021-08-18,39.169998,39.369999,38.500000,38.520000,38.520000,554600
2021-08-19,38.150002,38.220001,37.349998,37.419998,37.419998,1129800
2021-08-20,37.430000,37.610001,36.709999,37.240002,37.240002,1014100
2021-08-23,37.430000,38.310001,37.240002,38.090000,38.090000,645900
2021-08-24,38.230000,38.590000,38.139999,38.279999,38.279999,637100
2021-08-25,38.240002,39.049999,38.070000,38.790001,38.790001,598700
2021-08-26,38.840000,39.000000,38.630001,38.730000,38.730000,424700
2021-08-27,38.910000,39.490002,38.799999,39.320000,39.320000,649800
2021-08-30,39.500000,39.500000,38.689999,38.849998,38.849998,576200