Date,Open,High,Low,Close,Adj Close,Volume
2021-01-04,43.660000,43.880001,41.970001,42.430000,42.292912,265000
2021-01-05,42.400002,43.480000,42.400002,43.320000,43.180038,234000
2021-01-06,44.119999,46.389999,43.580002,46.000000,45.851379,629000
2021-01-07,46.000000,46.459999,45.709999,46.459999,46.309887,250100
2021-01-08,46.500000,46.950001,45.930000,46.270000,46.120506,468600
2021-01-11,45.810001,47.900002,45.770000,47.869999,47.715332,360700
2021-01-12,47.980000,49.310001,47.790001,49.209999,49.051003,391100
2021-01-13,49.009998,49.419998,48.230000,48.490002,48.333332,255500
2021-01-14,48.840000,49.529999,48.450001,49.040001,48.881554,266400
2021-01-15,48.360001,48.660000,47.049999,47.189999,47.037529,319600
2021-01-19,47.709999,47.820000,46.669998,46.919998,46.768402,296900
2021-01-20,46.980000,48.900002,46.980000,48.849998,48.692169,508600
2021-01-21,48.849998,49.320000,48.160000,48.180000,48.024334,480900
2021-01-22,47.470001,47.980000,47.080002,47.889999,47.735271,243000
2021-01-25,47.459999,49.000000,46.980000,48.590000,48.433006,425700
2021-01-26,49.080002,49.080002,47.830002,48.139999,47.984459,236900
2021-01-27,47.150002,48.000000,46.540001,47.830002,47.675465,328800
2021-01-28,48.400002,48.459999,46.740002,47.080002,46.927887,308300
2021-01-29,47.349998,47.700001,45.599998,45.599998,45.452667,282200
2021-02-01,45.990002,48.529999,45.939999,48.349998,48.193783,348800
2021-02-02,48.900002,48.900002,47.500000,48.090000,47.934624,265300
2021-02-03,47.889999,48.490002,47.700001,48.349998,48.193783,192500
2021-02-04,48.330002,49.610001,48.090000,49.480000,49.320129,264000
2021-02-05,50.000000,51.259998,49.580002,51.250000,51.084415,280500
2021-02-08,51.840000,53.720001,51.369999,53.549999,53.376984,421500
2021-02-09,53.000000,55.419998,52.700001,55.290001,55.111362,353700
2021-02-10,55.610001,56.200001,55.320000,55.880001,55.699455,391400
2021-02-11,56.080002,56.330002,54.340000,56.029999,55.848969,435500
2021-02-12,55.939999,56.840000,55.580002,56.520000,56.337391,286100
2021-02-16,56.490002,56.610001,54.860001,55.939999,55.759258,275900
2021-02-17,55.310001,56.669998,54.830002,56.180000,55.998489,281800
2021-02-18,55.790001,56.750000,54.720001,55.150002,54.971813,337000
2021-02-19,55.259998,57.020000,55.259998,56.590000,56.407162,322700
2021-02-22,57.000000,62.090000,56.599998,61.560001,61.361103,792500
2021-02-23,60.919998,64.250000,60.090000,63.060001,62.856258,637900
2021-02-24,63.169998,64.480003,62.639999,63.970001,63.763317,445200
2021-02-25,64.480003,65.309998,61.740002,62.000000,61.799683,431400
2021-02-26,61.650002,63.029999,61.110001,61.549999,61.351135,341200
2021-03-01,62.610001,63.720001,62.090000,63.430000,63.225063,357800
2021-03-02,62.799999,63.160000,60.599998,60.639999,60.444077,428300
2021-03-03,61.360001,62.880001,61.040001,61.450001,61.251457,324400
2021-03-04,61.220001,61.349998,59.009998,59.869999,59.676563,363800
2021-03-05,61.049999,61.450001,59.459999,61.369999,61.171719,299000
2021-03-08,62.000000,63.150002,61.599998,62.630001,62.427647,237500
2021-03-09,63.250000,63.389999,62.080002,62.490002,62.387714,226900
2021-03-10,62.880001,63.950001,62.880001,63.330002,63.226337,193300
2021-03-11,63.330002,64.500000,62.709999,64.080002,63.975113,462100
2021-03-12,64.290001,65.290001,63.860001,64.980003,64.873642,265000
2021-03-15,64.059998,64.139999,62.790001,63.570000,63.465946,203600
2021-03-16,62.860001,63.480000,62.160000,63.139999,63.036648,237900
2021-03-17,63.139999,64.779999,62.990002,64.370003,64.264641,542100
2021-03-18,64.260002,66.300003,63.549999,64.099998,63.995075,507200
2021-03-19,65.040001,65.449997,62.509998,64.519997,64.414383,1075200
2021-03-22,64.300003,64.519997,62.139999,63.020000,62.916847,237100
2021-03-23,62.259998,62.610001,59.990002,60.369999,60.271183,265000
2021-03-24,61.049999,62.099998,60.380001,60.430000,60.331085,270600
2021-03-25,59.880001,61.419998,58.930000,61.009998,60.910133,192700
2021-03-26,61.549999,62.500000,60.669998,62.250000,62.148106,259400
2021-03-29,61.540001,63.090000,60.759998,60.900002,60.800316,352800
2021-03-30,61.259998,62.250000,61.040001,61.959999,61.858578,187400
2021-03-31,62.520000,63.380001,61.689999,62.369999,62.267906,323000
2021-04-01,62.560001,63.520000,62.299999,63.209999,63.106533,200700
2021-04-05,63.709999,63.820000,62.570000,63.049999,62.946796,307200
2021-04-06,62.560001,64.220001,62.090000,63.110001,63.006699,209400
2021-04-07,63.090000,63.340000,62.060001,62.320000,62.217991,223400
2021-04-08,62.560001,64.610001,62.349998,64.349998,64.244667,331300
2021-04-09,64.320000,66.050003,63.459999,65.980003,65.872002,408100
2021-04-12,65.589996,65.959999,64.330002,64.809998,64.703911,226200
2021-04-13,64.500000,64.629997,63.380001,64.019997,63.915203,174700
2021-04-14,63.869999,65.620003,63.840000,64.580002,64.474297,155800
2021-04-15,65.129997,65.269997,64.160004,65.070000,64.963486,117200
2021-04-16,66.000000,66.320000,64.900002,64.970001,64.863655,244900
2021-04-19,64.500000,64.930000,62.970001,64.379997,64.274612,196900
2021-04-20,64.580002,64.580002,62.580002,63.430000,63.326176,280900
2021-04-21,63.180000,64.779999,62.610001,64.730003,64.624046,174100
2021-04-22,65.449997,66.040001,64.930000,65.040001,64.933540,311700
2021-04-23,65.300003,67.559998,65.080002,67.139999,67.030098,227500
2021-04-26,67.610001,68.269997,66.919998,66.919998,66.810463,204900
2021-04-27,67.510002,68.419998,67.419998,68.089996,67.978546,240500
2021-04-28,68.019997,68.879997,67.940002,68.500000,68.387878,157300
2021-04-29,69.000000,69.360001,67.699997,68.410004,68.298027,151200
2021-04-30,67.570000,68.410004,67.400002,67.889999,67.778870,292800
2021-05-03,68.690002,68.839996,67.360001,68.430000,68.317993,329500
2021-05-04,68.300003,68.510002,67.440002,68.370003,68.258087,352800
2021-05-05,68.620003,68.620003,67.239998,68.290001,68.178223,280900
2021-05-06,68.550003,68.620003,67.010002,68.160004,68.048431,208400
2021-05-07,67.769997,68.300003,67.190002,67.320000,67.209808,294100
2021-05-10,67.459999,67.459999,65.690002,65.730003,65.622414,351000
2021-05-11,64.680000,65.150002,64.059998,64.870003,64.763817,183100
2021-05-12,64.489998,64.489998,62.860001,63.369999,63.266270,326100
2021-05-13,63.459999,66.410004,63.459999,66.000000,65.891968,193200
2021-05-14,66.370003,67.279999,66.070000,67.180000,67.070038,148400
2021-05-17,66.410004,67.669998,65.410004,67.489998,67.379524,158500
2021-05-18,67.370003,67.400002,66.070000,66.169998,66.061684,143100
2021-05-19,65.120003,65.279999,64.129997,65.000000,64.893600,251500
2021-05-20,64.870003,64.870003,63.830002,64.820000,64.713898,233300
2021-05-21,65.720001,65.720001,64.269997,64.610001,64.504242,148800
2021-05-24,64.779999,65.690002,64.199997,65.500000,65.392784,128800
2021-05-25,65.669998,66.029999,63.689999,63.750000,63.645649,243800
2021-05-26,64.190002,65.029999,63.950001,64.779999,64.673965,141900
2021-05-27,65.720001,66.540001,65.570000,66.120003,66.011772,167300
2021-05-28,66.269997,66.510002,65.080002,65.410004,65.302933,128000
2021-06-01,66.089996,67.000000,65.330002,66.570000,66.461037,204700
2021-06-02,67.230003,67.230003,65.750000,66.459999,66.351212,195500
2021-06-03,66.080002,66.669998,65.160004,66.260002,66.151543,143600
2021-06-04,66.389999,66.930000,65.900002,66.790001,66.680672,106500
2021-06-07,66.629997,66.739998,65.970001,66.480003,66.371185,114600
2021-06-08,66.629997,67.699997,66.080002,67.570000,67.459396,131000
2021-06-09,67.589996,67.589996,66.339996,66.540001,66.431084,102100
2021-06-10,66.830002,66.830002,65.699997,65.750000,65.642380,158100
2021-06-11,65.860001,66.699997,65.470001,66.000000,65.891968,131400
2021-06-14,66.169998,66.690002,65.809998,66.550003,66.441071,232900
2021-06-15,67.139999,67.940002,66.379997,67.589996,67.479362,196600
2021-06-16,67.550003,67.839996,66.550003,67.540001,67.429451,236500
2021-06-17,67.190002,67.400002,65.250000,65.529999,65.422737,218800
2021-06-18,64.860001,65.080002,62.750000,62.880001,62.777077,410400
2021-06-21,63.689999,65.510002,63.400002,65.120003,65.013412,353000
2021-06-22,66.500000,71.489998,64.529999,71.430000,71.313080,959000
2021-06-23,71.430000,71.940002,69.730003,70.580002,70.464470,474300
2021-06-24,71.529999,73.000000,70.769997,72.730003,72.610954,357700
2021-06-25,72.739998,74.830002,72.300003,73.150002,73.030266,821200
2021-06-28,73.089996,73.430000,71.550003,72.209999,72.091805,371500
2021-06-29,72.379997,72.860001,71.690002,71.919998,71.802277,309500
2021-06-30,71.720001,72.820000,71.339996,72.550003,72.431252,261000
2021-07-01,73.000000,73.529999,72.790001,73.309998,73.190002,159000
2021-07-02,73.330002,73.330002,71.019997,71.070000,71.070000,169000
2021-07-06,70.480003,71.029999,67.019997,67.349998,67.349998,444900
2021-07-07,66.989998,68.190002,66.349998,67.769997,67.769997,449800
2021-07-08,66.260002,68.400002,65.239998,66.930000,66.930000,295400
2021-07-09,68.000000,69.809998,67.480003,69.019997,69.019997,258000
2021-07-12,68.180000,69.279999,67.779999,69.019997,69.019997,191600
2021-07-13,68.410004,69.129997,67.800003,67.860001,67.860001,223800
2021-07-14,68.190002,69.000000,67.540001,67.790001,67.790001,163600
2021-07-15,67.089996,68.050003,66.860001,67.379997,67.379997,191500
2021-07-16,68.070000,68.419998,65.760002,65.900002,65.900002,248900
2021-07-19,63.980000,65.459999,63.570000,64.349998,64.349998,211600
2021-07-20,64.820000,66.970001,64.410004,66.370003,66.370003,314500
2021-07-21,67.220001,68.209999,66.529999,66.750000,66.750000,232000
2021-07-22,66.129997,66.709999,65.040001,65.309998,65.309998,180000
2021-07-23,66.150002,66.250000,65.349998,66.089996,66.089996,196100
2021-07-26,66.370003,66.949997,66.239998,66.809998,66.809998,194800
2021-07-27,66.239998,67.099998,66.110001,67.010002,67.010002,281100
2021-07-28,67.709999,68.739998,66.540001,68.089996,68.089996,267400
2021-07-29,68.599998,69.519997,68.099998,68.879997,68.879997,208700
2021-07-30,68.330002,69.250000,68.320000,68.739998,68.739998,219900
2021-08-02,68.820000,70.489998,67.830002,67.839996,67.839996,308400
2021-08-03,68.180000,68.510002,66.110001,68.379997,68.379997,483500
2021-08-04,67.349998,67.980003,65.989998,66.129997,66.129997,262100
2021-08-05,66.510002,68.209999,66.449997,67.550003,67.550003,152000
2021-08-06,68.580002,68.940002,67.519997,67.830002,67.830002,139900
2021-08-09,67.470001,67.470001,66.570000,66.660004,66.660004,125800
2021-08-10,66.980003,67.720001,66.260002,67.599998,67.599998,143800
2021-08-11,67.650002,68.790001,67.029999,68.639999,68.639999,265000
2021-08-12,68.910004,69.040001,68.250000,68.559998,68.559998,164200
2021-08-13,68.629997,68.709999,67.430000,67.919998,67.919998,168400
2021-08-16,67.379997,68.849998,66.900002,67.949997,67.949997,188200
2021-08-17,67.019997,68.029999,66.650002,67.639999,67.639999,155100
2021-08-18,67.330002,68.279999,67.080002,67.129997,67.129997,138100
2021-08-19,66.269997,67.099998,66.150002,66.459999,66.459999,188000
2021-08-20,66.459999,67.629997,66.190002,67.250000,67.250000,177500
2021-08-23,67.639999,69.550003,67.269997,69.239998,69.239998,150000
2021-08-24,69.080002,69.849998,68.529999,68.879997,68.879997,129100
2021-08-25,68.959999,70.309998,68.959999,69.589996,69.589996,100600
2021-08-26,69.760002,70.430000,69.320000,69.339996,69.339996,125200
2021-08-27,69.269997,71.860001,69.269997,71.599998,71.599998,247700
2021-08-30,71.849998,71.889999,70.930000,71.300003,71.300003,121700