Date,Open,High,Low,Close,Adj Close,Volume
2021-01-04,32.220001,33.470001,32.110001,32.279999,32.101894,457400
2021-01-05,32.090000,33.180000,31.860001,33.130001,32.947208,420300
2021-01-06,32.990002,33.779999,32.970001,33.299999,33.116268,474900
2021-01-07,33.340000,34.400002,33.119999,34.330002,34.140591,361700
2021-01-08,34.470001,35.150002,34.040001,34.700001,34.508545,455100
2021-01-11,34.380001,35.849998,34.060001,35.759998,35.562695,493000
2021-01-12,36.000000,36.099998,35.549999,35.990002,35.791428,578300
2021-01-13,35.980000,37.330002,35.480000,37.250000,37.044476,692700
2021-01-14,37.860001,38.820000,37.750000,38.470001,38.257748,865300
2021-01-15,38.270000,38.669998,36.990002,38.080002,37.869900,1363100
2021-01-19,39.009998,39.680000,38.040001,38.700001,38.486477,2063300
2021-01-20,39.029999,39.660000,37.919998,38.450001,38.237858,2164800
2021-01-21,38.759998,38.849998,38.200001,38.509998,38.297523,445300
2021-01-22,37.820000,38.400002,37.730000,37.939999,37.730667,649400
2021-01-25,38.070000,39.570000,37.770000,38.119999,37.909676,819100
2021-01-26,37.919998,38.189999,36.529999,36.660000,36.457729,404300
2021-01-27,36.070000,36.669998,34.790001,35.950001,35.751652,677900
2021-01-28,36.330002,37.189999,35.500000,36.889999,36.686462,596300
2021-01-29,37.470001,37.470001,35.610001,35.669998,35.473190,459100
2021-02-01,36.680000,37.849998,36.240002,37.689999,37.482048,800600
2021-02-02,38.119999,38.650002,37.090000,38.500000,38.287582,628400
2021-02-03,38.950001,39.119999,36.840000,37.279999,37.074306,574300
2021-02-04,43.990002,45.450001,39.709999,41.029999,40.803619,2147800
2021-02-05,41.549999,43.849998,40.459999,42.990002,42.752808,965700
2021-02-08,44.599998,44.970001,42.529999,43.169998,42.931808,1184400
2021-02-09,43.009998,43.820000,42.869999,43.639999,43.399220,648200
2021-02-10,44.730000,45.650002,43.799999,45.160000,44.910831,807600
2021-02-11,46.000000,48.340000,45.889999,48.119999,47.854500,1061700
2021-02-12,48.169998,48.959999,47.410000,48.500000,48.232407,811100
2021-02-16,49.310001,51.340000,49.220001,51.029999,50.748447,1031300
2021-02-17,50.939999,52.549999,49.500000,52.150002,51.862267,1981800
2021-02-18,51.790001,52.270000,49.049999,49.680000,49.405891,1232000
2021-02-19,50.709999,50.970001,48.849998,49.070000,48.799259,1327000
2021-02-22,48.389999,48.980000,46.520000,46.799999,46.541782,824000
2021-02-23,45.270000,48.419998,44.369999,48.270000,48.003674,776100
2021-02-24,48.029999,50.279999,48.029999,50.090000,49.813633,790200
2021-02-25,50.250000,50.299999,46.990002,47.500000,47.237923,1276600
2021-02-26,48.400002,50.650002,47.910000,49.860001,49.584900,872600
2021-03-01,50.650002,52.150002,50.049999,52.070000,51.782707,631100
2021-03-02,51.790001,51.900002,48.930000,49.110001,48.839039,1435500
2021-03-03,49.080002,49.650002,47.790001,48.389999,48.123013,471600
2021-03-04,47.669998,47.980000,43.720001,44.730000,44.483204,1129300
2021-03-05,45.619999,45.889999,42.529999,44.110001,43.866627,1256200
2021-03-08,46.209999,46.500000,42.279999,42.689999,42.454460,799800
2021-03-09,44.020000,45.410000,43.799999,44.959999,44.711937,680900
2021-03-10,45.790001,46.570000,44.680000,45.200001,44.950615,592600
2021-03-11,46.220001,46.869999,45.660000,46.840000,46.581566,599700
2021-03-12,46.320000,46.689999,45.599998,46.610001,46.352833,403000
2021-03-15,46.709999,49.139999,46.509998,48.759998,48.490967,1185100
2021-03-16,49.259998,51.230000,49.060001,50.279999,50.002583,697400
2021-03-17,49.590000,51.230000,48.549999,50.980000,50.698723,479700
2021-03-18,50.970001,51.060001,49.169998,49.619999,49.346222,551500
2021-03-19,49.570000,50.099998,48.590000,48.900002,48.630199,855100
2021-03-22,49.709999,50.200001,48.509998,49.680000,49.405891,630800
2021-03-23,49.500000,49.730000,46.220001,46.720001,46.462227,760600
2021-03-24,48.459999,48.919998,45.080002,45.130001,45.015892,758600
2021-03-25,43.970001,44.669998,42.799999,44.340000,44.227890,825300
2021-03-26,43.830002,46.500000,43.680000,46.419998,46.302628,654200
2021-03-29,46.299999,46.610001,44.340000,44.880001,44.766525,455400
2021-03-30,44.779999,46.330002,44.689999,46.330002,46.212860,632700
2021-03-31,46.880001,49.119999,46.820000,49.110001,48.985828,1259200
2021-04-01,50.000000,51.400002,50.000000,51.389999,51.260063,1071200
2021-04-05,52.700001,56.509998,52.340000,55.590000,55.449444,2018900
2021-04-06,55.980000,56.680000,54.770000,56.220001,56.077854,1030400
2021-04-07,56.020000,56.380001,54.200001,54.950001,54.811062,1123300
2021-04-08,56.029999,56.570000,55.529999,56.200001,56.057903,679800
2021-04-09,55.410000,55.630001,53.599998,54.230000,54.092884,556900
2021-04-12,54.130001,54.330002,52.959999,53.790001,53.653996,425500
2021-04-13,54.349998,54.570000,52.119999,52.889999,52.756271,490600
2021-04-14,52.709999,53.970001,52.650002,52.750000,52.616627,399800
2021-04-15,53.709999,53.840000,51.470001,53.130001,52.995667,597600
2021-04-16,53.299999,55.080002,52.619999,54.419998,54.282402,886600
2021-04-19,55.549999,56.119999,50.529999,52.119999,51.988216,1271400
2021-04-20,52.330002,53.400002,51.169998,52.060001,51.928371,1008900
2021-04-21,52.009998,54.189999,51.860001,53.930000,53.793644,622900
2021-04-22,54.000000,54.790001,52.310001,53.740002,53.604122,893000
2021-04-23,53.740002,58.480000,53.740002,57.840000,57.693756,1084300
2021-04-26,59.430000,61.240002,58.740002,59.320000,59.170013,1185500
2021-04-27,59.720001,60.000000,57.639999,58.270000,58.122669,638900
2021-04-28,58.810001,59.470001,56.400002,57.889999,57.743629,715300
2021-04-29,58.349998,58.419998,56.720001,58.009998,57.863323,885300
2021-04-30,56.790001,57.310001,56.279999,56.849998,56.706257,682800
2021-05-03,57.070000,58.480000,56.410000,58.400002,58.252342,989800
2021-05-04,57.049999,57.529999,53.500000,54.049999,53.913338,1244500
2021-05-05,57.349998,57.669998,53.400002,53.919998,53.783665,964800
2021-05-06,51.480000,52.389999,45.730000,48.480000,48.357422,2578700
2021-05-07,48.900002,50.970001,48.669998,50.689999,50.561832,1193700
2021-05-10,49.990002,49.990002,46.119999,46.270000,46.153011,1241500
2021-05-11,44.560001,46.950001,43.720001,46.660000,46.542023,897300
2021-05-12,45.669998,46.150002,43.770000,43.889999,43.779026,864200
2021-05-13,44.880001,45.700001,43.410000,44.230000,44.118168,1442400
2021-05-14,44.709999,47.150002,44.630001,46.820000,46.701618,866100
2021-05-17,46.169998,48.209999,45.700001,48.130001,48.008308,1093600
2021-05-18,48.840000,49.380001,47.720001,47.720001,47.599346,692400
2021-05-19,46.720001,48.000000,46.340000,47.500000,47.379898,615500
2021-05-20,49.500000,49.740002,47.900002,49.299999,49.175346,854100
2021-05-21,49.419998,49.660000,48.660000,49.250000,49.125473,618200
2021-05-24,49.689999,51.070000,49.230000,50.560001,50.432163,845400
2021-05-25,51.000000,51.590000,50.330002,50.330002,50.202747,671700
2021-05-26,50.340000,50.959999,49.759998,50.880001,50.751354,549500
2021-05-27,50.770000,51.930000,50.650002,51.590000,51.459560,635700
2021-05-28,52.029999,52.230000,51.320000,51.900002,51.768776,524700
2021-06-01,52.130001,53.590000,51.860001,53.240002,53.105389,723700
2021-06-02,53.270000,53.349998,52.270000,52.639999,52.506905,466400
2021-06-03,52.180000,52.529999,51.080002,51.689999,51.559303,799200
2021-06-04,52.189999,53.520000,52.189999,53.250000,53.115360,500300
2021-06-07,53.139999,55.849998,53.139999,55.669998,55.529240,1202500
2021-06-08,55.669998,56.779999,54.830002,56.700001,56.556641,673900
2021-06-09,56.779999,56.980000,55.639999,56.470001,56.327221,662100
2021-06-10,56.740002,56.930000,54.830002,55.959999,55.818508,704200
2021-06-11,56.250000,56.830002,55.189999,56.790001,56.646412,565900
2021-06-14,56.790001,57.200001,55.459999,56.650002,56.506767,707500
2021-06-15,56.650002,57.500000,55.830002,56.570000,56.426968,596600
2021-06-16,56.169998,57.060001,56.020000,56.910000,56.766106,574700
2021-06-17,56.900002,57.220001,55.139999,56.470001,56.327221,1093800
2021-06-18,55.860001,56.000000,52.599998,53.970001,53.833542,1212600
2021-06-21,54.049999,56.430000,53.220001,56.060001,55.918259,785700
2021-06-22,55.570000,56.340000,54.779999,55.369999,55.230000,794600
2021-06-23,55.139999,56.029999,54.720001,55.500000,55.500000,922900
2021-06-24,55.970001,60.009998,55.970001,59.139999,59.139999,2085300
2021-06-25,59.889999,62.389999,58.820000,61.450001,61.450001,9533200
2021-06-28,62.369999,63.689999,61.599998,63.060001,63.060001,1560800
2021-06-29,63.049999,63.160000,60.889999,61.270000,61.270000,807400
2021-06-30,60.740002,61.660000,59.500000,61.200001,61.200001,918800
2021-07-01,61.840000,62.230000,58.560001,59.689999,59.689999,1013100
2021-07-02,60.139999,60.400002,58.650002,59.259998,59.259998,495400
2021-07-06,59.119999,59.419998,53.950001,55.610001,55.610001,1531700
2021-07-07,55.680000,56.520000,52.209999,52.349998,52.349998,1451100
2021-07-08,50.439999,51.500000,49.509998,50.799999,50.799999,932200
2021-07-09,51.730000,53.099998,51.060001,53.040001,53.040001,593300
2021-07-12,53.080002,53.770000,52.279999,53.740002,53.740002,582800
2021-07-13,53.599998,54.509998,52.580002,54.209999,54.209999,829400
2021-07-14,54.779999,55.470001,53.070000,53.299999,53.299999,556400
2021-07-15,52.930000,53.180000,51.650002,52.700001,52.700001,562300
2021-07-16,53.209999,53.480000,50.529999,50.689999,50.689999,626700
2021-07-19,49.299999,51.779999,48.549999,51.720001,51.720001,918100
2021-07-20,52.009998,53.549999,51.020000,52.990002,52.990002,543700
2021-07-21,53.630001,55.180000,53.610001,54.970001,54.970001,501900
2021-07-22,54.669998,55.070000,53.869999,54.439999,54.439999,451700
2021-07-23,54.650002,54.790001,53.799999,54.580002,54.580002,332200
2021-07-26,54.500000,55.419998,53.950001,54.820000,54.820000,501900
2021-07-27,54.529999,54.529999,50.450001,52.910000,52.910000,775100
2021-07-28,53.580002,54.320000,52.740002,53.700001,53.700001,711200
2021-07-29,53.700001,54.910000,53.270000,54.639999,54.639999,350300
2021-07-30,53.759998,55.049999,53.450001,54.360001,54.360001,466200
2021-08-02,54.709999,55.869999,54.250000,54.410000,54.410000,445600
2021-08-03,54.299999,54.660000,52.389999,53.779999,53.779999,482000
2021-08-04,53.759998,54.880001,53.049999,53.139999,53.139999,384300
2021-08-05,60.349998,64.680000,58.860001,60.360001,60.360001,3047700
2021-08-06,61.070000,65.760002,60.540001,65.330002,65.330002,1950800
2021-08-09,65.110001,69.199997,64.160004,69.029999,69.029999,1694800
2021-08-10,69.180000,71.300003,68.500000,70.239998,70.239998,1506200
2021-08-11,69.419998,69.870003,65.279999,66.680000,66.680000,1022900
2021-08-12,66.449997,66.449997,63.660000,64.169998,64.169998,976000
2021-08-13,64.000000,65.480003,63.110001,64.220001,64.220001,499600
2021-08-16,63.830002,66.180000,63.169998,65.480003,65.480003,845400
2021-08-17,65.160004,65.459999,62.099998,63.529999,63.529999,620400
2021-08-18,63.310001,66.190002,63.310001,65.260002,65.260002,722500
2021-08-19,64.250000,65.580002,63.270000,63.959999,63.959999,575500
2021-08-20,64.010002,64.900002,62.750000,63.939999,63.939999,428000
2021-08-23,65.000000,65.800003,63.770000,65.430000,65.430000,1008900
2021-08-24,65.830002,66.989998,63.040001,64.769997,64.769997,1097500
2021-08-25,65.050003,67.330002,64.720001,66.739998,66.739998,897300
2021-08-26,66.959999,67.879997,65.910004,66.730003,66.730003,584500
2021-08-27,66.949997,70.370003,66.760002,69.959999,69.959999,822700
2021-08-30,70.110001,72.000000,68.860001,70.040001,70.040001,961200