Date,Open,High,Low,Close,Adj Close,Volume
2021-01-04,36.549999,36.779999,34.590000,35.220001,34.664494,592100
2021-01-05,35.529999,37.779999,35.360001,37.250000,36.662472,652000
2021-01-06,38.500000,40.689999,38.000000,40.330002,39.693897,1052800
2021-01-07,40.299999,41.490002,40.099998,40.410000,39.772629,620700
2021-01-08,40.369999,40.590000,39.000000,39.799999,39.172253,636900
2021-01-11,38.939999,40.000000,38.939999,39.480000,38.857300,267000
2021-01-12,39.389999,40.139999,38.990002,39.990002,39.359257,460800
2021-01-13,39.869999,40.150002,38.549999,38.610001,38.001022,424700
2021-01-14,39.259998,40.029999,38.639999,39.410000,38.788403,625700
2021-01-15,39.020000,39.400002,37.900002,39.119999,38.502975,711700
2021-01-19,39.590000,40.099998,39.250000,39.630001,39.004936,679000
2021-01-20,39.830002,40.049999,39.299999,39.549999,38.926197,414000
2021-01-21,39.549999,40.099998,39.200001,39.320000,38.699821,342700
2021-01-22,38.939999,40.560001,38.619999,40.380001,39.743107,437800
2021-01-25,40.169998,41.230000,39.250000,40.130001,39.497051,599900
2021-01-26,40.689999,41.799999,39.529999,40.790001,40.146637,1122900
2021-01-27,39.689999,41.500000,39.020000,39.270000,38.650612,1009800
2021-01-28,39.919998,40.250000,38.340000,38.639999,38.030548,741500
2021-01-29,38.500000,39.200001,37.700001,37.880001,37.282539,670200
2021-02-01,38.209999,39.320000,37.669998,39.320000,38.699821,847100
2021-02-02,37.700001,38.000000,35.049999,35.849998,35.284554,1960500
2021-02-03,35.849998,36.209999,35.509998,35.889999,35.323925,860200
2021-02-04,35.950001,36.509998,35.110001,35.200001,34.644806,1003900
2021-02-05,35.639999,36.150002,35.150002,35.740002,35.176292,885100
2021-02-08,34.520000,37.209999,34.330002,37.049999,36.670837,950100
2021-02-09,37.090000,37.650002,36.200001,37.520000,37.136028,689100
2021-02-10,37.790001,38.110001,37.090000,37.680000,37.294388,569900
2021-02-11,37.889999,38.259998,36.009998,36.509998,36.136360,677500
2021-02-12,36.369999,37.270000,36.060001,37.270000,36.888584,448900
2021-02-16,37.599998,38.419998,37.439999,37.970001,37.581421,451900
2021-02-17,37.630001,37.919998,36.880001,37.080002,36.700531,416500
2021-02-18,36.849998,37.049999,35.700001,36.099998,35.730556,454700
2021-02-19,36.490002,37.119999,36.290001,36.500000,36.126465,594200
2021-02-22,36.410000,37.490002,36.150002,36.950001,36.571857,825900
2021-02-23,36.700001,37.540001,36.099998,37.369999,36.987560,628100
2021-02-24,37.610001,39.830002,37.240002,39.720001,39.313515,597400
2021-02-25,39.889999,40.270000,38.189999,38.290001,37.898148,696600
2021-02-26,38.450001,38.549999,36.770000,37.360001,36.977665,634000
2021-03-01,38.200001,40.669998,37.900002,40.130001,39.719318,918800
2021-03-02,40.000000,40.000000,38.419998,38.709999,38.313847,622500
2021-03-03,38.970001,39.540001,38.470001,38.599998,38.204971,375100
2021-03-04,38.480000,38.799999,36.840000,38.389999,37.997124,673900
2021-03-05,39.259998,39.639999,37.639999,39.549999,39.145252,616000
2021-03-08,40.000000,41.610001,39.590000,40.549999,40.135017,554900
2021-03-09,40.900002,40.900002,39.070000,39.189999,38.788933,752300
2021-03-10,39.509998,40.959999,39.340000,40.549999,40.135017,557900
2021-03-11,40.889999,41.459999,40.290001,41.220001,40.798164,469200
2021-03-12,41.549999,41.790001,40.980000,41.689999,41.263348,495200
2021-03-15,41.299999,42.279999,40.990002,42.270000,41.837414,458700
2021-03-16,42.060001,42.259998,40.919998,40.990002,40.570515,448900
2021-03-17,41.009998,41.730000,40.450001,41.610001,41.184170,416700
2021-03-18,41.480000,42.919998,40.889999,41.099998,40.679386,477400
2021-03-19,40.970001,41.660000,39.419998,41.400002,40.976318,1215700
2021-03-22,41.360001,41.709999,40.360001,40.660000,40.243893,484500
2021-03-23,39.860001,40.459999,38.009998,38.549999,38.155483,729500
2021-03-24,39.040001,40.189999,38.410000,38.430000,38.036713,420900
2021-03-25,37.799999,39.970001,37.090000,39.740002,39.333309,761800
2021-03-26,40.410000,41.369999,39.779999,40.470001,40.055836,767000
2021-03-29,40.279999,40.790001,39.660000,39.700001,39.293716,810200
2021-03-30,39.610001,40.639999,39.529999,40.250000,39.838089,708600
2021-03-31,40.290001,40.990002,39.080002,39.970001,39.560955,735500
2021-04-01,40.540001,40.650002,39.779999,40.630001,40.214203,434300
2021-04-05,40.990002,42.119999,40.810001,42.099998,41.669151,662800
2021-04-06,42.150002,43.040001,41.919998,42.049999,41.619667,619500
2021-04-07,42.020000,42.060001,40.540001,40.849998,40.431946,561000
2021-04-08,40.959999,41.279999,40.110001,41.240002,40.817959,413200
2021-04-09,41.340000,41.990002,41.040001,41.840000,41.411816,531500
2021-04-12,42.169998,42.560001,41.779999,42.189999,41.758232,819900
2021-04-13,42.160000,42.160000,40.860001,41.520000,41.095093,704800
2021-04-14,41.730000,42.669998,41.290001,42.040001,41.609768,485500
2021-04-15,42.330002,42.400002,41.439999,41.959999,41.530586,369900
2021-04-16,42.419998,42.939999,42.070000,42.250000,41.817619,486900
2021-04-19,41.919998,42.169998,41.090000,41.660000,41.233658,712100
2021-04-20,41.340000,41.660000,39.150002,39.680000,39.273922,654600
2021-04-21,39.580002,41.060001,39.349998,40.900002,40.481438,717300
2021-04-22,41.150002,41.150002,40.000000,40.130001,39.719318,380300
2021-04-23,40.500000,41.610001,40.320000,41.040001,40.620003,532800
2021-04-26,41.349998,42.040001,41.119999,41.290001,40.867447,383100
2021-04-27,41.180000,41.340000,40.689999,41.230000,40.808056,459000
2021-04-28,41.279999,41.990002,41.040001,41.439999,41.015907,682100
2021-04-29,41.790001,41.869999,40.639999,41.000000,40.580414,568200
2021-04-30,40.459999,40.990002,39.930000,40.160000,39.749008,551800
2021-05-03,40.770000,41.279999,40.340000,40.970001,40.550720,987800
2021-05-04,41.419998,42.630001,38.759998,41.299999,40.877338,1405300
2021-05-05,41.799999,41.990002,40.740002,41.419998,40.996113,691100
2021-05-06,41.639999,41.889999,40.759998,41.880001,41.451408,324200
2021-05-07,41.500000,41.950001,40.860001,41.810001,41.382126,346400
2021-05-10,41.950001,42.410000,41.180000,41.209999,40.984314,486600
2021-05-11,40.349998,41.320000,39.889999,41.080002,40.855030,923300
2021-05-12,40.889999,41.369999,40.160000,40.180000,39.959957,832900
2021-05-13,40.230000,41.509998,40.080002,41.209999,40.984314,483600
2021-05-14,41.669998,41.990002,41.320000,41.830002,41.600922,256600
2021-05-17,41.419998,41.750000,40.900002,41.560001,41.332397,375500
2021-05-18,41.430000,41.650002,40.259998,40.299999,40.079296,361400
2021-05-19,39.400002,39.590000,38.590000,39.209999,38.995266,689700
2021-05-20,39.169998,39.299999,38.080002,38.279999,38.070358,624900
2021-05-21,38.779999,39.389999,38.529999,39.090000,38.875923,544600
2021-05-24,39.290001,39.290001,38.750000,38.750000,38.537788,394500
2021-05-25,38.810001,39.169998,37.740002,37.840000,37.632771,676800
2021-05-26,37.820000,38.160000,37.209999,37.869999,37.662605,570400
2021-05-27,38.520000,38.840000,37.930000,38.000000,37.791893,798800
2021-05-28,38.099998,38.389999,37.180000,37.509998,37.304577,679300
2021-06-01,37.900002,38.419998,37.619999,38.130001,37.921185,729200
2021-06-02,38.270000,38.299999,37.349998,37.740002,37.533321,762300
2021-06-03,37.509998,38.049999,37.080002,38.009998,37.801838,479600
2021-06-04,37.959999,38.259998,37.520000,37.980000,37.772003,368900
2021-06-07,37.930000,37.970001,36.880001,37.070000,36.866985,939800
2021-06-08,36.980000,37.689999,36.580002,37.430000,37.225018,615700
2021-06-09,37.540001,37.560001,37.000000,37.090000,36.886879,524500
2021-06-10,37.459999,37.599998,36.549999,36.639999,36.439342,463500
2021-06-11,36.980000,37.349998,36.599998,36.700001,36.499016,465400
2021-06-14,36.740002,36.970001,36.209999,36.730000,36.528847,635400
2021-06-15,36.660000,36.930000,36.310001,36.540001,36.339890,459200
2021-06-16,36.340000,36.470001,35.770000,36.000000,35.802849,529900
2021-06-17,35.810001,36.200001,34.029999,34.480000,34.291172,544300
2021-06-18,33.889999,34.220001,33.400002,33.410000,33.227032,1067400
2021-06-21,33.939999,34.740002,33.619999,34.570000,34.380676,520300
2021-06-22,34.299999,34.639999,33.660000,34.560001,34.370735,527800
2021-06-23,34.740002,35.720001,34.450001,35.000000,34.808323,856400
2021-06-24,35.290001,36.099998,34.860001,36.040001,35.842628,700100
2021-06-25,36.169998,36.830002,36.049999,36.130001,35.932137,1339100
2021-06-28,36.119999,36.139999,35.509998,35.830002,35.633781,443500
2021-06-29,35.939999,36.450001,35.080002,35.419998,35.226021,473600
2021-06-30,35.369999,36.009998,35.049999,35.919998,35.723282,571200
2021-07-01,36.400002,36.490002,36.119999,36.299999,36.101204,458600
2021-07-02,36.369999,36.369999,35.660000,35.880001,35.683506,273100
2021-07-06,35.570000,35.799999,34.160000,34.700001,34.509968,952200
2021-07-07,34.500000,35.340000,34.160000,35.160000,34.967445,1385000
2021-07-08,34.480000,35.740002,33.500000,35.500000,35.305584,782500
2021-07-09,36.139999,36.820000,35.950001,36.380001,36.180767,435500
2021-07-12,35.779999,36.310001,35.529999,36.150002,35.952026,346200
2021-07-13,35.849998,36.220001,35.330002,35.410000,35.216080,402300
2021-07-14,35.750000,35.950001,35.189999,35.340000,35.146461,550700
2021-07-15,35.119999,35.799999,34.980000,35.450001,35.255859,453500
2021-07-16,35.509998,35.509998,33.610001,33.669998,33.485607,747800
2021-07-19,32.830002,33.770000,32.500000,33.180000,32.998291,668100
2021-07-20,33.200001,34.590000,33.130001,34.320000,34.132046,570100
2021-07-21,34.709999,35.220001,34.529999,34.880001,34.688980,355600
2021-07-22,34.860001,34.930000,34.090000,34.189999,34.002758,318300
2021-07-23,34.610001,34.759998,34.130001,34.700001,34.509968,362500
2021-07-26,34.900002,35.290001,34.750000,35.290001,35.096737,343900
2021-07-27,35.040001,35.480000,34.889999,35.230000,35.037064,548200
2021-07-28,35.500000,35.919998,34.919998,35.480000,35.285694,410700
2021-07-29,36.000000,36.560001,35.599998,35.950001,35.753120,768900
2021-07-30,35.930000,36.410000,35.650002,36.250000,36.051479,641200
2021-08-02,36.180000,37.240002,36.110001,36.169998,35.971912,1062200
2021-08-03,37.049999,38.599998,37.049999,37.939999,37.732220,1863500
2021-08-04,37.730000,38.240002,35.740002,35.790001,35.593998,1024600
2021-08-05,36.020000,36.820000,35.799999,36.470001,36.270275,571700
2021-08-06,37.000000,37.209999,36.389999,36.520000,36.320000,435700
2021-08-09,36.029999,36.080002,35.180000,35.380001,35.380001,552500
2021-08-10,35.389999,36.150002,35.110001,35.970001,35.970001,615800
2021-08-11,36.209999,37.320000,35.790001,37.310001,37.310001,804600
2021-08-12,37.410000,37.570000,36.869999,37.180000,37.180000,399900
2021-08-13,37.320000,37.540001,36.599998,36.720001,36.720001,206600
2021-08-16,36.380001,36.779999,36.020000,36.459999,36.459999,366100
2021-08-17,35.919998,36.380001,35.689999,36.000000,36.000000,584300
2021-08-18,35.970001,36.459999,35.580002,35.599998,35.599998,552600
2021-08-19,35.169998,35.560001,34.540001,35.020000,35.020000,627200
2021-08-20,35.180000,35.779999,35.009998,35.250000,35.250000,654800
2021-08-23,35.720001,36.240002,35.369999,36.110001,36.110001,497700
2021-08-24,36.230000,36.860001,36.230000,36.689999,36.689999,344800
2021-08-25,36.730000,37.520000,36.630001,37.169998,37.169998,506900
2021-08-26,37.020000,37.169998,36.369999,36.560001,36.560001,559800
2021-08-27,36.619999,37.509998,36.619999,37.400002,37.400002,540800
2021-08-30,37.930000,37.930000,37.299999,37.540001,37.540001,410000