Date,Open,High,Low,Close,Adj Close,Volume
2021-01-04,201.899994,203.910004,198.794006,202.160004,201.774780,263800
2021-01-05,202.300003,203.990005,199.300003,199.589996,199.209671,238000
2021-01-06,202.130005,211.169998,200.020004,210.929993,210.528046,296800
2021-01-07,212.220001,214.735001,207.750000,209.800003,209.400208,184800
2021-01-08,207.589996,213.119995,207.589996,210.580002,210.178726,155300
2021-01-11,208.119995,213.520004,208.119995,210.429993,210.029007,134200
2021-01-12,210.889999,216.119995,209.970001,213.649994,213.242874,285200
2021-01-13,214.080002,215.240005,211.199997,214.339996,213.931564,90100
2021-01-14,216.389999,216.500000,199.009995,200.410004,200.028107,233700
2021-01-15,199.550003,202.735001,194.240005,198.300003,197.922134,277100
2021-01-19,199.779999,199.779999,192.419998,192.979996,192.612274,189600
2021-01-20,192.009995,194.720001,190.869995,192.000000,191.634140,203100
2021-01-21,190.639999,196.309998,190.009995,191.580002,191.214935,227400
2021-01-22,191.190002,192.860001,187.130005,191.820007,191.454498,167200
2021-01-25,193.449997,194.936005,187.699997,193.419998,193.051422,153400
2021-01-26,194.440002,196.910004,189.380005,189.440002,189.079010,160300
2021-01-27,187.000000,190.360001,182.250000,187.509995,187.152679,307500
2021-01-28,188.470001,191.110001,188.250000,189.539993,189.178818,118700
2021-01-29,187.080002,190.580002,184.925003,187.559998,187.202591,242900
2021-02-01,189.820007,190.240005,185.949997,189.169998,188.809525,195400
2021-02-02,188.970001,191.779999,185.985001,187.330002,186.973038,220500
2021-02-03,188.511993,188.949997,182.610001,184.929993,184.577606,175900
2021-02-04,185.179993,188.880005,184.039993,188.270004,187.911240,209000
2021-02-05,189.679993,192.205002,188.199997,189.820007,189.458313,160500
2021-02-08,190.380005,193.190002,186.470001,188.039993,187.681686,264900
2021-02-09,187.750000,191.369995,187.750000,190.940002,190.576157,269100
2021-02-10,191.990005,192.369995,188.720001,190.690002,190.326630,169700
2021-02-11,191.009995,196.500000,190.039993,196.229996,195.856064,233600
2021-02-12,196.979996,203.000000,196.145004,197.830002,197.453018,188200
2021-02-16,197.820007,200.779999,192.175003,192.929993,192.562363,157000
2021-02-17,191.220001,194.145004,190.369995,190.720001,190.356583,152400
2021-02-18,190.039993,191.009995,186.514999,189.570007,189.208786,131500
2021-02-19,200.000000,205.000000,178.740005,179.820007,179.477356,463100
2021-02-22,178.919998,181.899994,175.559998,175.949997,175.614700,260700
2021-02-23,173.979996,177.070007,169.429993,176.539993,176.203583,233100
2021-02-24,181.000000,181.695007,174.309998,175.809998,175.474976,210200
2021-02-25,176.210007,176.729996,168.289993,168.529999,168.314163,136400
2021-02-26,172.520004,177.669998,170.369995,176.059998,175.834534,223300
2021-03-01,177.889999,183.899994,177.500000,183.479996,183.245026,155900
2021-03-02,184.690002,184.690002,174.100006,175.380005,175.155411,184100
2021-03-03,176.720001,176.809998,165.570007,166.089996,165.877289,223000
2021-03-04,165.690002,166.210007,155.020004,157.789993,157.587921,328000
2021-03-05,159.619995,163.130005,154.005005,162.570007,162.361816,222500
2021-03-08,162.940002,166.050003,160.369995,163.220001,163.010971,186600
2021-03-09,167.979996,172.520004,166.259995,169.320007,169.103165,232600
2021-03-10,170.479996,175.690002,170.449997,171.960007,171.739777,246900
2021-03-11,174.410004,176.970001,170.889999,176.690002,176.463715,157300
2021-03-12,175.710007,178.869995,172.940002,173.710007,173.487534,157000
2021-03-15,174.000000,177.429993,172.399994,176.509995,176.283951,103800
2021-03-16,176.960007,176.960007,172.539993,173.750000,173.527481,94400
2021-03-17,172.539993,175.250000,170.585007,175.250000,175.025558,91800
2021-03-18,174.320007,174.707993,166.654999,167.559998,167.345413,131800
2021-03-19,166.529999,171.839996,164.369995,170.270004,170.051941,463200
2021-03-22,171.970001,172.449997,165.369995,165.529999,165.318008,111800
2021-03-23,164.850006,168.160004,164.009995,164.429993,164.219406,106700
2021-03-24,165.222000,167.740005,161.940002,161.940002,161.732620,105800
2021-03-25,161.740005,164.839996,158.570007,163.770004,163.560272,141200
2021-03-26,163.399994,169.649994,163.399994,167.880005,167.665009,105400
2021-03-29,166.320007,169.289993,160.660004,161.690002,161.482941,123900
2021-03-30,160.820007,162.380005,159.445007,162.289993,162.082153,143400
2021-03-31,163.949997,166.990005,162.690002,164.800003,164.588959,286400
2021-04-01,166.690002,171.339996,165.500000,167.639999,167.425308,132500
2021-04-05,168.690002,171.419998,167.009995,170.660004,170.441452,131900
2021-04-06,169.300003,171.944000,168.964996,170.270004,170.051941,65600
2021-04-07,170.470001,170.550003,164.580002,164.880005,164.668839,73400
2021-04-08,165.059998,168.199997,164.690002,168.089996,167.874725,90400
2021-04-09,167.940002,169.953003,167.009995,169.740005,169.522629,65300
2021-04-12,168.740005,171.229996,168.220001,169.710007,169.492661,89200
2021-04-13,168.710007,169.824997,166.929001,168.029999,167.814804,70900
2021-04-14,168.029999,170.229996,167.889999,168.820007,168.603806,54700
2021-04-15,169.279999,171.990005,167.845001,170.279999,170.061920,66900
2021-04-16,169.690002,170.039993,166.699997,168.470001,168.254242,151400
2021-04-19,167.500000,167.990005,164.369995,165.350006,165.138245,156600
2021-04-20,164.149994,166.600006,164.024994,165.240005,165.028381,78400
2021-04-21,164.490005,171.009995,164.490005,170.740005,170.521347,124500
2021-04-22,171.830002,174.139999,170.009995,171.220001,171.000732,109400
2021-04-23,172.789993,175.229996,171.440002,174.960007,174.735931,95400
2021-04-26,176.190002,176.979996,174.229996,175.720001,175.494965,114500
2021-04-27,177.639999,179.774994,176.380005,177.470001,177.242722,213000
2021-04-28,178.130005,178.410004,170.059998,170.979996,170.761017,105300
2021-04-29,172.169998,174.074997,170.710007,172.830002,172.608658,106400
2021-04-30,174.809998,180.552994,170.899994,174.009995,173.787140,207900
2021-05-03,175.520004,176.979996,171.175003,171.279999,171.060638,135800
2021-05-04,171.279999,171.279999,166.410004,170.089996,169.872177,87200
2021-05-05,171.050003,171.050003,165.000000,167.710007,167.495239,82700
2021-05-06,167.710007,168.960007,164.416000,168.660004,168.444016,92400
2021-05-07,169.000000,172.149994,167.630005,168.300003,168.084473,92700
2021-05-10,167.259995,168.000000,160.300003,160.619995,160.414291,116300
2021-05-11,158.100006,162.005005,157.300003,158.539993,158.336945,149000
2021-05-12,157.300003,159.509995,153.149994,154.050003,153.852707,161200
2021-05-13,154.479996,157.460007,153.119995,156.630005,156.429413,123800
2021-05-14,154.979996,162.235001,153.919998,161.529999,161.323135,114100
2021-05-17,160.949997,161.320007,157.740005,159.190002,158.986130,86100
2021-05-18,158.009995,161.600006,157.235001,157.899994,157.697784,89900
2021-05-19,156.089996,159.570007,154.509995,159.369995,159.165894,79200
2021-05-20,159.369995,163.020004,158.279999,163.000000,162.791245,121800
2021-05-21,164.910004,167.880005,162.619995,163.130005,162.921082,112300
2021-05-24,163.300003,165.000000,162.699997,163.910004,163.700089,62800
2021-05-25,164.000000,164.699997,162.449997,163.529999,163.320572,115000
2021-05-26,163.449997,166.304993,162.339996,164.479996,164.379913,80200
2021-05-27,164.350006,166.259995,163.850006,165.570007,165.469269,106800
2021-05-28,165.470001,166.770004,165.190002,166.460007,166.358719,65200
2021-06-01,167.000000,167.000000,162.009995,162.080002,161.981384,75500
2021-06-02,162.279999,162.535004,160.000000,162.199997,162.101303,129400
2021-06-03,161.330002,162.199997,160.000000,160.449997,160.352371,96100
2021-06-04,160.500000,161.589996,159.684998,160.979996,160.882050,77100
2021-06-07,161.250000,161.990005,160.509995,161.839996,161.741531,97500
2021-06-08,162.570007,164.809998,160.514999,164.119995,164.020142,80100
2021-06-09,164.190002,164.294998,161.500000,161.869995,161.771500,78700
2021-06-10,163.270004,163.561996,160.809998,161.360001,161.261826,67800
2021-06-11,162.660004,163.600006,162.009995,163.460007,163.360550,66200
2021-06-14,163.880005,165.130005,161.580002,162.970001,162.870850,81600
2021-06-15,163.289993,168.839996,162.500000,167.389999,167.288147,110200
2021-06-16,167.699997,167.699997,164.000000,164.320007,164.220032,96000
2021-06-17,164.919998,165.095001,161.250000,161.880005,161.781509,141100
2021-06-18,160.009995,161.619995,156.270004,156.509995,156.414764,154000
2021-06-21,156.630005,160.660004,156.520004,158.660004,158.563461,102900
2021-06-22,158.679993,159.860001,157.100006,159.279999,159.183090,61400
2021-06-23,159.270004,160.449997,158.240005,159.229996,159.133118,84100
2021-06-24,160.360001,161.509995,159.039993,161.509995,161.411728,53400
2021-06-25,162.399994,162.949997,160.990005,162.070007,161.971390,213800
2021-06-28,161.740005,162.929993,159.089996,159.520004,159.422943,93400
2021-06-29,159.119995,163.179993,159.119995,162.529999,162.431107,76100
2021-06-30,161.350006,165.000000,161.350006,164.770004,164.669754,119600
2021-07-01,165.220001,169.979996,165.220001,169.419998,169.316910,127800
2021-07-02,170.149994,171.020004,167.794006,170.250000,170.146408,90300
2021-07-06,170.500000,174.800003,169.287994,173.660004,173.554337,109000
2021-07-07,174.000000,174.535004,169.929993,170.160004,170.056473,126000
2021-07-08,166.639999,168.779999,163.214996,164.259995,164.160049,92000
2021-07-09,165.179993,169.979996,164.050003,168.369995,168.267548,104100
2021-07-12,168.369995,168.369995,165.100006,167.940002,167.837814,65200
2021-07-13,167.059998,167.710007,165.190002,165.949997,165.849030,73300
2021-07-14,167.050003,168.779999,165.500000,168.580002,168.477432,94100
2021-07-15,168.020004,173.580002,167.639999,172.860001,172.754822,148800
2021-07-16,173.990005,176.347000,173.160004,174.699997,174.593704,117200
2021-07-19,172.505005,172.505005,166.050003,166.529999,166.428680,82900
2021-07-20,166.630005,171.839996,166.000000,168.389999,168.287537,151400
2021-07-21,169.649994,172.259995,167.214996,168.039993,167.937744,89400
2021-07-22,167.160004,167.462997,162.610001,164.500000,164.399918,81200
2021-07-23,165.199997,170.660004,164.619995,170.160004,170.056473,95900
2021-07-26,170.369995,171.779999,169.779999,171.029999,170.925934,67400
2021-07-27,170.250000,179.009995,169.210007,178.619995,178.511322,273600
2021-07-28,178.619995,181.389999,174.000000,179.440002,179.330826,155600
2021-07-29,181.160004,184.839996,180.800003,182.160004,182.049164,176300
2021-07-30,181.110001,185.910004,176.690002,178.645004,178.536316,169000
2021-08-02,180.210007,180.979996,173.740005,174.190002,174.084015,98300
2021-08-03,173.320007,175.020004,172.839996,174.160004,174.054031,111900
2021-08-04,172.869995,175.000000,172.326996,174.429993,174.323868,55500
2021-08-05,175.830002,184.320007,174.860001,184.020004,183.908035,170300
2021-08-06,185.369995,186.830002,183.283997,185.220001,185.107300,104000
2021-08-09,184.610001,188.220001,183.830002,185.220001,185.107300,112400
2021-08-10,185.710007,188.919998,184.429993,185.080002,184.967392,85200
2021-08-11,186.149994,189.160004,181.320007,184.619995,184.507660,88400
2021-08-12,184.330002,185.255005,181.899994,183.000000,182.888657,63500
2021-08-13,181.210007,183.210007,177.059998,177.960007,177.851730,263100
2021-08-16,177.639999,181.110001,176.475998,180.770004,180.660019,64800
2021-08-17,179.220001,184.160004,177.837997,183.589996,183.478287,109300
2021-08-18,183.779999,183.779999,180.429993,181.259995,181.149704,62300
2021-08-19,181.220001,183.009995,179.770004,181.210007,181.099747,52600
2021-08-20,180.550003,184.869995,180.529999,183.100006,182.988602,112200
2021-08-23,184.270004,184.270004,182.699997,183.000000,182.888657,76100
2021-08-24,182.500000,183.000000,178.949997,180.979996,180.869873,57600
2021-08-25,181.639999,183.389999,179.320007,179.389999,179.280853,89000
2021-08-26,179.699997,179.699997,174.940002,175.490005,175.383224,68200
2021-08-27,175.470001,180.970001,175.470001,180.789993,180.679993,87600
2021-08-30,181.580002,183.360001,180.179993,182.729996,182.729996,67200