Date,Open,High,Low,Close,Adj Close,Volume
2021-01-04,146.639999,150.009995,136.940002,137.729996,137.729996,391200
2021-01-05,137.500000,143.619995,134.000000,134.789993,134.789993,242300
2021-01-06,132.919998,139.460007,129.240005,136.699997,136.699997,290300
2021-01-07,137.600006,149.979996,137.600006,147.279999,147.279999,317600
2021-01-08,147.529999,157.169998,147.529999,153.789993,153.789993,270500
2021-01-11,150.960007,156.470001,150.009995,151.149994,151.149994,217600
2021-01-12,151.839996,158.979996,149.899994,157.899994,157.899994,274900
2021-01-13,158.449997,163.479996,152.490005,153.669998,153.669998,222200
2021-01-14,154.770004,165.350006,154.770004,162.350006,162.350006,276700
2021-01-15,162.350006,169.979996,155.899994,158.539993,158.539993,279000
2021-01-19,158.539993,166.690002,156.750000,164.470001,164.470001,252500
2021-01-20,165.149994,168.960007,158.529999,158.600006,158.600006,272300
2021-01-21,160.020004,160.020004,151.970001,158.020004,158.020004,193400
2021-01-22,156.270004,165.000000,155.500000,164.330002,164.330002,171800
2021-01-25,157.850006,162.899994,152.369995,155.889999,155.889999,215800
2021-01-26,156.809998,158.130005,144.520004,145.910004,145.910004,284900
2021-01-27,144.000000,144.880005,131.789993,134.210007,134.210007,564400
2021-01-28,135.000000,136.429993,127.599998,128.270004,128.270004,344500
2021-01-29,126.269997,130.600006,119.440002,126.309998,126.309998,499600
2021-02-01,128.210007,133.610001,121.820000,131.110001,131.110001,377400
2021-02-02,131.800003,141.740005,130.360001,140.300003,140.300003,232900
2021-02-03,139.339996,147.350006,136.460007,138.039993,138.039993,260600
2021-02-04,138.479996,145.660004,135.899994,144.789993,144.789993,230400
2021-02-05,145.919998,150.070007,144.710007,149.929993,149.929993,167000
2021-02-08,150.740005,160.179993,150.429993,158.839996,158.839996,204400
2021-02-09,158.559998,161.850006,154.000000,160.429993,160.429993,235200
2021-02-10,162.710007,171.210007,158.929993,160.149994,160.149994,299900
2021-02-11,162.960007,167.369995,154.669998,160.570007,160.570007,228200
2021-02-12,161.389999,164.990005,156.089996,157.029999,157.029999,267600
2021-02-16,157.039993,164.729996,142.820007,145.580002,145.580002,528600
2021-02-17,136.259995,138.990005,131.229996,138.080002,138.080002,565200
2021-02-18,136.589996,141.199997,132.000000,134.100006,134.100006,255300
2021-02-19,132.570007,136.199997,127.910004,131.440002,131.440002,361300
2021-02-22,129.320007,129.600006,120.800003,122.610001,122.610001,372500
2021-02-23,119.639999,129.800003,112.510002,125.650002,125.650002,537200
2021-02-24,122.370003,132.250000,120.000000,129.949997,129.949997,222300
2021-02-25,128.679993,132.000000,120.860001,121.080002,121.080002,247500
2021-02-26,122.500000,133.339996,120.379997,129.009995,129.009995,363900
2021-03-01,123.220001,137.600006,123.070000,134.789993,134.789993,295800
2021-03-02,132.630005,134.610001,124.660004,125.160004,125.160004,253900
2021-03-03,125.000000,125.000000,114.300003,115.279999,115.279999,356800
2021-03-04,114.540001,118.139999,108.099998,111.669998,111.669998,398200
2021-03-05,114.989998,120.720001,108.570000,120.489998,120.489998,334600
2021-03-08,119.790001,124.529999,115.699997,116.589996,116.589996,198100
2021-03-09,122.019997,129.910004,120.050003,127.320000,127.320000,305000
2021-03-10,129.649994,131.990005,124.480003,126.889999,126.889999,247800
2021-03-11,130.619995,136.029999,125.139999,132.270004,132.270004,301600
2021-03-12,130.960007,131.389999,124.519997,126.989998,126.989998,259500
2021-03-15,126.279999,128.679993,123.900002,127.559998,127.559998,247200
2021-03-16,129.600006,134.600006,125.980003,129.080002,129.080002,310800
2021-03-17,127.070000,135.330002,126.599998,134.410004,134.410004,213800
2021-03-18,131.860001,137.050003,123.480003,125.010002,125.010002,304300
2021-03-19,124.830002,132.460007,122.220001,129.940002,129.940002,715200
2021-03-22,130.889999,133.690002,128.889999,131.139999,131.139999,180000
2021-03-23,130.149994,130.149994,119.709999,120.680000,120.680000,280700
2021-03-24,122.540001,123.690002,114.139999,115.000000,115.000000,304100
2021-03-25,112.559998,119.690002,110.660004,119.449997,119.449997,300100
2021-03-26,120.029999,121.480003,114.339996,116.330002,116.330002,304900
2021-03-29,115.169998,116.160004,111.010002,112.739998,112.739998,418300
2021-03-30,112.290001,112.760002,108.440002,110.449997,110.449997,290600
2021-03-31,112.160004,117.699997,108.900002,113.389999,113.389999,742400
2021-04-01,116.389999,117.769997,107.309998,109.099998,109.099998,399600
2021-04-05,109.379997,116.500000,108.769997,115.559998,115.559998,236300
2021-04-06,113.400002,116.199997,108.900002,110.379997,110.379997,283400
2021-04-07,109.419998,114.150002,106.739998,107.459999,107.459999,219100
2021-04-08,109.260002,114.769997,108.739998,110.269997,110.269997,229200
2021-04-09,109.839996,110.820000,106.830002,109.070000,109.070000,170000
2021-04-12,108.419998,109.820000,103.620003,106.199997,106.199997,355800
2021-04-13,107.089996,113.760002,106.680000,113.019997,113.019997,306100
2021-04-14,113.239998,122.889999,113.239998,115.680000,115.680000,591800
2021-04-15,116.440002,118.750000,113.010002,115.709999,115.709999,156100
2021-04-16,116.529999,117.860001,112.279999,114.889999,114.889999,176900
2021-04-19,113.809998,116.910004,110.000000,112.269997,112.269997,140700
2021-04-20,111.879997,117.129997,108.739998,113.730003,113.730003,243500
2021-04-21,113.760002,117.820000,112.889999,117.480003,117.480003,157300
2021-04-22,117.989998,123.730003,115.519997,121.309998,121.309998,210500
2021-04-23,123.120003,124.519997,117.900002,120.430000,120.430000,179400
2021-04-26,121.639999,127.290001,119.470001,126.540001,126.540001,223100
2021-04-27,126.970001,127.750000,120.300003,121.190002,121.190002,192300
2021-04-28,120.730003,123.580002,118.769997,122.209999,122.209999,151500
2021-04-29,123.650002,124.879997,119.739998,122.709999,122.709999,169800
2021-04-30,121.470001,128.330002,119.250000,120.839996,120.839996,191300
2021-05-03,122.260002,123.589996,116.410004,116.750000,116.750000,166300
2021-05-04,118.800003,118.800003,108.629997,110.519997,110.519997,316400
2021-05-05,111.790001,114.010002,106.019997,107.239998,107.239998,142800
2021-05-06,106.410004,106.620003,99.779999,101.839996,101.839996,398100
2021-05-07,103.820000,103.940002,99.660004,101.620003,101.620003,189900
2021-05-10,83.540001,95.500000,81.860001,88.410004,88.410004,2212900
2021-05-11,76.000000,86.000000,73.190002,81.699997,81.699997,1788900
2021-05-12,79.800003,84.529999,79.050003,79.419998,79.419998,561300
2021-05-13,78.500000,84.489998,76.550003,80.320000,80.320000,324700
2021-05-14,80.440002,85.099998,80.110001,84.050003,84.050003,326400
2021-05-17,85.290001,85.620003,81.339996,84.599998,84.599998,251000
2021-05-18,84.769997,88.070000,82.519997,82.720001,82.720001,295100
2021-05-19,81.000000,83.279999,79.449997,81.330002,81.330002,225500
2021-05-20,82.080002,83.110001,80.199997,80.550003,80.550003,286200
2021-05-21,81.849998,82.669998,79.500000,80.620003,80.620003,571500
2021-05-24,81.379997,81.830002,79.360001,81.300003,81.300003,342600
2021-05-25,81.419998,83.830002,80.459999,82.669998,82.669998,411800
2021-05-26,83.059998,85.699997,82.620003,85.500000,85.500000,236000
2021-05-27,85.900002,87.669998,83.790001,84.180000,84.180000,483200
2021-05-28,85.000000,87.839996,83.209999,83.620003,83.620003,185300
2021-06-01,81.000000,81.199997,78.760002,79.220001,79.220001,322700
2021-06-02,79.050003,82.199997,77.930000,80.879997,80.879997,424300
2021-06-03,80.110001,80.750000,77.129997,78.230003,78.230003,215200
2021-06-04,78.980003,79.849998,76.199997,77.199997,77.199997,269500
2021-06-07,76.580002,82.309998,75.750000,81.010002,81.010002,317600
2021-06-08,81.959999,83.180000,77.690002,78.400002,78.400002,232200
2021-06-09,79.330002,80.540001,76.360001,78.589996,78.589996,334400
2021-06-10,78.629997,81.910004,76.709999,79.970001,79.970001,310500
2021-06-11,80.970001,83.870003,79.080002,83.620003,83.620003,259700
2021-06-14,84.139999,88.320000,83.589996,84.870003,84.870003,466800
2021-06-15,84.750000,86.370003,81.120003,82.320000,82.320000,231200
2021-06-16,80.900002,83.940002,79.800003,81.870003,81.870003,149400
2021-06-17,81.440002,83.940002,79.879997,83.070000,83.070000,132500
2021-06-18,81.639999,84.540001,80.059998,83.150002,83.150002,620800
2021-06-21,82.169998,86.519997,81.459999,85.440002,85.440002,341100
2021-06-22,84.629997,85.820000,83.000000,85.150002,85.150002,177100
2021-06-23,84.500000,86.199997,83.519997,84.580002,84.580002,175300
2021-06-24,85.540001,88.169998,85.540001,88.019997,88.019997,182900
2021-06-25,88.589996,90.550003,86.800003,90.199997,90.199997,426100
2021-06-28,91.800003,93.599998,90.129997,91.699997,91.699997,261100
2021-06-29,91.720001,93.029999,89.360001,90.889999,90.889999,567000
2021-06-30,90.820000,93.540001,88.519997,93.000000,93.000000,452600
2021-07-01,95.050003,99.550003,93.550003,95.610001,95.610001,389400
2021-07-02,96.150002,97.160004,94.459999,96.309998,96.309998,251300
2021-07-06,96.860001,97.169998,91.860001,92.059998,92.059998,203300
2021-07-07,92.000000,93.529999,90.029999,92.580002,92.580002,246700
2021-07-08,89.500000,93.279999,88.849998,92.739998,92.739998,211100
2021-07-09,93.430000,95.550003,92.559998,95.360001,95.360001,170500
2021-07-12,95.639999,97.769997,93.540001,95.339996,95.339996,368300
2021-07-13,94.510002,94.839996,92.820000,93.160004,93.160004,274600
2021-07-14,94.089996,94.089996,88.820000,89.070000,89.070000,262500
2021-07-15,88.550003,89.370003,84.790001,87.570000,87.570000,292700
2021-07-16,88.940002,89.690002,86.550003,87.750000,87.750000,223400
2021-07-19,86.410004,86.410004,83.540001,85.139999,85.139999,282300
2021-07-20,85.599998,87.589996,84.669998,86.260002,86.260002,398500
2021-07-21,86.820000,88.480003,84.330002,88.110001,88.110001,263600
2021-07-22,87.889999,88.599998,84.570000,84.769997,84.769997,224000
2021-07-23,85.029999,85.790001,82.000000,85.779999,85.779999,184500
2021-07-26,85.959999,88.120003,84.989998,85.900002,85.900002,135600
2021-07-27,86.269997,86.889999,83.570000,86.040001,86.040001,479700
2021-07-28,86.699997,92.000000,85.620003,91.879997,91.879997,200400
2021-07-29,92.690002,94.400002,87.839996,87.870003,87.870003,259700
2021-07-30,87.290001,88.199997,83.470001,83.839996,83.839996,292200
2021-08-02,84.339996,85.089996,81.709999,81.970001,81.970001,249200
2021-08-03,82.470001,83.879997,80.000000,82.820000,82.820000,238400
2021-08-04,82.879997,85.779999,82.879997,83.970001,83.970001,183200
2021-08-05,83.940002,88.519997,82.349998,87.050003,87.050003,155800
2021-08-06,87.250000,88.330002,83.510002,83.720001,83.720001,216000
2021-08-09,84.339996,86.750000,83.709999,86.070000,86.070000,163900
2021-08-10,85.430000,86.769997,83.739998,84.919998,84.919998,150500
2021-08-11,85.910004,88.570000,83.750000,88.120003,88.120003,299100
2021-08-12,88.690002,89.320000,85.300003,88.209999,88.209999,152600
2021-08-13,88.959999,89.870003,87.870003,88.900002,88.900002,243900
2021-08-16,89.949997,90.290001,86.089996,86.199997,86.199997,257800
2021-08-17,83.199997,89.760002,83.169998,89.629997,89.629997,173400
2021-08-18,89.870003,90.930000,87.430000,87.750000,87.750000,208900
2021-08-19,87.129997,88.430000,86.500000,88.099998,88.099998,265700
2021-08-20,87.660004,93.129997,87.660004,91.510002,91.510002,215000
2021-08-23,93.110001,97.440002,92.040001,92.500000,92.500000,244700
2021-08-24,92.180000,92.910004,89.769997,91.610001,91.610001,103300
2021-08-25,91.849998,100.150002,91.660004,99.889999,99.889999,292100
2021-08-26,100.430000,100.430000,92.769997,93.589996,93.589996,461000
2021-08-27,94.070000,100.959999,92.970001,97.529999,97.529999,283900
2021-08-30,98.290001,99.449997,95.269997,96.040001,96.040001,241800