Date,Open,High,Low,Close,Adj Close,Volume
2021-01-04,40.790001,40.974998,39.009998,39.150002,38.595181,352200
2021-01-05,38.830002,40.340000,38.610001,40.139999,39.571148,299100
2021-01-06,40.740002,42.869999,40.720001,42.630001,42.025864,786100
2021-01-07,42.980000,43.959999,42.470001,43.000000,42.390614,518700
2021-01-08,43.169998,43.520000,42.310001,42.840000,42.232883,404900
2021-01-11,42.520000,44.540001,42.520000,44.459999,43.829926,828900
2021-01-12,44.509998,45.450001,44.175999,45.430000,44.786179,581600
2021-01-13,45.410000,46.889999,44.270000,44.450001,43.820065,585000
2021-01-14,44.950001,46.564999,44.500000,44.650002,44.017231,403600
2021-01-15,44.070000,44.564999,42.959999,43.459999,42.844097,237600
2021-01-19,43.509998,43.820000,42.040001,42.070000,41.473797,444800
2021-01-20,41.990002,42.439999,41.270000,42.060001,41.463940,418900
2021-01-21,41.860001,43.650002,41.660000,41.799999,41.207623,431200
2021-01-22,41.439999,42.270000,40.669998,41.840000,41.247055,351500
2021-01-25,41.299999,41.790001,39.502998,40.270000,39.699306,545100
2021-01-26,40.900002,40.900002,39.639999,40.470001,39.896473,436100
2021-01-27,39.480000,39.775002,37.750000,38.770000,38.220562,647900
2021-01-28,39.090000,39.169998,37.584999,38.279999,37.737507,419300
2021-01-29,38.070000,38.070000,35.950001,36.119999,35.608120,472000
2021-02-01,36.480000,36.700001,35.480000,36.570000,36.051743,393500
2021-02-02,37.200001,37.424999,35.970001,37.180000,36.653095,319700
2021-02-03,37.099998,37.939999,36.445000,37.880001,37.343178,472500
2021-02-04,38.000000,39.500000,37.799999,39.279999,38.723331,315500
2021-02-05,39.779999,41.090000,39.459999,41.040001,40.458393,326400
2021-02-08,41.939999,43.130001,41.540001,42.680000,42.075153,419700
2021-02-09,42.759998,43.450001,42.270000,42.799999,42.193447,406100
2021-02-10,43.119999,44.000000,42.119999,42.950001,42.341324,384400
2021-02-11,43.090000,43.869999,41.924999,42.880001,42.272320,314000
2021-02-12,42.400002,43.330002,42.049999,42.549999,41.946991,198800
2021-02-16,42.650002,43.320000,42.226002,42.759998,42.154018,220700
2021-02-17,42.500000,43.139999,41.790001,42.849998,42.242741,202100
2021-02-18,42.480000,42.560001,41.740002,41.810001,41.217484,490900
2021-02-19,41.970001,43.549999,41.810001,43.410000,42.794807,320000
2021-02-22,43.230000,45.099998,43.150002,44.099998,43.475025,528900
2021-02-23,43.889999,44.814999,42.660000,43.939999,43.317295,256700
2021-02-24,44.480000,45.009998,44.020000,44.529999,43.898933,243100
2021-02-25,44.549999,45.084999,42.775002,42.919998,42.311749,252800
2021-02-26,42.790001,43.270000,41.389999,42.250000,41.651245,433500
2021-03-01,43.240002,44.480000,42.919998,43.660000,43.041264,393700
2021-03-02,44.220001,47.840000,44.099998,47.000000,46.333931,812000
2021-03-03,47.020000,49.549999,47.000000,48.820000,48.128139,858300
2021-03-04,49.009998,49.740002,47.027000,48.419998,47.733807,567600
2021-03-05,48.500000,51.099998,48.119999,50.700001,49.981495,685400
2021-03-08,50.630001,51.790001,49.430000,49.470001,49.156754,448800
2021-03-09,49.669998,50.700001,48.360001,48.759998,48.451244,457200
2021-03-10,48.639999,50.889999,48.639999,50.680000,50.359089,263600
2021-03-11,51.000000,51.599998,50.040001,51.250000,50.925480,394000
2021-03-12,51.200001,53.424999,50.590000,53.000000,52.664398,515800
2021-03-15,52.439999,53.070000,51.090000,52.639999,52.306679,380200
2021-03-16,52.110001,52.520000,50.549999,51.080002,50.756557,461700
2021-03-17,51.360001,52.939999,50.930000,52.759998,52.425919,312700
2021-03-18,52.959999,55.490002,52.180000,53.500000,53.161232,561800
2021-03-19,53.849998,53.849998,51.730000,52.779999,52.445789,1163600
2021-03-22,52.310001,52.490002,49.220001,49.490002,49.176624,639300
2021-03-23,48.860001,49.910000,45.779999,46.369999,46.076378,610000
2021-03-24,47.090000,48.459999,46.459999,46.680000,46.384418,458100
2021-03-25,46.330002,48.720001,45.230000,48.340000,48.033905,512100
2021-03-26,49.150002,49.540001,48.200001,49.400002,49.087196,405400
2021-03-29,49.529999,49.740002,47.000000,47.060001,46.762012,434200
2021-03-30,46.990002,48.830002,46.900002,48.299999,47.994160,370200
2021-03-31,48.349998,49.330002,47.880001,48.529999,48.222702,434600
2021-04-01,49.020000,49.310001,48.169998,48.740002,48.431374,310700
2021-04-05,49.169998,50.459999,48.310001,49.889999,49.574089,226100
2021-04-06,49.419998,51.209999,49.419998,50.430000,50.110672,280300
2021-04-07,52.680000,54.230000,52.049999,53.110001,52.773705,585700
2021-04-08,53.049999,55.070000,52.501999,54.700001,54.353634,420100
2021-04-09,55.529999,57.099998,55.040001,56.950001,56.589386,707600
2021-04-12,57.279999,59.900002,56.570000,59.720001,59.341846,975300
2021-04-13,59.840000,60.619999,58.529999,58.939999,58.566784,493300
2021-04-14,59.230000,60.439999,58.360001,59.369999,58.994061,383300
2021-04-15,59.880001,61.529999,58.720001,61.490002,61.100639,404200
2021-04-16,62.040001,63.560001,61.029999,63.549999,63.147594,550900
2021-04-19,63.560001,64.430000,62.080002,62.480000,62.084370,708900
2021-04-20,61.939999,62.029999,58.840000,60.509998,60.126842,876300
2021-04-21,60.520000,64.239998,60.470001,64.050003,63.644432,400600
2021-04-22,64.139999,65.709999,63.779999,64.970001,64.558601,462400
2021-04-23,65.610001,67.379997,64.980003,65.910004,65.492653,472500
2021-04-26,67.110001,67.510002,65.620003,66.650002,66.227966,295300
2021-04-27,66.620003,67.739998,66.260002,66.639999,66.218025,428500
2021-04-28,66.650002,66.889999,65.209999,65.470001,65.055435,295300
2021-04-29,66.290001,66.489998,64.400002,65.040001,64.628159,485100
2021-04-30,64.489998,65.360001,62.430000,62.830002,62.432156,525800
2021-05-03,64.070000,64.800003,62.849998,64.480003,64.071709,798400
2021-05-04,63.570000,65.059998,63.459999,64.300003,63.892849,638100
2021-05-05,64.309998,65.639999,63.750000,63.980000,63.574871,449600
2021-05-06,65.080002,69.158997,64.169998,67.260002,66.834106,651300
2021-05-07,65.930000,67.389999,63.408001,64.529999,64.121391,487300
2021-05-10,64.550003,65.040001,62.590000,63.119999,62.720318,690000
2021-05-11,62.250000,64.019997,60.851002,63.509998,63.107845,378400
2021-05-12,63.560001,64.529999,59.450001,59.720001,59.341846,429000
2021-05-13,60.090000,62.959999,60.090000,61.349998,60.961525,390200
2021-05-14,61.889999,65.580002,61.889999,65.430000,65.015694,364700
2021-05-17,64.839996,66.470001,64.669998,65.669998,65.254166,324300
2021-05-18,65.849998,66.220001,63.660000,63.779999,63.376137,360300
2021-05-19,62.320000,63.160000,61.049999,62.790001,62.392410,371400
2021-05-20,62.770000,63.419998,59.400002,61.889999,61.498104,400300
2021-05-21,62.230000,63.990002,61.930000,63.279999,62.879303,383600
2021-05-24,63.669998,63.981998,62.570000,63.889999,63.485443,273400
2021-05-25,64.800003,66.800003,63.580002,63.660000,63.256897,462300
2021-05-26,64.650002,65.139999,63.000000,63.070000,62.670635,517900
2021-05-27,64.070000,66.019997,61.750000,65.589996,65.174675,588700
2021-05-28,65.440002,65.440002,63.055000,64.019997,63.614616,371800
2021-06-01,64.820000,67.000000,64.129997,66.989998,66.565811,572700
2021-06-02,66.540001,66.540001,63.169998,63.970001,63.564938,596400
2021-06-03,63.750000,63.750000,62.360001,63.299999,62.899178,300200
2021-06-04,63.369999,63.830002,61.369999,63.169998,62.770000,328300
2021-06-07,63.410000,64.540001,63.040001,63.490002,63.490002,429800
2021-06-08,63.410000,64.580002,62.599998,64.209999,64.209999,380000
2021-06-09,64.099998,64.099998,62.180000,62.570000,62.570000,675000
2021-06-10,63.369999,63.470001,61.549999,61.650002,61.650002,418300
2021-06-11,62.570000,64.239998,61.560001,64.010002,64.010002,925400
2021-06-14,64.019997,64.875999,61.630001,62.150002,62.150002,397900
2021-06-15,62.150002,62.150002,60.040001,61.520000,61.520000,775900
2021-06-16,61.439999,61.439999,59.035000,60.790001,60.790001,518300
2021-06-17,60.740002,60.740002,57.919998,59.040001,59.040001,665500
2021-06-18,58.160000,58.660000,55.959999,56.619999,56.619999,925800
2021-06-21,57.400002,58.020000,56.970001,57.230000,57.230000,446900
2021-06-22,57.200001,57.840000,56.009998,57.700001,57.700001,679200
2021-06-23,58.360001,58.799999,57.200001,58.610001,58.610001,489100
2021-06-24,59.230000,59.730000,57.500000,57.580002,57.580002,425500
2021-06-25,58.119999,58.790001,55.639999,55.750000,55.750000,3499300
2021-06-28,55.560001,57.150002,54.337002,55.590000,55.590000,991000
2021-06-29,55.910000,55.990002,54.910000,55.419998,55.419998,458800
2021-06-30,55.110001,56.599998,54.779999,56.410000,56.410000,1030900
2021-07-01,57.240002,58.275002,56.799999,57.840000,57.840000,609800
2021-07-02,57.849998,58.759998,57.310001,58.590000,58.590000,492900
2021-07-06,58.570000,58.570000,55.799999,56.869999,56.869999,455800
2021-07-07,56.369999,57.500000,55.299999,55.950001,55.950001,375100
2021-07-08,54.669998,56.150002,53.740002,55.290001,55.290001,393100
2021-07-09,57.180000,59.279999,56.480000,58.310001,58.310001,466100
2021-07-12,57.410000,58.689999,56.980000,58.360001,58.360001,351200
2021-07-13,58.040001,58.169998,56.263000,56.869999,56.869999,281800
2021-07-14,58.200001,60.009998,57.361000,57.680000,57.680000,802400
2021-07-15,56.799999,57.540001,55.500000,56.299999,56.299999,365300
2021-07-16,57.090000,57.430000,54.990002,55.209999,55.209999,427600
2021-07-19,53.509998,55.349998,53.009998,54.099998,54.099998,570000
2021-07-20,53.939999,56.340000,53.939999,55.389999,55.389999,402500
2021-07-21,56.500000,57.330002,54.959999,55.500000,55.500000,324100
2021-07-22,55.430000,56.000000,54.410000,55.250000,55.250000,228900
2021-07-23,56.009998,56.759998,55.099998,55.939999,55.939999,566500
2021-07-26,56.560001,57.150002,55.540001,57.110001,57.110001,518200
2021-07-27,56.349998,56.674999,54.930000,55.840000,55.840000,377400
2021-07-28,56.380001,56.380001,54.459999,55.029999,55.029999,217100
2021-07-29,55.790001,56.919998,55.470001,55.480000,55.480000,181800
2021-07-30,55.000000,56.419998,54.630001,55.380001,55.380001,281600
2021-08-02,56.310001,58.150002,55.549999,55.669998,55.669998,318900
2021-08-03,56.560001,57.730000,54.720001,57.500000,57.500000,495900
2021-08-04,56.470001,58.250000,56.150002,57.939999,57.939999,878900
2021-08-05,58.445000,58.445000,54.658001,56.490002,56.490002,728500
2021-08-06,57.660000,59.110001,57.209999,57.560001,57.560001,434500
2021-08-09,56.820000,57.230000,55.919998,56.090000,56.090000,196100
2021-08-10,55.470001,57.570000,55.160000,56.810001,56.810001,381900
2021-08-11,56.689999,57.709999,55.759998,57.660000,57.660000,250700
2021-08-12,57.869999,58.400002,57.020000,58.119999,58.119999,216600
2021-08-13,57.709999,59.060001,57.119999,58.330002,58.330002,452000
2021-08-16,57.580002,58.674999,57.250000,58.169998,58.169998,521100
2021-08-17,57.070000,57.930000,55.560001,57.520000,57.520000,1328000
2021-08-18,57.189999,59.040001,56.935001,57.240002,57.240002,424100
2021-08-19,56.119999,57.532001,55.950001,56.200001,56.200001,394000
2021-08-20,56.259998,56.259998,52.820000,53.139999,53.139999,565600
2021-08-23,53.459999,54.279999,52.509998,53.910000,53.910000,363700
2021-08-24,53.720001,55.494999,53.720001,55.009998,55.009998,294200
2021-08-25,56.090000,58.299999,56.090000,57.790001,57.790001,362000
2021-08-26,57.759998,57.759998,54.439999,55.459999,55.459999,349100
2021-08-27,55.619999,56.904999,55.189999,56.500000,56.500000,309500
2021-08-30,57.070000,57.240002,54.939999,55.060001,55.060001,263000