Date,Open,High,Low,Close,Adj Close,Volume
2021-01-04,27.200001,27.719999,25.830000,26.370001,26.370001,1352200
2021-01-05,28.520000,28.980000,26.870001,26.910000,26.910000,2081900
2021-01-06,26.330000,27.100000,25.840000,26.690001,26.690001,2187200
2021-01-07,26.389999,27.010000,25.889999,26.950001,26.950001,1321200
2021-01-08,27.020000,27.389999,26.180000,26.570000,26.570000,1095400
2021-01-11,25.840000,26.700001,25.709999,26.360001,26.360001,794900
2021-01-12,26.600000,28.250000,26.410000,28.080000,28.080000,1641200
2021-01-13,28.350000,28.670000,27.639999,27.760000,27.760000,1591200
2021-01-14,28.200001,31.540001,28.010000,30.400000,30.400000,3288400
2021-01-15,30.209999,30.389999,29.250000,29.549999,29.549999,1612900
2021-01-19,30.000000,30.830000,29.850000,30.000000,30.000000,1978600
2021-01-20,30.180000,30.620001,29.160000,29.360001,29.360001,1500700
2021-01-21,29.100000,29.959999,28.719999,29.430000,29.430000,1216100
2021-01-22,29.610001,30.430000,29.320000,29.950001,29.950001,1675800
2021-01-25,30.610001,31.030001,29.809999,29.969999,29.969999,1263300
2021-01-26,30.250000,30.250000,29.049999,29.160000,29.160000,745600
2021-01-27,28.420000,29.320000,27.389999,27.910000,27.910000,1548500
2021-01-28,28.490000,28.680000,27.760000,27.840000,27.840000,1121000
2021-01-29,27.790001,27.809999,26.530001,26.540001,26.540001,1365400
2021-02-01,26.820000,27.080000,26.139999,27.010000,27.010000,1014000
2021-02-02,27.709999,28.059999,27.160000,27.920000,27.920000,936000
2021-02-03,27.940001,28.780001,27.870001,28.629999,28.629999,689400
2021-02-04,29.040001,29.629999,28.520000,29.330000,29.330000,916100
2021-02-05,29.750000,29.889999,28.600000,29.290001,29.290001,1023700
2021-02-08,31.330000,31.340000,29.900000,30.379999,30.379999,1579500
2021-02-09,31.049999,32.869999,30.420000,32.770000,32.770000,2717400
2021-02-10,33.110001,33.259998,31.469999,32.299999,32.299999,1366300
2021-02-11,32.169998,33.189999,32.070000,32.619999,32.619999,964400
2021-02-12,32.020000,32.990002,32.020000,32.889999,32.889999,719200
2021-02-16,33.930000,34.110001,32.900002,32.970001,32.970001,1515800
2021-02-17,32.580002,33.349998,31.780001,33.240002,33.240002,898600
2021-02-18,31.370001,31.610001,29.780001,29.920000,29.920000,2210800
2021-02-19,30.139999,31.360001,30.110001,30.250000,30.250000,1279900
2021-02-22,30.000000,31.020000,29.559999,30.500000,30.500000,1300500
2021-02-23,29.190001,29.270000,27.809999,29.000000,29.000000,1605200
2021-02-24,28.990000,30.400000,28.730000,30.059999,30.059999,855200
2021-02-25,29.530001,30.040001,28.510000,28.510000,28.510000,1478600
2021-02-26,27.010000,28.309999,26.230000,27.500000,27.500000,2655700
2021-03-01,27.740000,28.160000,27.500000,27.580000,27.580000,1221700
2021-03-02,27.660000,27.750000,27.040001,27.049999,27.049999,982700
2021-03-03,27.049999,27.690001,26.670000,26.700001,26.700001,869500
2021-03-04,26.150000,26.600000,24.540001,25.090000,25.090000,1823400
2021-03-05,25.280001,25.389999,22.309999,24.030001,24.030001,3312600
2021-03-08,24.209999,24.629999,22.700001,23.160000,23.160000,1945200
2021-03-09,24.090000,25.250000,23.680000,24.740000,24.740000,1436500
2021-03-10,25.389999,26.160000,25.150000,25.540001,25.540001,1199300
2021-03-11,26.000000,27.030001,26.000000,26.950001,26.950001,1166900
2021-03-12,26.650000,26.920000,26.180000,26.520000,26.520000,824200
2021-03-15,26.450001,27.330000,26.389999,27.080000,27.080000,861200
2021-03-16,27.430000,27.430000,26.190001,26.480000,26.480000,794600
2021-03-17,26.260000,27.520000,25.750000,27.080000,27.080000,1413600
2021-03-18,26.860001,27.250000,25.740000,25.790001,25.790001,1659800
2021-03-19,25.750000,26.129999,25.230000,25.780001,25.780001,2560300
2021-03-22,25.680000,26.090000,25.240000,25.480000,25.480000,1093100
2021-03-23,25.120001,25.670000,25.000000,25.120001,25.120001,1457200
2021-03-24,25.389999,26.080000,24.700001,24.730000,24.730000,1192300
2021-03-25,24.500000,25.400000,23.750000,25.309999,25.309999,1767500
2021-03-26,25.450001,26.049999,25.080000,26.020000,26.020000,1187100
2021-03-29,25.820000,28.299999,25.690001,27.430000,27.430000,2916500
2021-03-30,28.799999,29.600000,27.650000,27.920000,27.920000,4785400
2021-03-31,28.480000,28.680000,27.280001,27.280001,27.280001,2324700
2021-04-01,28.000000,28.700001,27.690001,28.290001,28.290001,1488200
2021-04-05,29.000000,29.500000,27.730000,28.469999,28.469999,1180100
2021-04-06,28.440001,29.250000,28.400000,28.639999,28.639999,1030900
2021-04-07,28.650000,28.809999,27.650000,27.969999,27.969999,1427600
2021-04-08,28.020000,28.660000,27.959999,28.330000,28.330000,1385200
2021-04-09,28.320000,28.490000,27.809999,28.120001,28.120001,615000
2021-04-12,28.180000,28.309999,27.549999,28.190001,28.190001,901700
2021-04-13,28.049999,28.350000,27.510000,27.959999,27.959999,761600
2021-04-14,27.959999,28.670000,27.840000,28.200001,28.200001,784300
2021-04-15,28.250000,28.610001,27.309999,28.150000,28.150000,2752900
2021-04-16,28.139999,28.150000,26.920000,27.350000,27.350000,1191700
2021-04-19,27.150000,27.270000,26.620001,27.020000,27.020000,872700
2021-04-20,26.760000,26.850000,25.559999,25.879999,25.879999,1185200
2021-04-21,25.629999,26.500000,25.520000,26.480000,26.480000,582600
2021-04-22,26.700001,26.980000,26.150000,26.450001,26.450001,582600
2021-04-23,26.510000,27.129999,26.480000,27.030001,27.030001,538000
2021-04-26,27.080000,27.400000,26.879999,27.160000,27.160000,510000
2021-04-27,27.350000,27.450001,26.910000,27.100000,27.100000,599100
2021-04-28,26.990000,27.379999,26.809999,27.250000,27.250000,474900
2021-04-29,27.490000,27.590000,26.760000,26.840000,26.840000,792800
2021-04-30,26.500000,26.879999,26.270000,26.740000,26.740000,676100
2021-05-03,26.840000,27.000000,26.370001,26.500000,26.500000,806800
2021-05-04,26.389999,26.440001,25.320000,25.860001,25.860001,896100
2021-05-05,25.719999,25.860001,24.549999,25.200001,25.200001,1650300
2021-05-06,25.150000,26.770000,24.740000,26.750000,26.750000,1150400
2021-05-07,26.500000,27.340000,26.340000,27.110001,27.110001,759600
2021-05-10,26.990000,27.280001,25.730000,25.730000,25.730000,736800
2021-05-11,24.750000,25.540001,24.360001,25.209999,25.209999,1963700
2021-05-12,25.170000,25.200001,24.309999,24.350000,24.350000,1041500
2021-05-13,24.440001,25.180000,24.330000,24.530001,24.530001,1076700
2021-05-14,24.719999,25.100000,24.340000,25.000000,25.000000,960400
2021-05-17,24.700001,25.000000,24.480000,24.750000,24.750000,1128400
2021-05-18,24.910000,24.969999,24.170000,24.180000,24.180000,802400
2021-05-19,23.680000,23.930000,23.280001,23.750000,23.750000,859000
2021-05-20,23.760000,24.250000,23.750000,23.969999,23.969999,857100
2021-05-21,24.299999,24.340000,23.820000,23.889999,23.889999,678100
2021-05-24,24.040001,24.629999,23.889999,24.469999,24.469999,671500
2021-05-25,24.540001,24.900000,24.340000,24.620001,24.620001,796400
2021-05-26,24.799999,25.230000,24.520000,25.139999,25.139999,809900
2021-05-27,25.450001,25.520000,25.010000,25.090000,25.090000,674700
2021-05-28,25.090000,25.330000,24.930000,25.010000,25.010000,602400
2021-06-01,25.129999,25.280001,24.760000,25.260000,25.260000,930200
2021-06-02,25.309999,25.450001,24.950001,25.420000,25.420000,808900
2021-06-03,25.250000,25.650000,24.740000,25.629999,25.629999,689900
2021-06-04,25.719999,26.150000,25.719999,25.969999,25.969999,532500
2021-06-07,25.879999,26.330000,25.809999,26.309999,26.309999,679600
2021-06-08,26.400000,26.920000,26.379999,26.760000,26.760000,590400
2021-06-09,26.830000,26.870001,26.350000,26.500000,26.500000,704900
2021-06-10,26.500000,26.650000,25.920000,26.219999,26.219999,563600
2021-06-11,26.320000,26.400000,26.070000,26.200001,26.200001,369400
2021-06-14,26.180000,26.350000,25.950001,26.309999,26.309999,482200
2021-06-15,26.450001,26.580000,26.190001,26.240000,26.240000,553500
2021-06-16,26.160000,26.540001,26.010000,26.240000,26.240000,608300
2021-06-17,26.299999,26.639999,26.219999,26.530001,26.530001,747200
2021-06-18,26.430000,27.090000,26.200001,26.360001,26.360001,1222400
2021-06-21,26.450001,26.530001,26.059999,26.469999,26.469999,565700
2021-06-22,26.299999,26.580000,25.740000,26.500000,26.500000,464800
2021-06-23,26.500000,26.980000,26.260000,26.879999,26.879999,606500
2021-06-24,26.850000,27.450001,26.790001,27.440001,27.440001,565900
2021-06-25,27.590000,27.770000,27.270000,27.610001,27.610001,4425600
2021-06-28,27.809999,27.820000,26.820000,27.309999,27.309999,1014600
2021-06-29,28.000000,30.290001,27.610001,29.600000,29.600000,10790600
2021-06-30,29.469999,29.870001,28.290001,28.490000,28.490000,2748000
2021-07-01,28.629999,29.080000,28.100000,28.650000,28.650000,1370800
2021-07-02,28.629999,28.629999,27.549999,28.070000,28.070000,1202400
2021-07-06,27.920000,28.280001,27.540001,28.240000,28.240000,1024700
2021-07-07,28.240000,28.850000,27.920000,28.500000,28.500000,1073700
2021-07-08,27.770000,28.070000,26.930000,27.760000,27.760000,1160700
2021-07-09,28.000000,28.240000,27.700001,28.200001,28.200001,606100
2021-07-12,28.200001,28.200001,27.350000,27.820000,27.820000,533800
2021-07-13,27.650000,27.650000,27.049999,27.230000,27.230000,658400
2021-07-14,27.389999,27.490000,26.280001,26.559999,26.559999,908200
2021-07-15,26.440001,26.540001,25.860001,26.120001,26.120001,782200
2021-07-16,26.450001,26.450001,25.719999,25.780001,25.780001,629500
2021-07-19,25.080000,25.500000,24.940001,25.459999,25.459999,764200
2021-07-20,25.620001,26.500000,25.420000,26.320000,26.320000,966000
2021-07-21,26.340000,27.010000,26.299999,26.920000,26.920000,609100
2021-07-22,26.930000,26.930000,26.420000,26.629999,26.629999,533000
2021-07-23,26.799999,26.870001,26.440001,26.840000,26.840000,404000
2021-07-26,27.120001,27.770000,27.080000,27.299999,27.299999,767800
2021-07-27,27.139999,27.180000,26.490000,26.990000,26.990000,580000
2021-07-28,27.389999,27.620001,27.090000,27.280001,27.280001,517500
2021-07-29,27.420000,27.670000,27.299999,27.430000,27.430000,365700
2021-07-30,27.299999,27.490000,27.030001,27.200001,27.200001,499900
2021-08-02,27.250000,27.639999,26.980000,27.020000,27.020000,446200
2021-08-03,27.070000,27.110001,25.900000,27.110001,27.110001,851900
2021-08-04,25.620001,26.160000,23.160000,23.830000,23.830000,3977400
2021-08-05,24.129999,24.799999,24.100000,24.600000,24.600000,1073000
2021-08-06,24.930000,25.200001,24.610001,24.780001,24.780001,784800
2021-08-09,24.780001,25.230000,24.400000,24.920000,24.920000,683900
2021-08-10,25.000000,25.270000,24.420000,24.590000,24.590000,1133400
2021-08-11,24.709999,25.180000,24.570000,25.139999,25.139999,918900
2021-08-12,25.219999,25.469999,24.770000,24.840000,24.840000,530900
2021-08-13,24.930000,24.930000,21.680000,22.260000,22.260000,3796400
2021-08-16,22.250000,22.370001,21.750000,21.920000,21.920000,1683400
2021-08-17,21.900000,22.980000,21.750000,22.740000,22.740000,2074800
2021-08-18,22.680000,22.740000,21.830000,21.860001,21.860001,865600
2021-08-19,21.680000,21.790001,21.219999,21.389999,21.389999,758200
2021-08-20,21.320000,22.020000,21.250000,21.969999,21.969999,731000
2021-08-23,22.340000,22.660000,22.030001,22.570000,22.570000,832000
2021-08-24,22.740000,23.139999,22.620001,23.070000,23.070000,1198700
2021-08-25,23.200001,24.020000,23.049999,23.799999,23.799999,1246400
2021-08-26,23.559999,24.469999,23.520000,24.160000,24.160000,1290400
2021-08-27,24.250000,24.750000,24.030001,24.719999,24.719999,812200
2021-08-30,24.950001,25.010000,24.450001,24.680000,24.680000,912200