Date,Open,High,Low,Close,Adj Close,Volume
2021-01-04,253.820007,257.250000,245.809998,247.919998,246.739487,82300
2021-01-05,246.529999,258.070007,246.529999,256.279999,255.059677,61500
2021-01-06,260.000000,273.089996,259.820007,268.829987,267.549896,107800
2021-01-07,269.209991,276.739990,267.429993,273.940002,272.635590,64800
2021-01-08,275.079987,276.510010,268.070007,271.380005,270.087769,74100
2021-01-11,266.920013,274.320007,265.019989,267.920013,266.644287,73600
2021-01-12,267.290009,274.920013,267.290009,273.600006,272.297180,57400
2021-01-13,274.000000,274.000000,267.850006,272.000000,270.704865,73800
2021-01-14,274.339996,283.540009,272.109985,280.109985,279.181641,109600
2021-01-15,274.940002,279.059998,270.350006,271.269989,270.370911,64100
2021-01-19,275.450012,278.570007,273.059998,274.720001,273.809509,70300
2021-01-20,276.920013,277.519989,272.359985,275.799988,274.885925,55700
2021-01-21,276.839996,279.720001,268.410004,269.059998,268.168274,55100
2021-01-22,265.019989,277.160004,263.799988,273.899994,272.992249,57700
2021-01-25,271.559998,274.429993,268.559998,271.609985,270.709778,59400
2021-01-26,271.350006,274.329987,268.940002,269.299988,268.407440,74400
2021-01-27,263.600006,280.769989,261.109985,275.320007,274.407532,130300
2021-01-28,276.500000,280.850006,267.339996,272.959991,272.055328,71600
2021-01-29,273.029999,273.029999,262.130005,262.130005,261.261230,56900
2021-02-01,264.209991,279.570007,264.200012,278.910004,277.985626,93300
2021-02-02,282.380005,282.380005,273.880005,275.279999,274.367676,72200
2021-02-03,273.890015,279.000000,271.829987,277.140015,276.221497,56700
2021-02-04,275.920013,280.390015,273.100006,274.679993,273.769623,34600
2021-02-05,278.089996,278.670013,273.959991,276.559998,275.643402,38700
2021-02-08,278.739990,287.809998,276.700012,287.260010,286.307953,61700
2021-02-09,286.309998,291.450012,284.369995,288.000000,287.045502,55500
2021-02-10,291.570007,293.369995,285.450012,286.980011,286.028900,89300
2021-02-11,287.940002,291.429993,282.059998,286.660004,285.709930,70700
2021-02-12,286.929993,287.420013,281.160004,282.890015,281.952454,42800
2021-02-16,285.709991,285.709991,276.290009,281.480011,280.547119,55600
2021-02-17,280.040009,284.989990,278.440002,283.429993,282.490631,54700
2021-02-18,282.890015,289.309998,281.869995,285.299988,284.354431,56100
2021-02-19,285.440002,296.239990,285.440002,294.700012,293.723297,63800
2021-02-22,291.420013,301.989990,291.000000,298.339996,297.351227,72500
2021-02-23,296.600006,299.619995,290.829987,296.880005,295.896057,62900
2021-02-24,296.700012,300.130005,293.859985,294.899994,293.922638,66700
2021-02-25,295.709991,298.329987,289.809998,296.299988,295.317963,130900
2021-02-26,293.970001,298.040009,277.769989,282.380005,281.444122,153900
2021-03-01,286.170013,290.309998,283.690002,286.600006,285.650146,64700
2021-03-02,288.000000,289.320007,278.609985,279.359985,278.434113,69800
2021-03-03,280.700012,280.700012,270.230011,270.230011,269.334381,87000
2021-03-04,271.609985,273.700012,256.000000,258.260010,257.404053,155200
2021-03-05,262.519989,264.140015,251.350006,261.040009,260.174835,133000
2021-03-08,263.619995,263.619995,256.470001,257.309998,256.457184,64500
2021-03-09,260.339996,261.029999,242.899994,249.369995,248.543518,99000
2021-03-10,250.039993,251.869995,246.220001,246.259995,245.443832,141700
2021-03-11,248.440002,254.250000,247.669998,248.070007,247.247833,194100
2021-03-12,248.630005,249.919998,245.539993,247.300003,246.480392,93900
2021-03-15,245.539993,247.990005,242.979996,245.490005,244.676392,73400
2021-03-16,244.250000,245.529999,240.059998,241.789993,240.988647,78300
2021-03-17,241.919998,246.470001,240.199997,246.009995,245.194656,100500
2021-03-18,244.000000,252.000000,243.080002,244.910004,244.098312,73500
2021-03-19,244.179993,251.520004,243.889999,248.229996,247.407303,239600
2021-03-22,248.770004,248.770004,244.669998,244.960007,244.148148,53200
2021-03-23,241.919998,244.770004,232.399994,235.220001,234.440414,76300
2021-03-24,235.750000,243.089996,232.360001,233.050003,232.277618,119100
2021-03-25,229.270004,235.610001,226.740005,233.979996,233.204529,88500
2021-03-26,238.229996,241.850006,231.839996,235.550003,234.769318,101900
2021-03-29,234.179993,239.929993,229.820007,233.279999,232.506851,148500
2021-03-30,233.270004,241.940002,233.270004,240.550003,239.752747,93200
2021-03-31,240.559998,246.570007,238.699997,243.770004,242.962082,194200
2021-04-01,244.169998,247.600006,239.039993,244.389999,243.580032,133000
2021-04-05,247.559998,247.600006,239.059998,240.720001,239.922195,133600
2021-04-06,240.729996,249.300003,240.729996,244.679993,243.869049,75500
2021-04-07,244.690002,244.690002,236.820007,238.460007,237.669693,75700
2021-04-08,238.529999,242.199997,236.990005,239.979996,239.184647,222300
2021-04-09,239.990005,245.000000,239.990005,244.470001,243.659775,67900
2021-04-12,243.770004,246.630005,243.000000,245.179993,244.367416,48000
2021-04-13,245.190002,247.149994,239.279999,240.009995,239.214539,68300
2021-04-14,240.020004,246.380005,240.020004,244.750000,243.938843,59400
2021-04-15,244.690002,244.779999,242.309998,244.169998,243.754150,48800
2021-04-16,247.070007,248.000000,243.520004,244.009995,243.594421,50100
2021-04-19,242.300003,246.240005,238.759995,240.199997,239.790909,55300
2021-04-20,239.429993,240.559998,232.800003,234.800003,234.400116,33200
2021-04-21,235.910004,244.589996,235.910004,243.339996,242.925568,38400
2021-04-22,244.490005,244.490005,237.479996,239.029999,238.622910,52700
2021-04-23,241.080002,242.639999,239.029999,242.369995,241.957214,58000
2021-04-26,243.669998,245.500000,242.479996,242.610001,242.196823,27100
2021-04-27,243.610001,243.690002,238.820007,242.820007,242.406464,61300
2021-04-28,241.869995,244.320007,241.869995,242.750000,242.336578,33500
2021-04-29,244.850006,244.850006,239.550003,243.160004,242.745880,50500
2021-04-30,241.070007,244.889999,238.919998,242.350006,241.937271,65400
2021-05-03,244.440002,245.649994,240.399994,241.589996,241.178543,74900
2021-05-04,241.000000,245.360001,239.729996,242.080002,241.667725,44500
2021-05-05,242.679993,245.490005,240.160004,244.259995,243.843994,40100
2021-05-06,244.250000,244.250000,235.039993,236.679993,236.276901,69600
2021-05-07,234.270004,244.889999,234.270004,242.570007,242.156891,71800
2021-05-10,242.580002,244.100006,230.520004,231.339996,230.945999,157900
2021-05-11,227.240005,241.869995,227.240005,240.449997,240.040497,80500
2021-05-12,238.130005,238.130005,228.270004,229.750000,229.358719,79200
2021-05-13,229.970001,236.240005,228.020004,232.240005,231.844482,78400
2021-05-14,235.080002,237.160004,231.130005,234.740005,234.340225,52800
2021-05-17,233.729996,234.320007,231.380005,232.979996,232.583206,35000
2021-05-18,232.729996,238.479996,232.729996,237.080002,236.676239,84500
2021-05-19,234.000000,236.429993,229.250000,231.619995,231.225525,43600
2021-05-20,231.039993,233.789993,229.649994,232.070007,231.674774,34000
2021-05-21,235.020004,236.059998,231.199997,231.820007,231.425201,139300
2021-05-24,232.139999,236.440002,231.190002,234.889999,234.489960,57700
2021-05-25,235.600006,237.889999,233.759995,236.690002,236.286896,63500
2021-05-26,236.889999,239.429993,236.270004,239.419998,239.012253,35400
2021-05-27,240.619995,242.919998,238.649994,242.039993,241.627777,51400
2021-05-28,241.429993,243.759995,240.520004,242.550003,242.136917,55600
2021-06-01,244.229996,246.940002,243.509995,246.169998,245.750748,64500
2021-06-02,245.610001,246.830002,240.520004,241.740005,241.328308,97000
2021-06-03,241.229996,241.229996,236.649994,238.479996,238.073837,44300
2021-06-04,238.750000,240.800003,238.750000,240.500000,240.090408,28600
2021-06-07,239.720001,242.110001,238.850006,240.229996,239.820862,32500
2021-06-08,241.339996,244.000000,240.339996,243.009995,242.596130,27600
2021-06-09,243.690002,243.690002,239.600006,240.149994,239.740997,32800
2021-06-10,241.000000,241.589996,239.350006,239.979996,239.571289,33900
2021-06-11,240.759995,241.169998,237.869995,241.029999,240.619507,26900
2021-06-14,241.910004,243.820007,239.369995,240.210007,239.800903,32000
2021-06-15,240.279999,241.399994,237.529999,240.710007,240.300064,39600
2021-06-16,240.229996,241.070007,237.649994,239.570007,239.162003,37400
2021-06-17,237.919998,237.990005,235.039993,236.000000,235.598068,40000
2021-06-18,233.559998,235.270004,231.800003,232.639999,232.243790,86100
2021-06-21,233.940002,237.580002,231.470001,236.320007,235.917542,47800
2021-06-22,234.220001,236.889999,233.500000,235.059998,234.659668,37700
2021-06-23,234.259995,236.899994,232.000000,235.419998,235.019058,59900
2021-06-24,236.809998,237.960007,233.589996,236.610001,236.207031,37300
2021-06-25,236.110001,238.750000,234.649994,236.600006,236.197052,122200
2021-06-28,236.160004,237.880005,233.690002,234.610001,234.210434,55900
2021-06-29,234.570007,236.669998,233.800003,234.160004,233.761215,40600
2021-06-30,232.720001,238.360001,232.720001,237.190002,236.786041,39500
2021-07-01,239.199997,240.320007,236.750000,239.160004,238.752701,42100
2021-07-02,239.470001,240.460007,236.720001,238.500000,238.093811,28500
2021-07-06,237.839996,237.839996,232.809998,235.350006,234.949188,45200
2021-07-07,234.160004,239.440002,234.160004,238.460007,238.053894,37400
2021-07-08,234.149994,237.190002,232.259995,234.580002,234.180496,45800
2021-07-09,236.970001,240.919998,236.940002,237.990005,237.584686,26700
2021-07-12,236.789993,239.320007,236.789993,237.750000,237.345093,33500
2021-07-13,236.559998,236.559998,232.699997,234.500000,234.100632,57100
2021-07-14,236.869995,236.869995,231.029999,231.929993,231.535004,25700
2021-07-15,231.889999,231.889999,229.240005,230.240005,230.240005,33100
2021-07-16,232.389999,232.389999,228.149994,228.649994,228.649994,44000
2021-07-19,225.119995,227.169998,223.190002,224.419998,224.419998,50000
2021-07-20,223.800003,233.850006,223.800003,232.529999,232.529999,72800
2021-07-21,234.949997,236.679993,231.779999,233.600006,233.600006,48700
2021-07-22,234.570007,237.759995,232.990005,234.350006,234.350006,29200
2021-07-23,234.960007,239.970001,233.699997,239.800003,239.800003,36700
2021-07-26,241.779999,243.929993,237.949997,239.160004,239.160004,45600
2021-07-27,238.479996,242.699997,236.399994,241.000000,241.000000,38600
2021-07-28,242.889999,247.970001,239.190002,244.490005,244.490005,51000
2021-07-29,247.770004,252.190002,247.770004,251.600006,251.600006,55800
2021-07-30,251.800003,255.710007,251.020004,251.740005,251.740005,74500
2021-08-02,252.100006,254.759995,249.369995,250.710007,250.710007,77500
2021-08-03,251.419998,257.369995,250.399994,257.369995,257.369995,96700
2021-08-04,252.669998,256.480011,245.199997,245.860001,245.860001,62200
2021-08-05,246.470001,251.850006,243.179993,251.600006,251.600006,35600
2021-08-06,253.550003,258.489990,253.550003,257.700012,257.700012,43900
2021-08-09,252.839996,257.160004,252.429993,256.250000,256.250000,49900
2021-08-10,255.050003,260.809998,254.229996,259.179993,259.179993,65700
2021-08-11,260.510010,260.510010,252.029999,254.309998,254.309998,62300
2021-08-12,255.550003,256.209991,251.320007,253.750000,253.750000,45200
2021-08-13,252.410004,254.270004,251.440002,253.169998,253.169998,30000
2021-08-16,251.399994,252.139999,247.539993,249.070007,249.070007,26400
2021-08-17,246.399994,247.330002,242.240005,246.380005,246.380005,20000
2021-08-18,246.139999,246.139999,240.229996,240.880005,240.880005,50600
2021-08-19,238.440002,240.729996,237.759995,237.869995,237.869995,22200
2021-08-20,238.270004,240.380005,238.119995,239.100006,239.100006,38900
2021-08-23,239.919998,244.750000,239.619995,244.750000,244.750000,36600
2021-08-24,247.029999,247.250000,243.000000,245.229996,245.229996,34700
2021-08-25,246.610001,248.500000,243.190002,246.440002,246.440002,34200
2021-08-26,246.130005,248.880005,244.500000,246.559998,246.559998,31400
2021-08-27,248.089996,255.490005,248.029999,254.600006,254.600006,74700
2021-08-30,256.970001,259.820007,254.830002,258.070007,258.070007,55600