Date,Open,High,Low,Close,Adj Close,Volume
2021-01-04,183.600006,184.649994,175.070007,177.550003,176.130127,102800
2021-01-05,177.649994,179.179993,176.110001,178.009995,176.586441,115000
2021-01-06,179.190002,184.839996,179.190002,182.000000,180.544540,161600
2021-01-07,182.559998,183.839996,179.380005,182.190002,180.733017,82100
2021-01-08,181.889999,181.889999,179.020004,180.039993,178.600204,84900
2021-01-11,179.179993,180.860001,173.199997,174.210007,172.816833,74300
2021-01-12,173.820007,174.339996,172.270004,173.009995,171.626419,69100
2021-01-13,172.179993,173.270004,170.649994,172.100006,170.723709,87500
2021-01-14,173.179993,177.020004,172.479996,174.210007,172.816833,86500
2021-01-15,174.070007,177.020004,171.669998,174.270004,172.876358,96400
2021-01-19,175.929993,178.449997,173.169998,173.389999,172.003387,89600
2021-01-20,174.300003,175.740005,172.740005,175.000000,173.600510,124800
2021-01-21,175.779999,176.419998,174.300003,174.460007,173.064835,54400
2021-01-22,173.509995,177.229996,173.509995,174.460007,173.064835,82300
2021-01-25,173.300003,179.559998,173.300003,177.830002,176.407883,111500
2021-01-26,178.119995,180.220001,176.039993,179.270004,177.836365,119600
2021-01-27,176.919998,184.139999,170.210007,179.399994,177.965302,197500
2021-01-28,179.600006,180.380005,174.509995,176.460007,175.048828,108700
2021-01-29,175.979996,177.470001,171.610001,174.580002,173.183868,375800
2021-02-01,174.580002,175.289993,170.259995,174.050003,172.658112,98600
2021-02-02,174.800003,178.029999,174.309998,177.550003,176.130127,69900
2021-02-03,176.660004,179.320007,175.610001,179.029999,177.598282,88900
2021-02-04,180.149994,186.699997,179.720001,180.789993,179.344193,104400
2021-02-05,181.729996,182.380005,177.460007,180.539993,179.096191,85700
2021-02-08,180.039993,184.419998,178.830002,184.250000,182.776535,88300
2021-02-09,183.110001,185.880005,183.110001,185.460007,183.976852,56800
2021-02-10,186.970001,188.250000,184.559998,185.470001,183.986786,99000
2021-02-11,186.419998,187.389999,183.759995,184.630005,183.153503,81500
2021-02-12,184.589996,185.500000,182.720001,184.850006,183.371735,54200
2021-02-16,185.419998,185.750000,178.979996,180.190002,178.749008,132700
2021-02-17,179.389999,180.940002,178.770004,179.500000,178.064514,48800
2021-02-18,179.089996,181.190002,179.089996,179.839996,178.401794,60600
2021-02-19,179.740005,180.539993,177.860001,178.470001,177.042755,113400
2021-02-22,178.470001,178.669998,174.500000,176.470001,175.058762,63800
2021-02-23,176.449997,179.970001,176.369995,177.990005,176.566605,57600
2021-02-24,178.089996,183.080002,176.970001,177.360001,175.941635,74300
2021-02-25,177.039993,179.619995,176.710007,176.979996,175.564667,65200
2021-02-26,177.250000,178.520004,174.500000,174.669998,173.273148,110800
2021-03-01,176.949997,179.630005,175.910004,177.350006,175.931717,67200
2021-03-02,177.000000,177.529999,173.399994,174.759995,173.362427,78200
2021-03-03,174.259995,176.229996,173.399994,174.110001,172.717621,86600
2021-03-04,174.940002,179.089996,174.880005,175.240005,173.838608,87200
2021-03-05,176.710007,180.860001,175.539993,180.380005,178.937485,83400
2021-03-08,178.119995,183.020004,176.380005,181.419998,180.720581,88900
2021-03-09,182.550003,183.830002,179.009995,180.550003,179.853943,64500
2021-03-10,181.009995,184.440002,180.779999,183.029999,182.324371,52700
2021-03-11,183.759995,184.800003,182.399994,183.910004,183.200989,54200
2021-03-12,184.000000,186.250000,183.919998,185.490005,184.774902,80900
2021-03-15,185.500000,185.880005,183.929993,185.300003,184.585632,50200
2021-03-16,184.820007,185.539993,182.419998,185.410004,184.695206,46200
2021-03-17,185.360001,185.360001,182.089996,183.399994,182.692947,58900
2021-03-18,183.350006,183.350006,180.460007,182.259995,181.557343,58100
2021-03-19,182.429993,186.199997,181.830002,184.779999,184.067627,296500
2021-03-22,185.000000,185.729996,182.330002,183.910004,183.200989,83100
2021-03-23,182.949997,183.860001,179.320007,180.669998,179.973480,98100
2021-03-24,181.479996,182.639999,179.520004,179.830002,179.136719,83500
2021-03-25,179.669998,181.440002,178.259995,180.740005,180.043213,60200
2021-03-26,181.529999,183.679993,180.179993,183.679993,182.971863,89100
2021-03-29,181.740005,185.490005,179.770004,181.360001,180.660812,207000
2021-03-30,181.610001,185.130005,178.100006,179.770004,179.076950,131600
2021-03-31,180.100006,180.100006,175.190002,175.360001,174.683945,111800
2021-04-01,176.050003,178.410004,174.229996,177.850006,177.164352,64600
2021-04-05,178.869995,179.470001,176.059998,178.089996,177.403412,83500
2021-04-06,178.419998,180.399994,177.660004,178.339996,177.652451,55800
2021-04-07,178.630005,179.380005,175.710007,178.339996,177.652451,54700
2021-04-08,177.850006,179.740005,177.789993,179.270004,178.578873,72400
2021-04-09,179.660004,179.740005,177.199997,178.850006,178.160492,51000
2021-04-12,179.240005,181.660004,178.350006,179.940002,179.246292,104000
2021-04-13,180.149994,181.130005,178.600006,179.860001,179.166595,68100
2021-04-14,180.660004,181.440002,178.380005,178.770004,178.080811,55200
2021-04-15,180.270004,181.039993,179.190002,180.259995,179.565048,66300
2021-04-16,179.970001,181.639999,178.940002,180.460007,179.764297,90000
2021-04-19,180.910004,182.529999,179.600006,182.160004,181.457733,49700
2021-04-20,181.259995,183.750000,180.470001,181.800003,181.099121,53300
2021-04-21,182.440002,185.740005,182.440002,185.130005,184.416290,74800
2021-04-22,185.990005,187.279999,184.820007,184.979996,184.266861,86400
2021-04-23,185.009995,187.380005,183.350006,185.770004,185.053818,79000
2021-04-26,186.500000,187.000000,183.100006,183.600006,182.892181,49100
2021-04-27,183.500000,185.000000,182.669998,183.509995,182.802521,63400
2021-04-28,184.000000,184.820007,181.660004,182.500000,181.796417,68000
2021-04-29,182.580002,186.410004,182.149994,185.759995,185.043854,83700
2021-04-30,184.559998,186.889999,183.570007,184.710007,183.997910,347800
2021-05-03,185.419998,188.839996,184.600006,188.179993,187.454514,98900
2021-05-04,186.800003,193.660004,183.500000,187.199997,186.478302,205200
2021-05-05,188.229996,189.070007,183.990005,186.139999,185.422394,120800
2021-05-06,186.440002,190.850006,186.139999,190.410004,189.675934,95900
2021-05-07,189.389999,189.960007,186.850006,189.020004,188.291290,56400
2021-05-10,189.000000,190.410004,187.500000,189.000000,188.271362,89700
2021-05-11,188.970001,189.800003,187.279999,188.500000,187.773285,102200
2021-05-12,188.199997,189.380005,182.339996,182.830002,182.125153,79800
2021-05-13,182.449997,189.570007,182.009995,188.250000,187.524246,91000
2021-05-14,188.820007,190.210007,187.029999,190.020004,189.287430,73400
2021-05-17,188.559998,190.119995,187.869995,189.300003,188.570206,41700
2021-05-18,189.000000,189.869995,185.979996,185.979996,185.263000,103200
2021-05-19,185.690002,187.669998,184.320007,187.300003,186.577911,44000
2021-05-20,187.610001,189.139999,187.199997,187.699997,186.976364,73100
2021-05-21,188.789993,190.000000,186.149994,186.990005,186.269119,103900
2021-05-24,186.839996,188.520004,185.960007,186.199997,185.482147,51400
2021-05-25,186.600006,187.729996,185.639999,187.059998,186.338837,86400
2021-05-26,187.059998,189.720001,185.929993,187.589996,186.866791,130100
2021-05-27,188.559998,188.619995,185.720001,186.050003,185.332733,79500
2021-05-28,186.389999,189.050003,185.619995,186.669998,185.950348,98400
2021-06-01,187.220001,189.059998,185.740005,188.000000,187.275223,134500
2021-06-02,188.800003,190.940002,187.130005,189.830002,189.098160,107600
2021-06-03,189.100006,191.539993,187.899994,190.919998,190.183960,72600
2021-06-04,191.250000,193.380005,190.899994,192.789993,192.046738,74800
2021-06-07,192.880005,194.570007,192.539993,194.539993,193.789993,101900
2021-06-08,194.979996,197.309998,194.039993,196.520004,196.520004,127800
2021-06-09,196.449997,198.460007,195.589996,196.130005,196.130005,75600
2021-06-10,196.809998,196.809998,193.190002,195.149994,195.149994,74700
2021-06-11,195.889999,197.399994,194.000000,197.110001,197.110001,75200
2021-06-14,196.309998,196.600006,194.300003,196.270004,196.270004,57600
2021-06-15,197.070007,197.119995,195.070007,196.330002,196.330002,72300
2021-06-16,196.929993,197.350006,195.289993,195.759995,195.759995,68700
2021-06-17,196.000000,197.110001,194.630005,196.059998,196.059998,64100
2021-06-18,194.059998,195.399994,190.570007,191.240005,191.240005,147200
2021-06-21,191.440002,193.279999,191.440002,193.000000,193.000000,67800
2021-06-22,192.559998,194.580002,191.339996,194.070007,194.070007,103100
2021-06-23,193.649994,193.809998,190.570007,191.270004,191.270004,126300
2021-06-24,192.350006,192.679993,190.699997,192.110001,192.110001,56800
2021-06-25,192.139999,195.889999,190.809998,195.589996,195.589996,319100
2021-06-28,194.910004,194.910004,191.880005,193.750000,193.750000,80900
2021-06-29,193.889999,194.610001,193.119995,193.850006,193.850006,81500
2021-06-30,194.080002,194.809998,192.619995,193.509995,193.509995,68900
2021-07-01,193.970001,194.839996,193.339996,194.000000,194.000000,65600
2021-07-02,194.360001,195.080002,193.500000,194.000000,194.000000,51700
2021-07-06,194.210007,194.649994,192.880005,194.160004,194.160004,58500
2021-07-07,193.589996,195.690002,193.580002,195.009995,195.009995,61700
2021-07-08,193.679993,195.779999,193.169998,194.539993,194.539993,48200
2021-07-09,195.330002,196.190002,193.990005,196.039993,196.039993,51700
2021-07-12,195.179993,196.369995,194.240005,196.210007,196.210007,49500
2021-07-13,195.350006,198.229996,195.350006,196.350006,196.350006,94200
2021-07-14,196.729996,198.669998,195.960007,198.429993,198.429993,73500
2021-07-15,197.410004,199.570007,196.949997,199.039993,199.039993,74500
2021-07-16,200.000000,201.250000,199.649994,200.080002,200.080002,76800
2021-07-19,199.710007,201.309998,195.720001,196.929993,196.929993,68300
2021-07-20,197.380005,198.880005,196.369995,196.660004,196.660004,92200
2021-07-21,197.429993,197.429993,194.960007,196.100006,196.100006,80600
2021-07-22,195.250000,195.250000,193.300003,193.580002,193.580002,74800
2021-07-23,194.369995,198.320007,192.589996,198.089996,198.089996,55200
2021-07-26,198.479996,198.880005,197.000000,197.419998,197.419998,53300
2021-07-27,196.910004,198.509995,196.289993,197.759995,197.759995,66500
2021-07-28,197.559998,197.559998,193.539993,195.089996,195.089996,79500
2021-07-29,196.110001,196.110001,194.059998,194.789993,194.789993,71600
2021-07-30,195.130005,198.169998,194.289993,197.869995,197.869995,280700
2021-08-02,198.809998,198.809998,195.610001,197.320007,197.320007,52600
2021-08-03,197.830002,197.830002,194.940002,195.619995,195.619995,59600
2021-08-04,194.690002,194.690002,188.419998,188.750000,188.750000,68900
2021-08-05,190.399994,190.720001,187.449997,190.500000,190.500000,72100
2021-08-06,190.580002,191.039993,188.679993,189.220001,189.220001,60700
2021-08-09,188.960007,190.970001,188.929993,190.300003,190.300003,57100
2021-08-10,190.800003,190.800003,188.339996,190.070007,190.070007,45900
2021-08-11,190.020004,193.139999,190.020004,192.110001,192.110001,44800
2021-08-12,192.830002,192.830002,190.410004,190.619995,190.619995,53800
2021-08-13,190.600006,192.279999,190.600006,191.509995,191.509995,56200
2021-08-16,190.570007,192.610001,189.899994,190.250000,190.250000,64200
2021-08-17,189.639999,191.169998,189.089996,190.309998,190.309998,68300
2021-08-18,190.070007,190.789993,186.490005,186.500000,186.500000,53000
2021-08-19,185.300003,187.770004,185.020004,186.940002,186.940002,107800
2021-08-20,186.699997,188.179993,186.029999,186.460007,186.460007,107800
2021-08-23,186.910004,187.389999,185.059998,185.649994,185.649994,91700
2021-08-24,186.149994,186.149994,181.830002,183.160004,183.160004,127700
2021-08-25,183.600006,184.250000,182.009995,182.639999,182.639999,151100
2021-08-26,182.240005,184.300003,174.380005,176.669998,176.669998,212200
2021-08-27,177.729996,181.050003,177.199997,179.830002,179.830002,140100
2021-08-30,179.770004,181.110001,176.669998,177.279999,177.279999,68300