Date,Open,High,Low,Close,Adj Close,Volume
2021-01-04,130.649994,130.690002,127.680000,128.410004,126.964813,89500
2021-01-05,128.000000,132.300003,127.779999,131.639999,130.158463,111100
2021-01-06,133.809998,140.529999,132.869995,138.529999,136.970917,200100
2021-01-07,139.710007,142.050003,137.350006,141.940002,140.342545,149900
2021-01-08,142.789993,143.130005,136.660004,139.000000,137.435623,126400
2021-01-11,137.100006,141.039993,137.100006,139.240005,137.672943,86100
2021-01-12,140.389999,145.029999,139.250000,144.850006,143.219788,84200
2021-01-13,144.809998,144.809998,141.119995,141.610001,140.016266,100100
2021-01-14,143.220001,147.839996,142.050003,146.869995,145.217041,117700
2021-01-15,144.100006,145.190002,140.970001,141.720001,140.125015,122100
2021-01-19,143.089996,145.419998,141.529999,144.179993,142.557327,91200
2021-01-20,145.110001,146.729996,143.039993,143.690002,142.072861,113300
2021-01-21,144.490005,146.240005,142.529999,142.639999,141.034668,73200
2021-01-22,140.759995,142.550003,140.500000,140.839996,139.254913,97000
2021-01-25,139.539993,140.529999,133.889999,137.350006,135.804199,337000
2021-01-26,138.190002,138.500000,134.380005,137.389999,135.843750,129300
2021-01-27,133.619995,134.979996,130.320007,131.639999,130.158463,135000
2021-01-28,133.410004,134.139999,130.399994,132.149994,130.662720,117200
2021-01-29,131.630005,133.199997,128.910004,129.380005,127.923904,149100
2021-02-01,130.179993,132.639999,128.149994,131.559998,130.079361,148700
2021-02-02,132.899994,137.679993,131.919998,136.500000,134.963776,161300
2021-02-03,136.630005,138.169998,134.020004,137.160004,135.616348,111900
2021-02-04,137.369995,141.399994,137.119995,139.199997,137.633377,94400
2021-02-05,141.490005,144.220001,139.990005,143.869995,142.250824,124300
2021-02-08,145.039993,151.940002,143.929993,150.880005,149.181931,154200
2021-02-09,147.000000,151.919998,140.070007,150.839996,149.142380,149100
2021-02-10,151.130005,152.960007,141.729996,142.500000,140.896240,199000
2021-02-11,143.979996,146.690002,142.279999,144.229996,142.606750,148200
2021-02-12,143.690002,147.580002,142.960007,146.190002,144.544708,90800
2021-02-16,147.350006,147.350006,142.399994,142.779999,141.173096,75900
2021-02-17,140.440002,145.580002,140.440002,143.559998,141.944305,131900
2021-02-18,142.380005,143.410004,140.250000,143.000000,141.390610,190500
2021-02-19,143.889999,147.669998,143.259995,147.270004,145.612564,434200
2021-02-22,145.869995,153.399994,145.020004,151.970001,150.259659,246100
2021-02-23,149.809998,153.630005,146.330002,152.169998,150.457397,140000
2021-02-24,153.339996,154.779999,151.580002,152.960007,151.238525,173700
2021-02-25,152.190002,153.449997,142.919998,142.919998,141.311508,157800
2021-02-26,143.809998,144.759995,140.699997,140.940002,139.353790,144600
2021-03-01,143.410004,145.380005,142.279999,143.539993,141.924530,290700
2021-03-02,142.779999,143.559998,137.000000,137.259995,135.715210,283300
2021-03-03,138.119995,141.500000,136.240005,136.830002,135.290054,127300
2021-03-04,136.419998,137.330002,127.019997,131.759995,130.277115,215800
2021-03-05,133.809998,135.240005,130.740005,134.369995,132.857742,197600
2021-03-08,135.289993,139.759995,134.149994,135.869995,134.340851,178100
2021-03-09,138.529999,138.880005,135.520004,136.899994,135.359253,164500
2021-03-10,138.380005,142.949997,137.929993,141.029999,139.442780,128300
2021-03-11,142.160004,145.330002,141.509995,144.729996,143.866226,134100
2021-03-12,144.979996,145.830002,143.789993,144.869995,144.005386,140100
2021-03-15,143.110001,146.619995,141.880005,146.309998,145.436798,124000
2021-03-16,146.970001,146.970001,142.949997,144.020004,143.160477,90200
2021-03-17,143.339996,146.050003,143.169998,145.770004,144.900024,171900
2021-03-18,145.389999,146.160004,142.320007,143.029999,142.176376,133500
2021-03-19,142.630005,142.919998,137.470001,138.869995,138.041199,353500
2021-03-22,138.899994,139.679993,135.000000,136.660004,135.844391,58300
2021-03-23,134.330002,135.710007,129.889999,130.830002,130.049194,120000
2021-03-24,133.360001,134.720001,126.050003,126.300003,125.546227,126700
2021-03-25,124.910004,130.279999,123.510002,129.490005,128.717194,118100
2021-03-26,130.809998,132.789993,128.380005,131.619995,130.834473,97300
2021-03-29,130.419998,133.130005,127.849998,128.089996,127.325539,116900
2021-03-30,128.009995,133.839996,126.400002,133.509995,132.713181,198400
2021-03-31,134.589996,136.059998,132.279999,132.279999,131.490524,146900
2021-04-01,133.210007,136.470001,132.440002,136.289993,135.476593,78400
2021-04-05,137.949997,138.889999,135.100006,137.029999,136.212189,75900
2021-04-06,136.990005,139.979996,136.100006,138.570007,137.742996,151100
2021-04-07,138.820007,139.449997,134.240005,136.000000,135.188324,129500
2021-04-08,136.360001,137.100006,133.630005,137.009995,136.192291,91800
2021-04-09,137.000000,137.500000,134.350006,135.589996,134.780777,119900
2021-04-12,135.860001,138.990005,134.320007,137.869995,137.047165,69600
2021-04-13,137.179993,139.100006,134.100006,136.639999,135.824509,59400
2021-04-14,137.449997,142.250000,137.449997,141.850006,141.003418,127200
2021-04-15,142.899994,142.899994,137.970001,138.949997,138.120728,79500
2021-04-16,141.179993,144.600006,138.990005,143.429993,142.573975,118600
2021-04-19,144.039993,144.970001,140.710007,142.759995,141.907974,95200
2021-04-20,141.210007,143.279999,138.089996,139.570007,138.737030,129700
2021-04-21,139.410004,143.669998,139.410004,142.839996,141.987503,88800
2021-04-22,143.809998,145.679993,141.669998,143.339996,142.484528,67100
2021-04-23,144.039993,148.169998,143.440002,146.970001,146.092865,91600
2021-04-26,148.490005,153.440002,148.490005,152.720001,151.808548,106300
2021-04-27,154.240005,155.220001,151.559998,152.520004,151.609741,142900
2021-04-28,151.550003,153.990005,149.970001,152.279999,151.371170,63500
2021-04-29,153.470001,156.610001,149.580002,150.809998,149.909943,72300
2021-04-30,148.990005,149.850006,146.220001,146.500000,145.625671,150900
2021-05-03,148.119995,149.500000,147.330002,148.589996,147.703186,167100
2021-05-04,148.949997,151.289993,145.580002,150.160004,149.263824,172600
2021-05-05,152.240005,152.949997,145.330002,145.330002,144.462646,164700
2021-05-06,145.649994,146.910004,142.880005,145.699997,144.830444,134000
2021-05-07,145.550003,147.410004,145.550003,146.429993,145.556076,80200
2021-05-10,139.830002,139.830002,128.789993,129.919998,129.144623,712200
2021-05-11,128.710007,132.070007,127.220001,132.070007,131.281799,996300
2021-05-12,131.339996,136.619995,130.990005,132.639999,131.848389,532600
2021-05-13,133.259995,137.210007,133.259995,136.479996,135.665466,410000
2021-05-14,137.949997,142.990005,136.009995,142.720001,141.868225,317100
2021-05-17,141.130005,143.179993,138.970001,142.460007,141.609787,231700
2021-05-18,143.169998,143.169998,138.130005,138.320007,137.494492,235500
2021-05-19,136.259995,138.300003,135.000000,137.020004,136.202255,124100
2021-05-20,136.990005,137.940002,134.990005,137.839996,137.017349,123400
2021-05-21,140.169998,141.479996,138.529999,141.130005,140.287720,165100
2021-05-24,142.279999,143.740005,140.529999,142.369995,141.520309,343100
2021-05-25,142.869995,144.759995,141.210007,143.889999,143.031235,157200
2021-05-26,144.970001,147.570007,144.350006,146.679993,145.804581,223200
2021-05-27,148.449997,149.600006,146.360001,149.000000,148.110748,155600
2021-05-28,149.899994,149.899994,146.580002,149.050003,148.160446,84800
2021-06-01,149.509995,153.820007,148.720001,151.649994,150.744919,164100
2021-06-02,152.050003,152.759995,148.000000,150.800003,149.900009,419100
2021-06-03,150.039993,150.039993,147.250000,149.550003,149.550003,209700
2021-06-04,150.750000,152.149994,149.369995,151.750000,151.750000,174900
2021-06-07,152.350006,152.800003,149.940002,151.339996,151.339996,173100
2021-06-08,151.600006,151.600006,145.990005,146.639999,146.639999,237800
2021-06-09,146.710007,148.250000,142.059998,142.220001,142.220001,191100
2021-06-10,142.990005,143.919998,138.149994,138.429993,138.429993,176900
2021-06-11,138.539993,139.809998,137.960007,138.339996,138.339996,126400
2021-06-14,137.949997,137.949997,133.779999,137.160004,137.160004,401800
2021-06-15,137.500000,137.910004,135.429993,136.550003,136.550003,445400
2021-06-16,136.490005,137.539993,133.100006,134.009995,134.009995,248600
2021-06-17,131.960007,132.550003,125.279999,128.860001,128.860001,429900
2021-06-18,126.209999,128.809998,125.250000,125.919998,125.919998,295000
2021-06-21,127.199997,129.100006,126.690002,128.539993,128.539993,281500
2021-06-22,128.550003,129.520004,125.559998,127.430000,127.430000,338500
2021-06-23,127.690002,129.070007,125.080002,128.009995,128.009995,421500
2021-06-24,128.830002,130.600006,127.120003,129.710007,129.710007,225100
2021-06-25,130.050003,131.940002,127.480003,130.240005,130.240005,527100
2021-06-28,129.320007,130.460007,126.940002,128.339996,128.339996,247700
2021-06-29,128.570007,131.000000,127.949997,128.820007,128.820007,204100
2021-06-30,128.389999,131.589996,128.199997,131.419998,131.419998,185900
2021-07-01,132.779999,136.309998,131.649994,135.660004,135.660004,155700
2021-07-02,135.610001,135.610001,130.529999,130.619995,130.619995,144800
2021-07-06,131.000000,131.000000,127.370003,129.850006,129.850006,139300
2021-07-07,129.190002,131.020004,128.210007,130.380005,130.380005,79400
2021-07-08,127.699997,131.559998,126.019997,128.380005,128.380005,116300
2021-07-09,130.279999,133.509995,130.279999,133.440002,133.440002,169500
2021-07-12,133.009995,134.869995,132.169998,134.300003,134.300003,117600
2021-07-13,133.410004,134.889999,132.820007,133.750000,133.750000,110000
2021-07-14,134.080002,134.800003,132.100006,133.380005,133.380005,98500
2021-07-15,134.850006,135.250000,132.130005,133.970001,133.970001,117900
2021-07-16,135.410004,135.660004,133.000000,133.009995,133.009995,182700
2021-07-19,131.110001,133.880005,129.270004,131.619995,131.619995,129000
2021-07-20,132.559998,140.899994,132.559998,139.169998,139.169998,196300
2021-07-21,140.660004,142.630005,140.110001,141.059998,141.059998,94600
2021-07-22,141.419998,142.380005,139.669998,140.110001,140.110001,132300
2021-07-23,141.039993,143.139999,141.039993,142.850006,142.850006,71500
2021-07-26,143.529999,145.029999,143.139999,144.470001,144.470001,90400
2021-07-27,144.039993,145.779999,142.690002,144.270004,144.270004,72500
2021-07-28,145.729996,147.570007,144.000000,146.639999,146.639999,80400
2021-07-29,147.460007,150.559998,146.539993,149.929993,149.929993,123900
2021-07-30,149.509995,151.940002,145.009995,145.820007,145.820007,268100
2021-08-02,146.929993,150.899994,145.309998,145.800003,145.800003,119600
2021-08-03,142.979996,148.300003,134.529999,143.270004,143.270004,420100
2021-08-04,141.050003,144.429993,140.300003,144.000000,144.000000,130000
2021-08-05,145.149994,145.770004,142.649994,144.570007,144.570007,78600
2021-08-06,145.119995,147.559998,144.410004,147.529999,147.529999,82700
2021-08-09,147.550003,147.550003,143.020004,143.229996,143.229996,75000
2021-08-10,142.990005,148.750000,141.820007,148.460007,148.460007,126900
2021-08-11,147.940002,151.000000,147.279999,151.000000,151.000000,71800
2021-08-12,151.630005,151.630005,149.130005,149.729996,149.729996,48900
2021-08-13,150.669998,150.669998,145.830002,146.380005,146.380005,72000
2021-08-16,145.750000,147.940002,144.089996,147.460007,147.460007,47400
2021-08-17,145.300003,146.740005,143.080002,146.330002,146.330002,114700
2021-08-18,146.479996,147.529999,139.559998,140.110001,140.110001,157100
2021-08-19,138.520004,140.139999,137.550003,138.539993,138.539993,74500
2021-08-20,138.660004,142.529999,137.020004,141.940002,141.940002,64700
2021-08-23,142.800003,143.059998,141.110001,141.149994,141.149994,73900
2021-08-24,142.360001,144.479996,142.050003,143.729996,143.729996,49700
2021-08-25,143.910004,145.889999,143.110001,145.080002,145.080002,71700
2021-08-26,146.270004,146.270004,141.309998,141.699997,141.699997,58300
2021-08-27,143.000000,145.649994,142.000000,144.259995,144.259995,118900
2021-08-30,144.130005,145.770004,142.899994,143.139999,143.139999,64800