Date,Open,High,Low,Close,Adj Close,Volume
2021-01-04,106.040001,107.199997,101.120003,103.610001,103.610001,319000
2021-01-05,102.970001,107.389999,101.489998,106.480003,106.480003,399000
2021-01-06,106.500000,110.120003,102.889999,108.480003,108.480003,453700
2021-01-07,108.300003,109.650002,103.199997,104.349998,104.349998,675100
2021-01-08,105.660004,105.660004,96.550003,97.330002,97.330002,596000
2021-01-11,96.830002,101.379997,95.540001,99.599998,99.599998,325300
2021-01-12,99.349998,100.180000,97.529999,98.309998,98.309998,245100
2021-01-13,99.250000,101.959999,98.370003,98.589996,98.589996,265000
2021-01-14,99.769997,101.150002,97.760002,98.010002,98.010002,267800
2021-01-15,97.669998,101.269997,97.199997,100.879997,100.879997,247800
2021-01-19,102.029999,103.500000,99.349998,102.230003,102.230003,329900
2021-01-20,102.779999,109.400002,102.500000,106.559998,106.559998,440400
2021-01-21,107.980003,111.110001,107.080002,109.320000,109.320000,343600
2021-01-22,109.730003,111.000000,106.040001,110.599998,110.599998,223100
2021-01-25,111.360001,115.620003,111.209999,112.809998,112.809998,214200
2021-01-26,113.720001,117.000000,109.050003,111.970001,111.970001,270800
2021-01-27,110.300003,113.959999,107.790001,108.760002,108.760002,315400
2021-01-28,109.510002,109.940002,105.580002,107.500000,107.500000,354000
2021-01-29,106.199997,107.199997,104.000000,106.709999,106.709999,295300
2021-02-01,108.529999,110.500000,106.160004,109.300003,109.300003,298000
2021-02-02,110.589996,110.599998,107.639999,108.660004,108.660004,292300
2021-02-03,108.730003,111.339996,108.730003,109.440002,109.440002,167500
2021-02-04,109.839996,111.849998,107.500000,111.139999,111.139999,202500
2021-02-05,112.489998,116.570000,110.599998,116.300003,116.300003,214800
2021-02-08,118.290001,120.370003,116.269997,119.000000,119.000000,283600
2021-02-09,119.349998,120.830002,117.589996,118.029999,118.029999,266200
2021-02-10,119.010002,121.599998,115.150002,120.849998,120.849998,203600
2021-02-11,122.680000,125.000000,120.669998,123.370003,123.370003,268400
2021-02-12,123.959999,124.250000,120.540001,120.820000,120.820000,148800
2021-02-16,120.860001,120.860001,114.500000,114.980003,114.980003,234300
2021-02-17,114.309998,116.550003,113.300003,116.459999,116.459999,155400
2021-02-18,115.570000,117.889999,115.190002,116.070000,116.070000,165700
2021-02-19,116.559998,119.150002,116.080002,119.000000,119.000000,287400
2021-02-22,117.110001,118.620003,114.750000,115.089996,115.089996,246700
2021-02-23,116.769997,117.000000,109.500000,115.809998,115.809998,377800
2021-02-24,116.989998,118.000000,112.400002,115.919998,115.919998,243000
2021-02-25,114.220001,115.430000,105.070000,105.489998,105.489998,402400
2021-02-26,107.080002,111.199997,105.660004,109.250000,109.250000,251500
2021-03-01,110.620003,113.839996,110.330002,112.629997,112.629997,240500
2021-03-02,112.550003,118.599998,111.570000,118.400002,118.400002,377200
2021-03-03,117.510002,124.000000,115.620003,121.709999,121.709999,744000
2021-03-04,120.980003,129.720001,117.279999,121.720001,121.720001,607700
2021-03-05,122.300003,125.510002,116.750000,125.139999,125.139999,588000
2021-03-08,127.120003,133.220001,125.680000,131.149994,131.149994,393800
2021-03-09,132.970001,137.550003,131.080002,134.000000,134.000000,434300
2021-03-10,134.619995,140.259995,134.449997,137.940002,137.940002,277500
2021-03-11,138.029999,141.000000,135.770004,138.410004,138.410004,307500
2021-03-12,135.199997,139.500000,134.220001,138.589996,138.589996,280600
2021-03-15,137.330002,141.309998,136.000000,141.000000,141.000000,282200
2021-03-16,142.580002,142.960007,136.839996,137.600006,137.600006,349900
2021-03-17,136.000000,145.919998,134.250000,144.820007,144.820007,327600
2021-03-18,143.850006,143.850006,139.600006,141.009995,141.009995,528500
2021-03-19,140.720001,143.589996,139.380005,141.559998,141.559998,523200
2021-03-22,142.759995,143.470001,138.649994,142.399994,142.399994,231600
2021-03-23,142.000000,143.470001,137.300003,138.899994,138.899994,338400
2021-03-24,139.509995,142.729996,138.300003,140.000000,140.000000,208000
2021-03-25,138.119995,145.190002,134.539993,144.759995,144.759995,382000
2021-03-26,146.309998,151.809998,144.270004,151.699997,151.699997,292200
2021-03-29,151.300003,154.020004,146.649994,146.800003,146.800003,210500
2021-03-30,146.899994,150.190002,145.949997,149.759995,149.759995,313000
2021-03-31,149.160004,151.649994,148.000000,149.309998,149.309998,256000
2021-04-01,149.479996,154.320007,149.479996,153.000000,153.000000,201900
2021-04-05,154.979996,155.649994,152.410004,153.539993,153.539993,208000
2021-04-06,154.410004,156.000000,152.399994,155.190002,155.190002,175600
2021-04-07,155.190002,157.649994,154.169998,154.839996,154.839996,186700
2021-04-08,156.100006,156.100006,151.759995,152.880005,152.880005,227100
2021-04-09,152.509995,158.639999,151.899994,158.089996,158.089996,128500
2021-04-12,159.139999,161.750000,156.490005,160.929993,160.929993,209100
2021-04-13,160.000000,160.960007,156.589996,160.419998,160.419998,200700
2021-04-14,160.419998,163.639999,159.479996,163.039993,163.039993,275200
2021-04-15,164.600006,166.669998,163.449997,165.220001,165.220001,310200
2021-04-16,165.320007,169.850006,164.220001,168.779999,168.779999,243700
2021-04-19,169.559998,170.470001,166.050003,170.199997,170.199997,237300
2021-04-20,171.000000,171.000000,160.369995,163.660004,163.660004,330600
2021-04-21,162.960007,170.440002,162.960007,166.830002,166.830002,243700
2021-04-22,164.470001,166.380005,161.240005,164.949997,164.949997,308300
2021-04-23,166.000000,168.149994,162.869995,167.149994,167.149994,273000
2021-04-26,169.089996,169.089996,166.220001,167.089996,167.089996,229900
2021-04-27,167.139999,171.940002,166.970001,167.860001,167.860001,170200
2021-04-28,168.899994,168.899994,164.330002,165.259995,165.259995,202800
2021-04-29,165.970001,172.050003,165.350006,170.360001,170.360001,240300
2021-04-30,170.410004,171.399994,165.149994,165.779999,165.779999,239700
2021-05-03,167.029999,173.380005,166.350006,172.070007,172.070007,380000
2021-05-04,174.000000,179.000000,167.250000,174.619995,174.619995,581800
2021-05-05,176.199997,176.660004,167.690002,172.110001,172.110001,467000
2021-05-06,175.889999,177.580002,171.929993,175.289993,175.289993,312100
2021-05-07,174.940002,183.690002,173.699997,183.360001,183.360001,354100
2021-05-10,184.679993,188.000000,180.330002,181.070007,181.070007,302000
2021-05-11,177.259995,177.720001,165.250000,171.860001,171.860001,442800
2021-05-12,170.440002,170.600006,163.529999,164.320007,164.320007,319300
2021-05-13,164.029999,174.619995,164.029999,172.800003,172.800003,253500
2021-05-14,173.729996,176.509995,171.990005,175.830002,175.830002,280900
2021-05-17,173.639999,174.869995,168.429993,171.039993,171.039993,256200
2021-05-18,171.789993,173.410004,166.220001,166.529999,166.529999,443000
2021-05-19,162.429993,166.119995,160.440002,165.699997,165.699997,246100
2021-05-20,165.369995,169.589996,163.820007,167.740005,167.740005,160900
2021-05-21,169.740005,171.220001,163.360001,164.500000,164.500000,283700
2021-05-24,166.149994,169.500000,165.639999,167.389999,167.389999,191500
2021-05-25,168.000000,175.729996,168.000000,172.279999,172.279999,257800
2021-05-26,173.229996,178.729996,172.589996,178.009995,178.009995,243600
2021-05-27,181.000000,181.000000,174.970001,178.380005,178.380005,226000
2021-05-28,179.550003,181.949997,176.910004,180.809998,180.809998,207000
2021-06-01,184.199997,184.990005,179.000000,183.169998,183.169998,272800
2021-06-02,182.929993,185.000000,179.399994,181.259995,181.259995,461300
2021-06-03,179.220001,179.940002,171.380005,171.550003,171.550003,266300
2021-06-04,173.199997,174.229996,168.429993,172.990005,172.990005,293900
2021-06-07,172.199997,173.649994,168.690002,171.679993,171.679993,264500
2021-06-08,172.570007,175.979996,172.470001,175.559998,175.559998,221300
2021-06-09,175.149994,175.149994,166.259995,167.139999,167.139999,287200
2021-06-10,165.500000,165.820007,152.850006,154.820007,154.820007,531000
2021-06-11,155.490005,157.529999,154.740005,156.449997,156.449997,236200
2021-06-14,156.169998,156.929993,152.199997,153.570007,153.570007,342300
2021-06-15,154.429993,157.330002,153.160004,155.699997,155.699997,433200
2021-06-16,156.580002,160.000000,152.690002,152.789993,152.789993,415400
2021-06-17,151.649994,155.059998,149.500000,152.259995,152.259995,408800
2021-06-18,150.429993,157.360001,150.360001,153.009995,153.009995,634600
2021-06-21,153.729996,157.160004,153.389999,155.539993,155.539993,314200
2021-06-22,154.270004,156.419998,153.029999,155.830002,155.830002,258000
2021-06-23,155.520004,155.520004,150.360001,153.940002,153.940002,174200
2021-06-24,153.089996,155.210007,151.220001,154.580002,154.580002,124800
2021-06-25,155.570007,156.789993,153.580002,153.619995,153.619995,398300
2021-06-28,154.020004,156.539993,153.419998,155.580002,155.580002,181500
2021-06-29,156.000000,161.149994,156.000000,160.009995,160.009995,209200
2021-06-30,159.750000,163.100006,158.789993,161.940002,161.940002,188000
2021-07-01,162.479996,167.070007,160.610001,166.039993,166.039993,219400
2021-07-02,166.369995,167.029999,164.800003,165.410004,165.410004,149900
2021-07-06,165.179993,165.179993,159.020004,162.070007,162.070007,238300
2021-07-07,162.970001,170.750000,162.539993,168.740005,168.740005,274400
2021-07-08,164.649994,167.690002,160.000000,163.279999,163.279999,197900
2021-07-09,164.100006,167.500000,163.820007,164.169998,164.169998,155900
2021-07-12,163.190002,164.949997,160.820007,163.770004,163.770004,190000
2021-07-13,163.059998,163.059998,156.750000,157.029999,157.029999,176500
2021-07-14,157.380005,160.720001,156.500000,158.580002,158.580002,172600
2021-07-15,158.100006,160.059998,155.080002,156.690002,156.690002,177500
2021-07-16,156.990005,159.699997,154.970001,155.410004,155.410004,176900
2021-07-19,152.300003,159.520004,151.229996,156.979996,156.979996,210600
2021-07-20,157.899994,162.139999,155.970001,160.699997,160.699997,179300
2021-07-21,161.110001,164.690002,160.720001,163.990005,163.990005,136400
2021-07-22,162.279999,163.250000,159.410004,161.320007,161.320007,172900
2021-07-23,162.259995,165.830002,161.500000,165.690002,165.690002,159800
2021-07-26,166.000000,167.160004,159.160004,159.500000,159.500000,142400
2021-07-27,159.490005,161.589996,155.990005,161.350006,161.350006,128200
2021-07-28,161.860001,163.300003,158.320007,160.059998,160.059998,149800
2021-07-29,161.100006,172.199997,161.100006,168.940002,168.940002,244700
2021-07-30,167.630005,172.149994,167.080002,170.899994,170.899994,202000
2021-08-02,172.600006,175.899994,172.500000,173.250000,173.250000,294700
2021-08-03,174.869995,174.869995,161.119995,163.039993,163.039993,478200
2021-08-04,162.100006,164.750000,158.660004,159.009995,159.009995,281800
2021-08-05,158.979996,161.750000,157.259995,158.279999,158.279999,173000
2021-08-06,159.660004,161.460007,156.500000,158.490005,158.490005,145600
2021-08-09,157.009995,159.949997,155.800003,157.690002,157.690002,144200
2021-08-10,157.259995,160.910004,156.149994,157.770004,157.770004,171300
2021-08-11,157.899994,162.369995,156.559998,161.949997,161.949997,152200
2021-08-12,162.500000,164.460007,158.380005,159.720001,159.720001,156000
2021-08-13,159.490005,160.240005,156.190002,157.770004,157.770004,118600
2021-08-16,157.419998,161.119995,156.000000,159.380005,159.380005,119800
2021-08-17,157.229996,157.229996,150.779999,152.100006,152.100006,145900
2021-08-18,151.779999,155.320007,150.500000,153.259995,153.259995,182200
2021-08-19,150.880005,152.839996,145.889999,151.139999,151.139999,174000
2021-08-20,150.759995,154.800003,150.570007,153.860001,153.860001,154200
2021-08-23,154.750000,154.750000,150.360001,152.699997,152.699997,146500
2021-08-24,152.699997,158.429993,152.699997,156.039993,156.039993,142400
2021-08-25,156.750000,158.619995,155.919998,156.240005,156.240005,121100
2021-08-26,157.929993,158.039993,152.919998,154.119995,154.119995,137300
2021-08-27,154.179993,160.990005,154.179993,158.199997,158.199997,229800
2021-08-30,158.130005,159.449997,155.860001,159.029999,159.029999,135300