Date,Open,High,Low,Close,Adj Close,Volume
2021-01-04,214.419998,214.419998,207.520004,210.300003,210.300003,160600
2021-01-05,210.770004,217.190002,210.770004,212.850006,212.850006,154600
2021-01-06,212.800003,220.619995,211.740005,219.320007,219.320007,221200
2021-01-07,219.029999,221.000000,218.380005,220.160004,220.160004,118100
2021-01-08,220.380005,223.229996,220.179993,221.639999,221.639999,155500
2021-01-11,220.410004,220.570007,216.789993,218.970001,218.970001,98000
2021-01-12,218.720001,220.279999,213.720001,215.009995,215.009995,155500
2021-01-13,214.589996,215.880005,212.529999,213.559998,213.559998,221800
2021-01-14,214.300003,218.929993,210.210007,211.550003,211.550003,205200
2021-01-15,209.929993,214.270004,209.550003,210.619995,210.619995,135900
2021-01-19,212.770004,215.500000,211.259995,212.740005,212.740005,228800
2021-01-20,213.429993,217.559998,213.429993,217.279999,217.279999,158700
2021-01-21,218.369995,218.369995,211.860001,214.649994,214.649994,100100
2021-01-22,213.619995,219.059998,212.820007,218.169998,218.169998,125600
2021-01-25,219.500000,223.800003,217.169998,219.029999,219.029999,154300
2021-01-26,220.050003,220.309998,214.889999,215.899994,215.899994,99800
2021-01-27,212.289993,212.300003,196.270004,198.070007,198.070007,337600
2021-01-28,199.550003,204.880005,195.389999,201.190002,201.190002,338900
2021-01-29,202.199997,203.990005,196.240005,199.220001,199.220001,189400
2021-02-01,200.729996,203.690002,198.440002,200.580002,200.580002,124800
2021-02-02,203.050003,204.369995,197.800003,198.550003,198.550003,169800
2021-02-03,198.009995,200.320007,194.250000,199.580002,199.580002,129000
2021-02-04,199.220001,204.720001,196.740005,204.059998,204.059998,127600
2021-02-05,205.259995,205.259995,198.720001,204.190002,204.190002,106500
2021-02-08,205.910004,206.869995,203.119995,206.139999,206.139999,138900
2021-02-09,206.039993,206.610001,201.929993,204.320007,204.320007,141600
2021-02-10,205.630005,205.940002,199.600006,202.899994,202.899994,124000
2021-02-11,203.960007,207.190002,203.639999,207.100006,207.100006,132400
2021-02-12,207.270004,207.929993,205.029999,206.970001,206.970001,85600
2021-02-16,206.070007,207.000000,201.679993,201.770004,201.770004,102000
2021-02-17,200.000000,201.250000,198.320007,200.580002,200.580002,157900
2021-02-18,199.720001,204.270004,198.119995,202.000000,202.000000,144400
2021-02-19,201.600006,205.220001,199.649994,205.029999,205.029999,175400
2021-02-22,203.229996,204.610001,201.339996,203.089996,203.089996,192600
2021-02-23,201.470001,205.190002,197.520004,202.440002,202.440002,221200
2021-02-24,202.000000,206.360001,201.250000,205.660004,205.660004,127900
2021-02-25,205.160004,206.470001,187.320007,188.110001,188.110001,353900
2021-02-26,175.350006,193.740005,170.149994,181.710007,181.710007,346600
2021-03-01,184.410004,187.199997,181.179993,185.000000,185.000000,224600
2021-03-02,186.190002,189.990005,181.940002,182.940002,182.940002,235800
2021-03-03,182.210007,183.789993,179.710007,180.000000,180.000000,206900
2021-03-04,180.279999,182.869995,171.639999,173.119995,173.119995,222500
2021-03-05,175.009995,178.690002,170.009995,177.009995,177.009995,260300
2021-03-08,176.889999,182.190002,175.000000,176.839996,176.839996,267400
2021-03-09,181.889999,187.350006,180.460007,181.000000,181.000000,226500
2021-03-10,182.460007,184.429993,181.729996,182.910004,182.910004,190700
2021-03-11,184.190002,191.190002,184.190002,190.940002,190.940002,342900
2021-03-12,190.600006,195.449997,187.619995,195.000000,195.000000,240100
2021-03-15,193.479996,197.429993,192.279999,196.729996,196.729996,170000
2021-03-16,197.910004,197.940002,189.759995,194.139999,194.139999,197300
2021-03-17,192.919998,203.410004,191.059998,200.220001,200.220001,218500
2021-03-18,198.710007,199.339996,194.210007,195.419998,195.419998,161200
2021-03-19,194.179993,197.419998,192.309998,195.520004,195.520004,460900
2021-03-22,195.919998,199.139999,192.690002,194.669998,194.669998,126400
2021-03-23,193.880005,195.139999,188.160004,193.729996,193.729996,162100
2021-03-24,195.009995,197.229996,191.350006,194.509995,194.509995,200000
2021-03-25,193.679993,193.679993,188.339996,189.089996,189.089996,155300
2021-03-26,190.020004,196.470001,189.029999,195.630005,195.630005,163500
2021-03-29,194.339996,198.089996,186.240005,186.830002,186.830002,182200
2021-03-30,185.820007,189.160004,178.000000,188.580002,188.580002,173800
2021-03-31,188.979996,193.850006,188.610001,191.210007,191.210007,161200
2021-04-01,193.229996,193.399994,190.660004,192.649994,192.649994,143500
2021-04-05,192.460007,197.529999,192.429993,196.630005,196.630005,128700
2021-04-06,197.119995,199.649994,194.690002,197.130005,197.130005,138300
2021-04-07,197.649994,199.220001,192.339996,193.570007,193.570007,82200
2021-04-08,193.910004,201.350006,193.910004,200.520004,200.520004,178000
2021-04-09,201.410004,205.039993,199.529999,203.839996,203.839996,196400
2021-04-12,201.460007,201.869995,196.830002,196.960007,196.960007,173600
2021-04-13,198.470001,201.270004,196.179993,199.520004,199.520004,102400
2021-04-14,199.460007,202.960007,197.330002,197.960007,197.960007,83000
2021-04-15,199.270004,202.369995,197.000000,201.130005,201.130005,77600
2021-04-16,202.970001,206.000000,202.440002,203.520004,203.520004,155400
2021-04-19,202.860001,205.710007,200.320007,204.750000,204.750000,164500
2021-04-20,205.160004,208.190002,203.220001,206.070007,206.070007,162700
2021-04-21,206.440002,211.009995,206.440002,210.839996,210.839996,153000
2021-04-22,210.889999,212.259995,208.339996,209.669998,209.669998,144600
2021-04-23,210.479996,214.699997,207.020004,213.100006,213.100006,153300
2021-04-26,214.610001,217.809998,213.070007,217.110001,217.110001,110300
2021-04-27,216.949997,218.910004,215.110001,216.610001,216.610001,163500
2021-04-28,216.500000,219.949997,214.880005,219.089996,219.089996,128700
2021-04-29,219.449997,219.449997,210.009995,211.000000,211.000000,178500
2021-04-30,209.679993,212.970001,206.850006,208.270004,208.270004,131200
2021-05-03,209.759995,209.759995,205.199997,207.039993,207.039993,141300
2021-05-04,206.050003,206.330002,203.279999,205.490005,205.490005,95800
2021-05-05,205.710007,207.259995,197.070007,198.470001,198.470001,142000
2021-05-06,203.460007,206.770004,198.429993,201.630005,201.630005,249100
2021-05-07,203.259995,206.100006,200.550003,201.320007,201.320007,147700
2021-05-10,202.660004,202.660004,195.119995,196.339996,196.339996,226100
2021-05-11,191.550003,199.869995,191.009995,196.660004,196.660004,177100
2021-05-12,194.619995,196.800003,190.080002,190.320007,190.320007,178400
2021-05-13,190.289993,193.899994,183.830002,186.000000,186.000000,221000
2021-05-14,187.449997,189.800003,184.889999,188.589996,188.589996,152600
2021-05-17,188.990005,189.360001,186.169998,187.720001,187.720001,119900
2021-05-18,188.410004,190.000000,185.190002,185.440002,185.440002,323300
2021-05-19,183.139999,193.000000,183.139999,192.399994,192.399994,160900
2021-05-20,192.589996,197.029999,191.130005,196.990005,196.990005,112600
2021-05-21,199.070007,199.639999,193.729996,195.190002,195.190002,137600
2021-05-24,196.300003,197.750000,195.449997,195.770004,195.770004,86100
2021-05-25,195.779999,198.869995,195.770004,197.850006,197.850006,148500
2021-05-26,198.550003,202.759995,196.789993,201.149994,201.149994,148700
2021-05-27,201.690002,202.490005,198.389999,200.300003,200.300003,144800
2021-05-28,201.619995,201.619995,196.449997,196.850006,196.850006,136400
2021-06-01,196.199997,196.600006,192.350006,196.000000,196.000000,111800
2021-06-02,197.860001,197.860001,191.539993,192.259995,192.259995,278900
2021-06-03,191.149994,195.020004,188.160004,194.440002,194.440002,127900
2021-06-04,195.000000,200.039993,193.410004,198.990005,198.990005,163000
2021-06-07,198.809998,202.970001,197.500000,198.929993,198.929993,161700
2021-06-08,200.110001,201.789993,197.130005,200.850006,200.850006,87700
2021-06-09,202.169998,205.929993,201.380005,202.979996,202.979996,151500
2021-06-10,203.399994,205.039993,199.990005,203.479996,203.479996,126200
2021-06-11,204.149994,223.630005,202.020004,204.250000,204.250000,213300
2021-06-14,203.580002,207.119995,201.100006,204.610001,204.610001,137700
2021-06-15,205.250000,208.220001,199.270004,202.479996,202.479996,119600
2021-06-16,201.250000,203.410004,195.479996,197.559998,197.559998,159400
2021-06-17,197.360001,202.229996,196.360001,200.500000,200.500000,175500
2021-06-18,199.199997,200.979996,196.559998,197.130005,197.130005,210000
2021-06-21,198.309998,201.619995,196.119995,200.740005,200.740005,108500
2021-06-22,200.740005,201.559998,198.279999,200.910004,200.910004,109200
2021-06-23,200.029999,201.589996,197.500000,199.449997,199.449997,195300
2021-06-24,200.330002,202.210007,198.729996,202.139999,202.139999,94300
2021-06-25,201.899994,205.639999,200.649994,204.289993,204.289993,402200
2021-06-28,204.750000,207.199997,203.229996,205.199997,205.199997,136400
2021-06-29,205.160004,208.820007,201.250000,203.740005,203.740005,191900
2021-06-30,202.809998,203.410004,200.039993,200.259995,200.259995,188700
2021-07-01,200.929993,205.449997,200.190002,204.479996,204.479996,207600
2021-07-02,206.160004,206.800003,203.160004,204.289993,204.289993,112100
2021-07-06,204.279999,207.869995,201.330002,206.839996,206.839996,131500
2021-07-07,207.059998,208.789993,203.289993,208.550003,208.550003,179300
2021-07-08,206.300003,213.039993,205.630005,212.770004,212.770004,286800
2021-07-09,213.830002,215.029999,209.270004,209.699997,209.699997,234900
2021-07-12,209.169998,209.399994,205.029999,208.160004,208.160004,139100
2021-07-13,207.309998,207.869995,204.250000,204.589996,204.589996,100100
2021-07-14,205.570007,205.570007,201.839996,202.320007,202.320007,77600
2021-07-15,202.039993,204.600006,200.240005,203.350006,203.350006,156600
2021-07-16,204.889999,205.279999,202.740005,203.149994,203.149994,136100
2021-07-19,201.589996,206.130005,200.000000,204.009995,204.009995,131500
2021-07-20,205.070007,211.479996,205.070007,207.830002,207.830002,198500
2021-07-21,208.089996,208.830002,206.330002,207.490005,207.490005,114200
2021-07-22,207.320007,208.509995,206.339996,208.419998,208.419998,86600
2021-07-23,209.410004,214.259995,207.050003,214.029999,214.029999,137400
2021-07-26,214.570007,216.500000,206.460007,206.949997,206.949997,142400
2021-07-27,206.350006,207.880005,204.330002,207.240005,207.240005,110800
2021-07-28,207.240005,208.250000,204.500000,206.839996,206.839996,126600
2021-07-29,207.789993,212.970001,207.259995,212.339996,212.339996,144800
2021-07-30,212.240005,216.600006,212.240005,215.179993,215.179993,183300
2021-08-02,215.360001,216.160004,210.660004,212.369995,212.369995,226700
2021-08-03,212.750000,215.270004,209.029999,214.750000,214.750000,165800
2021-08-04,214.250000,216.649994,208.479996,215.289993,215.289993,269200
2021-08-05,209.190002,209.190002,189.089996,189.610001,189.610001,635500
2021-08-06,191.080002,191.080002,185.389999,188.380005,188.380005,338100
2021-08-09,187.449997,192.919998,186.169998,188.860001,188.860001,288900
2021-08-10,188.580002,189.800003,182.350006,183.100006,183.100006,171500
2021-08-11,182.860001,182.949997,178.100006,181.289993,181.289993,239400
2021-08-12,179.009995,183.369995,177.250000,182.750000,182.750000,228500
2021-08-13,182.839996,183.259995,179.850006,180.160004,180.160004,129900
2021-08-16,178.820007,181.740005,177.949997,180.589996,180.589996,147800
2021-08-17,179.619995,179.839996,176.490005,178.279999,178.279999,215500
2021-08-18,177.559998,179.539993,174.300003,174.440002,174.440002,202200
2021-08-19,173.960007,177.220001,173.960007,174.880005,174.880005,166800
2021-08-20,174.490005,177.809998,174.490005,177.000000,177.000000,112300
2021-08-23,176.979996,177.630005,175.000000,177.050003,177.050003,123700
2021-08-24,176.960007,181.509995,176.800003,178.009995,178.009995,187600
2021-08-25,178.179993,179.990005,177.000000,178.070007,178.070007,217200
2021-08-26,178.449997,179.270004,175.970001,177.080002,177.080002,139000
2021-08-27,177.979996,182.550003,177.470001,181.679993,181.679993,183100
2021-08-30,182.339996,184.899994,181.610001,182.570007,182.570007,188100