Date,Open,High,Low,Close,Adj Close,Volume
2021-01-04,66.570000,66.570000,63.389999,64.570000,64.570000,336800
2021-01-05,62.450001,65.059998,61.730000,64.040001,64.040001,363600
2021-01-06,64.849998,67.879997,64.080002,66.690002,66.690002,606600
2021-01-07,66.699997,66.934998,64.559998,64.949997,64.949997,406700
2021-01-08,65.230003,67.080002,65.000000,65.839996,65.839996,1032200
2021-01-11,64.959999,66.260002,64.570000,65.970001,65.970001,483100
2021-01-12,66.709999,68.190002,64.860001,67.570000,67.570000,388900
2021-01-13,67.699997,68.750000,66.099998,67.300003,67.300003,207000
2021-01-14,67.519997,69.489998,67.050003,68.589996,68.589996,309900
2021-01-15,68.010002,69.480003,67.040001,68.110001,68.110001,439400
2021-01-19,68.540001,68.540001,65.730003,66.300003,66.300003,438500
2021-01-20,66.379997,67.529999,63.610001,64.459999,64.459999,394700
2021-01-21,64.519997,66.110001,63.699001,65.769997,65.769997,243400
2021-01-22,65.239998,66.540001,65.150002,66.440002,66.440002,272300
2021-01-25,66.050003,67.139999,65.272003,66.870003,66.870003,220500
2021-01-26,67.610001,68.070000,65.400002,66.129997,66.129997,269800
2021-01-27,64.690002,65.739998,63.270000,63.290001,63.290001,514800
2021-01-28,63.910000,65.820000,62.990002,64.589996,64.589996,533800
2021-01-29,64.589996,65.459999,62.840000,62.900002,62.900002,242600
2021-02-01,63.720001,64.930000,62.750000,64.440002,64.440002,233100
2021-02-02,65.660004,67.989998,65.150002,67.160004,67.160004,241400
2021-02-03,66.800003,67.690002,61.759998,65.410004,65.410004,225700
2021-02-04,66.070000,68.330002,64.940002,67.500000,67.500000,240500
2021-02-05,68.599998,69.120003,67.389999,67.629997,67.629997,208600
2021-02-08,68.010002,70.285004,67.339996,70.209999,70.209999,260900
2021-02-09,70.239998,70.832001,68.750000,69.730003,69.730003,348800
2021-02-10,70.190002,70.805000,67.989998,70.000000,70.000000,545000
2021-02-11,69.989998,70.750000,68.610001,70.000000,70.000000,453300
2021-02-12,70.000000,70.610001,68.737999,70.410004,70.410004,174600
2021-02-16,71.339996,72.093002,70.160004,71.000000,71.000000,472500
2021-02-17,70.559998,71.070000,68.290001,71.000000,71.000000,463900
2021-02-18,70.089996,71.669998,70.089996,71.500000,71.500000,538300
2021-02-19,71.320000,72.470001,69.709999,70.190002,70.190002,454900
2021-02-22,70.000000,72.910004,69.470001,71.650002,71.650002,778000
2021-02-23,70.629997,74.650002,70.035004,74.080002,74.080002,935100
2021-02-24,74.000000,78.769997,67.339996,74.449997,74.449997,1760300
2021-02-25,73.379997,78.089996,73.114998,76.699997,76.699997,840700
2021-02-26,77.290001,79.239998,75.004997,77.540001,77.540001,626800
2021-03-01,79.050003,79.980003,75.254997,76.739998,76.739998,613300
2021-03-02,76.220001,77.260002,74.889999,76.230003,76.230003,379300
2021-03-03,74.559998,83.199997,70.370003,78.500000,78.500000,1958100
2021-03-04,80.000000,82.949997,78.169998,79.599998,79.599998,2715400
2021-03-05,80.599998,82.904999,76.879997,82.410004,82.410004,697900
2021-03-08,82.489998,82.500000,79.510002,80.239998,80.239998,685100
2021-03-09,80.589996,82.150002,76.919998,77.540001,77.540001,737300
2021-03-10,79.010002,79.239998,76.470001,76.550003,76.550003,507100
2021-03-11,76.849998,78.209999,76.550003,78.000000,78.000000,432800
2021-03-12,78.430000,78.769997,77.110001,78.010002,78.010002,212100
2021-03-15,78.150002,79.154999,76.419998,76.760002,76.760002,344600
2021-03-16,76.720001,78.410004,76.290001,78.330002,78.330002,309100
2021-03-17,78.940002,79.110001,77.379997,77.980003,77.980003,229600
2021-03-18,78.080002,78.099998,75.279999,75.709999,75.709999,459500
2021-03-19,75.540001,77.639999,74.820000,76.519997,76.519997,707000
2021-03-22,75.800003,78.019997,75.800003,76.239998,76.239998,239500
2021-03-23,76.000000,76.559998,71.949997,72.400002,72.400002,420200
2021-03-24,72.680000,74.550003,72.419998,72.690002,72.690002,298100
2021-03-25,72.709999,74.750000,71.190002,74.599998,74.599998,344100
2021-03-26,75.349998,76.169998,74.169998,75.989998,75.989998,223200
2021-03-29,75.209999,76.389999,73.250000,73.250000,73.250000,296200
2021-03-30,73.120003,75.199997,72.730003,73.540001,73.540001,363700
2021-03-31,73.559998,74.750000,73.250000,73.730003,73.730003,667400
2021-04-01,73.349998,73.690002,71.779999,73.440002,73.440002,318300
2021-04-05,74.330002,76.599998,73.860001,76.480003,76.480003,365800
2021-04-06,76.699997,78.360001,75.879997,77.779999,77.779999,488300
2021-04-07,77.370003,78.870003,76.660004,78.309998,78.309998,337100
2021-04-08,78.300003,81.260002,77.540001,80.000000,80.000000,566300
2021-04-09,80.199997,80.680000,79.269997,80.000000,80.000000,305400
2021-04-12,79.500000,81.089996,79.099998,81.000000,81.000000,532400
2021-04-13,81.000000,82.199997,80.099998,82.050003,82.050003,252100
2021-04-14,82.339996,83.606003,81.190002,81.370003,81.370003,281200
2021-04-15,81.500000,83.160004,79.849998,82.779999,82.779999,321200
2021-04-16,83.430000,83.570000,80.139999,81.339996,81.339996,260300
2021-04-19,80.989998,81.665001,80.099998,80.750000,80.750000,367200
2021-04-20,80.320000,81.514999,79.360001,81.430000,81.430000,604300
2021-04-21,81.389999,83.323997,80.360001,83.050003,83.050003,290900
2021-04-22,83.099998,85.169998,81.985001,83.150002,83.150002,336900
2021-04-23,83.160004,85.040001,81.489998,82.919998,82.919998,566500
2021-04-26,83.540001,84.199997,82.419998,82.489998,82.489998,404000
2021-04-27,82.650002,83.290001,81.940002,82.879997,82.879997,512800
2021-04-28,85.360001,90.250000,84.455002,86.339996,86.339996,693200
2021-04-29,87.629997,89.000000,85.139999,86.000000,86.000000,267900
2021-04-30,85.290001,87.559998,84.529999,84.870003,84.870003,463600
2021-05-03,84.870003,85.290001,83.320000,84.059998,84.059998,293500
2021-05-04,83.820000,83.919998,81.559998,83.500000,83.500000,304500
2021-05-05,83.410004,84.070000,82.160004,83.239998,83.239998,269800
2021-05-06,83.169998,84.400002,81.191002,83.709999,83.709999,176300
2021-05-07,83.309998,84.779999,82.230003,82.989998,82.989998,172800
2021-05-10,82.910004,83.440002,82.260002,82.900002,82.900002,337200
2021-05-11,82.160004,84.239998,81.614998,83.839996,83.839996,320100
2021-05-12,83.519997,84.650002,82.650002,83.470001,83.470001,332800
2021-05-13,83.320000,85.000000,82.455002,84.190002,84.190002,214600
2021-05-14,84.489998,84.489998,83.440002,84.089996,84.089996,170700
2021-05-17,83.570000,84.029999,80.559998,81.449997,81.449997,164800
2021-05-18,81.169998,84.059998,81.169998,81.540001,81.540001,199400
2021-05-19,81.000000,82.769997,80.930000,82.750000,82.750000,139700
2021-05-20,83.000000,83.480003,81.750000,82.419998,82.419998,262200
2021-05-21,82.970001,82.970001,81.239998,81.370003,81.370003,175900
2021-05-24,81.980003,83.120003,81.199997,82.580002,82.580002,186000
2021-05-25,82.589996,83.010002,82.489998,82.910004,82.910004,272900
2021-05-26,82.610001,83.000000,81.629997,82.300003,82.300003,458300
2021-05-27,82.620003,84.209999,81.690002,83.480003,83.480003,290200
2021-05-28,83.540001,84.288002,82.970001,83.540001,83.540001,323200
2021-06-01,83.279999,83.470001,81.070000,81.690002,81.690002,283200
2021-06-02,81.199997,82.699997,78.769997,79.239998,79.239998,318600
2021-06-03,79.330002,80.489998,77.570000,79.260002,79.260002,260600
2021-06-04,79.830002,80.870003,79.230003,80.080002,80.080002,141500
2021-06-07,79.870003,81.209999,79.699997,80.089996,80.089996,175700
2021-06-08,79.870003,80.894997,79.089996,79.709999,79.709999,246900
2021-06-09,80.150002,80.959999,79.720001,79.820000,79.820000,124900
2021-06-10,80.029999,81.750000,79.974998,81.220001,81.220001,175900
2021-06-11,81.760002,82.370003,81.199997,81.790001,81.790001,492600
2021-06-14,81.599998,81.959999,80.519997,81.709999,81.709999,311800
2021-06-15,81.919998,82.980003,80.809998,82.139999,82.139999,166600
2021-06-16,82.720001,83.167999,81.949997,82.290001,82.290001,173400
2021-06-17,81.879997,84.709999,81.574997,84.000000,84.000000,320200
2021-06-18,83.290001,84.239998,82.250000,82.250000,82.250000,375900
2021-06-21,82.650002,84.480003,81.785004,84.070000,84.070000,235900
2021-06-22,84.300003,84.690002,83.800003,84.110001,84.110001,166500
2021-06-23,83.980003,86.339996,83.830002,86.059998,86.059998,239900
2021-06-24,86.260002,87.010002,85.699997,87.010002,87.010002,145000
2021-06-25,87.309998,87.369003,86.290001,86.589996,86.589996,579500
2021-06-28,86.580002,86.964996,85.730003,86.080002,86.080002,162500
2021-06-29,85.910004,86.730003,85.004997,85.430000,85.430000,130200
2021-06-30,85.400002,85.419998,83.639999,84.110001,84.110001,188700
2021-07-01,84.430000,86.260002,83.809998,85.269997,85.269997,226100
2021-07-02,85.500000,85.500000,82.790001,83.059998,83.059998,251300
2021-07-06,82.290001,82.570000,79.870003,81.300003,81.300003,203400
2021-07-07,81.550003,83.050003,81.370003,82.449997,82.449997,165200
2021-07-08,80.779999,82.470001,80.214996,81.800003,81.800003,172200
2021-07-09,82.260002,82.260002,80.199997,80.970001,80.970001,160300
2021-07-12,81.010002,81.230003,80.129997,80.400002,80.400002,101600
2021-07-13,80.000000,80.680000,79.099998,79.150002,79.150002,176500
2021-07-14,79.120003,79.129997,78.070000,78.889999,78.889999,127200
2021-07-15,78.459999,80.080002,77.919998,78.400002,78.400002,215300
2021-07-16,78.720001,79.195000,77.339996,77.699997,77.699997,179000
2021-07-19,76.750000,77.849998,75.480003,76.019997,76.019997,281900
2021-07-20,78.650002,80.800003,78.339996,79.500000,79.500000,657900
2021-07-21,80.059998,82.970001,79.440002,82.610001,82.610001,384200
2021-07-22,82.349998,83.230003,81.720001,82.169998,82.169998,251300
2021-07-23,82.709999,83.599998,82.143997,82.949997,82.949997,326700
2021-07-26,82.550003,85.269997,82.328003,84.070000,84.070000,352600
2021-07-27,83.660004,84.139999,81.754997,82.019997,82.019997,334100
2021-07-28,84.290001,88.940002,83.114998,85.930000,85.930000,674600
2021-07-29,83.815002,89.169998,83.815002,88.620003,88.620003,648500
2021-07-30,88.000000,88.083000,84.940002,86.300003,86.300003,384500
2021-08-02,85.699997,88.250000,84.610001,87.879997,87.879997,466300
2021-08-03,86.000000,86.540001,81.050003,83.489998,83.489998,789200
2021-08-04,85.839996,88.410004,85.000000,86.070000,86.070000,2156700
2021-08-05,86.620003,87.065002,82.959999,84.180000,84.180000,1452400
2021-08-06,84.300003,84.910004,82.040001,84.320000,84.320000,729300
2021-08-09,84.220001,84.220001,81.055000,81.879997,81.879997,844500
2021-08-10,81.599998,81.959999,78.660004,78.680000,78.680000,334600
2021-08-11,78.680000,78.680000,74.730003,77.870003,77.870003,932800
2021-08-12,79.514999,79.514999,77.500000,77.540001,77.540001,182700
2021-08-13,77.379997,78.690002,76.500000,76.940002,76.940002,190800
2021-08-16,77.029999,79.529999,75.500000,79.250000,79.250000,333600
2021-08-17,79.150002,80.745003,77.019997,80.430000,80.430000,368500
2021-08-18,80.800003,80.800003,78.995003,79.320000,79.320000,340100
2021-08-19,78.620003,80.470001,78.510002,79.750000,79.750000,304500
2021-08-20,80.940002,83.589996,80.500000,82.029999,82.029999,348200
2021-08-23,82.089996,83.480003,81.949997,82.410004,82.410004,180900
2021-08-24,82.309998,84.144997,81.675003,83.379997,83.379997,200600
2021-08-25,83.139999,84.160004,82.620003,83.000000,83.000000,159800
2021-08-26,82.660004,83.175003,81.029999,81.690002,81.690002,630200
2021-08-27,81.820000,83.599998,81.205002,82.930000,82.930000,294100
2021-08-30,83.209999,84.050003,81.864998,82.410004,82.410004,199400