Date,Open,High,Low,Close,Adj Close,Volume
2021-01-04,35.000000,35.264999,32.770000,33.439999,33.439999,1184300
2021-01-05,33.430000,34.790001,33.360001,34.110001,34.110001,1283800
2021-01-06,34.150002,35.630001,33.660000,34.720001,34.720001,1068500
2021-01-07,35.250000,35.700001,33.790001,35.369999,35.369999,974400
2021-01-08,35.610001,36.180000,34.090000,34.680000,34.680000,782600
2021-01-11,34.189999,35.950001,33.849998,35.459999,35.459999,1351100
2021-01-12,35.590000,37.200001,35.060001,36.900002,36.900002,1472500
2021-01-13,37.080002,38.209999,36.270000,37.619999,37.619999,1504600
2021-01-14,37.639999,38.509998,37.619999,38.040001,38.040001,608800
2021-01-15,37.970001,40.000000,37.610001,38.150002,38.150002,964300
2021-01-19,38.540001,38.820000,36.720001,38.610001,38.610001,673300
2021-01-20,39.040001,39.389999,37.549999,38.180000,38.180000,567200
2021-01-21,38.215000,39.000000,36.860001,37.240002,37.240002,654700
2021-01-22,37.000000,37.200001,36.299999,36.389999,36.389999,424400
2021-01-25,36.500000,37.470001,34.980000,35.259998,35.259998,741500
2021-01-26,36.110001,36.235001,33.950001,34.040001,34.040001,915200
2021-01-27,33.830002,33.880001,31.250000,31.540001,31.540001,1924600
2021-01-28,32.009998,35.490002,32.009998,34.380001,34.380001,1365900
2021-01-29,35.220001,36.720001,34.029999,36.290001,36.290001,1815100
2021-02-01,36.200001,38.360001,35.799999,38.000000,38.000000,1304600
2021-02-02,38.490002,40.000000,38.490002,39.400002,39.400002,1423100
2021-02-03,41.200001,41.930000,39.470001,40.619999,40.619999,1955400
2021-02-04,40.500000,41.419998,39.669998,40.240002,40.240002,517000
2021-02-05,40.500000,40.810001,39.270000,39.419998,39.419998,523600
2021-02-08,39.560001,41.950001,39.400002,41.830002,41.830002,812300
2021-02-09,42.020000,42.560001,40.500000,40.740002,40.740002,1103700
2021-02-10,42.000000,42.430000,40.930000,41.830002,41.830002,1103000
2021-02-11,42.099998,42.740002,40.630001,41.430000,41.430000,782900
2021-02-12,41.310001,42.610001,41.310001,42.200001,42.200001,558200
2021-02-16,42.990002,43.000000,39.369999,40.259998,40.259998,924300
2021-02-17,39.799999,39.849998,38.255001,38.779999,38.779999,669500
2021-02-18,38.430000,39.259998,37.590000,38.000000,38.000000,851700
2021-02-19,38.310001,40.150002,38.160000,38.740002,38.740002,804700
2021-02-22,38.180000,38.535000,37.189999,37.610001,37.610001,487900
2021-02-23,36.570000,38.049999,33.709999,37.900002,37.900002,1305000
2021-02-24,37.650002,39.320000,37.250000,39.060001,39.060001,754500
2021-02-25,40.000000,40.840000,37.340000,38.020000,38.020000,1238700
2021-02-26,38.080002,38.700001,36.945000,38.240002,38.240002,1097500
2021-03-01,39.040001,41.990002,38.970001,40.970001,40.970001,982100
2021-03-02,40.880001,41.169998,39.790001,40.000000,40.000000,412700
2021-03-03,40.009998,41.689999,38.270000,38.650002,38.650002,947800
2021-03-04,38.860001,40.250000,35.750000,37.160000,37.160000,1659600
2021-03-05,37.580002,37.970001,32.700001,36.340000,36.340000,1954300
2021-03-08,36.619999,37.080002,32.709999,32.900002,32.900002,1330000
2021-03-09,33.560001,36.000000,33.560001,34.680000,34.680000,1519000
2021-03-10,37.540001,40.340000,36.560001,36.830002,36.830002,1574800
2021-03-11,37.369999,39.730000,37.049999,39.520000,39.520000,1082100
2021-03-12,38.730000,40.279999,38.669998,40.040001,40.040001,783300
2021-03-15,40.320000,41.119999,39.500000,40.070000,40.070000,547400
2021-03-16,40.250000,41.669998,39.889999,41.119999,41.119999,772900
2021-03-17,40.560001,41.070000,38.730000,40.150002,40.150002,699600
2021-03-18,39.110001,39.820000,37.345001,37.790001,37.790001,1028700
2021-03-19,37.860001,39.189999,36.759998,38.520000,38.520000,942800
2021-03-22,38.700001,40.669998,38.685001,39.430000,39.430000,1053900
2021-03-23,39.430000,40.560001,38.270000,38.470001,38.470001,669600
2021-03-24,38.650002,38.650002,35.320000,35.459999,35.459999,742300
2021-03-25,34.970001,36.189999,34.270000,36.040001,36.040001,1070600
2021-03-26,36.000000,37.650002,36.000000,36.950001,36.950001,730000
2021-03-29,36.680000,37.419998,35.340000,36.060001,36.060001,510000
2021-03-30,34.570000,36.080002,33.799999,35.290001,35.290001,1949700
2021-03-31,35.139999,35.720001,33.959999,35.419998,35.419998,1665100
2021-04-01,36.900002,41.500000,35.860001,41.279999,41.279999,7598200
2021-04-05,40.590000,42.119999,39.099998,39.939999,39.939999,2096800
2021-04-06,40.000000,41.349998,39.709999,39.790001,39.790001,952100
2021-04-07,39.650002,40.090000,38.389999,38.599998,38.599998,649900
2021-04-08,38.849998,39.090000,38.060001,38.200001,38.200001,877400
2021-04-09,37.330002,38.750000,36.439999,38.560001,38.560001,981200
2021-04-12,38.610001,38.740002,37.029999,37.799999,37.799999,656400
2021-04-13,37.830002,38.380001,37.040001,38.099998,38.099998,520200
2021-04-14,38.340000,39.130001,37.810001,38.099998,38.099998,485800
2021-04-15,38.810001,38.810001,37.040001,37.750000,37.750000,613300
2021-04-16,38.000000,38.180000,36.730000,37.099998,37.099998,959100
2021-04-19,36.970001,37.540001,35.500000,35.759998,35.759998,571600
2021-04-20,35.980000,36.419998,35.099998,35.599998,35.599998,1191300
2021-04-21,35.389999,36.970001,35.189999,36.860001,36.860001,590900
2021-04-22,37.040001,37.490002,36.040001,36.759998,36.759998,500500
2021-04-23,37.099998,37.666000,36.980000,37.099998,37.099998,373900
2021-04-26,37.369999,38.570000,37.369999,38.169998,38.169998,985000
2021-04-27,38.490002,38.660000,37.860001,38.240002,38.240002,426600
2021-04-28,38.020000,40.009998,37.669998,39.930000,39.930000,582400
2021-04-29,40.410000,40.610001,39.209999,40.290001,40.290001,816400
2021-04-30,39.650002,40.110001,38.619999,39.049999,39.049999,317000
2021-05-03,39.639999,39.650002,38.540001,39.049999,39.049999,325900
2021-05-04,38.560001,39.200001,37.369999,38.380001,38.380001,1177500
2021-05-05,38.660000,39.660000,37.799999,38.040001,38.040001,701000
2021-05-06,38.080002,38.750000,36.810001,38.650002,38.650002,797600
2021-05-07,38.750000,39.349998,38.200001,38.349998,38.349998,644900
2021-05-10,38.240002,38.430000,35.320000,35.340000,35.340000,958200
2021-05-11,34.029999,35.310001,33.070000,35.180000,35.180000,1873800
2021-05-12,35.180000,36.250000,34.560001,34.660000,34.660000,1183900
2021-05-13,34.759998,35.900002,33.270000,33.869999,33.869999,1538500
2021-05-14,34.250000,35.720001,33.990002,35.590000,35.590000,594200
2021-05-17,35.340000,35.861000,34.380001,35.080002,35.080002,434100
2021-05-18,35.279999,36.650002,34.990002,35.560001,35.560001,703800
2021-05-19,34.970001,36.070000,34.470001,35.980000,35.980000,443400
2021-05-20,36.299999,36.820000,35.580002,35.810001,35.810001,415400
2021-05-21,36.250000,36.700001,35.490002,36.049999,36.049999,895000
2021-05-24,36.389999,37.060001,35.900002,36.700001,36.700001,637600
2021-05-25,37.000000,38.470001,36.755001,37.070000,37.070000,1248700
2021-05-26,36.950001,38.709999,36.950001,38.139999,38.139999,645300
2021-05-27,38.070000,38.759998,37.250000,38.169998,38.169998,807400
2021-05-28,38.340000,38.900002,37.500000,38.580002,38.580002,433100
2021-06-01,38.930000,39.389999,38.040001,39.349998,39.349998,492800
2021-06-02,39.459999,39.459999,38.720001,39.299999,39.299999,811300
2021-06-03,39.099998,39.474998,37.610001,39.230000,39.230000,505400
2021-06-04,39.250000,39.740002,38.799999,39.150002,39.150002,575200
2021-06-07,39.160000,39.959999,38.900002,39.810001,39.810001,813200
2021-06-08,39.830002,40.419998,39.009998,40.020000,40.020000,1146100
2021-06-09,40.029999,40.310001,38.930000,39.110001,39.110001,576600
2021-06-10,39.040001,39.410000,37.610001,38.330002,38.330002,394800
2021-06-11,38.400002,39.580002,38.040001,38.189999,38.189999,314000
2021-06-14,38.340000,39.070000,38.130001,38.540001,38.540001,406600
2021-06-15,38.599998,39.130001,38.430000,39.090000,39.090000,385100
2021-06-16,39.020000,39.919998,39.020000,39.439999,39.439999,754900
2021-06-17,39.299999,40.990002,39.049999,40.419998,40.419998,1083000
2021-06-18,39.570000,40.250000,38.830002,39.910000,39.910000,1159300
2021-06-21,40.279999,41.005001,39.459999,40.910000,40.910000,1000000
2021-06-22,40.869999,41.820000,39.520000,40.970001,40.970001,1316400
2021-06-23,41.240002,41.849998,40.722000,41.369999,41.369999,762500
2021-06-24,41.369999,42.000000,39.900002,40.779999,40.779999,892900
2021-06-25,40.750000,43.632999,40.750000,42.439999,42.439999,21036200
2021-06-28,42.990002,43.950001,42.009998,42.419998,42.419998,932100
2021-06-29,42.619999,43.389999,41.174999,41.389999,41.389999,877300
2021-06-30,41.060001,44.000000,40.770000,43.090000,43.090000,2620500
2021-07-01,43.702999,43.702999,41.400002,41.610001,41.610001,702400
2021-07-02,41.700001,42.279999,40.340000,40.700001,40.700001,520100
2021-07-06,41.264999,41.264999,39.660000,40.910000,40.910000,569700
2021-07-07,40.910000,42.279999,40.230000,41.360001,41.360001,572500
2021-07-08,40.500000,41.450001,40.040001,40.900002,40.900002,714600
2021-07-09,41.200001,42.400002,40.770000,41.730000,41.730000,558000
2021-07-12,41.529999,42.150002,41.070000,41.570000,41.570000,732600
2021-07-13,41.500000,41.919998,40.930000,41.380001,41.380001,416900
2021-07-14,41.500000,42.007999,39.520000,40.220001,40.220001,757400
2021-07-15,40.110001,40.980000,39.689999,39.900002,39.900002,396800
2021-07-16,40.130001,40.320000,38.509998,38.830002,38.830002,513900
2021-07-19,38.009998,38.720001,36.794998,38.250000,38.250000,827900
2021-07-20,37.889999,39.910000,37.889999,39.380001,39.380001,678300
2021-07-21,39.680000,40.810001,39.389999,40.580002,40.580002,478200
2021-07-22,40.509998,40.889999,39.580002,39.939999,39.939999,312200
2021-07-23,39.750000,39.750000,36.270000,36.529999,36.529999,1461500
2021-07-26,36.570000,37.099998,36.360001,36.770000,36.770000,1282100
2021-07-27,36.880001,37.250000,35.259998,36.160000,36.160000,781100
2021-07-28,36.490002,38.470001,36.400002,37.990002,37.990002,1058000
2021-07-29,38.169998,39.279999,37.820000,38.060001,38.060001,535800
2021-07-30,38.029999,38.730000,37.639999,38.000000,38.000000,429300
2021-08-02,38.369999,39.290001,36.799999,36.919998,36.919998,675900
2021-08-03,37.000000,38.230000,35.419998,35.459999,35.459999,577600
2021-08-04,35.230000,36.520000,35.000000,36.040001,36.040001,514900
2021-08-05,36.240002,37.980000,36.240002,37.619999,37.619999,470200
2021-08-06,37.720001,39.799999,36.250000,37.700001,37.700001,1036900
2021-08-09,37.439999,38.860001,37.080002,38.470001,38.470001,719100
2021-08-10,38.700001,39.080002,35.820000,36.360001,36.360001,1037800
2021-08-11,42.830002,42.959999,37.900002,38.930000,38.930000,2218800
2021-08-12,39.099998,39.320000,36.570000,36.970001,36.970001,1106000
2021-08-13,37.439999,37.439999,34.985001,35.060001,35.060001,858200
2021-08-16,34.709999,35.230000,32.380001,32.990002,32.990002,1554600
2021-08-17,32.810001,33.849998,32.506001,33.389999,33.389999,1371500
2021-08-18,33.259998,34.650002,32.330002,33.990002,33.990002,1355000
2021-08-19,33.610001,34.230000,31.459999,32.380001,32.380001,2449100
2021-08-20,32.500000,34.060001,31.940001,32.459999,32.459999,2613000
2021-08-23,33.290001,33.889999,32.650002,33.630001,33.630001,1043100
2021-08-24,34.009998,35.459999,34.000000,35.130001,35.130001,1096300
2021-08-25,35.169998,35.549999,34.930000,35.400002,35.400002,523300
2021-08-26,35.290001,36.209999,34.919998,35.750000,35.750000,1341200
2021-08-27,36.230000,40.169998,36.189999,38.200001,38.200001,1815500
2021-08-30,38.139999,38.770000,37.200001,37.360001,37.360001,1133300