Date,Open,High,Low,Close,Adj Close,Volume
2021-01-04,62.459999,62.540001,59.320000,61.119999,61.119999,970100
2021-01-05,60.410000,62.930000,60.139999,62.820000,62.820000,761300
2021-01-06,61.880001,62.689999,60.009998,60.790001,60.790001,1280900
2021-01-07,60.740002,64.180000,60.740002,63.970001,63.970001,1161000
2021-01-08,65.589996,66.910004,64.209999,65.019997,65.019997,1018700
2021-01-11,64.019997,64.120003,61.939999,61.990002,61.990002,1118300
2021-01-12,61.700001,64.220001,60.860001,63.540001,63.540001,687200
2021-01-13,63.130001,65.099998,63.130001,64.529999,64.529999,607600
2021-01-14,64.589996,66.199997,64.290001,65.919998,65.919998,844300
2021-01-15,65.930000,67.570000,65.120003,65.639999,65.639999,838300
2021-01-19,67.169998,67.500000,65.389999,67.050003,67.050003,607200
2021-01-20,67.180000,68.589996,65.180000,65.339996,65.339996,743900
2021-01-21,65.519997,65.660004,63.139999,64.050003,64.050003,1041300
2021-01-22,64.019997,66.070000,63.880001,66.000000,66.000000,537700
2021-01-25,66.169998,68.830002,65.400002,65.720001,65.720001,865100
2021-01-26,66.660004,67.820000,65.309998,66.870003,66.870003,1500100
2021-01-27,65.510002,68.559998,62.270000,65.489998,65.489998,1011200
2021-01-28,65.559998,66.309998,64.150002,64.269997,64.269997,716200
2021-01-29,64.010002,65.129997,62.509998,63.360001,63.360001,569200
2021-02-01,63.900002,65.360001,63.490002,64.650002,64.650002,540100
2021-02-02,65.650002,66.860001,65.000000,66.239998,66.239998,893700
2021-02-03,66.279999,68.250000,65.199997,67.989998,67.989998,727500
2021-02-04,68.379997,69.669998,66.239998,68.910004,68.910004,661400
2021-02-05,69.459999,70.879997,69.260002,70.239998,70.239998,529000
2021-02-08,71.279999,72.230003,66.870003,68.559998,68.559998,989300
2021-02-09,68.059998,70.250000,67.449997,69.370003,69.370003,528600
2021-02-10,70.110001,72.110001,67.730003,68.730003,68.730003,898800
2021-02-11,69.379997,71.720001,68.709999,71.430000,71.430000,586200
2021-02-12,71.599998,71.650002,69.610001,71.379997,71.379997,347600
2021-02-16,70.720001,71.949997,68.139999,69.059998,69.059998,481100
2021-02-17,68.849998,69.209999,67.589996,68.790001,68.790001,459100
2021-02-18,67.750000,69.260002,67.199997,68.180000,68.180000,352400
2021-02-19,68.650002,72.110001,68.320000,71.559998,71.559998,967100
2021-02-22,71.040001,71.040001,65.410004,65.839996,65.839996,724700
2021-02-23,64.449997,64.519997,57.680000,59.470001,59.470001,3112400
2021-02-24,58.930000,60.900002,56.959999,60.130001,60.130001,1189900
2021-02-25,58.150002,60.590000,56.770000,58.169998,58.169998,1214900
2021-02-26,66.459999,67.349998,61.930000,65.620003,65.620003,2321000
2021-03-01,66.309998,68.970001,66.050003,67.959999,67.959999,1528100
2021-03-02,67.440002,67.599998,64.029999,64.699997,64.699997,932100
2021-03-03,63.340000,64.000000,58.500000,58.650002,58.650002,1006100
2021-03-04,57.520000,58.560001,52.590000,54.830002,54.830002,1959700
2021-03-05,55.139999,56.750000,51.540001,55.560001,55.560001,1610800
2021-03-08,55.130001,56.619999,50.740002,50.840000,50.840000,1313500
2021-03-09,53.700001,56.799999,53.360001,56.299999,56.299999,1248000
2021-03-10,57.900002,58.450001,54.860001,54.910000,54.910000,881800
2021-03-11,56.410000,57.220001,54.200001,56.400002,56.400002,1178800
2021-03-12,54.500000,55.660000,53.779999,55.060001,55.060001,601500
2021-03-15,55.150002,58.029999,54.570000,57.900002,57.900002,1029800
2021-03-16,58.630001,59.950001,56.189999,57.160000,57.160000,664600
2021-03-17,56.099998,57.869999,54.720001,57.220001,57.220001,603700
2021-03-18,55.330002,55.330002,52.240002,52.570000,52.570000,705900
2021-03-19,52.700001,54.650002,52.400002,53.790001,53.790001,1139800
2021-03-22,54.330002,55.150002,53.250000,54.139999,54.139999,521300
2021-03-23,54.240002,54.770000,53.119999,53.450001,53.450001,543100
2021-03-24,53.820000,53.830002,50.299999,50.400002,50.400002,601900
2021-03-25,49.459999,51.689999,49.000000,51.290001,51.290001,657500
2021-03-26,51.549999,52.959999,49.970001,51.990002,51.990002,635800
2021-03-29,52.299999,52.830002,50.279999,50.840000,50.840000,770500
2021-03-30,50.860001,51.770000,49.400002,50.529999,50.529999,800600
2021-03-31,53.320000,54.490002,52.430000,52.740002,52.740002,1422100
2021-04-01,52.549999,55.830002,52.549999,55.189999,55.189999,1141600
2021-04-05,56.130001,58.070000,55.320000,57.799999,57.799999,1024000
2021-04-06,57.049999,58.029999,56.369999,56.869999,56.869999,514700
2021-04-07,56.240002,57.340000,55.560001,56.910000,56.910000,478900
2021-04-08,58.080002,59.160000,55.939999,56.759998,56.759998,702800
2021-04-09,56.509998,56.970001,54.820000,56.830002,56.830002,326700
2021-04-12,55.820000,58.730000,54.790001,57.820000,57.820000,522000
2021-04-13,58.160000,58.799999,56.169998,56.660000,56.660000,597700
2021-04-14,56.970001,58.849998,56.580002,57.330002,57.330002,446100
2021-04-15,58.029999,59.590000,57.349998,59.250000,59.250000,670000
2021-04-16,59.459999,59.480000,57.830002,58.619999,58.619999,318400
2021-04-19,57.529999,58.259998,55.419998,56.020000,56.020000,516800
2021-04-20,55.970001,56.230000,53.240002,53.650002,53.650002,482900
2021-04-21,53.180000,55.360001,52.720001,55.169998,55.169998,352400
2021-04-22,55.080002,56.340000,54.049999,54.450001,54.450001,366600
2021-04-23,54.509998,55.779999,54.060001,55.660000,55.660000,316300
2021-04-26,55.740002,57.200001,55.160000,56.490002,56.490002,834000
2021-04-27,55.590000,56.200001,54.669998,55.099998,55.099998,675700
2021-04-28,55.070000,57.000000,54.209999,56.419998,56.419998,332500
2021-04-29,56.849998,56.860001,53.779999,54.919998,54.919998,347200
2021-04-30,54.040001,55.549999,53.590000,54.650002,54.650002,632500
2021-05-03,55.130001,55.389999,53.119999,53.639999,53.639999,1197100
2021-05-04,52.860001,53.450001,50.709999,50.919998,50.919998,1876600
2021-05-05,51.040001,54.150002,51.040001,51.990002,51.990002,1186500
2021-05-06,51.360001,51.759998,48.180000,50.509998,50.509998,1082300
2021-05-07,51.250000,52.759998,51.099998,51.740002,51.740002,687800
2021-05-10,50.810001,50.919998,49.560001,50.189999,50.189999,737000
2021-05-11,48.070000,52.340000,47.619999,51.330002,51.330002,783700
2021-05-12,50.040001,51.680000,49.209999,49.689999,49.689999,1152000
2021-05-13,50.180000,51.000000,48.480000,49.900002,49.900002,985200
2021-05-14,50.529999,52.540001,50.419998,52.099998,52.099998,552100
2021-05-17,51.119999,51.759998,50.470001,51.560001,51.560001,373300
2021-05-18,51.770000,53.820000,51.549999,52.669998,52.669998,653200
2021-05-19,51.860001,52.480000,51.230000,52.240002,52.240002,434100
2021-05-20,52.730000,54.330002,52.720001,53.360001,53.360001,715400
2021-05-21,54.060001,54.060001,53.009998,53.049999,53.049999,217700
2021-05-24,53.860001,54.799999,53.599998,53.900002,53.900002,282200
2021-05-25,54.459999,55.200001,53.779999,53.919998,53.919998,319400
2021-05-26,54.459999,54.919998,54.090000,54.709999,54.709999,422300
2021-05-27,54.240002,56.310001,54.099998,55.380001,55.380001,543400
2021-05-28,55.770000,56.470001,54.799999,54.950001,54.950001,382700
2021-06-01,55.209999,55.619999,54.009998,55.160000,55.160000,504500
2021-06-02,55.080002,55.250000,53.860001,54.490002,54.490002,1200400
2021-06-03,54.130001,54.610001,52.950001,54.290001,54.290001,464700
2021-06-04,54.880001,55.900002,54.509998,55.220001,55.220001,374000
2021-06-07,54.599998,56.849998,54.480000,56.639999,56.639999,495900
2021-06-08,56.950001,57.709999,56.029999,57.209999,57.209999,517000
2021-06-09,57.500000,58.279999,56.700001,56.759998,56.759998,402400
2021-06-10,56.470001,58.480000,56.130001,58.220001,58.220001,452900
2021-06-11,58.360001,59.230000,57.639999,59.049999,59.049999,593400
2021-06-14,59.169998,59.950001,58.970001,59.209999,59.209999,577800
2021-06-15,58.860001,59.000000,57.189999,57.320000,57.320000,401600
2021-06-16,57.450001,58.340000,56.889999,57.959999,57.959999,379800
2021-06-17,57.490002,60.000000,57.160000,59.869999,59.869999,1138500
2021-06-18,59.330002,61.950001,59.029999,61.590000,61.590000,863700
2021-06-21,62.330002,62.900002,60.540001,60.910000,60.910000,532300
2021-06-22,60.799999,61.779999,60.720001,61.639999,61.639999,278200
2021-06-23,61.860001,63.000000,61.860001,62.639999,62.639999,378600
2021-06-24,63.169998,64.110001,63.169998,63.529999,63.529999,297400
2021-06-25,63.529999,64.629997,63.070000,64.379997,64.379997,689100
2021-06-28,65.000000,65.769997,64.459999,64.959999,64.959999,395800
2021-06-29,64.820000,65.290001,63.740002,64.800003,64.800003,530100
2021-06-30,64.480003,65.059998,63.040001,63.240002,63.240002,424700
2021-07-01,62.230000,62.700001,59.980000,61.580002,61.580002,669200
2021-07-02,61.900002,62.560001,61.230000,61.250000,61.250000,227900
2021-07-06,61.290001,62.099998,60.959999,61.919998,61.919998,330100
2021-07-07,62.000000,62.430000,60.299999,61.099998,61.099998,228500
2021-07-08,59.950001,61.009998,58.939999,60.840000,60.840000,321300
2021-07-09,60.889999,61.900002,60.080002,61.790001,61.790001,222400
2021-07-12,61.799999,62.189999,59.970001,60.709999,60.709999,237900
2021-07-13,60.060001,61.590000,59.590000,59.880001,59.880001,572800
2021-07-14,60.349998,60.400002,56.869999,57.110001,57.110001,451900
2021-07-15,56.900002,57.000000,55.009998,55.770000,55.770000,375500
2021-07-16,56.500000,56.770000,55.110001,55.470001,55.470001,389900
2021-07-19,54.540001,59.849998,54.320000,59.660000,59.660000,1175600
2021-07-20,60.240002,64.320000,59.080002,62.919998,62.919998,859400
2021-07-21,62.439999,63.389999,61.759998,62.630001,62.630001,533900
2021-07-22,62.820000,63.389999,62.180000,62.709999,62.709999,281200
2021-07-23,62.900002,63.619999,61.439999,63.139999,63.139999,259200
2021-07-26,63.470001,64.089996,62.450001,63.700001,63.700001,263300
2021-07-27,63.700001,63.750000,60.509998,61.580002,61.580002,279300
2021-07-28,62.610001,63.840000,61.970001,63.419998,63.419998,490700
2021-07-29,63.820000,64.610001,62.830002,63.320000,63.320000,246500
2021-07-30,62.680000,63.939999,62.500000,63.689999,63.689999,417700
2021-08-02,64.230003,65.059998,63.380001,63.910000,63.910000,693700
2021-08-03,63.689999,64.730003,61.869999,64.459999,64.459999,607300
2021-08-04,58.000000,62.799999,56.509998,62.310001,62.310001,3354300
2021-08-05,61.639999,62.689999,61.220001,62.000000,62.000000,1116400
2021-08-06,61.419998,62.029999,60.270000,61.790001,61.790001,835100
2021-08-09,61.400002,62.869999,60.529999,61.799999,61.799999,356100
2021-08-10,61.650002,62.000000,59.889999,61.599998,61.599998,730000
2021-08-11,62.389999,62.500000,61.060001,61.970001,61.970001,434400
2021-08-12,61.720001,63.320000,61.580002,62.900002,62.900002,506400
2021-08-13,63.000000,63.470001,62.430000,62.639999,62.639999,321600
2021-08-16,61.869999,62.180000,60.220001,61.509998,61.509998,317200
2021-08-17,60.880001,61.119999,59.720001,60.330002,60.330002,384800
2021-08-18,59.980000,61.160000,59.580002,59.919998,59.919998,314400
2021-08-19,59.470001,60.959999,59.020000,60.189999,60.189999,269700
2021-08-20,60.259998,61.860001,60.259998,61.549999,61.549999,231600
2021-08-23,61.750000,62.689999,61.639999,62.270000,62.270000,395200
2021-08-24,62.590000,62.860001,61.830002,62.590000,62.590000,306800
2021-08-25,62.500000,63.500000,62.500000,62.930000,62.930000,226600
2021-08-26,63.119999,63.980000,62.709999,63.150002,63.150002,911400
2021-08-27,63.430000,65.059998,63.279999,64.500000,64.500000,460100
2021-08-30,64.790001,65.070000,64.010002,64.379997,64.379997,329900