Date,Open,High,Low,Close,Adj Close,Volume
2021-01-04,46.049999,46.799999,44.880001,45.330002,45.330002,1125600
2021-01-05,45.160000,46.380001,44.970001,45.650002,45.650002,762800
2021-01-06,45.270000,46.330002,44.570000,45.209999,45.209999,840600
2021-01-07,45.840000,46.220001,45.529999,46.029999,46.029999,994900
2021-01-08,46.889999,46.889999,44.040001,44.540001,44.540001,985100
2021-01-11,44.029999,44.619999,43.700001,43.900002,43.900002,1295500
2021-01-12,44.810001,45.049999,42.320000,42.770000,42.770000,1372400
2021-01-13,43.459999,43.570000,42.750000,43.029999,43.029999,726700
2021-01-14,43.099998,44.150002,43.099998,43.459999,43.459999,759300
2021-01-15,43.160000,44.310001,42.830002,43.090000,43.090000,989000
2021-01-19,43.889999,44.410000,42.950001,43.240002,43.240002,944500
2021-01-20,44.000000,44.160000,42.709999,43.139999,43.139999,935700
2021-01-21,43.580002,43.869999,42.500000,43.490002,43.490002,685500
2021-01-22,43.119999,44.360001,42.950001,43.509998,43.509998,642200
2021-01-25,43.740002,44.220001,41.180000,41.619999,41.619999,794700
2021-01-26,41.590000,42.259998,40.310001,40.439999,40.439999,752300
2021-01-27,39.480000,39.990002,37.380001,37.820000,37.820000,1583500
2021-01-28,38.720001,40.619999,38.150002,40.290001,40.290001,1271600
2021-01-29,40.570000,41.189999,39.770000,40.110001,40.110001,1507700
2021-02-01,40.680000,42.759998,40.419998,42.389999,42.389999,1006200
2021-02-02,43.299999,44.080002,42.209999,43.889999,43.889999,1107700
2021-02-03,44.139999,44.730000,42.349998,42.560001,42.560001,896600
2021-02-04,42.549999,43.080002,42.189999,42.849998,42.849998,702000
2021-02-05,43.099998,43.240002,42.290001,43.000000,43.000000,696100
2021-02-08,43.110001,44.580002,43.000000,44.099998,44.099998,1081300
2021-02-09,43.700001,44.279999,42.810001,44.150002,44.150002,578400
2021-02-10,44.490002,45.290001,43.639999,44.720001,44.720001,682200
2021-02-11,45.250000,46.939999,45.130001,46.849998,46.849998,741500
2021-02-12,46.549999,48.509998,46.099998,48.439999,48.439999,829700
2021-02-16,49.450001,50.049999,48.380001,48.630001,48.630001,1729100
2021-02-17,47.750000,48.369999,45.470001,47.230000,47.230000,1531500
2021-02-18,46.720001,47.119999,45.950001,46.439999,46.439999,1047300
2021-02-19,46.810001,48.680000,46.500000,48.250000,48.250000,1166900
2021-02-22,47.290001,48.389999,46.330002,46.590000,46.590000,1064600
2021-02-23,45.740002,46.650002,43.990002,45.840000,45.840000,1185200
2021-02-24,46.310001,49.459999,45.849998,49.360001,49.360001,971500
2021-02-25,48.040001,49.490002,45.709999,46.150002,46.150002,1123600
2021-02-26,47.009998,48.919998,45.889999,48.119999,48.119999,1319800
2021-03-01,48.919998,51.310001,48.340000,51.279999,51.279999,1620000
2021-03-02,51.200001,51.500000,49.619999,49.660000,49.660000,1786200
2021-03-03,49.369999,50.169998,47.259998,47.560001,47.560001,1371600
2021-03-04,46.810001,47.560001,41.500000,42.110001,42.110001,2101900
2021-03-05,43.270000,43.270000,39.119999,41.959999,41.959999,2991400
2021-03-08,41.910000,42.790001,39.400002,39.490002,39.490002,2220000
2021-03-09,41.200001,43.480000,40.970001,43.250000,43.250000,1456100
2021-03-10,44.150002,44.650002,41.830002,41.880001,41.880001,1050900
2021-03-11,43.480000,44.490002,42.619999,44.119999,44.119999,1425600
2021-03-12,43.200001,45.150002,42.660000,45.009998,45.009998,834500
2021-03-15,44.590000,45.820000,44.029999,45.660000,45.660000,808300
2021-03-16,46.320000,47.900002,46.009998,46.740002,46.740002,696300
2021-03-17,45.939999,47.680000,44.939999,47.520000,47.520000,1107500
2021-03-18,46.959999,46.959999,43.970001,44.000000,44.000000,1218700
2021-03-19,43.689999,44.830002,42.599998,44.470001,44.470001,1841100
2021-03-22,45.689999,46.259998,44.419998,44.730000,44.730000,765700
2021-03-23,44.369999,44.740002,42.630001,43.209999,43.209999,903800
2021-03-24,44.000000,44.689999,41.540001,41.549999,41.549999,706300
2021-03-25,39.910000,42.639999,39.080002,42.439999,42.439999,1220300
2021-03-26,42.490002,44.650002,42.160000,44.540001,44.540001,1196900
2021-03-29,43.939999,44.200001,42.099998,42.639999,42.639999,1385000
2021-03-30,42.160000,43.230000,41.689999,42.980000,42.980000,713800
2021-03-31,43.639999,45.400002,43.570000,45.020000,45.020000,1847700
2021-04-01,45.840000,48.689999,45.840000,48.680000,48.680000,1678500
2021-04-05,50.080002,50.770000,48.560001,50.119999,50.119999,1842800
2021-04-06,49.790001,50.430000,48.910000,49.220001,49.220001,599400
2021-04-07,49.029999,49.639999,48.540001,49.189999,49.189999,653000
2021-04-08,50.220001,50.700001,49.590000,50.119999,50.119999,730000
2021-04-09,49.549999,50.200001,48.869999,50.180000,50.180000,684700
2021-04-12,50.299999,50.360001,48.730000,50.220001,50.220001,740100
2021-04-13,50.540001,51.000000,49.169998,49.930000,49.930000,873800
2021-04-14,49.869999,50.490002,48.430000,49.470001,49.470001,909000
2021-04-15,50.180000,51.250000,49.389999,51.150002,51.150002,872800
2021-04-16,56.099998,58.380001,55.529999,57.919998,57.919998,11076700
2021-04-19,56.740002,57.439999,54.400002,55.889999,55.889999,25551400
2021-04-20,55.470001,56.349998,52.349998,53.169998,53.169998,2973000
2021-04-21,52.959999,54.900002,52.240002,54.810001,54.810001,1466400
2021-04-22,54.529999,55.500000,53.110001,53.130001,53.130001,1447400
2021-04-23,53.290001,55.070000,53.290001,54.820000,54.820000,1319600
2021-04-26,55.000000,55.259998,54.320000,54.869999,54.869999,1550400
2021-04-27,55.680000,55.759998,54.009998,54.040001,54.040001,1076800
2021-04-28,53.590000,53.849998,52.910000,53.099998,53.099998,859400
2021-04-29,53.709999,53.880001,51.320000,52.040001,52.040001,1026700
2021-04-30,50.840000,51.849998,50.060001,50.310001,50.310001,1216700
2021-05-03,50.810001,51.000000,48.900002,49.090000,49.090000,1537900
2021-05-04,48.160000,48.689999,46.779999,47.810001,47.810001,2456900
2021-05-05,48.139999,50.189999,47.660000,48.560001,48.560001,1567600
2021-05-06,48.560001,49.630001,47.810001,49.520000,49.520000,1516800
2021-05-07,50.259998,51.279999,49.509998,50.549999,50.549999,1523900
2021-05-10,49.939999,49.939999,46.660000,46.689999,46.689999,2133900
2021-05-11,45.180000,47.220001,44.320000,46.680000,46.680000,1657600
2021-05-12,45.290001,46.919998,44.000000,44.369999,44.369999,1991800
2021-05-13,45.310001,46.040001,42.939999,43.959999,43.959999,1879000
2021-05-14,44.430000,46.990002,43.610001,46.369999,46.369999,1743100
2021-05-17,45.599998,47.560001,45.040001,47.270000,47.270000,1874800
2021-05-18,47.560001,48.369999,46.980000,47.189999,47.189999,1144000
2021-05-19,45.599998,48.880001,45.509998,48.700001,48.700001,926000
2021-05-20,48.970001,50.669998,48.799999,50.290001,50.290001,1031800
2021-05-21,50.930000,50.930000,49.270000,49.299999,49.299999,725400
2021-05-24,49.939999,51.700001,49.540001,51.410000,51.410000,881800
2021-05-25,52.000000,52.380001,51.230000,51.650002,51.650002,1019000
2021-05-26,51.759998,52.740002,51.169998,52.700001,52.700001,837100
2021-05-27,52.849998,53.389999,52.150002,52.720001,52.720001,732500
2021-05-28,53.000000,53.570000,52.509998,53.070000,53.070000,626100
2021-06-01,53.419998,53.790001,51.669998,52.290001,52.290001,813600
2021-06-02,52.009998,52.790001,51.680000,52.380001,52.380001,860400
2021-06-03,51.500000,51.730000,50.700001,51.020000,51.020000,1427300
2021-06-04,51.740002,53.480000,51.599998,53.150002,53.150002,935600
2021-06-07,52.810001,53.049999,50.770000,50.799999,50.799999,1677200
2021-06-08,51.259998,51.610001,50.349998,51.000000,51.000000,1251600
2021-06-09,51.110001,51.389999,49.880001,49.970001,49.970001,975300
2021-06-10,50.099998,51.130001,49.849998,50.880001,50.880001,690300
2021-06-11,51.220001,51.840000,50.840000,51.410000,51.410000,1266900
2021-06-14,51.430000,53.410000,51.369999,53.169998,53.169998,652000
2021-06-15,52.869999,53.160000,52.119999,52.349998,52.349998,810100
2021-06-16,52.520000,52.650002,50.680000,51.240002,51.240002,725100
2021-06-17,50.720001,52.290001,50.720001,51.520000,51.520000,725900
2021-06-18,50.799999,51.430000,49.430000,50.750000,50.750000,3142800
2021-06-21,50.980000,51.919998,50.130001,51.750000,51.750000,902200
2021-06-22,51.570000,52.270000,50.720001,52.220001,52.220001,669700
2021-06-23,52.720001,53.369999,52.220001,53.020000,53.020000,809600
2021-06-24,53.980000,55.669998,53.880001,55.430000,55.430000,1336600
2021-06-25,55.590000,56.430000,55.060001,55.869999,55.869999,2093000
2021-06-28,56.340000,57.599998,55.799999,57.200001,57.200001,1073400
2021-06-29,57.189999,57.480000,56.509998,57.279999,57.279999,1009500
2021-06-30,57.110001,57.259998,56.110001,56.180000,56.180000,1304000
2021-07-01,56.040001,56.330002,55.000000,55.299999,55.299999,788400
2021-07-02,55.849998,55.849998,54.650002,54.889999,54.889999,453300
2021-07-06,55.549999,55.549999,53.590000,54.740002,54.740002,1337500
2021-07-07,55.290001,55.400002,52.889999,53.320000,53.320000,694600
2021-07-08,52.150002,53.419998,50.980000,52.830002,52.830002,665800
2021-07-09,52.970001,54.330002,52.290001,53.990002,53.990002,504700
2021-07-12,54.189999,54.520000,53.820000,54.099998,54.099998,562300
2021-07-13,53.610001,53.790001,53.049999,53.070000,53.070000,412500
2021-07-14,53.880001,54.439999,52.580002,52.720001,52.720001,727900
2021-07-15,52.180000,52.520000,50.700001,51.570000,51.570000,861400
2021-07-16,52.180000,52.450001,50.189999,50.250000,50.250000,981300
2021-07-19,49.169998,51.009998,49.049999,50.439999,50.439999,721200
2021-07-20,50.799999,52.520000,50.040001,51.860001,51.860001,1077700
2021-07-21,52.009998,54.430000,51.799999,54.419998,54.419998,1069800
2021-07-22,53.900002,54.450001,52.930000,53.270000,53.270000,516700
2021-07-23,53.830002,54.400002,53.139999,54.029999,54.029999,602900
2021-07-26,53.759998,54.189999,52.889999,53.360001,53.360001,437700
2021-07-27,53.209999,53.209999,50.490002,52.459999,52.459999,824900
2021-07-28,52.869999,54.380001,52.430000,54.009998,54.009998,570800
2021-07-29,54.099998,55.580002,53.900002,55.169998,55.169998,719000
2021-07-30,54.549999,56.840000,54.480000,56.750000,56.750000,864500
2021-08-02,57.360001,58.740002,56.900002,57.090000,57.090000,938800
2021-08-03,57.150002,58.730000,56.360001,58.119999,58.119999,1221900
2021-08-04,58.139999,59.380001,56.750000,58.029999,58.029999,969700
2021-08-05,58.430000,60.000000,58.320000,59.900002,59.900002,864000
2021-08-06,59.490002,61.610001,59.189999,61.520000,61.520000,1117500
2021-08-09,61.590000,61.599998,59.930000,60.369999,60.369999,490500
2021-08-10,60.369999,60.639999,58.360001,60.400002,60.400002,932500
2021-08-11,60.500000,60.590000,58.840000,60.180000,60.180000,560300
2021-08-12,60.020000,60.279999,59.259998,59.389999,59.389999,520600
2021-08-13,59.180000,59.419998,58.400002,58.910000,58.910000,420900
2021-08-16,58.900002,59.070000,58.119999,58.330002,58.330002,435000
2021-08-17,57.759998,57.830002,56.060001,56.770000,56.770000,745300
2021-08-18,56.630001,57.290001,56.070000,56.150002,56.150002,790200
2021-08-19,55.430000,57.009998,55.070000,56.619999,56.619999,1161000
2021-08-20,56.740002,57.529999,55.560001,56.970001,56.970001,894900
2021-08-23,58.000000,59.090000,57.840000,58.270000,58.270000,1309400
2021-08-24,58.500000,58.810001,57.790001,58.160000,58.160000,1052000
2021-08-25,58.459999,59.220001,57.820000,57.840000,57.840000,559700
2021-08-26,57.639999,59.459999,57.500000,58.860001,58.860001,839900
2021-08-27,58.910000,61.509998,58.900002,61.180000,61.180000,1096900
2021-08-30,61.689999,62.799999,61.220001,62.759998,62.759998,690400