Date,Open,High,Low,Close,Adj Close,Volume
2021-01-04,19.610001,20.139999,18.150000,18.780001,18.780001,4060400
2021-01-05,18.790001,20.480000,18.750000,20.290001,20.290001,7655700
2021-01-06,20.240000,21.590000,20.129999,20.799999,20.799999,6087000
2021-01-07,21.719999,22.549999,21.340000,22.100000,22.100000,5593600
2021-01-08,22.090000,22.360001,20.900000,21.660000,21.660000,3875100
2021-01-11,20.969999,21.180000,20.400000,21.000000,21.000000,3604700
2021-01-12,21.020000,21.540001,20.180000,21.430000,21.430000,3626500
2021-01-13,21.930000,21.980000,20.889999,21.170000,21.170000,2964800
2021-01-14,21.270000,22.030001,21.139999,21.690001,21.690001,3262200
2021-01-15,21.250000,23.090000,20.889999,22.480000,22.480000,4351600
2021-01-19,23.200001,23.860001,22.540001,23.410000,23.410000,5121100
2021-01-20,23.910000,23.990000,21.570000,22.299999,22.299999,5164700
2021-01-21,22.549999,22.830000,21.139999,21.580000,21.580000,8862600
2021-01-22,21.180000,21.540001,20.290001,21.480000,21.480000,2833700
2021-01-25,21.780001,22.889999,20.820000,21.400000,21.400000,4166700
2021-01-26,21.980000,22.070000,20.450001,20.490000,20.490000,3636500
2021-01-27,19.590000,20.879999,18.809999,20.180000,20.180000,4407000
2021-01-28,20.209999,20.219999,19.120001,19.610001,19.610001,2759100
2021-01-29,19.350000,19.500000,17.930000,18.219999,18.219999,4891100
2021-02-01,19.209999,19.760000,18.570000,19.379999,19.379999,5278500
2021-02-02,19.450001,19.940001,18.990000,18.990000,18.990000,3583400
2021-02-03,19.290001,19.490000,18.799999,19.000000,19.000000,3260000
2021-02-04,19.080000,20.240000,18.959999,19.990000,19.990000,3585900
2021-02-05,20.360001,20.650000,19.750000,19.809999,19.809999,3707500
2021-02-08,19.950001,21.980000,19.870001,21.799999,21.799999,3553600
2021-02-09,21.620001,22.459999,21.260000,22.209999,22.209999,3186300
2021-02-10,22.500000,22.980000,20.980000,21.070000,21.070000,2522700
2021-02-11,21.000000,21.940001,20.340000,21.870001,21.870001,3041600
2021-02-12,21.840000,23.000000,21.620001,22.500000,22.500000,3817600
2021-02-16,23.000000,23.670000,22.500000,22.770000,22.770000,3161400
2021-02-17,22.690001,22.750000,21.129999,21.840000,21.840000,2971600
2021-02-18,21.049999,21.350000,20.100000,20.360001,20.360001,3765600
2021-02-19,20.219999,21.400000,19.610001,20.059999,20.059999,3726600
2021-02-22,20.219999,20.980000,19.370001,20.350000,20.350000,4212100
2021-02-23,19.260000,19.370001,16.920000,18.860001,18.860001,5829500
2021-02-24,19.010000,20.780001,18.879999,20.400000,20.400000,4083500
2021-02-25,20.330000,20.730000,18.500000,18.790001,18.790001,3767800
2021-02-26,19.049999,19.370001,18.070000,18.620001,18.620001,4438600
2021-03-01,19.219999,19.610001,18.510000,19.240000,19.240000,3012800
2021-03-02,19.590000,21.379999,19.520000,19.540001,19.540001,3860600
2021-03-03,19.760000,20.059999,18.680000,18.730000,18.730000,2599500
2021-03-04,18.320000,18.799999,16.590000,17.030001,17.030001,4711700
2021-03-05,17.450001,17.570000,14.730000,16.700001,16.700001,4222400
2021-03-08,16.639999,17.150000,16.059999,16.100000,16.100000,2332400
2021-03-09,16.629999,17.440001,16.250000,16.980000,16.980000,3302500
2021-03-10,17.469999,18.680000,17.200001,18.180000,18.180000,3277700
2021-03-11,18.900000,19.209999,18.450001,19.170000,19.170000,2833100
2021-03-12,18.600000,19.520000,18.480000,19.370001,19.370001,2897700
2021-03-15,19.139999,19.540001,18.540001,18.690001,18.690001,2182900
2021-03-16,18.799999,18.840000,17.860001,18.170000,18.170000,2128100
2021-03-17,17.700001,19.070000,17.520000,18.920000,18.920000,1809400
2021-03-18,18.840000,19.000000,17.480000,17.500000,17.500000,3629800
2021-03-19,17.860001,18.110001,17.250000,18.049999,18.049999,3526000
2021-03-22,18.120001,18.379999,17.639999,18.110001,18.110001,1804300
2021-03-23,17.840000,18.059999,17.320000,17.570000,17.570000,2658900
2021-03-24,17.799999,17.850000,16.360001,16.400000,16.400000,2555400
2021-03-25,16.070000,16.860001,15.480000,16.780001,16.780001,2554100
2021-03-26,17.000000,17.459999,16.379999,17.059999,17.059999,1731500
2021-03-29,16.799999,17.490000,15.730000,15.750000,15.750000,2189100
2021-03-30,16.430000,17.040001,15.810000,16.910000,16.910000,3400800
2021-03-31,17.180000,17.799999,16.950001,17.320000,17.320000,3287400
2021-04-01,17.930000,19.049999,17.700001,18.809999,18.809999,3630200
2021-04-05,19.340000,19.389999,17.450001,17.459999,17.459999,2809000
2021-04-06,17.500000,18.230000,17.370001,18.040001,18.040001,2494300
2021-04-07,17.830000,18.139999,16.809999,16.870001,16.870001,2182200
2021-04-08,16.950001,17.389999,16.790001,17.180000,17.180000,1359200
2021-04-09,17.040001,17.230000,16.629999,17.049999,17.049999,1311900
2021-04-12,16.910000,17.080000,16.610001,16.750000,16.750000,1185200
2021-04-13,16.959999,17.139999,16.230000,16.790001,16.790001,1514200
2021-04-14,16.809999,17.629999,16.670000,17.360001,17.360001,1808100
2021-04-15,17.520000,17.559999,15.870000,16.430000,16.430000,3007200
2021-04-16,16.400000,16.820000,16.260000,16.600000,16.600000,1876500
2021-04-19,17.059999,17.950001,16.889999,17.590000,17.590000,4291300
2021-04-20,17.370001,17.480000,15.980000,16.400000,16.400000,3069200
2021-04-21,16.129999,17.190001,16.059999,17.180000,17.180000,1766400
2021-04-22,17.480000,18.200001,17.070000,17.860001,17.860001,3974800
2021-04-23,17.920000,18.520000,17.809999,18.190001,18.190001,2017100
2021-04-26,18.340000,19.190001,18.340000,19.000000,19.000000,2719500
2021-04-27,19.110001,19.150000,18.600000,18.709999,18.709999,1404500
2021-04-28,18.540001,18.980000,18.260000,18.830000,18.830000,1136800
2021-04-29,18.959999,19.129999,17.750000,18.150000,18.150000,1466200
2021-04-30,17.860001,18.590000,17.790001,18.020000,18.020000,1541700
2021-05-03,18.160000,18.280001,17.440001,17.719999,17.719999,1890000
2021-05-04,17.940001,18.280001,16.799999,18.080000,18.080000,2303700
2021-05-05,18.370001,19.000000,17.950001,18.670000,18.670000,2400300
2021-05-06,18.150000,18.209999,16.760000,17.240000,17.240000,4033900
2021-05-07,17.389999,18.260000,17.250000,18.150000,18.150000,2091000
2021-05-10,18.170000,18.370001,17.650000,17.660000,17.660000,2134100
2021-05-11,16.799999,17.750000,16.670000,17.600000,17.600000,2401600
2021-05-12,17.250000,17.400000,16.330000,16.400000,16.400000,3372600
2021-05-13,16.559999,17.459999,16.320000,16.700001,16.700001,2534400
2021-05-14,16.969999,17.730000,16.870001,17.730000,17.730000,1387300
2021-05-17,17.500000,17.610001,16.760000,17.190001,17.190001,1449100
2021-05-18,17.240000,18.180000,17.020000,17.910000,17.910000,2021000
2021-05-19,17.280001,17.500000,16.959999,17.430000,17.430000,1968000
2021-05-20,17.430000,17.660000,16.930000,17.459999,17.459999,2134500
2021-05-21,17.760000,18.440001,17.639999,18.120001,18.120001,2245100
2021-05-24,18.270000,18.629999,17.760000,18.440001,18.440001,1375200
2021-05-25,18.500000,18.809999,17.920000,18.000000,18.000000,1476300
2021-05-26,17.920000,18.780001,17.719999,18.709999,18.709999,2211400
2021-05-27,18.809999,19.950001,18.629999,19.879999,19.879999,4148200
2021-05-28,20.000000,20.190001,19.450001,19.510000,19.510000,2271400
2021-06-01,19.750000,20.190001,19.139999,19.889999,19.889999,2536000
2021-06-02,19.980000,20.350000,19.860001,20.309999,20.309999,2512000
2021-06-03,20.209999,20.480000,19.790001,19.969999,19.969999,2380200
2021-06-04,20.000000,20.730000,19.930000,20.620001,20.620001,1666200
2021-06-07,20.650000,20.990000,20.490000,20.910000,20.910000,1521200
2021-06-08,20.990000,21.260000,20.559999,21.170000,21.170000,2506700
2021-06-09,21.480000,21.480000,20.450001,20.490000,20.490000,1598100
2021-06-10,19.610001,19.959999,18.750000,18.900000,18.900000,8311700
2021-06-11,18.080000,19.969999,17.990000,19.000000,19.000000,14037200
2021-06-14,19.299999,19.500000,18.180000,18.350000,18.350000,3047300
2021-06-15,18.330000,18.389999,17.360001,17.670000,17.670000,4041900
2021-06-16,17.530001,18.059999,17.410000,17.820000,17.820000,3175400
2021-06-17,17.820000,18.049999,17.150000,17.660000,17.660000,4211700
2021-06-18,17.350000,17.790001,17.170000,17.350000,17.350000,2675500
2021-06-21,17.680000,17.860001,17.330000,17.670000,17.670000,2874700
2021-06-22,17.670000,18.280001,17.549999,18.260000,18.260000,1983100
2021-06-23,18.410000,18.879999,18.400000,18.700001,18.700001,1600000
2021-06-24,19.020000,19.070000,18.250000,18.440001,18.440001,1787200
2021-06-25,18.650000,18.840000,18.000000,18.010000,18.010000,9871800
2021-06-28,18.190001,18.540001,17.889999,18.500000,18.500000,1813300
2021-06-29,18.840000,19.170000,18.440001,18.740000,18.740000,2165700
2021-06-30,18.660000,19.360001,18.450001,19.360001,19.360001,2529300
2021-07-01,19.469999,19.770000,19.270000,19.740000,19.740000,2070300
2021-07-02,19.870001,19.910000,19.270000,19.549999,19.549999,1641500
2021-07-06,19.799999,19.879999,18.879999,19.180000,19.180000,1985500
2021-07-07,19.260000,19.629999,18.629999,18.910000,18.910000,1412200
2021-07-08,18.400000,18.910000,18.020000,18.650000,18.650000,1179700
2021-07-09,18.879999,19.900000,18.860001,19.850000,19.850000,1650300
2021-07-12,19.770000,21.240000,19.760000,21.049999,21.049999,5151000
2021-07-13,20.820000,20.969999,19.410000,19.870001,19.870001,3412500
2021-07-14,20.250000,20.650000,19.520000,19.629999,19.629999,4102500
2021-07-15,19.660000,20.200001,19.260000,19.690001,19.690001,1998600
2021-07-16,19.760000,19.950001,17.820000,17.850000,17.850000,3568400
2021-07-19,17.459999,17.690001,16.750000,17.209999,17.209999,2552500
2021-07-20,17.520000,18.570000,17.330000,18.389999,18.389999,2293600
2021-07-21,19.160000,20.059999,19.090000,19.549999,19.549999,2714300
2021-07-22,19.799999,19.840000,19.100000,19.520000,19.520000,1460800
2021-07-23,19.600000,19.670000,18.320000,18.889999,18.889999,2073500
2021-07-26,18.920000,19.219999,18.610001,19.110001,19.110001,1118000
2021-07-27,18.840000,18.900000,18.010000,18.440001,18.440001,1124900
2021-07-28,18.590000,19.360001,18.490000,19.080000,19.080000,1276700
2021-07-29,19.389999,20.049999,19.299999,19.490000,19.490000,1491200
2021-07-30,19.309999,19.770000,19.080000,19.510000,19.510000,1431500
2021-08-02,19.600000,20.590000,19.600000,20.049999,20.049999,2501000
2021-08-03,19.930000,20.049999,18.910000,19.889999,19.889999,2702200
2021-08-04,19.660000,20.250000,19.170000,19.170000,19.170000,1764900
2021-08-05,19.410000,20.559999,19.160000,20.370001,20.370001,2457600
2021-08-06,21.080000,22.120001,20.820000,22.120001,22.120001,5622000
2021-08-09,22.020000,22.500000,21.370001,22.469999,22.469999,3778400
2021-08-10,22.790001,25.389999,22.629999,25.240000,25.240000,9144600
2021-08-11,25.490000,25.600000,23.760000,24.840000,24.840000,6427000
2021-08-12,24.850000,26.080000,24.170000,25.799999,25.799999,3676500
2021-08-13,26.200001,27.280001,25.670000,25.840000,25.840000,3991100
2021-08-16,24.950001,25.200001,23.670000,24.500000,24.500000,4363900
2021-08-17,23.900000,24.120001,21.959999,22.830000,22.830000,4667600
2021-08-18,23.150000,24.660000,22.820000,23.900000,23.900000,3141500
2021-08-19,22.959999,23.639999,22.420000,22.700001,22.700001,2533400
2021-08-20,22.570000,24.230000,22.570000,24.209999,24.209999,3289100
2021-08-23,25.070000,25.370001,24.459999,24.809999,24.809999,3729900
2021-08-24,24.980000,25.299999,24.139999,24.500000,24.500000,2124900
2021-08-25,24.500000,25.830000,24.190001,25.350000,25.350000,2596000
2021-08-26,25.250000,25.250000,23.639999,23.799999,23.799999,2513800
2021-08-27,24.200001,25.090000,23.889999,24.860001,24.860001,2284600
2021-08-30,25.450001,25.850000,24.980000,25.129999,25.129999,2182000