Date,Open,High,Low,Close,Adj Close,Volume
2021-01-04,10.690000,10.720000,10.170000,10.180000,9.993192,2327200
2021-01-05,10.180000,10.290000,10.120000,10.130000,9.944108,2209100
2021-01-06,10.200000,10.360000,10.040000,10.270000,10.081540,2898400
2021-01-07,10.230000,10.230000,9.980000,10.090000,9.904842,1998500
2021-01-08,10.080000,10.210000,10.010000,10.200000,10.012824,1557900
2021-01-11,10.200000,10.240000,9.990000,10.090000,9.904842,1136700
2021-01-12,10.090000,10.130000,9.980000,10.110000,9.924475,1399900
2021-01-13,10.160000,10.300000,10.110000,10.210000,10.022640,1245200
2021-01-14,10.280000,10.320000,10.170000,10.240000,10.052090,1639500
2021-01-15,10.180000,10.280000,10.120000,10.230000,10.042273,1572200
2021-01-19,10.320000,10.320000,10.170000,10.260000,10.071723,1589600
2021-01-20,10.230000,10.450000,10.190000,10.410000,10.218970,1027700
2021-01-21,10.390000,10.390000,10.150000,10.250000,10.061907,1541400
2021-01-22,10.160000,10.470000,10.150000,10.470000,10.277870,1609000
2021-01-25,10.400000,10.620000,10.330000,10.460000,10.268053,1065300
2021-01-26,10.480000,10.670000,10.480000,10.640000,10.444751,1002400
2021-01-27,10.550000,10.750000,10.430000,10.520000,10.326952,1994000
2021-01-28,10.550000,10.590000,10.400000,10.440000,10.248419,1880100
2021-01-29,10.400000,10.550000,10.180000,10.250000,10.061907,1757800
2021-02-01,10.260000,10.610000,10.220000,10.610000,10.415299,1503600
2021-02-02,10.710000,10.810000,10.480000,10.750000,10.552731,1146100
2021-02-03,10.660000,10.740000,10.460000,10.710000,10.513465,1271900
2021-02-04,10.680000,10.890000,10.650000,10.740000,10.542914,1852800
2021-02-05,10.840000,10.950000,10.790000,10.930000,10.729429,914200
2021-02-08,10.980000,11.040000,10.860000,11.020000,10.817777,1371600
2021-02-09,11.070000,11.180000,10.980000,11.080000,10.876676,1687300
2021-02-10,11.180000,11.240000,11.070000,11.160000,10.955207,1109000
2021-02-11,11.190000,11.280000,11.060000,11.210000,11.004290,1047100
2021-02-12,11.160000,11.260000,11.120000,11.170000,10.965024,1462800
2021-02-16,11.190000,11.250000,10.850000,10.980000,10.778510,1563600
2021-02-17,10.880000,11.000000,10.870000,10.880000,10.680346,958300
2021-02-18,10.880000,11.140000,10.810000,10.810000,10.611630,1071500
2021-02-19,10.790000,10.930000,10.740000,10.920000,10.719611,1388700
2021-02-22,10.830000,11.050000,10.770000,11.000000,10.798143,1464000
2021-02-23,11.070000,11.120000,10.970000,11.050000,10.847226,1698800
2021-02-24,11.110000,11.200000,11.030000,11.170000,10.965024,3787100
2021-02-25,11.190000,11.280000,10.960000,11.040000,10.837409,1940700
2021-02-26,11.060000,11.070000,10.720000,10.720000,10.523282,2115000
2021-03-01,10.910000,10.980000,10.790000,10.810000,10.611630,1617400
2021-03-02,10.790000,10.810000,10.520000,10.620000,10.425117,1810000
2021-03-03,10.670000,10.790000,10.590000,10.640000,10.444751,4320300
2021-03-04,10.690000,10.900000,10.530000,10.630000,10.434934,1920200
2021-03-05,10.750000,10.840000,10.570000,10.830000,10.631263,1738400
2021-03-08,10.870000,11.110000,10.790000,11.000000,10.798143,1718700
2021-03-09,11.070000,11.200000,11.020000,11.040000,10.837409,1647600
2021-03-10,11.090000,11.170000,11.020000,11.030000,10.827593,1708000
2021-03-11,11.090000,11.140000,11.020000,11.090000,10.886493,1135700
2021-03-12,11.070000,11.470000,11.070000,11.450000,11.239885,2213000
2021-03-15,11.440000,11.750000,11.370000,11.750000,11.534381,2456100
2021-03-16,11.710000,11.760000,11.500000,11.560000,11.347868,1973100
2021-03-17,11.520000,11.600000,11.290000,11.390000,11.180987,1566600
2021-03-18,11.360000,11.460000,11.240000,11.320000,11.112271,2039500
2021-03-19,11.330000,11.390000,11.090000,11.090000,10.886493,3657100
2021-03-22,11.100000,11.130000,11.020000,11.110000,10.906125,1075500
2021-03-23,11.050000,11.270000,11.020000,11.150000,10.945391,1991100
2021-03-24,11.200000,11.370000,11.040000,11.040000,10.837409,1122700
2021-03-25,10.970000,11.150000,10.780000,11.090000,10.886493,1209300
2021-03-26,11.160000,11.530000,11.160000,11.530000,11.318418,1897200
2021-03-29,11.520000,11.640000,11.260000,11.270000,11.063190,1871200
2021-03-30,11.190000,11.350000,11.160000,11.260000,11.160321,1243400
2021-03-31,11.240000,11.350000,11.110000,11.110000,11.011648,2889900
2021-04-01,11.220000,11.490000,11.120000,11.480000,11.378373,1544900
2021-04-05,11.560000,11.600000,11.340000,11.460000,11.358551,1627500
2021-04-06,11.400000,11.590000,11.400000,11.500000,11.398196,1660500
2021-04-07,11.490000,11.560000,11.360000,11.460000,11.358551,1643500
2021-04-08,11.450000,11.550000,11.420000,11.440000,11.338727,1558100
2021-04-09,11.440000,11.500000,11.390000,11.420000,11.318905,880200
2021-04-12,11.410000,11.620000,11.390000,11.590000,11.487400,1007900
2021-04-13,11.650000,11.710000,11.540000,11.600000,11.497312,1452400
2021-04-14,11.580000,11.650000,11.470000,11.480000,11.378373,907900
2021-04-15,11.540000,11.690000,11.470000,11.680000,11.576603,665600
2021-04-16,11.730000,11.730000,11.570000,11.640000,11.536958,1069600
2021-04-19,11.630000,11.780000,11.610000,11.750000,11.645984,2352700
2021-04-20,11.750000,11.980000,11.670000,11.940000,11.834301,2814100
2021-04-21,11.980000,12.130000,11.910000,12.040000,11.933416,2372000
2021-04-22,12.060000,12.100000,11.820000,11.890000,11.784744,2796800
2021-04-23,11.920000,12.010000,11.830000,11.970000,11.864036,2307900
2021-04-26,12.070000,12.130000,12.000000,12.050000,11.943328,2279500
2021-04-27,12.090000,12.120000,11.970000,12.050000,11.943328,2421800
2021-04-28,12.100000,12.200000,12.060000,12.110000,12.002796,2319600
2021-04-29,12.160000,12.340000,12.150000,12.270000,12.161381,2373300
2021-04-30,12.230000,12.310000,12.180000,12.240000,12.131645,2864200
2021-05-03,12.310000,12.340000,12.200000,12.230000,12.121734,1996700
2021-05-04,12.230000,12.320000,12.060000,12.080000,11.973062,1167900
2021-05-05,12.070000,12.120000,11.810000,12.040000,11.933416,2554400
2021-05-06,12.080000,12.270000,12.070000,12.200000,12.092000,2397600
2021-05-07,12.270000,12.660000,12.100000,12.630000,12.518193,1474000
2021-05-10,12.690000,12.750000,12.540000,12.580000,12.468636,2418300
2021-05-11,12.030000,12.230000,11.950000,12.060000,11.953239,6716700
2021-05-12,12.070000,12.240000,11.830000,11.880000,11.774833,8428400
2021-05-13,11.990000,12.130000,11.890000,12.070000,11.963150,4913400
2021-05-14,12.120000,12.200000,12.060000,12.120000,12.012708,2664700
2021-05-17,12.110000,12.160000,11.990000,12.060000,11.953239,1678400
2021-05-18,12.040000,12.110000,12.000000,12.050000,11.943328,2842100
2021-05-19,11.940000,12.120000,11.860000,12.110000,12.002796,1869400
2021-05-20,12.110000,12.160000,12.060000,12.100000,11.992886,3342500
2021-05-21,12.110000,12.130000,11.920000,12.050000,11.943328,2422600
2021-05-24,12.100000,12.220000,12.060000,12.140000,12.032531,2958900
2021-05-25,12.180000,12.310000,12.050000,12.200000,12.092000,4463400
2021-05-26,12.250000,12.440000,12.250000,12.370000,12.260494,4336600
2021-05-27,12.410000,12.480000,12.350000,12.350000,12.240672,2379600
2021-05-28,12.440000,12.480000,12.380000,12.380000,12.270407,1375800
2021-06-01,12.400000,12.710000,12.390000,12.670000,12.557839,2538200
2021-06-02,12.720000,12.740000,12.540000,12.550000,12.438902,2276400
2021-06-03,12.520000,12.540000,12.360000,12.490000,12.379433,3956700
2021-06-04,12.540000,12.610000,12.500000,12.580000,12.468636,1777400
2021-06-07,12.650000,12.840000,12.640000,12.770000,12.656954,2469200
2021-06-08,12.810000,12.980000,12.800000,12.890000,12.775892,1208700
2021-06-09,12.970000,13.020000,12.910000,12.930000,12.815537,1157800
2021-06-10,12.920000,13.030000,12.850000,13.010000,12.894830,1858800
2021-06-11,13.020000,13.020000,12.850000,12.970000,12.855184,1512200
2021-06-14,12.940000,13.020000,12.900000,13.000000,12.884918,1327000
2021-06-15,13.010000,13.030000,12.810000,12.820000,12.706511,2050800
2021-06-16,12.840000,12.900000,12.630000,12.640000,12.528105,1267000
2021-06-17,12.590000,12.630000,12.450000,12.520000,12.409167,1588900
2021-06-18,12.850000,12.850000,12.280000,12.300000,12.191114,3758200
2021-06-21,12.350000,12.560000,12.280000,12.480000,12.369520,1609500
2021-06-22,12.490000,12.500000,12.390000,12.410000,12.300140,2236300
2021-06-23,12.380000,12.440000,12.220000,12.230000,12.121734,1588600
2021-06-24,12.260000,12.280000,12.140000,12.260000,12.151469,1417300
2021-06-25,12.210000,12.350000,12.210000,12.260000,12.151469,3055400
2021-06-28,12.260000,12.280000,12.050000,12.200000,12.092000,1984500
2021-06-29,12.020000,12.120000,11.990000,12.020000,12.020000,1472700
2021-06-30,12.020000,12.100000,11.950000,11.950000,11.950000,1892100
2021-07-01,11.990000,12.130000,11.950000,12.060000,12.060000,2109000
2021-07-02,12.120000,12.160000,12.040000,12.100000,12.100000,2192500
2021-07-06,12.060000,12.240000,11.970000,12.210000,12.210000,2726300
2021-07-07,12.190000,12.320000,12.150000,12.260000,12.260000,1897200
2021-07-08,12.160000,12.230000,12.040000,12.080000,12.080000,1900500
2021-07-09,12.160000,12.300000,12.060000,12.260000,12.260000,2175300
2021-07-12,12.290000,12.520000,12.220000,12.520000,12.520000,1675400
2021-07-13,12.520000,12.530000,12.360000,12.440000,12.440000,1869900
2021-07-14,12.470000,12.580000,12.370000,12.530000,12.530000,1617500
2021-07-15,12.550000,12.690000,12.470000,12.680000,12.680000,1572600
2021-07-16,12.750000,12.820000,12.580000,12.610000,12.610000,1500000
2021-07-19,12.440000,12.560000,12.220000,12.350000,12.350000,1536600
2021-07-20,12.430000,12.810000,12.350000,12.690000,12.690000,2350200
2021-07-21,12.720000,12.890000,12.710000,12.750000,12.750000,1534300
2021-07-22,12.690000,12.730000,12.560000,12.680000,12.680000,1855600
2021-07-23,12.710000,12.880000,12.680000,12.850000,12.850000,1436800
2021-07-26,12.880000,12.940000,12.710000,12.790000,12.790000,1844500
2021-07-27,12.700000,12.900000,12.690000,12.880000,12.880000,1478000
2021-07-28,12.920000,12.980000,12.790000,12.920000,12.920000,2350200
2021-07-29,13.000000,13.140000,12.900000,13.070000,13.070000,1816400
2021-07-30,13.070000,13.260000,13.070000,13.150000,13.150000,3281500
2021-08-02,13.160000,13.310000,12.990000,13.040000,13.040000,2984400
2021-08-03,13.020000,13.160000,12.930000,13.130000,13.130000,3381600
2021-08-04,13.120000,13.190000,12.980000,13.050000,13.050000,4839500
2021-08-05,13.170000,13.320000,12.950000,13.220000,13.220000,1824700
2021-08-06,13.220000,13.390000,13.180000,13.260000,13.260000,2084300
2021-08-09,13.250000,13.410000,13.200000,13.360000,13.360000,2418700
2021-08-10,13.340000,13.350000,13.180000,13.190000,13.190000,1586700
2021-08-11,13.250000,13.300000,13.150000,13.270000,13.270000,4918000
2021-08-12,13.310000,13.330000,13.210000,13.310000,13.310000,949300
2021-08-13,13.330000,13.370000,13.270000,13.340000,13.340000,575400
2021-08-16,13.350000,13.470000,13.330000,13.380000,13.380000,1077500
2021-08-17,13.320000,13.470000,13.260000,13.390000,13.390000,1658300
2021-08-18,13.380000,13.410000,13.230000,13.250000,13.250000,1470300
2021-08-19,13.130000,13.400000,13.090000,13.380000,13.380000,1605900
2021-08-20,13.410000,13.540000,13.290000,13.450000,13.450000,1505600
2021-08-23,13.530000,13.530000,13.360000,13.460000,13.460000,1417000
2021-08-24,13.460000,13.460000,13.170000,13.240000,13.240000,915600
2021-08-25,13.220000,13.310000,13.160000,13.210000,13.210000,1268000
2021-08-26,13.220000,13.280000,13.170000,13.190000,13.190000,1066800
2021-08-27,13.280000,13.430000,13.220000,13.420000,13.420000,1426200
2021-08-30,13.420000,13.510000,13.330000,13.500000,13.500000,1032100