Date,Open,High,Low,Close,Adj Close,Volume
2021-01-04,11.330000,11.590000,11.070000,11.220000,11.220000,31673100
2021-01-05,11.190000,11.600000,11.160000,11.390000,11.390000,18788100
2021-01-06,11.500000,12.920000,11.500000,12.510000,12.510000,44888500
2021-01-07,12.710000,13.080000,12.090000,12.200000,12.200000,39106700
2021-01-08,12.300000,12.690000,11.940000,12.280000,12.280000,23380600
2021-01-11,12.100000,12.670000,11.980000,12.560000,12.560000,14147800
2021-01-12,12.590000,13.090000,12.450000,12.970000,12.970000,20503300
2021-01-13,12.890000,13.280000,12.680000,13.190000,13.190000,22282900
2021-01-14,13.080000,13.970000,13.020000,13.860000,13.860000,26930000
2021-01-15,13.780000,13.840000,12.940000,13.010000,13.010000,23205400
2021-01-19,13.200000,13.370000,12.580000,12.590000,12.590000,20033400
2021-01-20,12.680000,12.890000,12.320000,12.340000,12.340000,11475600
2021-01-21,12.360000,12.780000,12.260000,12.320000,12.320000,14718600
2021-01-22,12.200000,12.910000,12.000000,12.880000,12.880000,19133100
2021-01-25,13.030000,15.740000,12.930000,14.280000,14.280000,68719700
2021-01-26,14.700000,15.880000,14.220000,15.840000,15.840000,37707500
2021-01-27,16.900000,22.299999,16.750000,17.730000,17.730000,79658800
2021-01-28,17.740000,19.500000,15.500000,15.570000,15.570000,59950100
2021-01-29,16.840000,16.879999,15.040000,15.040000,15.040000,26677800
2021-02-01,15.300000,15.310000,14.370000,14.710000,14.710000,19825800
2021-02-02,14.670000,14.670000,13.560000,13.700000,13.700000,25292800
2021-02-03,13.870000,14.920000,13.780000,14.750000,14.750000,21204100
2021-02-04,14.630000,15.650000,14.590000,15.180000,15.180000,20483700
2021-02-05,15.360000,15.480000,14.770000,15.070000,15.070000,12149000
2021-02-08,15.300000,15.760000,15.220000,15.520000,15.520000,13580400
2021-02-09,15.280000,15.510000,14.890000,15.280000,15.280000,11679200
2021-02-10,15.440000,15.740000,15.060000,15.330000,15.330000,11341300
2021-02-11,15.370000,15.740000,15.020000,15.210000,15.210000,9582700
2021-02-12,15.100000,15.160000,14.720000,14.880000,14.880000,10067300
2021-02-16,15.020000,15.280000,14.790000,15.080000,15.080000,12473100
2021-02-17,15.040000,15.130000,14.670000,14.700000,14.700000,11928300
2021-02-18,14.580000,14.580000,13.950000,14.320000,14.320000,16264900
2021-02-19,14.400000,14.970000,14.370000,14.970000,14.970000,12305400
2021-02-22,15.220000,15.720000,15.150000,15.280000,15.280000,18364100
2021-02-23,15.310000,16.059999,13.730000,15.880000,15.880000,28123300
2021-02-24,16.059999,16.090000,15.150000,15.300000,15.300000,18940600
2021-02-25,15.300000,16.330000,15.170000,15.720000,15.720000,26021100
2021-02-26,15.550000,15.950000,15.090000,15.210000,15.210000,20647400
2021-03-01,15.590000,16.170000,15.260000,15.320000,15.320000,17535800
2021-03-02,15.440000,15.740000,15.230000,15.230000,15.230000,13476300
2021-03-03,15.440000,16.100000,15.310000,15.860000,15.860000,17845300
2021-03-04,15.690000,15.980000,14.680000,15.140000,15.140000,22950900
2021-03-05,15.370000,15.680000,14.330000,15.120000,15.120000,18732200
2021-03-08,15.400000,16.610001,15.190000,16.500000,16.500000,25587100
2021-03-09,16.320000,17.389999,15.880000,17.110001,17.110001,24120200
2021-03-10,17.040001,17.510000,16.430000,16.950001,16.950001,18559400
2021-03-11,17.129999,17.180000,16.610001,17.049999,17.049999,14807600
2021-03-12,17.070000,18.830000,17.000000,18.730000,18.730000,27036100
2021-03-15,18.610001,21.100000,18.520000,20.760000,20.760000,42106800
2021-03-16,20.160000,20.940001,19.969999,20.129999,20.129999,25304200
2021-03-17,19.840000,20.150000,19.080000,19.700001,19.700001,17820400
2021-03-18,19.530001,19.879999,18.590000,18.719999,18.719999,17993000
2021-03-19,18.730000,18.920000,18.190001,18.709999,18.709999,14609500
2021-03-22,18.850000,18.910000,17.780001,17.780001,17.780001,16110500
2021-03-23,17.480000,17.740000,16.000000,16.090000,16.090000,24517200
2021-03-24,16.450001,17.250000,15.240000,15.260000,15.260000,23496400
2021-03-25,15.000000,16.530001,14.760000,16.430000,16.430000,27528000
2021-03-26,16.650000,17.059999,16.020000,16.420000,16.420000,19727500
2021-03-29,16.139999,16.639999,15.730000,15.870000,15.870000,15771000
2021-03-30,15.990000,16.600000,15.740000,16.570000,16.570000,13862800
2021-03-31,16.660000,17.059999,15.930000,16.190001,16.190001,19560200
2021-04-01,16.299999,16.309999,15.430000,15.720000,15.720000,16208300
2021-04-05,15.960000,16.120001,15.460000,15.790000,15.790000,12451800
2021-04-06,15.620000,16.410000,15.570000,16.120001,16.120001,13650800
2021-04-07,16.000000,16.299999,15.700000,15.970000,15.970000,13352600
2021-04-08,15.810000,16.180000,15.420000,16.170000,16.170000,11669900
2021-04-09,16.110001,16.750000,15.790000,16.730000,16.730000,14255000
2021-04-12,16.520000,17.100000,16.400000,17.059999,17.059999,14371100
2021-04-13,17.040001,17.090000,15.830000,16.629999,16.629999,18443600
2021-04-14,16.780001,17.360001,16.680000,16.809999,16.809999,19496900
2021-04-15,17.059999,17.129999,16.360001,16.740000,16.740000,13522000
2021-04-16,16.719999,16.950001,16.410000,16.780001,16.780001,9574900
2021-04-19,16.910000,17.090000,16.549999,16.799999,16.799999,11270300
2021-04-20,16.530001,16.570000,15.560000,16.000000,16.000000,15705300
2021-04-21,15.950000,16.730000,15.780000,16.670000,16.670000,11401700
2021-04-22,16.820000,17.330000,16.680000,16.900000,16.900000,14530000
2021-04-23,17.000000,17.059999,16.600000,16.920000,16.920000,8608900
2021-04-26,17.000000,17.360001,16.330000,16.459999,16.459999,12093800
2021-04-27,16.500000,17.570000,16.500000,17.430000,17.430000,18284600
2021-04-28,17.240000,17.510000,16.980000,17.110001,17.110001,13990200
2021-04-29,17.299999,17.500000,16.540001,16.780001,16.780001,12323500
2021-04-30,16.730000,16.900000,16.450001,16.580000,16.580000,9795700
2021-05-03,16.670000,18.000000,16.520000,17.910000,17.910000,19733700
2021-05-04,17.709999,17.740000,16.969999,17.719999,17.719999,11631700
2021-05-05,17.840000,18.190001,17.290001,17.410000,17.410000,12903700
2021-05-06,17.510000,17.650000,16.969999,17.330000,17.330000,7327100
2021-05-07,17.389999,17.850000,17.200001,17.680000,17.680000,8018100
2021-05-10,17.879999,18.549999,17.530001,17.549999,17.549999,16947500
2021-05-11,17.200001,17.500000,16.639999,17.250000,17.250000,14370300
2021-05-12,17.129999,17.230000,16.350000,16.389999,16.389999,15191800
2021-05-13,16.459999,17.059999,15.550000,15.860000,15.860000,16113100
2021-05-14,16.260000,18.250000,16.219999,18.080000,18.080000,29393500
2021-05-17,18.059999,19.290001,18.000000,19.160000,19.160000,29304800
2021-05-18,19.440001,19.650000,18.530001,19.090000,19.090000,37257600
2021-05-19,18.680000,18.980000,17.980000,18.780001,18.780001,26428400
2021-05-20,18.570000,18.990000,17.750000,18.049999,18.049999,25497900
2021-05-21,18.240000,18.400000,17.879999,18.200001,18.200001,14756600
2021-05-24,18.480000,18.480000,17.900000,17.910000,17.910000,12394900
2021-05-25,17.980000,18.750000,17.950001,17.959999,17.959999,11878100
2021-05-26,18.020000,18.760000,17.959999,18.430000,18.430000,14866400
2021-05-27,18.480000,18.980000,18.320000,18.870001,18.870001,13004800
2021-05-28,18.879999,19.049999,18.200001,18.280001,18.280001,11538100
2021-06-01,18.420000,18.920000,18.389999,18.500000,18.500000,12142500
2021-06-02,18.719999,18.930000,17.910000,18.920000,18.920000,18383200
2021-06-03,18.870001,18.900000,18.219999,18.320000,18.320000,13287700
2021-06-04,18.370001,18.430000,17.650000,17.940001,17.940001,17034400
2021-06-07,18.000000,18.719999,17.940001,18.639999,18.639999,12779000
2021-06-08,18.610001,18.900000,18.070000,18.680000,18.680000,15190400
2021-06-09,18.780001,20.379999,18.610001,19.600000,19.600000,29425800
2021-06-10,19.700001,20.219999,18.910000,18.930000,18.930000,11927600
2021-06-11,19.090000,19.500000,18.770000,19.459999,19.459999,10098200
2021-06-14,19.620001,19.690001,18.680000,18.790001,18.790001,13098400
2021-06-15,18.709999,18.930000,17.930000,18.440001,18.440001,14139100
2021-06-16,18.240000,18.790001,17.830000,18.639999,18.639999,14295400
2021-06-17,18.639999,18.760000,17.830000,18.129999,18.129999,24893300
2021-06-18,18.139999,18.330000,17.660000,17.719999,17.719999,15635000
2021-06-21,17.760000,18.340000,17.750000,18.180000,18.180000,10722300
2021-06-22,18.240000,18.760000,17.950001,18.650000,18.650000,11651000
2021-06-23,18.570000,19.010000,18.450001,18.780001,18.780001,9212100
2021-06-24,18.870001,19.830000,18.709999,19.450001,19.450001,17842600
2021-06-25,19.610001,20.309999,19.540001,19.620001,19.620001,18677000
2021-06-28,19.620001,19.629999,18.910000,19.250000,19.250000,11134100
2021-06-29,19.400000,19.420000,18.830000,18.830000,18.830000,8186400
2021-06-30,18.850000,19.150000,18.680000,18.959999,18.959999,8609900
2021-07-01,19.250000,19.370001,18.709999,18.830000,18.830000,8446200
2021-07-02,18.809999,18.809999,18.459999,18.620001,18.620001,5640000
2021-07-06,18.610001,18.650000,17.870001,18.260000,18.260000,10303400
2021-07-07,18.000000,18.170000,17.049999,17.170000,17.170000,17008200
2021-07-08,16.740000,17.469999,16.500000,17.469999,17.469999,15366800
2021-07-09,17.610001,18.709999,17.610001,18.670000,18.670000,15133300
2021-07-12,18.490000,19.180000,18.230000,19.100000,19.100000,12964800
2021-07-13,19.000000,19.200001,18.430000,18.549999,18.549999,10009600
2021-07-14,18.719999,19.090000,18.030001,18.049999,18.049999,9146800
2021-07-15,18.000000,18.040001,17.170000,17.559999,17.559999,11941400
2021-07-16,17.799999,18.000000,16.730000,16.940001,16.940001,12974900
2021-07-19,16.320000,16.530001,15.680000,16.110001,16.110001,17426900
2021-07-20,16.160000,16.990000,15.950000,16.860001,16.860001,14103300
2021-07-21,17.090000,17.830000,17.090000,17.580000,17.580000,14223500
2021-07-22,17.540001,17.549999,16.820000,16.959999,16.959999,13668600
2021-07-23,16.980000,17.120001,16.410000,16.660000,16.660000,12087100
2021-07-26,16.750000,17.580000,16.730000,17.450001,17.450001,12591400
2021-07-27,17.230000,17.290001,16.600000,17.040001,17.040001,13264700
2021-07-28,17.070000,17.320000,16.629999,16.730000,16.730000,9542700
2021-07-29,16.889999,17.200001,16.620001,16.629999,16.629999,9924400
2021-07-30,16.620001,17.549999,16.520000,17.000000,17.000000,16515400
2021-08-02,17.190001,17.559999,16.799999,17.080000,17.080000,12271900
2021-08-03,17.219999,17.379999,16.410000,17.290001,17.290001,10463500
2021-08-04,17.139999,17.379999,16.650000,16.730000,16.730000,15017000
2021-08-05,16.850000,17.530001,16.840000,17.469999,17.469999,10539100
2021-08-06,17.900000,18.580000,17.830000,18.559999,18.559999,17086400
2021-08-09,18.540001,18.969999,18.139999,18.840000,18.840000,9401100
2021-08-10,18.799999,19.600000,18.700001,19.340000,19.340000,11524800
2021-08-11,19.240000,19.879999,19.110001,19.809999,19.809999,10302100
2021-08-12,20.299999,20.370001,18.930000,19.299999,19.299999,14646200
2021-08-13,19.200001,19.260000,18.719999,18.920000,18.920000,8187800
2021-08-16,18.900000,19.129999,18.480000,18.910000,18.910000,11398900
2021-08-17,18.430000,18.730000,17.850000,18.270000,18.270000,14817100
2021-08-18,18.139999,18.719999,17.730000,18.070000,18.070000,17615500
2021-08-19,19.240000,22.190001,18.790001,21.610001,21.610001,138751200
2021-08-20,21.690001,22.629999,21.010000,22.389999,22.389999,57169700
2021-08-23,22.870001,23.090000,21.990000,22.480000,22.480000,28348900
2021-08-24,22.639999,23.690001,22.500000,23.480000,23.480000,23134600
2021-08-25,23.190001,23.760000,22.330000,23.590000,23.590000,22931400
2021-08-26,23.320000,23.420000,22.430000,22.540001,22.540001,19621200
2021-08-27,22.510000,23.190001,22.440001,22.990000,22.990000,14191200
2021-08-30,23.030001,23.120001,22.450001,22.459999,22.459999,12609300