Date,Open,High,Low,Close,Adj Close,Volume
2021-01-04,10.700000,10.800000,10.310000,10.660000,10.316109,3668300
2021-01-05,10.850000,11.200000,10.740000,10.970000,10.616109,3288300
2021-01-06,11.200000,12.180000,11.180000,11.590000,11.216106,7164600
2021-01-07,11.730000,12.010000,11.420000,11.450000,11.080624,2489600
2021-01-08,11.440000,11.680000,11.060000,11.660000,11.283850,2483200
2021-01-11,11.170000,11.600000,11.170000,11.420000,11.051592,1881000
2021-01-12,11.460000,12.010000,11.400000,11.960000,11.574172,2534700
2021-01-13,11.990000,12.990000,11.780000,12.810000,12.396750,6274800
2021-01-14,13.110000,15.100000,13.100000,14.200000,13.741909,14053400
2021-01-15,13.930000,14.170000,13.240000,13.580000,13.141910,5916400
2021-01-19,13.920000,15.050000,13.900000,14.580000,14.109651,7021400
2021-01-20,14.550000,14.860000,13.990000,14.070000,13.616103,3873300
2021-01-21,14.260000,14.280000,13.270000,13.320000,12.890297,4854200
2021-01-22,13.130000,14.800000,13.020000,14.250000,13.790297,6979600
2021-01-25,14.850000,18.840000,14.800000,17.240000,16.683838,21128200
2021-01-26,17.510000,21.190001,17.110001,19.459999,18.832220,17421700
2021-01-27,21.110001,25.990000,18.570000,22.379999,21.658022,58466600
2021-01-28,21.850000,23.730000,18.100000,19.010000,18.396738,21758600
2021-01-29,19.549999,20.090000,15.520000,15.700000,15.193519,14640700
2021-02-01,16.090000,16.299999,13.470000,14.010000,13.558039,25428800
2021-02-02,13.930000,14.000000,12.170000,12.310000,11.912881,22124500
2021-02-03,12.600000,12.900000,11.720000,12.410000,12.009655,14747800
2021-02-04,12.690000,13.950000,12.530000,12.870000,12.454814,14325100
2021-02-05,13.050000,13.450000,12.930000,12.970000,12.551589,6826600
2021-02-08,13.150000,13.540000,13.020000,13.280000,12.851587,6164900
2021-02-09,13.510000,13.690000,12.830000,13.000000,12.580622,5974900
2021-02-10,13.100000,13.240000,12.830000,13.050000,12.629007,7374600
2021-02-11,13.000000,13.310000,12.570000,12.750000,12.338685,5986700
2021-02-12,12.690000,13.030000,12.600000,12.900000,12.483847,4055800
2021-02-16,13.000000,13.340000,12.780000,12.810000,12.396750,6573000
2021-02-17,12.770000,12.890000,12.450000,12.680000,12.270945,4439300
2021-02-18,12.370000,12.600000,12.080000,12.450000,12.192598,4512500
2021-02-19,12.450000,12.780000,12.290000,12.520000,12.261151,5614200
2021-02-22,12.660000,13.720000,12.440000,13.360000,13.083783,12079300
2021-02-23,13.140000,13.770000,12.660000,13.150000,12.878125,12887200
2021-02-24,13.000000,13.940000,12.860000,13.790000,13.504893,8418900
2021-02-25,14.240000,14.850000,13.010000,13.190000,12.917298,11450600
2021-02-26,13.340000,13.680000,12.630000,12.920000,12.652882,7196500
2021-03-01,13.270000,13.640000,12.970000,13.000000,12.731228,6466900
2021-03-02,13.150000,13.420000,12.980000,13.000000,12.731228,5219200
2021-03-03,13.150000,13.860000,13.140000,13.630000,13.348203,9469600
2021-03-04,14.200000,14.780000,12.930000,13.730000,13.446134,13764900
2021-03-05,13.790000,14.130000,12.530000,13.430000,13.152337,7877000
2021-03-08,13.520000,13.680000,13.180000,13.580000,13.299235,7340700
2021-03-09,13.700000,14.220000,13.120000,13.550000,13.269856,11272900
2021-03-10,13.690000,14.790000,13.460000,13.750000,13.465720,11807700
2021-03-11,13.800000,13.930000,13.380000,13.410000,13.132751,6988000
2021-03-12,13.500000,13.750000,13.300000,13.430000,13.152337,5863400
2021-03-15,13.450000,14.770000,13.400000,14.250000,13.955383,13282100
2021-03-16,14.250000,14.380000,13.410000,13.450000,13.171924,7833600
2021-03-17,13.380000,13.760000,13.310000,13.730000,13.446134,5461500
2021-03-18,13.670000,14.090000,13.220000,13.330000,13.054404,7067400
2021-03-19,13.290000,13.390000,12.860000,13.000000,12.731228,10771700
2021-03-22,13.000000,13.350000,12.900000,12.980000,12.711640,5649300
2021-03-23,12.890000,13.000000,12.260000,12.350000,12.094666,9607800
2021-03-24,12.410000,12.700000,11.950000,11.960000,11.712729,7187400
2021-03-25,11.920000,12.460000,11.570000,12.140000,11.889008,6870200
2021-03-26,12.950000,12.950000,11.900000,12.180000,11.928181,17617500
2021-03-29,12.260000,12.290000,11.040000,11.570000,11.330791,19233800
2021-03-30,11.510000,12.050000,11.260000,11.800000,11.556038,11091500
2021-03-31,11.850000,12.040000,11.630000,11.700000,11.458104,5081400
2021-04-01,11.880000,11.970000,11.670000,11.970000,11.722523,3916300
2021-04-05,12.090000,12.200000,11.700000,11.860000,11.614797,3763900
2021-04-06,11.830000,12.400000,11.830000,12.180000,11.928181,4088100
2021-04-07,12.200000,12.490000,12.200000,12.380000,12.124045,4117900
2021-04-08,12.390000,12.510000,12.000000,12.360000,12.104459,3972800
2021-04-09,12.440000,12.480000,12.130000,12.170000,11.918387,3205000
2021-04-12,12.180000,12.270000,11.860000,12.230000,11.977146,3850300
2021-04-13,12.230000,12.250000,11.750000,12.160000,11.908593,4126000
2021-04-14,12.180000,12.670000,12.170000,12.330000,12.075080,3629200
2021-04-15,12.540000,12.630000,12.300000,12.500000,12.241565,3745700
2021-04-16,12.500000,13.000000,12.480000,12.600000,12.339498,10744400
2021-04-19,12.630000,12.780000,12.360000,12.670000,12.408050,3959900
2021-04-20,12.500000,12.640000,11.960000,12.270000,12.016320,6216700
2021-04-21,12.150000,12.810000,11.990000,12.760000,12.496189,3164500
2021-04-22,12.790000,13.060000,12.610000,12.680000,12.417844,2948900
2021-04-23,12.710000,13.000000,12.550000,12.980000,12.711640,2012800
2021-04-26,13.190000,13.630000,13.040000,13.480000,13.201303,5082900
2021-04-27,13.500000,14.210000,13.320000,14.080000,13.788898,5784000
2021-04-28,14.000000,14.720000,13.920000,14.100000,13.808486,4653900
2021-04-29,14.300000,14.570000,13.910000,14.110000,13.818277,5201900
2021-04-30,14.000000,14.040000,13.490000,13.790000,13.504893,6053500
2021-05-03,13.830000,14.130000,13.700000,13.940000,13.651793,3077800
2021-05-04,13.900000,13.990000,13.260000,13.540000,13.260062,3738500
2021-05-05,13.550000,13.950000,13.430000,13.500000,13.220889,4469900
2021-05-06,13.460000,13.510000,13.060000,13.470000,13.339730,2969900
2021-05-07,13.410000,13.820000,13.290000,13.740000,13.607119,2280900
2021-05-10,13.810000,14.420000,13.810000,14.190000,14.052766,8084300
2021-05-11,13.450000,14.190000,13.000000,14.140000,14.003250,8211400
2021-05-12,14.070000,14.190000,13.020000,13.030000,12.903985,6674500
2021-05-13,13.000000,13.840000,13.000000,13.440000,13.310019,4818700
2021-05-14,13.570000,14.210000,13.570000,14.010000,13.874507,5560500
2021-05-17,14.000000,14.350000,13.850000,14.310000,14.171606,5996800
2021-05-18,14.450000,14.710000,14.090000,14.530000,14.389478,5269800
2021-05-19,14.100000,14.430000,13.660000,14.430000,14.290445,5319600
2021-05-20,14.450000,14.450000,13.950000,14.190000,14.052766,3638600
2021-05-21,14.250000,14.620000,14.130000,14.330000,14.191412,2278000
2021-05-24,14.400000,15.060000,14.180000,14.970000,14.825223,4326800
2021-05-25,15.050000,15.560000,14.830000,14.960000,14.815320,4698100
2021-05-26,15.010000,16.180000,14.890000,15.760000,15.607583,8163800
2021-05-27,15.850000,16.200001,15.610000,16.150000,15.993811,10718800
2021-05-28,16.240000,16.420000,15.750000,15.910000,15.756132,4555100
2021-06-01,16.040001,16.930000,16.020000,16.639999,16.479071,5868400
2021-06-02,16.860001,18.450001,16.510000,18.150000,17.974468,9584200
2021-06-03,18.100000,18.330000,17.379999,17.559999,17.390175,6359700
2021-06-04,17.660000,17.760000,16.860001,17.049999,16.885107,5831500
2021-06-07,17.309999,18.240000,17.160000,17.700001,17.528822,4963100
2021-06-08,17.860001,18.629999,17.790001,17.990000,17.816015,5737300
2021-06-09,18.200001,18.500000,17.959999,18.010000,17.835823,4269900
2021-06-10,18.049999,18.290001,17.040001,17.340000,17.172302,4114100
2021-06-11,17.340000,17.690001,17.020000,17.690001,17.518917,3407000
2021-06-14,17.709999,18.090000,17.270000,17.430000,17.261433,3567100
2021-06-15,17.389999,17.629999,17.030001,17.100000,16.934624,4440400
2021-06-16,17.070000,17.950001,17.010000,17.790001,17.617950,6367900
2021-06-17,17.680000,18.080000,16.820000,17.200001,17.033657,6122800
2021-06-18,17.010000,17.410000,16.900000,17.150000,16.984138,20405400
2021-06-21,17.139999,17.910000,16.910000,17.770000,17.598145,4577700
2021-06-22,17.830000,17.830000,17.250000,17.709999,17.538723,4606600
2021-06-23,17.709999,18.290001,17.600000,18.190001,18.014082,4149900
2021-06-24,18.270000,18.480000,17.850000,18.379999,18.202244,5710000
2021-06-25,18.360001,18.780001,18.280001,18.430000,18.251760,9992100
2021-06-28,18.860001,18.879999,17.799999,18.490000,18.311180,6740100
2021-06-29,18.400000,18.860001,18.330000,18.360001,18.182438,4361800
2021-06-30,18.290001,18.559999,18.150000,18.250000,18.073502,2853300
2021-07-01,18.250000,18.660000,18.200001,18.500000,18.321083,2770100
2021-07-02,18.480000,18.790001,18.410000,18.700001,18.519150,5326300
2021-07-06,18.600000,18.700001,17.030001,17.580000,17.409981,5995900
2021-07-07,17.389999,17.680000,16.719999,17.129999,16.964333,3549100
2021-07-08,16.389999,17.600000,16.360001,17.200001,17.033657,3769200
2021-07-09,17.490000,18.010000,17.430000,17.879999,17.707079,3088700
2021-07-12,17.730000,18.209999,17.549999,18.160000,17.984371,1681100
2021-07-13,18.000000,18.129999,17.400000,17.510000,17.340658,2530600
2021-07-14,17.500000,17.980000,16.959999,17.520000,17.350561,3817400
2021-07-15,17.700001,17.870001,17.049999,17.610001,17.439692,3222400
2021-07-16,17.830000,17.900000,16.740000,16.780001,16.617720,3530400
2021-07-19,16.139999,16.170000,15.230000,15.710000,15.558066,5451400
2021-07-20,15.860000,16.860001,15.430000,16.719999,16.558298,3219000
2021-07-21,16.830000,17.600000,16.820000,17.270000,17.102980,2536700
2021-07-22,17.090000,17.110001,16.459999,16.570000,16.409748,1884500
2021-07-23,16.700001,16.870001,16.219999,16.469999,16.310715,1587400
2021-07-26,16.389999,16.920000,16.389999,16.870001,16.706848,1422600
2021-07-27,16.750000,16.889999,16.360001,16.559999,16.399845,1815700
2021-07-28,16.620001,16.860001,16.190001,16.540001,16.380039,1640100
2021-07-29,16.559999,17.040001,16.559999,16.690001,16.528589,1488600
2021-07-30,16.730000,16.969999,16.170000,16.299999,16.142359,3236000
2021-08-02,16.350000,16.930000,16.080000,16.150000,15.993811,2375300
2021-08-03,16.270000,16.450001,15.670000,16.450001,16.290911,3918100
2021-08-04,16.030001,16.500000,15.450000,15.580000,15.429323,6728600
2021-08-05,15.760000,16.639999,15.750000,16.610001,16.449364,3811100
2021-08-06,16.770000,17.160000,16.620001,16.840000,16.677137,3024500
2021-08-09,16.660000,16.950001,16.379999,16.840000,16.677137,3278200
2021-08-10,16.900000,17.250000,16.700001,17.000000,16.835590,1909400
2021-08-11,17.020000,17.240000,16.740000,17.150000,16.984138,1651700
2021-08-12,17.270000,17.360001,16.719999,16.990000,16.825687,1958700
2021-08-13,17.090000,17.100000,16.770000,16.860001,16.696945,1958200
2021-08-16,16.719999,16.790001,16.200001,16.209999,16.053230,2733100
2021-08-17,16.000000,16.049999,15.340000,15.510000,15.360001,4386800
2021-08-18,15.360000,15.840000,15.140000,15.510000,15.510000,2876300
2021-08-19,15.310000,15.650000,14.850000,15.360000,15.360000,4251100
2021-08-20,15.320000,15.740000,15.240000,15.670000,15.670000,2552600
2021-08-23,15.880000,16.090000,15.590000,16.000000,16.000000,2865500
2021-08-24,16.100000,16.469999,16.040001,16.290001,16.290001,2045200
2021-08-25,16.370001,16.700001,16.049999,16.389999,16.389999,2074500
2021-08-26,16.370001,16.370001,15.990000,16.150000,16.150000,2089500
2021-08-27,16.200001,16.980000,16.110001,16.740000,16.740000,2897200
2021-08-30,16.690001,16.830000,16.290001,16.830000,16.830000,2327600