Date,Open,High,Low,Close,Adj Close,Volume
2021-01-04,12.480000,12.490000,10.530000,11.010000,11.010000,35826600
2021-01-05,10.700000,14.300000,10.690000,13.590000,13.590000,61984100
2021-01-06,14.580000,17.580000,14.250000,16.959999,16.959999,83119900
2021-01-07,20.180000,24.350000,18.549999,22.360001,22.360001,118963600
2021-01-08,25.059999,28.370001,23.799999,26.389999,26.389999,97428200
2021-01-11,20.000000,25.440001,19.600000,23.360001,23.360001,93551100
2021-01-12,24.000000,26.920000,22.809999,26.150000,26.150000,57414200
2021-01-13,22.389999,23.660000,21.650000,23.000000,23.000000,69463000
2021-01-14,25.910000,26.549999,23.730000,24.440001,24.440001,55343600
2021-01-15,23.100000,23.670000,21.850000,22.389999,22.389999,33851100
2021-01-19,23.820000,23.930000,22.040001,22.350000,22.350000,28223700
2021-01-20,21.110001,21.379999,17.590000,19.270000,19.270000,45124100
2021-01-21,16.450001,19.100000,15.720000,17.559999,17.559999,51838200
2021-01-22,18.770000,19.850000,17.950001,18.299999,18.299999,41305200
2021-01-25,19.500000,19.570000,17.450001,18.219999,18.219999,24655900
2021-01-26,17.500000,19.590000,17.010000,18.600000,18.600000,29926800
2021-01-27,17.090000,18.430000,16.480000,17.650000,17.650000,17609100
2021-01-28,18.389999,21.959999,17.160000,19.900000,19.900000,39673500
2021-01-29,24.139999,24.180000,19.650000,20.740000,20.740000,43378300
2021-02-01,20.580000,21.160000,19.350000,20.740000,20.740000,17122600
2021-02-02,21.389999,23.410000,20.299999,22.740000,22.740000,23919100
2021-02-03,23.000000,24.959999,22.799999,23.670000,23.670000,26745800
2021-02-04,24.000000,24.090000,21.860001,22.799999,22.799999,21042000
2021-02-05,23.100000,23.889999,21.900000,22.520000,22.520000,16620800
2021-02-08,26.940001,32.070000,25.650000,32.070000,32.070000,73091600
2021-02-09,35.509998,39.740002,33.529999,37.590000,37.590000,57665400
2021-02-10,34.660000,36.349998,30.629999,34.009998,34.009998,30291700
2021-02-11,38.299999,41.000000,36.000000,37.270000,37.270000,38459700
2021-02-12,37.889999,40.990002,36.310001,38.459999,38.459999,31026300
2021-02-16,41.959999,45.259998,41.250000,43.560001,43.560001,29144000
2021-02-17,46.029999,49.410000,43.650002,47.900002,47.900002,35069000
2021-02-18,44.180000,47.720001,40.720001,40.980000,40.980000,24599800
2021-02-19,43.759998,46.400002,42.180000,43.270000,43.270000,24234100
2021-02-22,37.049999,41.490002,36.599998,37.110001,37.110001,20575300
2021-02-23,30.990000,31.709999,26.059999,28.559999,28.559999,31753900
2021-02-24,32.549999,36.540001,31.129999,33.410000,33.410000,26775000
2021-02-25,36.070000,37.689999,29.680000,30.629999,30.629999,23955600
2021-02-26,28.549999,32.349998,28.200001,30.150000,30.150000,21127500
2021-03-01,34.220001,38.500000,32.330002,38.500000,38.500000,22963800
2021-03-02,40.000000,40.000000,34.669998,34.889999,34.889999,17302500
2021-03-03,38.110001,38.450001,34.830002,36.619999,36.619999,18558700
2021-03-04,34.349998,36.200001,28.500000,32.009998,32.009998,20974700
2021-03-05,32.400002,32.880001,24.110001,30.030001,30.030001,24275700
2021-03-08,31.500000,32.450001,28.010000,28.510000,28.510000,16352300
2021-03-09,32.020000,37.959999,31.830000,36.770000,36.770000,27885100
2021-03-10,39.400002,40.549999,36.299999,38.189999,38.189999,24032800
2021-03-11,38.900002,42.209999,37.869999,41.810001,41.810001,19389200
2021-03-12,37.770000,43.599998,37.500000,40.700001,40.700001,15683400
2021-03-15,41.009998,44.869999,41.000000,43.099998,43.099998,15997600
2021-03-16,41.590000,42.189999,37.080002,38.360001,38.360001,14829500
2021-03-17,37.009998,43.400002,35.000000,43.180000,43.180000,21192100
2021-03-18,41.900002,45.910000,40.709999,41.560001,41.560001,22632700
2021-03-19,42.310001,44.299999,41.599998,43.049999,43.049999,18246700
2021-03-22,42.970001,43.230000,39.130001,39.990002,39.990002,16740600
2021-03-23,39.189999,41.369999,37.610001,38.040001,38.040001,15570400
2021-03-24,40.020000,40.590000,33.639999,34.040001,34.040001,14714100
2021-03-25,29.840000,34.700001,29.570000,34.200001,34.200001,17276000
2021-03-26,34.750000,36.189999,33.799999,36.090000,36.090000,10801900
2021-03-29,39.020000,40.439999,37.619999,38.130001,38.130001,15161100
2021-03-30,39.330002,44.349998,38.549999,44.139999,44.139999,23344700
2021-03-31,43.529999,50.209999,42.599998,48.020000,48.020000,35148800
2021-04-01,48.880001,51.759998,47.310001,48.849998,48.849998,20813200
2021-04-05,48.889999,57.169998,47.400002,56.560001,56.560001,29046800
2021-04-06,56.689999,57.750000,51.220001,52.450001,52.450001,21419500
2021-04-07,49.209999,51.169998,45.549999,46.259998,46.259998,21233700
2021-04-08,48.700001,52.099998,48.470001,49.820000,49.820000,22117800
2021-04-09,51.000000,52.110001,46.849998,49.000000,49.000000,20887500
2021-04-12,51.610001,54.520000,48.709999,50.070000,50.070000,27398800
2021-04-13,54.000000,54.040001,49.720001,51.000000,51.000000,33395300
2021-04-14,50.959999,50.980000,42.259998,42.970001,42.970001,43053800
2021-04-15,43.869999,44.980000,38.549999,42.139999,42.139999,35506900
2021-04-16,39.599998,41.189999,37.680000,38.930000,38.930000,23728200
2021-04-19,35.020000,37.090000,33.240002,35.549999,35.549999,28403500
2021-04-20,34.799999,35.770000,30.740000,33.570000,33.570000,26874700
2021-04-21,31.389999,35.680000,31.049999,34.930000,34.930000,22768400
2021-04-22,34.549999,35.730000,30.920000,31.059999,31.059999,22212700
2021-04-23,29.090000,32.709999,28.360001,32.299999,32.299999,21697800
2021-04-26,34.919998,36.320000,33.259998,34.139999,34.139999,20890200
2021-04-27,35.099998,35.400002,33.779999,34.119999,34.119999,12994300
2021-04-28,34.180000,37.919998,33.580002,37.639999,37.639999,20558200
2021-04-29,36.099998,36.639999,33.799999,34.259998,34.259998,15562100
2021-04-30,34.980000,38.549999,34.669998,36.779999,36.779999,22154500
2021-05-03,38.200001,39.680000,35.209999,36.220001,36.220001,17671200
2021-05-04,34.880001,35.240002,32.220001,33.950001,33.950001,14261900
2021-05-05,34.500000,36.230000,32.950001,33.549999,33.549999,15077600
2021-05-06,33.590000,34.110001,30.000000,31.400000,31.400000,13903800
2021-05-07,31.910000,32.790001,30.809999,31.330000,31.330000,11735100
2021-05-10,30.990000,31.150000,27.620001,27.820000,27.820000,17201100
2021-05-11,23.600000,26.410000,23.230000,25.950001,25.950001,23322000
2021-05-12,24.850000,26.309999,22.430000,22.850000,22.850000,20186900
2021-05-13,21.370001,22.600000,18.320000,19.660000,19.660000,33368400
2021-05-14,21.230000,23.990000,20.990000,23.080000,23.080000,24535800
2021-05-17,20.559999,22.510000,20.309999,22.360001,22.360001,19471000
2021-05-18,22.059999,23.870001,21.809999,22.990000,22.990000,16461700
2021-05-19,19.450001,21.780001,19.309999,21.709999,21.709999,33073100
2021-05-20,23.469999,24.270000,20.930000,21.889999,21.889999,22823400
2021-05-21,21.940001,22.799999,20.410000,20.889999,20.889999,20760500
2021-05-24,21.260000,23.290001,21.090000,23.150000,23.150000,22112000
2021-05-25,22.400000,23.290001,21.930000,22.620001,22.620001,13849400
2021-05-26,23.670000,25.930000,23.330000,25.260000,25.260000,23333400
2021-05-27,26.510000,27.110001,24.780001,25.840000,25.840000,20543600
2021-05-28,24.840000,25.709999,24.160000,24.770000,24.770000,12356100
2021-06-01,24.540001,25.650000,24.450001,25.200001,25.200001,11831000
2021-06-02,25.879999,26.299999,24.930000,25.240000,25.240000,12685500
2021-06-03,25.639999,25.719999,23.730000,23.790001,23.790001,9132900
2021-06-04,23.230000,24.750000,23.090000,24.350000,24.350000,8142400
2021-06-07,24.139999,24.620001,23.580000,24.389999,24.389999,7793100
2021-06-08,23.170000,23.889999,21.540001,23.639999,23.639999,13667200
2021-06-09,23.959999,27.240000,23.410000,26.139999,26.139999,17945200
2021-06-10,26.549999,27.450001,25.680000,26.510000,26.510000,12889400
2021-06-11,26.600000,27.049999,25.830000,26.549999,26.549999,7224800
2021-06-14,29.000000,32.060001,28.440001,29.940001,29.940001,20040200
2021-06-15,30.840000,31.629999,28.950001,30.670000,30.670000,14980400
2021-06-16,29.680000,30.440001,28.940001,29.969999,29.969999,10244900
2021-06-17,29.840000,32.040001,29.840000,30.059999,30.059999,11472600
2021-06-18,29.719999,30.000000,28.280001,28.920000,28.920000,9797000
2021-06-21,27.200001,28.580000,27.010000,27.830000,27.830000,10225800
2021-06-22,25.530001,27.820000,24.500000,27.340000,27.340000,18428400
2021-06-23,28.360001,29.100000,27.420000,27.610001,27.610001,9348300
2021-06-24,28.120001,29.879999,27.750000,29.480000,29.480000,10040900
2021-06-25,28.549999,28.930000,27.660000,28.190001,28.190001,22895500
2021-06-28,29.240000,30.770000,28.790001,30.110001,30.110001,10762600
2021-06-29,31.900000,33.720001,31.299999,31.889999,31.889999,14213800
2021-06-30,31.120001,32.200001,30.040001,31.370001,31.370001,9633700
2021-07-01,31.370001,31.549999,30.200001,30.690001,30.690001,5881700
2021-07-02,30.900000,31.299999,30.160000,30.290001,30.290001,4748900
2021-07-06,30.830000,30.950001,29.030001,29.719999,29.719999,5946400
2021-07-07,30.049999,30.250000,28.450001,28.590000,28.590000,5634100
2021-07-08,27.030001,28.120001,26.600000,27.790001,27.790001,5225900
2021-07-09,28.260000,28.680000,27.520000,27.690001,27.690001,4204500
2021-07-12,27.809999,28.020000,26.200001,27.370001,27.370001,4555300
2021-07-13,26.830000,27.080000,25.860001,25.959999,25.959999,4209000
2021-07-14,26.230000,26.620001,24.570000,24.639999,24.639999,4784000
2021-07-15,24.030001,25.160000,23.670000,24.480000,24.480000,4665000
2021-07-16,24.590000,24.799999,23.299999,23.330000,23.330000,4749100
2021-07-19,22.020000,23.260000,21.670000,22.350000,22.350000,5960300
2021-07-20,21.950001,22.900000,20.610001,22.629999,22.629999,6292400
2021-07-21,24.190001,25.700001,23.959999,25.059999,25.059999,10684900
2021-07-22,25.490000,25.639999,24.080000,25.260000,25.260000,6719800
2021-07-23,25.049999,25.350000,23.799999,24.639999,24.639999,5328100
2021-07-26,28.219999,29.969999,27.200001,29.580000,29.580000,18732800
2021-07-27,28.200001,29.170000,26.160000,27.020000,27.020000,8900700
2021-07-28,28.420000,28.750000,27.540001,28.160000,28.160000,6461800
2021-07-29,28.120001,29.270000,27.469999,27.480000,27.480000,6233000
2021-07-30,27.209999,28.200001,27.010000,27.629999,27.629999,4645000
2021-08-02,27.629999,29.139999,26.879999,28.230000,28.230000,9763700
2021-08-03,28.000000,28.059999,26.200001,27.129999,27.129999,7987500
2021-08-04,27.610001,29.570000,27.410000,28.719999,28.719999,9121700
2021-08-05,27.990000,31.500000,27.620001,31.469999,31.469999,11624200
2021-08-06,31.980000,34.740002,30.900000,34.250000,34.250000,17609600
2021-08-09,36.220001,37.770000,35.380001,35.980000,35.980000,18631500
2021-08-10,35.980000,36.709999,34.349998,35.700001,35.700001,8647700
2021-08-11,36.310001,37.099998,34.509998,35.180000,35.180000,8581600
2021-08-12,33.720001,34.160000,32.430000,33.840000,33.840000,6146300
2021-08-13,35.070000,36.250000,32.730000,32.880001,32.880001,9849200
2021-08-16,32.990002,33.770000,31.830000,33.040001,33.040001,6224800
2021-08-17,32.930000,33.540001,30.030001,30.650000,30.650000,7216500
2021-08-18,30.570000,32.450001,30.250000,30.780001,30.780001,6087400
2021-08-19,30.299999,32.430000,30.100000,31.809999,31.809999,8219200
2021-08-20,32.570000,36.180000,32.369999,35.259998,35.259998,15456300
2021-08-23,37.570000,38.790001,35.599998,36.759998,36.759998,19439800
2021-08-24,36.470001,38.049999,35.150002,37.980000,37.980000,10997100
2021-08-25,37.410000,38.990002,36.770000,38.330002,38.330002,9732400
2021-08-26,37.240002,38.480000,36.020000,36.220001,36.220001,7795500
2021-08-27,36.599998,40.660000,36.250000,40.200001,40.200001,13034000
2021-08-30,39.310001,40.790001,37.650002,40.540001,40.540001,9673400