Date,Open,High,Low,Close,Adj Close,Volume
2021-01-04,57.250000,57.980000,55.730000,56.689999,56.056015,212800
2021-01-05,57.500000,59.029999,56.939999,58.299999,57.648010,166900
2021-01-06,59.000000,62.799999,58.980000,62.189999,61.494503,424000
2021-01-07,62.939999,65.040001,62.520000,62.919998,62.216343,256200
2021-01-08,63.000000,63.360001,61.310001,61.540001,60.851776,229700
2021-01-11,61.540001,63.290001,61.540001,62.869999,62.166901,177100
2021-01-12,69.160004,70.040001,65.150002,66.220001,65.479439,366600
2021-01-13,65.760002,66.629997,63.599998,64.769997,64.045647,272700
2021-01-14,65.309998,68.199997,65.000000,66.900002,66.151833,244000
2021-01-15,65.849998,66.690002,64.000000,65.040001,64.312630,265600
2021-01-19,65.989998,67.000000,64.879997,65.839996,65.103683,302400
2021-01-20,65.800003,67.860001,65.800003,67.849998,67.091209,250900
2021-01-21,67.849998,68.379997,66.080002,66.580002,65.835419,158400
2021-01-22,65.639999,67.639999,65.639999,67.589996,66.834114,175800
2021-01-25,67.589996,67.930000,65.889999,67.099998,66.349586,253800
2021-01-26,67.449997,67.449997,65.930000,66.480003,65.736534,163300
2021-01-27,64.790001,65.309998,62.500000,64.540001,63.818226,288100
2021-01-28,65.559998,65.559998,61.669998,62.020000,61.326412,188700
2021-01-29,62.090000,62.150002,59.730000,59.799999,59.131233,164500
2021-02-01,60.400002,60.810001,58.490002,60.590000,59.912399,168300
2021-02-02,61.709999,62.910000,60.779999,62.349998,61.652718,141700
2021-02-03,62.230000,62.380001,60.750000,61.380001,60.693565,101300
2021-02-04,61.599998,63.419998,61.250000,63.349998,62.641533,115300
2021-02-05,63.980000,64.500000,63.029999,64.459999,63.739117,110400
2021-02-08,65.010002,66.180000,64.919998,66.120003,65.380562,201000
2021-02-09,66.370003,67.639999,65.879997,66.709999,65.963951,182500
2021-02-10,67.209999,67.629997,65.459999,66.239998,65.725815,130100
2021-02-11,66.449997,66.690002,64.449997,66.669998,66.152481,146200
2021-02-12,66.860001,72.169998,66.860001,71.800003,71.242668,390200
2021-02-16,73.230003,74.260002,72.120003,72.160004,71.599869,304300
2021-02-17,71.529999,72.830002,70.309998,72.129997,71.570099,202300
2021-02-18,71.639999,72.400002,69.809998,71.360001,70.806076,207500
2021-02-19,71.959999,74.320000,71.489998,74.099998,73.524811,181300
2021-02-22,73.400002,76.800003,73.400002,75.870003,75.281067,198900
2021-02-23,75.699997,76.099998,72.760002,73.470001,72.899704,221500
2021-02-24,77.639999,79.050003,72.070000,72.550003,71.986839,356600
2021-02-25,71.589996,72.550003,69.500000,69.650002,69.109352,293700
2021-02-26,69.769997,70.160004,67.750000,69.269997,68.732300,297700
2021-03-01,73.000000,75.019997,72.000000,75.010002,74.427750,517800
2021-03-02,75.389999,75.739998,74.209999,74.209999,73.633957,296800
2021-03-03,74.570000,75.570000,73.349998,73.360001,72.790550,310000
2021-03-04,73.019997,73.739998,70.220001,71.489998,70.935074,325700
2021-03-05,72.410004,73.760002,71.239998,73.669998,73.098145,299300
2021-03-08,75.169998,77.250000,73.709999,73.839996,73.266823,483700
2021-03-09,74.440002,75.430000,73.669998,74.410004,73.832405,247200
2021-03-10,74.680000,76.699997,74.650002,76.300003,75.707733,352800
2021-03-11,77.190002,77.790001,76.000000,77.510002,76.908340,290100
2021-03-12,77.919998,79.040001,76.989998,76.989998,76.392380,483200
2021-03-15,76.500000,76.879997,74.169998,76.500000,75.906174,286400
2021-03-16,76.519997,76.519997,74.250000,75.010002,74.427750,195400
2021-03-17,74.309998,74.580002,72.699997,74.209999,73.633957,328700
2021-03-18,74.139999,76.279999,73.709999,73.930000,73.356133,224600
2021-03-19,74.440002,74.489998,72.500000,74.309998,73.733177,571000
2021-03-22,74.650002,75.099998,72.059998,72.620003,72.056297,213300
2021-03-23,72.000000,72.190002,68.000000,68.489998,67.958351,419400
2021-03-24,69.500000,70.540001,66.529999,66.580002,66.063187,327200
2021-03-25,65.730003,67.500000,64.099998,67.180000,66.658531,550800
2021-03-26,68.150002,69.029999,66.500000,67.709999,67.184410,270300
2021-03-29,67.160004,68.919998,65.949997,65.980003,65.467842,275000
2021-03-30,66.010002,67.879997,65.660004,67.489998,66.966118,309500
2021-03-31,68.000000,68.260002,66.559998,66.699997,66.182251,439200
2021-04-01,67.139999,67.470001,66.220001,67.320000,66.797440,325700
2021-04-05,68.540001,69.250000,67.349998,67.629997,67.105026,329500
2021-04-06,67.900002,68.599998,67.629997,68.190002,67.660683,296600
2021-04-07,68.989998,71.639999,68.519997,71.239998,70.687012,853300
2021-04-08,71.309998,72.480003,70.099998,72.129997,71.570099,457100
2021-04-09,72.440002,73.510002,71.910004,73.309998,72.740936,263500
2021-04-12,73.099998,73.190002,70.620003,71.510002,70.954910,239200
2021-04-13,71.129997,71.580002,68.519997,68.830002,68.295723,339300
2021-04-14,68.510002,69.680000,68.089996,68.639999,68.107193,391500
2021-04-15,69.320000,69.339996,67.769997,68.480003,67.948441,173100
2021-04-16,70.540001,71.000000,68.430000,69.599998,69.059738,400900
2021-04-19,70.000000,70.949997,69.480003,70.610001,70.061905,401000
2021-04-20,70.650002,70.930000,65.959999,67.059998,66.539459,372300
2021-04-21,66.629997,68.300003,66.320000,67.809998,67.283630,282000
2021-04-22,67.809998,68.570000,67.220001,67.410004,66.886749,226700
2021-04-23,67.820000,68.760002,67.449997,67.919998,67.392784,444100
2021-04-26,68.930000,69.690002,67.440002,67.669998,67.144722,272100
2021-04-27,68.320000,69.120003,67.500000,67.739998,67.214180,351300
2021-04-28,67.269997,69.169998,65.510002,66.570000,66.053253,337300
2021-04-29,65.610001,66.639999,65.320000,66.150002,65.636520,353100
2021-04-30,65.839996,67.290001,65.300003,65.330002,64.822884,390000
2021-05-03,66.050003,67.800003,66.050003,67.559998,67.035576,411400
2021-05-04,67.519997,67.519997,64.720001,65.459999,64.951881,303400
2021-05-05,65.870003,67.129997,65.070000,66.440002,66.156715,307900
2021-05-06,66.510002,67.040001,65.519997,66.400002,66.116890,156900
2021-05-07,66.400002,66.970001,65.910004,66.389999,66.106926,174900
2021-05-10,66.300003,67.080002,64.320000,64.379997,64.105499,248100
2021-05-11,62.900002,63.520000,61.830002,62.840000,62.572067,341300
2021-05-12,62.349998,62.959999,59.650002,60.070000,59.813877,357500
2021-05-13,60.150002,61.970001,60.150002,61.619999,61.357265,189900
2021-05-14,62.119999,63.040001,61.209999,63.029999,62.761253,184600
2021-05-17,62.880001,63.349998,61.720001,63.180000,62.910618,140800
2021-05-18,63.400002,63.860001,62.880001,62.950001,62.681599,266400
2021-05-19,61.570000,63.189999,61.360001,62.580002,62.313175,269600
2021-05-20,63.169998,63.169998,61.830002,62.529999,62.263386,242000
2021-05-21,63.299999,63.849998,62.349998,62.480000,62.213600,177100
2021-05-24,63.459999,64.930000,62.900002,64.550003,64.274780,230400
2021-05-25,64.550003,65.480003,61.939999,62.150002,61.885010,274700
2021-05-26,62.130001,62.889999,61.709999,62.880001,62.611897,267700
2021-05-27,63.779999,64.019997,63.139999,63.669998,63.398525,150200
2021-05-28,64.339996,64.910004,63.549999,64.650002,64.374352,172800
2021-06-01,65.099998,65.620003,64.279999,65.040001,64.762688,268000
2021-06-02,65.209999,65.209999,62.270000,62.860001,62.591980,229600
2021-06-03,62.599998,62.840000,61.610001,62.650002,62.382877,221500
2021-06-04,62.840000,63.110001,62.259998,62.869999,62.601936,204300
2021-06-07,63.310001,64.129997,62.610001,63.400002,63.129681,263900
2021-06-08,64.150002,64.470001,63.680000,64.239998,63.966095,201400
2021-06-09,64.510002,64.510002,62.910000,62.919998,62.651722,189000
2021-06-10,63.700001,64.120003,62.939999,62.950001,62.681599,198100
2021-06-11,63.490002,64.870003,63.009998,64.790001,64.513756,167300
2021-06-14,64.989998,65.580002,63.169998,63.290001,63.020149,254700
2021-06-15,63.549999,64.419998,62.419998,64.209999,63.936222,302600
2021-06-16,63.799999,64.739998,63.099998,64.070000,63.796822,261100
2021-06-17,63.590000,63.799999,61.650002,62.220001,61.954712,391500
2021-06-18,62.270000,62.750000,60.750000,61.270000,61.008759,817800
2021-06-21,61.799999,63.740002,61.419998,62.880001,62.611897,285800
2021-06-22,62.279999,63.669998,61.799999,63.639999,63.368652,306800
2021-06-23,63.650002,63.810001,62.849998,63.020000,62.751297,292200
2021-06-24,63.380001,64.000000,62.480000,63.980000,63.707203,228000
2021-06-25,65.389999,67.629997,65.139999,65.400002,65.121155,874800
2021-06-28,65.989998,66.489998,63.299999,64.169998,63.896393,435700
2021-06-29,64.370003,65.209999,63.889999,64.120003,63.846611,245100
2021-06-30,63.680000,64.790001,63.529999,64.000000,63.727119,303900
2021-07-01,64.129997,65.000000,63.490002,64.680000,64.404221,345800
2021-07-02,64.379997,64.720001,63.529999,63.990002,63.717163,275600
2021-07-06,64.400002,64.400002,62.720001,64.089996,63.816730,336800
2021-07-07,64.209999,64.820000,63.599998,64.489998,64.215027,250500
2021-07-08,63.060001,63.590000,62.340000,62.430000,62.163815,347400
2021-07-09,64.379997,68.139999,63.880001,68.120003,67.829552,608200
2021-07-12,67.290001,67.650002,66.230003,66.720001,66.435524,295800
2021-07-13,66.349998,66.709999,65.309998,65.540001,65.260551,278800
2021-07-14,66.250000,66.690002,65.000000,65.389999,65.111191,207300
2021-07-15,65.180000,65.750000,64.040001,65.029999,64.752724,302500
2021-07-16,65.750000,65.860001,64.360001,65.339996,65.061401,1075900
2021-07-19,63.509998,64.599998,62.560001,64.089996,63.816730,441800
2021-07-20,64.580002,66.690002,64.309998,66.209999,65.927696,330700
2021-07-21,66.680000,67.320000,65.290001,66.150002,65.867950,260900
2021-07-22,66.050003,66.209999,64.129997,64.360001,64.085587,195200
2021-07-23,64.470001,65.139999,63.720001,65.129997,64.852295,149100
2021-07-26,65.430000,65.919998,64.610001,65.139999,64.862259,153100
2021-07-27,64.349998,64.900002,63.320000,64.779999,64.503792,196300
2021-07-28,65.610001,65.690002,64.019997,64.699997,64.424133,203300
2021-07-29,65.709999,66.440002,65.150002,65.599998,65.320297,144000
2021-07-30,65.459999,67.580002,64.389999,67.120003,66.833817,355700
2021-08-02,67.250000,68.680000,67.220001,67.889999,67.600533,345100
2021-08-03,67.809998,70.580002,67.050003,70.360001,70.060005,560800
2021-08-04,69.099998,70.830002,68.750000,70.080002,70.080002,326000
2021-08-05,70.610001,70.720001,69.279999,70.570000,70.570000,237200
2021-08-06,71.000000,71.500000,70.330002,71.230003,71.230003,200200
2021-08-09,70.779999,71.330002,69.989998,70.410004,70.410004,195900
2021-08-10,70.440002,72.910004,70.269997,72.879997,72.879997,298300
2021-08-11,73.150002,74.389999,72.360001,74.339996,74.339996,362300
2021-08-12,74.720001,75.650002,74.180000,74.580002,74.580002,209900
2021-08-13,74.269997,74.379997,72.470001,73.070000,73.070000,263500
2021-08-16,73.459999,75.110001,72.540001,74.480003,74.480003,211600
2021-08-17,73.800003,74.519997,73.379997,74.330002,74.330002,263000
2021-08-18,74.529999,76.209999,74.050003,74.970001,74.970001,271400
2021-08-19,74.000000,74.290001,71.589996,71.860001,71.860001,285900
2021-08-20,71.750000,73.400002,71.000000,73.070000,73.070000,292600
2021-08-23,73.639999,75.339996,72.870003,75.070000,75.070000,236200
2021-08-24,75.500000,76.889999,75.470001,76.180000,76.180000,252200
2021-08-25,76.750000,77.660004,76.180000,77.209999,77.209999,209600
2021-08-26,77.209999,77.820000,75.660004,75.699997,75.699997,257900
2021-08-27,75.699997,78.910004,75.699997,78.779999,78.779999,344500
2021-08-30,79.489998,80.760002,78.860001,80.029999,80.029999,430300