Date,Open,High,Low,Close,Adj Close,Volume
2021-01-04,47.320000,47.320000,45.380001,45.930000,42.947842,324400
2021-01-05,46.860001,47.224998,46.220001,46.240002,43.237717,443000
2021-01-06,47.110001,50.279999,46.740002,49.830002,46.594624,843700
2021-01-07,51.130001,52.290001,50.549999,51.810001,48.446064,544700
2021-01-08,51.970001,52.470001,50.419998,51.310001,47.978535,412000
2021-01-11,51.049999,52.639999,51.049999,52.330002,48.932301,416500
2021-01-12,52.799999,53.860001,52.180000,52.910000,49.474644,558200
2021-01-13,52.700001,53.270000,52.130001,53.049999,49.605553,268200
2021-01-14,53.549999,55.290001,53.325001,54.490002,50.952061,400000
2021-01-15,53.680000,55.279999,53.349998,55.189999,51.606606,420500
2021-01-19,55.369999,55.959999,54.509998,55.029999,51.456993,503100
2021-01-20,55.040001,56.000000,53.705002,55.049999,51.475697,458400
2021-01-21,55.169998,55.590000,53.880001,54.250000,50.727642,283800
2021-01-22,53.630001,54.560001,53.419998,54.480000,50.942703,270500
2021-01-25,54.040001,54.810001,53.029999,53.310001,49.848675,450500
2021-01-26,53.689999,53.889999,51.279999,51.450001,48.109440,404700
2021-01-27,50.419998,50.779999,48.759998,49.369999,46.164490,688200
2021-01-28,49.930000,51.820000,49.639999,51.189999,47.866322,480400
2021-01-29,51.099998,51.130001,48.990002,49.709999,46.482410,341000
2021-02-01,49.790001,51.290001,49.630001,51.250000,47.922424,348200
2021-02-02,51.939999,52.770000,51.680000,51.959999,48.586327,393000
2021-02-03,51.770000,52.860001,51.529999,52.480000,49.072563,300300
2021-02-04,52.599998,53.310001,51.744999,52.029999,48.651779,229400
2021-02-05,52.389999,53.130001,51.430000,51.709999,48.352558,377600
2021-02-08,51.700001,52.980000,51.500000,52.740002,49.315685,412500
2021-02-09,52.779999,53.630001,52.009998,52.980000,49.540096,285500
2021-02-10,53.230000,54.900002,53.230000,54.799999,51.241932,419200
2021-02-11,54.610001,56.369999,52.316002,53.990002,50.484524,780600
2021-02-12,53.430000,55.060001,52.450001,54.650002,51.101669,443100
2021-02-16,54.139999,55.639999,54.139999,54.810001,51.251286,619500
2021-02-17,54.750000,55.345001,53.610001,55.130001,51.550503,346500
2021-02-18,55.000000,55.970001,54.119999,54.259998,50.736992,571100
2021-02-19,53.939999,55.380001,53.939999,54.750000,51.719425,430800
2021-02-22,54.500000,55.730000,53.869999,54.529999,51.511600,659000
2021-02-23,50.110001,53.750000,49.680000,52.990002,50.056847,1156700
2021-02-24,52.990002,53.790001,52.299999,53.119999,50.179649,745500
2021-02-25,53.230000,53.641998,50.599998,50.669998,47.865261,405700
2021-02-26,50.900002,52.310001,49.959999,51.639999,48.781570,612000
2021-03-01,52.730000,54.860001,52.580002,54.500000,51.483261,1093600
2021-03-02,54.450001,54.740002,53.209999,53.349998,50.396915,421400
2021-03-03,53.570000,55.000000,53.330002,53.439999,50.481934,372400
2021-03-04,53.770000,53.830002,50.619999,52.049999,49.168877,593900
2021-03-05,52.950001,53.250000,50.369999,53.220001,50.274117,463400
2021-03-08,53.480000,55.720001,53.355000,54.759998,51.728867,444100
2021-03-09,55.299999,56.439999,54.520000,55.430000,52.361786,545500
2021-03-10,55.680000,56.320000,55.240002,55.770000,52.682964,342500
2021-03-11,56.220001,57.349998,55.900002,57.139999,53.977131,360600
2021-03-12,57.200001,58.040001,56.480000,56.650002,53.514256,362400
2021-03-15,56.709999,56.709999,54.980000,56.139999,53.032482,358600
2021-03-16,56.360001,56.919998,55.700001,56.540001,53.410343,375200
2021-03-17,56.689999,57.959999,56.130001,57.959999,54.751740,431300
2021-03-18,57.959999,59.630001,56.910000,56.959999,53.807095,594300
2021-03-19,57.160000,57.310001,55.349998,56.580002,53.448128,896900
2021-03-22,56.540001,57.189999,55.070000,55.840000,52.749092,395100
2021-03-23,55.509998,56.070000,54.779999,54.990002,51.946140,404200
2021-03-24,55.450001,56.209999,54.529999,54.580002,51.558834,312200
2021-03-25,54.410000,55.235001,53.110001,54.930000,51.889462,370100
2021-03-26,55.500000,56.090000,54.650002,55.970001,52.871895,323100
2021-03-29,55.599998,56.070000,54.895000,55.040001,51.993370,245200
2021-03-30,55.130001,56.240002,55.020000,55.310001,52.248425,417500
2021-03-31,55.410000,56.130001,54.139999,54.880001,51.842228,468100
2021-04-01,55.290001,56.189999,55.160000,56.150002,53.041931,536700
2021-04-05,56.709999,57.945000,55.770000,57.730000,54.534473,527300
2021-04-06,57.639999,58.389999,56.759998,57.009998,53.854324,324700
2021-04-07,57.160000,57.290001,56.084999,56.410000,53.287537,428300
2021-04-08,56.590000,56.643002,54.689999,54.959999,51.917797,406000
2021-04-09,54.500000,54.950001,52.900002,54.189999,51.190418,415900
2021-04-12,54.189999,54.919998,53.610001,54.349998,51.341564,217700
2021-04-13,54.470001,54.611000,52.369999,52.650002,49.735664,475700
2021-04-14,52.549999,54.490002,52.445000,52.959999,50.028503,413300
2021-04-15,53.000000,53.560001,51.660000,52.139999,49.253895,502800
2021-04-16,52.549999,54.340000,52.549999,54.220001,51.218761,460000
2021-04-19,54.099998,55.209999,53.099998,55.130001,52.078388,474400
2021-04-20,54.970001,55.119999,53.049999,53.840000,50.859795,405600
2021-04-21,53.849998,55.189999,53.250000,55.169998,52.116173,221600
2021-04-22,55.130001,56.200001,54.360001,55.349998,52.286209,365000
2021-04-23,55.570000,57.320000,55.349998,56.939999,53.788197,298200
2021-04-26,57.130001,57.250000,56.380001,56.480000,53.353661,382600
2021-04-27,56.950001,57.299999,56.379002,57.080002,53.920452,476700
2021-04-28,56.799999,57.160000,55.985001,56.750000,53.608715,281000
2021-04-29,57.700001,57.900002,54.830002,56.150002,53.041931,507700
2021-04-30,55.610001,56.430000,54.259998,54.279999,51.275436,834400
2021-05-03,55.020000,55.270000,53.577999,54.540001,51.521046,441300
2021-05-04,54.549999,55.160000,53.389999,54.549999,51.530491,497800
2021-05-05,54.779999,55.930000,54.439999,55.580002,52.503479,372800
2021-05-06,55.830002,55.919998,54.619999,55.759998,52.673515,382100
2021-05-07,53.119999,53.950001,52.389999,53.680000,53.138779,418400
2021-05-10,53.900002,54.349998,52.700001,52.730000,52.198357,351600
2021-05-11,51.849998,52.400002,51.064999,51.220001,50.703583,488500
2021-05-12,51.160000,52.404999,50.855000,51.259998,50.743176,592800
2021-05-13,51.509998,53.000000,51.509998,52.450001,51.921181,565900
2021-05-14,52.880001,53.369999,52.410000,53.200001,52.663620,370800
2021-05-17,52.840000,53.099998,51.900002,53.049999,52.515129,308700
2021-05-18,53.270000,53.470001,51.869999,51.880001,51.356930,428600
2021-05-19,51.000000,52.970001,50.820000,52.799999,52.267651,525600
2021-05-20,52.770000,52.978001,51.830002,52.599998,52.069668,358000
2021-05-21,53.029999,53.549999,52.474998,53.009998,52.475533,348200
2021-05-24,53.250000,53.498001,52.580002,53.160000,52.624020,278600
2021-05-25,53.279999,53.970001,52.240002,52.299999,51.772690,321900
2021-05-26,52.270000,53.360001,52.029999,53.230000,52.693314,237800
2021-05-27,53.990002,53.990002,52.830002,53.459999,52.920998,226200
2021-05-28,53.419998,53.689999,52.860001,53.689999,53.148678,162000
2021-06-01,53.990002,54.860001,53.770000,54.730000,54.178192,287700
2021-06-02,54.799999,54.810001,53.200001,53.400002,52.861603,446000
2021-06-03,53.139999,53.419998,52.450001,53.009998,52.475533,216600
2021-06-04,53.009998,53.490002,52.529999,53.130001,52.594326,208500
2021-06-07,53.279999,53.790001,53.001999,53.459999,52.920998,432400
2021-06-08,53.360001,54.470001,52.459999,54.380001,53.831722,367000
2021-06-09,54.119999,54.209000,53.450001,53.709999,53.168476,370100
2021-06-10,53.950001,54.560001,53.779999,53.980000,53.435753,320000
2021-06-11,54.220001,54.779999,54.090000,54.639999,54.089100,213800
2021-06-14,54.770000,54.799999,53.639999,53.869999,53.326862,234100
2021-06-15,53.889999,55.029999,53.330002,54.830002,54.277187,406000
2021-06-16,54.740002,55.040001,54.209999,54.720001,54.168293,392600
2021-06-17,55.580002,55.900002,53.200001,53.759998,53.217972,403000
2021-06-18,52.919998,53.529999,52.610001,52.889999,52.356743,678400
2021-06-21,53.599998,54.200001,53.279999,53.740002,53.198174,563700
2021-06-22,53.560001,54.240002,52.759998,54.090000,53.544643,396500
2021-06-23,54.099998,55.060001,54.099998,54.740002,54.188091,291700
2021-06-24,55.169998,55.474998,54.631001,55.430000,54.871136,317300
2021-06-25,55.759998,56.980000,55.750000,56.169998,55.603672,1926300
2021-06-28,56.259998,56.616001,55.090000,55.869999,55.306698,487800
2021-06-29,56.380001,57.969002,56.340000,56.689999,56.118431,569900
2021-06-30,56.660000,57.150002,56.500000,56.889999,56.316414,604600
2021-07-01,57.259998,57.259998,56.619999,57.009998,56.435204,300400
2021-07-02,57.240002,57.330002,56.880001,57.130001,56.553997,303700
2021-07-06,57.220001,57.220001,55.270000,55.610001,55.049320,404200
2021-07-07,55.430000,56.660000,55.080002,56.299999,55.732361,367400
2021-07-08,55.380001,55.770000,54.220001,54.369999,53.821819,462700
2021-07-09,55.009998,55.009998,53.869999,54.709999,54.158394,298000
2021-07-12,54.810001,55.970001,54.389999,55.970001,55.405693,447300
2021-07-13,56.000000,56.849998,55.950001,56.590000,56.019440,396900
2021-07-14,56.590000,56.880001,54.680000,54.730000,54.178192,329100
2021-07-15,54.070000,55.075001,53.650002,54.689999,54.138596,224300
2021-07-16,55.250000,55.250000,53.910000,53.919998,53.376358,303700
2021-07-19,52.919998,53.369999,52.299999,52.900002,52.366646,462400
2021-07-20,53.000000,55.779999,52.590000,54.889999,54.336578,583600
2021-07-21,55.279999,57.270000,55.119999,56.689999,56.118431,640900
2021-07-22,56.869999,60.680000,56.869999,58.119999,57.534012,1090400
2021-07-23,58.700001,58.869999,57.029999,58.459999,57.870583,566300
2021-07-26,58.720001,59.209999,58.000000,58.950001,58.355644,352900
2021-07-27,58.310001,60.500000,56.270000,57.919998,57.336029,435700
2021-07-28,57.950001,58.520000,57.020000,58.130001,57.543915,258700
2021-07-29,58.790001,59.750000,58.290001,59.509998,58.909996,300600
2021-07-30,58.869999,59.520000,58.400002,59.250000,59.250000,371800
2021-08-02,59.630001,60.590000,59.099998,59.279999,59.279999,270800
2021-08-03,59.419998,59.950001,58.130001,58.340000,58.340000,299200
2021-08-04,57.750000,58.950001,57.630001,58.810001,58.810001,235600
2021-08-05,59.250000,59.880001,58.959999,59.520000,59.520000,350300
2021-08-06,60.110001,60.279999,59.080002,60.040001,60.040001,270100
2021-08-09,60.000000,60.498001,59.799999,59.990002,59.990002,272500
2021-08-10,59.959999,61.080002,59.935001,60.910000,60.910000,388000
2021-08-11,61.110001,62.070000,60.939999,62.049999,62.049999,326300
2021-08-12,62.320000,62.950001,61.840000,62.820000,62.820000,336400
2021-08-13,62.830002,63.180000,62.020000,62.250000,62.250000,252200
2021-08-16,62.000000,62.430000,61.304001,62.029999,62.029999,251000
2021-08-17,61.470001,61.810001,60.560001,61.250000,61.250000,237900
2021-08-18,60.910000,61.830002,60.549999,60.590000,60.590000,313700
2021-08-19,60.000000,60.660000,58.939999,59.150002,59.150002,276200
2021-08-20,59.310001,60.654999,59.049999,60.570000,60.570000,291700
2021-08-23,60.950001,62.029999,60.950001,61.810001,61.810001,250700
2021-08-24,62.020000,62.490002,61.650002,61.840000,61.840000,214700
2021-08-25,61.990002,62.869999,61.410000,62.189999,62.189999,279800
2021-08-26,62.340000,62.799999,61.275002,61.480000,61.480000,253200
2021-08-27,61.490002,63.369999,61.490002,63.270000,63.270000,249700
2021-08-30,63.400002,63.650002,62.669998,62.750000,62.750000,249200