Date,Open,High,Low,Close,Adj Close,Volume
2021-01-04,45.601852,45.601852,43.092594,44.092594,43.179920,707724
2021-01-05,42.740742,43.648148,42.203705,42.703705,41.819778,696276
2021-01-06,42.231480,42.583332,41.314816,42.157406,41.284786,1164996
2021-01-07,42.657406,44.574074,42.481480,44.481480,43.560760,766908
2021-01-08,45.000000,45.000000,42.240742,42.750000,41.865116,568620
2021-01-11,42.379631,44.490742,42.203705,43.935184,43.025768,465372
2021-01-12,44.046295,44.120369,43.324074,43.898148,42.989498,506304
2021-01-13,44.472221,45.768520,43.592594,43.638889,42.735607,382212
2021-01-14,43.870369,44.537037,43.379631,43.981480,43.071110,458784
2021-01-15,43.759258,44.962963,43.694443,44.453705,43.533558,386964
2021-01-19,44.907406,45.796295,44.731480,45.250000,44.313370,645408
2021-01-20,45.416668,49.490742,45.222221,49.175926,48.158031,1735128
2021-01-21,49.472221,51.611111,49.166668,50.175926,49.137333,805572
2021-01-22,50.009258,51.712963,48.824074,51.629631,50.560947,530064
2021-01-25,52.851852,53.740742,50.916668,51.268520,50.207314,848232
2021-01-26,51.537037,52.435184,49.361111,49.861111,48.829033,546048
2021-01-27,48.657406,51.398148,48.361111,49.759258,48.729290,614196
2021-01-28,49.972221,50.101852,48.694443,49.388889,48.366589,578556
2021-01-29,49.055557,49.055557,47.759258,48.166668,47.169666,618948
2021-02-01,48.611111,50.111111,47.888889,49.787037,48.756493,682020
2021-02-02,49.787037,52.009258,48.398148,51.074074,50.016891,896940
2021-02-03,51.898148,52.370369,50.175926,51.185184,50.125702,588168
2021-02-04,51.222221,52.750000,50.527779,52.203705,51.123138,817020
2021-02-05,52.777779,54.907406,52.185184,54.490742,53.362839,794016
2021-02-08,54.953705,56.675926,54.842594,56.287037,55.121952,659556
2021-02-09,55.925926,56.064816,54.703705,55.046295,54.263950,631044
2021-02-10,55.231480,55.731480,53.796295,54.981480,54.200054,869076
2021-02-11,55.574074,56.898148,55.101852,56.527779,55.724377,669600
2021-02-12,55.962963,56.388889,55.240742,55.685184,54.893757,495072
2021-02-16,55.611111,55.611111,52.490742,52.694443,51.945522,683424
2021-02-17,52.111111,52.916668,51.629631,52.564816,51.817738,491400
2021-02-18,52.629631,53.231480,52.296295,52.333332,51.589546,441720
2021-02-19,52.648148,53.601852,52.342594,53.305557,52.547951,430704
2021-02-22,52.990742,53.537037,52.203705,52.324074,51.580414,503928
2021-02-23,51.990742,53.361111,50.768520,53.175926,52.420162,540108
2021-02-24,53.055557,54.444443,51.722221,54.379631,53.606758,602424
2021-02-25,54.018520,54.064816,50.287037,50.351852,49.636223,634392
2021-02-26,51.046295,53.157406,50.842594,52.379631,51.635181,715284
2021-03-01,53.092594,53.537037,52.370369,52.851852,52.100693,619704
2021-03-02,53.389999,54.270000,52.130001,53.830002,53.064941,927500
2021-03-03,53.830002,54.040001,51.590000,52.759998,52.010143,1016400
2021-03-04,52.950001,54.130001,49.880001,51.540001,50.807487,788700
2021-03-05,52.160000,54.880001,50.820000,54.860001,54.080299,807200
2021-03-08,55.340000,58.080002,55.340000,57.560001,56.741928,752500
2021-03-09,58.360001,59.110001,56.500000,56.799999,55.992725,679900
2021-03-10,57.340000,60.490002,57.110001,60.270000,59.413410,484700
2021-03-11,60.950001,61.580002,59.630001,60.000000,59.147247,528600
2021-03-12,56.849998,57.930000,55.529999,57.480000,56.663063,629500
2021-03-15,57.639999,58.610001,57.150002,58.610001,57.777004,614900
2021-03-16,58.610001,60.000000,58.310001,58.560001,57.727718,489200
2021-03-17,57.990002,60.250000,57.099998,60.200001,59.344406,651800
2021-03-18,59.590000,59.590000,56.130001,56.400002,55.598415,600000
2021-03-19,56.529999,57.880001,55.700001,57.029999,56.219460,1221700
2021-03-22,57.869999,57.919998,55.799999,56.880001,56.071590,398100
2021-03-23,56.720001,57.099998,54.560001,55.049999,54.267597,457500
2021-03-24,55.380001,57.080002,54.680000,54.700001,53.922573,466300
2021-03-25,53.840000,57.000000,52.959999,56.520000,55.716709,817200
2021-03-26,57.119999,58.750000,56.430000,58.619999,57.786858,366900
2021-03-29,58.619999,59.490002,56.630001,56.900002,56.091309,539600
2021-03-30,56.700001,58.840000,56.480000,58.520000,57.688282,424400
2021-03-31,59.020000,60.279999,58.540001,59.400002,58.555775,908800
2021-04-01,60.299999,61.349998,59.720001,60.619999,59.758434,687200
2021-04-05,61.360001,61.500000,60.540001,60.650002,59.788013,565000
2021-04-06,60.860001,61.810001,60.119999,61.330002,60.458347,384000
2021-04-07,61.340000,61.730000,59.830002,59.990002,59.137390,342500
2021-04-08,60.220001,60.400002,58.919998,59.490002,58.644497,476300
2021-04-09,60.040001,61.619999,59.750000,61.439999,60.566780,403700
2021-04-12,61.639999,62.209999,61.189999,61.669998,60.793510,397700
2021-04-13,61.599998,61.669998,59.509998,60.540001,59.679573,512900
2021-04-14,60.540001,61.709999,60.279999,60.799999,59.935875,261600
2021-04-15,61.480000,61.480000,60.150002,60.250000,59.393696,321200
2021-04-16,60.480000,62.610001,60.480000,62.130001,61.246979,513100
2021-04-19,62.130001,62.169998,60.270000,61.169998,60.300621,578900
2021-04-20,61.299999,61.619999,57.900002,58.930000,58.092457,494900
2021-04-21,58.750000,60.299999,58.700001,59.900002,59.048672,318900
2021-04-22,59.889999,59.889999,58.599998,59.540001,58.693787,444400
2021-04-23,59.599998,60.869999,59.070000,60.410000,59.551422,416000
2021-04-26,60.830002,61.509998,60.349998,61.480000,60.606213,461000
2021-04-27,62.000000,62.990002,60.869999,61.009998,60.142891,461100
2021-04-28,61.220001,61.790001,60.619999,61.220001,60.349911,441600
2021-04-29,59.880001,61.250000,58.000000,59.930000,59.078243,1166100
2021-04-30,60.000000,60.000000,58.009998,58.660000,57.826294,595800
2021-05-03,59.470001,60.040001,59.220001,59.509998,58.664211,858900
2021-05-04,59.029999,60.070000,58.700001,59.799999,58.950089,474300
2021-05-05,60.110001,60.830002,58.730000,60.189999,59.334545,625400
2021-05-06,60.520000,60.520000,58.720001,59.980000,59.127533,417600
2021-05-07,60.340000,62.139999,59.680000,62.110001,61.227261,442200
2021-05-10,62.189999,63.860001,61.560001,62.099998,61.217400,477500
2021-05-11,61.450001,61.450001,58.560001,59.490002,59.024689,647100
2021-05-12,59.000000,59.180000,54.919998,55.540001,55.105583,758400
2021-05-13,55.750000,58.580002,55.700001,57.970001,57.516579,643300
2021-05-14,58.639999,59.169998,58.009998,59.029999,58.568287,293600
2021-05-17,58.450001,58.459999,56.790001,58.000000,57.546341,358500
2021-05-18,58.080002,58.459999,55.880001,55.990002,55.552067,372400
2021-05-19,54.799999,56.000000,54.060001,55.669998,55.234566,341000
2021-05-20,55.720001,56.730000,55.570000,56.400002,55.958858,418900
2021-05-21,57.049999,57.130001,55.099998,55.130001,54.698792,434000
2021-05-24,55.619999,56.529999,55.340000,56.119999,55.681046,304600
2021-05-25,56.410000,57.820000,56.410000,56.849998,56.405334,439300
2021-05-26,57.450001,58.540001,57.299999,58.139999,57.685246,350900
2021-05-27,58.810001,58.849998,58.029999,58.369999,57.913448,406400
2021-05-28,58.919998,58.919998,57.680000,57.950001,57.496735,629200
2021-06-01,58.580002,58.750000,56.970001,57.590000,57.139549,618700
2021-06-02,57.680000,57.889999,55.820000,56.360001,55.919170,555600
2021-06-03,55.790001,55.950001,54.439999,55.360001,54.926994,374100
2021-06-04,55.570000,56.790001,54.709999,56.680000,56.236668,349200
2021-06-07,56.970001,57.060001,55.450001,56.200001,55.760422,400700
2021-06-08,56.480000,56.779999,56.150002,56.209999,55.770344,313300
2021-06-09,56.349998,56.349998,54.200001,54.369999,53.944733,408600
2021-06-10,54.040001,54.240002,52.270000,52.880001,52.466393,645800
2021-06-11,53.290001,54.169998,53.230000,53.930000,53.508179,304500
2021-06-14,53.730000,54.099998,52.080002,52.230000,51.821472,668500
2021-06-15,52.439999,53.900002,52.340000,53.459999,53.041851,423500
2021-06-16,53.430000,53.529999,52.150002,52.209999,51.801628,312500
2021-06-17,52.080002,53.580002,51.169998,52.810001,52.396938,641900
2021-06-18,52.290001,53.770000,52.000000,52.200001,51.791710,642000
2021-06-21,52.639999,53.340000,52.290001,52.770000,52.357250,340600
2021-06-22,52.709999,52.709999,51.820000,52.259998,51.851238,421100
2021-06-23,52.430000,52.459999,50.910000,51.689999,51.285698,582600
2021-06-24,51.689999,51.759998,50.009998,50.860001,50.462189,812700
2021-06-25,50.610001,51.270000,49.849998,49.849998,49.460087,2176300
2021-06-28,50.240002,50.990002,50.070000,50.430000,50.035553,585800
2021-06-29,50.599998,51.720001,50.450001,50.709999,50.313362,479300
2021-06-30,50.439999,51.040001,50.080002,50.599998,50.204220,415900
2021-07-01,50.709999,51.849998,50.470001,51.700001,51.295620,798700
2021-07-02,52.180000,52.290001,51.439999,51.810001,51.404758,975800
2021-07-06,51.740002,51.740002,49.290001,49.919998,49.529541,642900
2021-07-07,49.919998,51.500000,49.900002,51.090000,50.690392,401800
2021-07-08,49.779999,50.290001,48.439999,48.660000,48.279396,665700
2021-07-09,49.150002,49.910000,48.869999,49.290001,48.904469,378500
2021-07-12,49.320000,49.320000,48.430000,49.220001,48.835018,386800
2021-07-13,48.759998,49.200001,47.099998,47.450001,47.078861,707400
2021-07-14,48.549999,49.000000,47.910000,48.330002,47.951981,610200
2021-07-15,48.020000,48.330002,47.160000,47.799999,47.426125,516500
2021-07-16,47.900002,48.740002,47.529999,47.770000,47.396358,705500
2021-07-19,47.290001,48.520000,46.919998,47.299999,46.930035,465200
2021-07-20,47.509998,49.040001,47.410000,48.650002,48.269478,549700
2021-07-21,48.820000,50.220001,48.799999,50.189999,49.797428,516000
2021-07-22,49.900002,49.939999,48.810001,49.529999,49.142590,361800
2021-07-23,50.060001,51.490002,49.650002,51.250000,50.849140,503000
2021-07-26,51.470001,52.110001,50.369999,50.509998,50.114925,281000
2021-07-27,50.080002,50.880001,49.650002,50.720001,50.323284,378900
2021-07-28,50.849998,51.410000,50.320000,51.000000,50.601093,646600
2021-07-29,51.250000,53.689999,51.250000,52.720001,52.307644,782700
2021-07-30,52.470001,54.110001,52.470001,53.320000,52.902946,556600
2021-08-02,53.540001,54.330002,52.669998,53.099998,52.684666,652500
2021-08-03,53.730000,53.880001,52.599998,53.590000,53.170837,483000
2021-08-04,52.970001,53.290001,51.660000,51.680000,51.275776,277800
2021-08-05,51.880001,52.619999,51.750000,52.029999,51.623035,349400
2021-08-06,52.380001,52.709999,51.450001,51.680000,51.275776,216900
2021-08-09,51.470001,52.020000,50.799999,51.139999,50.739998,252300
2021-08-10,50.759998,51.770000,50.549999,51.209999,51.209999,283200
2021-08-11,51.160000,52.860001,50.779999,52.770000,52.770000,294700
2021-08-12,52.770000,53.119999,51.380001,52.000000,52.000000,276800
2021-08-13,52.070000,52.380001,51.299999,51.689999,51.689999,204900
2021-08-16,51.209999,52.779999,50.849998,52.220001,52.220001,393700
2021-08-17,51.389999,51.590000,49.509998,50.009998,50.009998,368800
2021-08-18,49.650002,51.150002,49.130001,50.349998,50.349998,339000
2021-08-19,49.570000,50.669998,49.549999,50.180000,50.180000,329700
2021-08-20,50.110001,51.560001,49.889999,51.490002,51.490002,382300
2021-08-23,51.500000,51.630001,49.840000,51.060001,51.060001,319000
2021-08-24,51.430000,53.490002,51.080002,52.349998,52.349998,414200
2021-08-25,52.310001,52.980000,51.880001,52.349998,52.349998,396600
2021-08-26,52.169998,52.259998,51.060001,51.630001,51.630001,332900
2021-08-27,51.790001,53.250000,51.509998,52.700001,52.700001,481900
2021-08-30,53.000000,53.000000,52.099998,52.400002,52.400002,249200