Date,Open,High,Low,Close,Adj Close,Volume
2021-01-04,70.830002,70.830002,67.599998,67.930000,67.209717,112900
2021-01-05,68.059998,68.110001,66.800003,67.580002,66.863426,112300
2021-01-06,68.839996,71.220001,67.870003,70.820000,70.069077,129100
2021-01-07,70.800003,70.800003,68.120003,68.180000,67.457069,176800
2021-01-08,68.690002,69.279999,67.529999,68.559998,67.833038,69300
2021-01-11,67.980003,68.080002,67.080002,67.849998,67.130569,78400
2021-01-12,68.720001,68.720001,66.269997,67.169998,66.457779,95900
2021-01-13,67.839996,68.000000,66.940002,67.529999,66.813965,61200
2021-01-14,68.029999,68.029999,66.360001,66.629997,65.923500,72500
2021-01-15,66.550003,67.440002,65.750000,67.290001,66.576508,72500
2021-01-19,67.370003,67.370003,66.120003,66.269997,65.567322,81400
2021-01-20,66.000000,66.419998,65.400002,66.050003,65.349655,60800
2021-01-21,66.000000,66.269997,65.250000,65.879997,65.181450,67000
2021-01-22,66.580002,66.580002,65.199997,65.949997,65.250710,85000
2021-01-25,65.400002,67.260002,65.040001,66.830002,66.121391,86800
2021-01-26,66.889999,67.839996,65.489998,65.769997,65.072617,70600
2021-01-27,64.550003,65.620003,63.349998,63.610001,62.935528,134400
2021-01-28,64.300003,65.989998,63.060001,64.550003,63.865559,127700
2021-01-29,64.209999,65.410004,63.540001,63.680000,63.004784,84100
2021-02-01,64.360001,64.519997,63.000000,64.209999,63.529163,82100
2021-02-02,64.699997,65.550003,64.279999,64.730003,64.043655,50600
2021-02-03,64.260002,64.440002,63.820000,64.239998,63.558846,116100
2021-02-04,63.970001,65.099998,63.599998,65.050003,64.360260,77100
2021-02-05,65.870003,66.379997,65.099998,65.349998,64.657074,70400
2021-02-08,65.620003,65.650002,64.029999,65.169998,64.478981,65600
2021-02-09,64.699997,65.519997,64.120003,65.160004,64.469093,61600
2021-02-10,65.470001,65.980003,64.870003,65.730003,65.033051,67700
2021-02-11,66.000000,66.279999,65.120003,65.919998,65.221031,61200
2021-02-12,65.599998,65.919998,65.059998,65.639999,64.944000,57000
2021-02-16,64.989998,65.849998,64.250000,64.739998,64.053543,80600
2021-02-17,65.559998,65.949997,64.910004,65.110001,64.419624,80500
2021-02-18,65.129997,65.879997,64.879997,65.629997,64.934105,67300
2021-02-19,65.279999,65.949997,65.279999,65.830002,65.131989,88800
2021-02-22,65.160004,66.080002,64.489998,65.739998,65.042946,106300
2021-02-23,65.699997,68.129997,65.639999,66.589996,65.883926,137300
2021-02-24,66.870003,67.320000,65.070000,65.070000,64.380043,182000
2021-02-25,64.309998,65.389999,64.309998,64.949997,64.261314,79000
2021-02-26,64.660004,65.029999,63.689999,63.700001,63.385662,106900
2021-03-01,64.669998,65.809998,64.169998,65.470001,65.146927,72600
2021-03-02,65.180000,65.910004,64.029999,64.480003,64.161819,161500
2021-03-03,64.290001,64.620003,63.430000,63.900002,63.584675,95100
2021-03-04,63.889999,65.290001,63.340000,63.660000,63.345860,121600
2021-03-05,63.939999,65.910004,63.599998,65.519997,65.196678,133000
2021-03-08,65.870003,68.440002,65.790001,68.059998,67.724144,110800
2021-03-09,67.970001,69.160004,67.800003,68.580002,68.241585,89400
2021-03-10,68.419998,70.820000,64.489998,70.269997,69.923241,127800
2021-03-11,70.410004,71.180000,69.400002,70.269997,69.923241,97700
2021-03-12,70.610001,72.379997,70.309998,72.150002,71.793968,99500
2021-03-15,71.989998,72.989998,71.279999,72.739998,72.381050,165400
2021-03-16,71.989998,72.709999,71.510002,72.400002,72.042732,86100
2021-03-17,72.599998,72.599998,70.360001,70.870003,70.520287,71700
2021-03-18,70.800003,71.220001,70.059998,70.989998,70.639687,83100
2021-03-19,70.690002,72.279999,68.610001,71.930000,71.575050,551900
2021-03-22,71.209999,71.209999,69.589996,70.320000,69.972992,86400
2021-03-23,69.809998,71.139999,69.449997,70.510002,70.162056,98500
2021-03-24,70.699997,72.250000,69.669998,71.239998,70.888451,89000
2021-03-25,70.980003,72.410004,70.400002,71.650002,71.296432,106100
2021-03-26,72.120003,72.309998,71.379997,72.120003,71.764114,62200
2021-03-29,71.879997,72.800003,71.309998,72.230003,71.873573,73800
2021-03-30,72.169998,72.480003,70.709999,70.959999,70.609833,86900
2021-03-31,71.000000,71.680000,70.150002,71.389999,71.037712,143400
2021-04-01,71.230003,71.440002,70.309998,71.330002,70.978012,48100
2021-04-05,71.330002,72.620003,71.330002,72.360001,72.002930,144600
2021-04-06,72.510002,72.519997,71.290001,72.320000,71.963127,68400
2021-04-07,72.279999,72.489998,71.389999,71.519997,71.167068,66300
2021-04-08,71.610001,72.370003,71.410004,72.220001,71.863617,137800
2021-04-09,72.279999,72.519997,71.610001,72.190002,71.833771,48800
2021-04-12,72.230003,72.779999,72.019997,72.589996,72.231789,48200
2021-04-13,72.650002,73.440002,72.139999,73.379997,73.017891,107100
2021-04-14,73.019997,73.720001,72.889999,73.529999,73.167152,38600
2021-04-15,73.349998,74.300003,72.650002,73.830002,73.465675,114200
2021-04-16,74.169998,74.550003,73.750000,74.019997,73.654732,50600
2021-04-19,74.180000,74.180000,73.389999,73.669998,73.306458,74300
2021-04-20,73.410004,75.000000,73.190002,74.800003,74.430893,102500
2021-04-21,74.900002,75.370003,74.550003,74.940002,74.570198,78400
2021-04-22,75.050003,75.559998,74.680000,75.040001,74.669701,86200
2021-04-23,75.269997,76.080002,74.629997,75.559998,75.187134,67800
2021-04-26,75.709999,75.709999,74.400002,74.610001,74.241821,75500
2021-04-27,74.480003,74.790001,73.510002,73.730003,73.366173,78100
2021-04-28,73.720001,73.720001,72.830002,73.120003,72.759178,109000
2021-04-29,73.330002,74.430000,73.220001,74.220001,73.853752,65200
2021-04-30,74.080002,75.050003,73.019997,74.809998,74.440834,109100
2021-05-03,75.110001,75.919998,75.029999,75.220001,74.848816,55800
2021-05-04,75.089996,75.389999,74.360001,74.580002,74.211975,59600
2021-05-05,74.580002,74.580002,72.500000,73.660004,73.296516,59300
2021-05-06,73.709999,74.370003,73.250000,74.209999,73.843796,58200
2021-05-07,74.480003,75.139999,74.400002,74.790001,74.420937,63300
2021-05-10,74.680000,75.230003,74.379997,74.489998,74.122414,85200
2021-05-11,74.190002,74.330002,73.120003,73.779999,73.415916,55900
2021-05-12,73.360001,73.879997,72.260002,72.309998,71.953171,82500
2021-05-13,72.250000,75.180000,72.250000,74.980003,74.610001,73700
2021-05-14,75.029999,76.000000,74.669998,74.900002,74.530396,56200
2021-05-17,74.699997,75.300003,74.160004,74.529999,74.162216,77200
2021-05-18,74.239998,75.120003,74.239998,74.589996,74.221916,65900
2021-05-19,74.389999,75.019997,73.820000,74.739998,74.371178,52100
2021-05-20,74.510002,75.419998,74.309998,74.910004,74.540344,58900
2021-05-21,75.430000,75.889999,74.480003,75.470001,75.097580,67700
2021-05-24,75.739998,75.930000,75.220001,75.690002,75.316498,54200
2021-05-25,75.449997,75.730003,74.000000,74.110001,73.744293,102200
2021-05-26,73.680000,75.360001,73.680000,74.879997,74.510490,105900
2021-05-27,74.980003,75.260002,74.690002,74.980003,74.610001,62400
2021-05-28,75.029999,75.309998,74.459999,75.019997,75.019997,51100
2021-06-01,74.889999,75.160004,74.160004,74.809998,74.809998,51600
2021-06-02,74.900002,75.389999,74.379997,75.120003,75.120003,55200
2021-06-03,74.779999,76.000000,74.400002,75.779999,75.779999,67100
2021-06-04,75.629997,75.849998,75.320000,75.459999,75.459999,57800
2021-06-07,75.300003,75.779999,75.089996,75.610001,75.610001,68400
2021-06-08,75.870003,75.870003,74.910004,75.529999,75.529999,82800
2021-06-09,75.580002,75.830002,75.230003,75.500000,75.500000,69400
2021-06-10,75.760002,75.860001,75.330002,75.500000,75.500000,42900
2021-06-11,75.790001,76.839996,75.300003,76.730003,76.730003,69600
2021-06-14,76.430000,76.650002,75.580002,76.099998,76.099998,94900
2021-06-15,76.480003,77.309998,75.900002,76.989998,76.989998,88900
2021-06-16,76.760002,77.000000,76.120003,76.650002,76.650002,95100
2021-06-17,76.400002,77.400002,75.959999,76.510002,76.510002,71300
2021-06-18,76.360001,76.360001,73.660004,73.870003,73.870003,231000
2021-06-21,74.360001,75.980003,73.660004,75.709999,75.709999,92800
2021-06-22,75.599998,75.820000,74.919998,75.209999,75.209999,84700
2021-06-23,75.010002,75.209999,74.129997,74.540001,74.540001,148100
2021-06-24,74.550003,75.209999,74.309998,75.160004,75.160004,111500
2021-06-25,75.150002,76.410004,74.900002,76.000000,76.000000,594800
2021-06-28,77.139999,77.139999,75.080002,75.419998,75.419998,60700
2021-06-29,75.250000,75.739998,73.809998,74.110001,74.110001,51100
2021-06-30,73.919998,74.900002,73.919998,74.440002,74.440002,115800
2021-07-01,74.790001,75.489998,74.480003,75.180000,75.180000,70300
2021-07-02,75.169998,75.300003,74.260002,74.529999,74.529999,59600
2021-07-06,74.480003,74.820000,72.660004,74.250000,74.250000,71000
2021-07-07,74.410004,75.690002,74.099998,75.239998,75.239998,85500
2021-07-08,74.620003,75.779999,74.620003,75.379997,75.379997,76100
2021-07-09,75.650002,76.320000,75.279999,76.220001,76.220001,65200
2021-07-12,76.150002,76.220001,75.309998,76.000000,76.000000,77500
2021-07-13,75.870003,76.260002,75.080002,75.080002,75.080002,42800
2021-07-14,75.449997,76.059998,74.790001,75.750000,75.750000,37600
2021-07-15,75.709999,77.160004,75.559998,77.160004,77.160004,44500
2021-07-16,77.650002,78.900002,77.599998,78.029999,78.029999,68900
2021-07-19,77.529999,77.910004,75.690002,76.290001,76.290001,101900
2021-07-20,76.199997,78.269997,76.199997,77.010002,77.010002,144800
2021-07-21,77.339996,77.620003,76.320000,76.339996,76.339996,55900
2021-07-22,76.330002,76.489998,75.629997,75.849998,75.849998,48200
2021-07-23,76.129997,77.040001,75.930000,77.000000,77.000000,40000
2021-07-26,76.620003,77.489998,76.540001,76.769997,76.769997,44300
2021-07-27,76.570000,78.209999,76.570000,78.070000,78.070000,82000
2021-07-28,77.949997,78.440002,77.169998,78.169998,78.169998,58700
2021-07-29,78.300003,78.989998,77.820000,78.309998,78.309998,39500
2021-07-30,78.470001,79.320000,78.050003,78.120003,78.120003,81500
2021-08-02,78.220001,78.989998,78.029999,78.489998,78.489998,53700
2021-08-03,78.699997,79.809998,78.029999,79.440002,79.440002,54300
2021-08-04,78.949997,79.519997,78.440002,79.480003,79.480003,75900
2021-08-05,79.400002,79.949997,78.870003,79.730003,79.730003,56800
2021-08-06,80.150002,81.129997,79.889999,80.519997,80.519997,49000
2021-08-09,80.070000,80.660004,79.580002,79.809998,79.809998,90400
2021-08-10,79.760002,80.269997,79.300003,80.059998,80.059998,34500
2021-08-11,80.190002,80.669998,80.080002,80.669998,80.669998,28300
2021-08-12,80.580002,80.639999,80.050003,80.570000,80.570000,40900
2021-08-13,80.599998,81.730003,80.599998,81.089996,81.089996,45300
2021-08-16,80.889999,82.080002,80.500000,81.220001,81.220001,35100
2021-08-17,81.019997,81.260002,80.419998,81.040001,81.040001,38800
2021-08-18,81.110001,81.779999,80.570000,80.779999,80.779999,46800
2021-08-19,80.709999,81.290001,80.500000,81.190002,81.190002,56300
2021-08-20,80.910004,82.550003,80.860001,82.459999,82.459999,82100
2021-08-23,82.510002,82.949997,81.599998,81.970001,81.970001,45100
2021-08-24,81.760002,81.790001,80.629997,80.940002,80.940002,39300
2021-08-25,80.800003,81.410004,80.120003,80.419998,80.419998,87500
2021-08-26,80.650002,80.739998,79.580002,79.779999,79.779999,54300
2021-08-27,79.919998,80.900002,79.500000,80.669998,80.669998,65200
2021-08-30,80.550003,81.129997,80.510002,80.809998,80.809998,48200