Date,Open,High,Low,Close,Adj Close,Volume
2021-01-04,30.680000,30.809999,27.020000,27.610001,27.610001,7941900
2021-01-05,26.639999,29.500000,26.260000,28.570000,28.570000,4675300
2021-01-06,28.209999,28.650000,27.120001,27.309999,27.309999,5704300
2021-01-07,26.940001,29.430000,22.650000,25.610001,25.610001,26363200
2021-01-08,25.420000,26.570000,23.690001,25.080000,25.080000,6518800
2021-01-11,24.510000,26.740000,23.920000,25.559999,25.559999,5110500
2021-01-12,25.549999,28.170000,25.350000,27.520000,27.520000,4803700
2021-01-13,28.350000,28.600000,26.860001,27.389999,27.389999,4709900
2021-01-14,27.420000,31.280001,27.360001,31.139999,31.139999,6461000
2021-01-15,30.600000,31.299999,28.510000,30.059999,30.059999,3723900
2021-01-19,30.209999,35.000000,30.200001,34.709999,34.709999,7331000
2021-01-20,34.930000,36.180000,33.160000,34.400002,34.400002,3944400
2021-01-21,34.880001,37.099998,33.560001,36.279999,36.279999,4177600
2021-01-22,35.660000,40.200001,35.349998,40.080002,40.080002,7504200
2021-01-25,39.599998,40.000000,33.599998,37.049999,37.049999,7357400
2021-01-26,37.480000,39.549999,37.049999,37.119999,37.119999,3752300
2021-01-27,34.590000,38.570000,34.259998,36.840000,36.840000,4955600
2021-01-28,36.959999,38.009998,34.630001,35.000000,35.000000,3597600
2021-01-29,35.299999,36.990002,34.230000,34.639999,34.639999,3460700
2021-02-01,35.740002,39.169998,34.930000,39.000000,39.000000,4219000
2021-02-02,41.540001,41.990002,39.020000,40.240002,40.240002,3921800
2021-02-03,41.099998,42.200001,40.360001,41.279999,41.279999,2752100
2021-02-04,41.770000,44.439999,41.450001,43.490002,43.490002,3602900
2021-02-05,55.830002,58.500000,49.020000,54.950001,54.950001,13031800
2021-02-08,56.369999,59.980000,55.029999,58.650002,58.650002,5558900
2021-02-09,60.299999,64.389999,59.009998,61.709999,61.709999,5788800
2021-02-10,62.299999,63.730000,56.810001,57.639999,57.639999,5159200
2021-02-11,59.000000,62.490002,57.650002,61.799999,61.799999,4763200
2021-02-12,60.720001,61.779999,58.700001,61.700001,61.700001,2690100
2021-02-16,62.459999,62.799999,55.919998,56.509998,56.509998,4119200
2021-02-17,55.939999,56.209999,52.500000,56.060001,56.060001,3140000
2021-02-18,53.340000,56.410000,53.009998,53.900002,53.900002,2537500
2021-02-19,54.009998,58.939999,54.000000,58.560001,58.560001,3153700
2021-02-22,57.169998,61.669998,57.029999,59.240002,59.240002,4109000
2021-02-23,53.230000,54.980000,42.000000,52.720001,52.720001,8277000
2021-02-24,53.450001,57.490002,51.090000,56.939999,56.939999,4268900
2021-02-25,54.000000,56.240002,47.540001,48.419998,48.419998,7216300
2021-02-26,49.970001,52.660000,46.650002,48.869999,48.869999,4603500
2021-03-01,50.310001,52.869999,47.770000,52.169998,52.169998,3886500
2021-03-02,52.349998,55.000000,50.070000,50.730000,50.730000,3641700
2021-03-03,50.720001,51.480000,44.009998,44.240002,44.240002,4972600
2021-03-04,42.610001,45.250000,36.869999,40.410000,40.410000,8501800
2021-03-05,40.259998,40.930000,33.459999,39.099998,39.099998,8125500
2021-03-08,39.480000,42.349998,36.759998,37.119999,37.119999,4214400
2021-03-09,39.270000,44.700001,39.270000,43.400002,43.400002,5650000
2021-03-10,47.869999,48.000000,43.380001,44.220001,44.220001,4185800
2021-03-11,46.849998,49.750000,45.230000,49.650002,49.650002,3007700
2021-03-12,47.070000,51.200001,46.790001,49.209999,49.209999,2435000
2021-03-15,47.279999,47.889999,45.540001,45.630001,45.630001,4262400
2021-03-16,45.169998,46.660000,43.270000,45.299999,45.299999,4271600
2021-03-17,42.580002,49.740002,42.160000,48.950001,48.950001,4483500
2021-03-18,47.500000,49.150002,46.709999,47.299999,47.299999,3079800
2021-03-19,46.630001,51.130001,45.110001,50.680000,50.680000,4593200
2021-03-22,51.250000,53.480000,50.180000,51.660000,51.660000,3538600
2021-03-23,51.000000,51.750000,45.880001,46.580002,46.580002,4259500
2021-03-24,47.070000,47.509998,39.400002,39.689999,39.689999,4908200
2021-03-25,37.369999,41.139999,37.009998,40.709999,40.709999,3032600
2021-03-26,41.049999,42.130001,38.360001,40.910000,40.910000,2332800
2021-03-29,39.570000,41.849998,38.310001,38.840000,38.840000,2533000
2021-03-30,38.400002,40.900002,37.610001,40.660000,40.660000,1619900
2021-03-31,41.180000,42.830002,40.799999,41.610001,41.610001,2083000
2021-04-01,43.689999,44.630001,42.310001,42.799999,42.799999,2042700
2021-04-05,43.720001,43.869999,38.869999,40.410000,40.410000,3076300
2021-04-06,39.110001,41.799999,39.110001,40.299999,40.299999,1679800
2021-04-07,40.389999,40.619999,39.029999,39.759998,39.759998,1385800
2021-04-08,39.759998,40.320000,38.450001,39.560001,39.560001,1865600
2021-04-09,39.250000,40.459999,38.040001,40.180000,40.180000,1661600
2021-04-12,40.080002,40.509998,38.500000,39.820000,39.820000,1155600
2021-04-13,40.310001,42.360001,39.270000,41.980000,41.980000,1924000
2021-04-14,42.340000,42.689999,39.060001,39.610001,39.610001,2253100
2021-04-15,40.070000,41.380001,38.950001,39.500000,39.500000,1515600
2021-04-16,39.340000,39.360001,36.430000,37.639999,37.639999,2914800
2021-04-19,36.369999,37.480000,35.360001,36.060001,36.060001,3439900
2021-04-20,35.500000,36.240002,33.630001,35.139999,35.139999,3500200
2021-04-21,34.419998,36.580002,34.070000,36.110001,36.110001,1836200
2021-04-22,36.299999,37.980000,35.770000,36.320000,36.320000,1453000
2021-04-23,37.169998,38.369999,36.360001,38.310001,38.310001,1123100
2021-04-26,38.240002,40.270000,38.130001,40.259998,40.259998,1546900
2021-04-27,40.950001,41.959999,40.099998,41.299999,41.299999,1788100
2021-04-28,40.520000,41.939999,39.380001,40.990002,40.990002,1269100
2021-04-29,41.750000,41.849998,38.720001,40.500000,40.500000,1587500
2021-04-30,39.610001,40.810001,39.000000,40.049999,40.049999,1689000
2021-05-03,40.700001,40.779999,37.400002,38.529999,38.529999,1743300
2021-05-04,37.759998,38.150002,35.410000,35.799999,35.799999,2708500
2021-05-05,36.090000,36.939999,34.700001,35.119999,35.119999,2436000
2021-05-06,34.240002,34.320000,30.879999,32.240002,32.240002,4671100
2021-05-07,34.009998,36.230000,33.299999,35.840000,35.840000,3127100
2021-05-10,32.849998,33.470001,28.260000,28.559999,28.559999,6622500
2021-05-11,24.090000,28.209999,23.840000,27.590000,27.590000,6744500
2021-05-12,27.000000,27.680000,25.600000,26.150000,26.150000,3692800
2021-05-13,26.230000,27.520000,24.129999,24.530001,24.530001,4615300
2021-05-14,25.010000,25.520000,24.549999,24.990000,24.990000,3678000
2021-05-17,24.910000,25.750000,24.309999,25.570000,25.570000,2907600
2021-05-18,26.750000,27.450001,26.020000,26.200001,26.200001,4478600
2021-05-19,25.330000,27.250000,25.160000,26.440001,26.440001,3222800
2021-05-20,26.660000,29.680000,26.270000,29.530001,29.530001,3942900
2021-05-21,30.049999,30.120001,28.549999,28.559999,28.559999,2318000
2021-05-24,29.080000,30.990000,28.980000,30.340000,30.340000,2395700
2021-05-25,31.000000,31.030001,29.370001,29.530001,29.530001,2043000
2021-05-26,29.850000,30.799999,29.610001,30.059999,30.059999,1469300
2021-05-27,30.080000,30.709999,29.080000,29.580000,29.580000,1946700
2021-05-28,29.650000,30.290001,29.129999,29.700001,29.700001,2050900
2021-06-01,29.580000,31.360001,29.350000,30.930000,30.930000,2430700
2021-06-02,31.070000,31.299999,29.680000,30.889999,30.889999,1858100
2021-06-03,29.809999,30.200001,28.400000,28.870001,28.870001,2086300
2021-06-04,29.020000,29.709999,28.730000,28.770000,28.770000,1546500
2021-06-07,29.650000,32.900002,29.299999,32.500000,32.500000,4076900
2021-06-08,32.299999,33.380001,32.009998,33.009998,33.009998,2231400
2021-06-09,33.150002,34.599998,32.860001,33.869999,33.869999,3096200
2021-06-10,33.220001,34.000000,31.910000,32.540001,32.540001,1768800
2021-06-11,33.250000,33.419998,32.650002,32.849998,32.849998,1638900
2021-06-14,33.279999,33.880001,31.500000,31.830000,31.830000,2803300
2021-06-15,31.940001,32.290001,30.600000,31.010000,31.010000,1893100
2021-06-16,30.719999,32.029999,30.420000,30.980000,30.980000,2776700
2021-06-17,30.830000,32.130001,30.809999,31.629999,31.629999,2387100
2021-06-18,30.980000,31.610001,29.150000,29.490000,29.490000,4513200
2021-06-21,29.520000,30.389999,28.950001,30.209999,30.209999,2506200
2021-06-22,29.950001,31.879999,29.540001,31.520000,31.520000,2401300
2021-06-23,31.469999,32.930000,31.410000,32.740002,32.740002,1795600
2021-06-24,33.580002,36.380001,33.150002,35.419998,35.419998,5446600
2021-06-25,35.419998,36.540001,34.349998,36.500000,36.500000,6258600
2021-06-28,37.410000,37.450001,36.130001,36.830002,36.830002,2186300
2021-06-29,36.880001,37.540001,36.299999,36.930000,36.930000,1527400
2021-06-30,36.459999,36.540001,33.810001,33.840000,33.840000,3474600
2021-07-01,34.529999,35.959999,33.830002,34.680000,34.680000,1991900
2021-07-02,35.150002,35.500000,32.790001,33.549999,33.549999,1815600
2021-07-06,34.020000,34.450001,32.810001,34.410000,34.410000,1879100
2021-07-07,34.680000,35.770000,33.020000,33.270000,33.270000,2255600
2021-07-08,31.230000,33.720001,30.700001,33.500000,33.500000,2072800
2021-07-09,33.680000,33.770000,32.299999,33.189999,33.189999,868900
2021-07-12,33.299999,33.480000,30.750000,31.610001,31.610001,2246500
2021-07-13,31.299999,32.380001,30.559999,31.040001,31.040001,1637600
2021-07-14,31.570000,31.770000,29.370001,29.590000,29.590000,1539400
2021-07-15,29.270000,30.370001,28.290001,29.430000,29.430000,1507700
2021-07-16,29.820000,30.049999,28.200001,28.530001,28.530001,1265100
2021-07-19,27.100000,28.830000,26.850000,28.480000,28.480000,2152600
2021-07-20,28.450001,30.330000,28.110001,29.980000,29.980000,1531200
2021-07-21,30.010000,31.660000,29.959999,31.620001,31.620001,1423100
2021-07-22,31.780001,31.780001,30.309999,30.850000,30.850000,949500
2021-07-23,31.639999,32.549999,31.059999,32.189999,32.189999,1649800
2021-07-26,31.990000,32.970001,31.230000,31.340000,31.340000,1126800
2021-07-27,31.030001,31.420000,29.160000,30.420000,30.420000,1054600
2021-07-28,30.700001,32.220001,30.420000,32.000000,32.000000,1069200
2021-07-29,31.920000,32.570000,31.070000,31.160000,31.160000,1056100
2021-07-30,30.370001,31.469999,29.900000,30.299999,30.299999,945000
2021-08-02,30.820000,30.820000,29.350000,29.840000,29.840000,985900
2021-08-03,30.379999,30.379999,28.420000,29.559999,29.559999,1504400
2021-08-04,29.360001,30.280001,29.049999,29.629999,29.629999,1196300
2021-08-05,29.360001,30.770000,29.260000,30.700001,30.700001,1943800
2021-08-06,34.240002,36.590000,32.020000,33.849998,33.849998,7317500
2021-08-09,33.790001,34.259998,32.400002,32.910000,32.910000,2841300
2021-08-10,32.939999,34.230000,32.430000,32.799999,32.799999,1435900
2021-08-11,32.639999,32.950001,30.830000,32.270000,32.270000,1647300
2021-08-12,31.950001,32.570000,31.170000,31.379999,31.379999,1231000
2021-08-13,31.410000,31.410000,28.830000,29.090000,29.090000,2907500
2021-08-16,28.920000,29.250000,27.190001,27.930000,27.930000,2703500
2021-08-17,26.860001,27.219999,25.370001,26.190001,26.190001,4563700
2021-08-18,26.459999,26.469999,24.870001,24.940001,24.940001,3978500
2021-08-19,24.410000,24.700001,24.010000,24.299999,24.299999,2845300
2021-08-20,24.250000,25.049999,24.160000,24.799999,24.799999,3081100
2021-08-23,25.200001,26.740000,24.940001,26.660000,26.660000,3439400
2021-08-24,26.950001,28.280001,26.270000,28.180000,28.180000,2707100
2021-08-25,28.180000,28.809999,27.650000,27.760000,27.760000,1869100
2021-08-26,27.740000,29.120001,27.600000,28.990000,28.990000,2323800
2021-08-27,29.000000,30.129999,28.840000,29.730000,29.730000,1359700
2021-08-30,29.860001,30.000000,28.150000,28.410000,28.410000,1988000