Date,Open,High,Low,Close,Adj Close,Volume
2021-01-04,37.820000,38.299999,36.889999,37.740002,27.464258,1161900
2021-01-05,37.740002,39.200001,37.610001,38.560001,28.060991,1126600
2021-01-06,38.500000,39.279999,38.410000,39.220001,28.541288,1486800
2021-01-07,39.220001,40.080002,38.950001,39.900002,29.036139,1487300
2021-01-08,40.240002,41.000000,39.759998,40.400002,29.400002,2088800
2021-01-11,29.799999,30.620001,29.570000,29.830000,29.830000,3508600
2021-01-12,30.000000,30.490000,29.410000,29.530001,29.530001,2821500
2021-01-13,29.400000,29.879999,28.990000,29.299999,29.299999,1597300
2021-01-14,29.309999,29.500000,29.100000,29.309999,29.309999,542900
2021-01-15,29.139999,29.250000,28.549999,28.680000,28.680000,776000
2021-01-19,28.860001,28.980000,28.360001,28.660000,28.660000,1018900
2021-01-20,28.520000,29.030001,28.469999,29.000000,29.000000,725100
2021-01-21,29.000000,29.260000,28.850000,29.209999,29.209999,980400
2021-01-22,28.969999,29.139999,28.670000,28.879999,28.879999,379300
2021-01-25,28.760000,28.820000,28.219999,28.520000,28.520000,2076300
2021-01-26,28.750000,29.209999,28.690001,28.820000,28.820000,972200
2021-01-27,28.299999,29.040001,28.139999,28.280001,28.280001,977100
2021-01-28,28.410000,28.610001,27.910000,28.230000,28.230000,1865600
2021-01-29,28.080000,28.209999,27.469999,27.790001,27.790001,772800
2021-02-01,28.250000,28.590000,27.780001,28.540001,28.540001,1359300
2021-02-02,28.990000,29.190001,28.480000,28.980000,28.980000,974800
2021-02-03,29.049999,29.410000,28.950001,29.100000,29.100000,594500
2021-02-04,29.080000,30.000000,29.020000,29.959999,29.959999,636500
2021-02-05,30.240000,30.350000,29.809999,30.139999,30.139999,738900
2021-02-08,30.410000,31.420000,30.350000,31.290001,31.290001,1192500
2021-02-09,31.290001,31.570000,30.900000,31.020000,31.020000,1156200
2021-02-10,31.320000,31.430000,30.980000,31.120001,31.120001,561800
2021-02-11,31.049999,31.660000,31.020000,31.610001,31.610001,498600
2021-02-12,31.469999,32.419998,31.469999,31.780001,31.780001,673800
2021-02-16,31.920000,32.439999,31.820000,31.889999,31.889999,798400
2021-02-17,31.820000,32.869999,31.459999,32.570000,32.570000,1595200
2021-02-18,32.400002,32.410000,31.100000,31.600000,31.600000,825400
2021-02-19,31.650000,31.910000,31.260000,31.660000,31.660000,1030300
2021-02-22,31.500000,32.080002,31.260000,31.450001,31.450001,1342100
2021-02-23,31.240000,31.450001,30.580000,30.809999,30.809999,1035300
2021-02-24,30.540001,32.209999,30.430000,32.000000,32.000000,1000300
2021-02-25,31.900000,32.299999,31.299999,31.580000,31.580000,1191200
2021-02-26,31.500000,31.840000,30.980000,31.340000,31.340000,1175800
2021-03-01,31.770000,32.290001,31.520000,31.830000,31.830000,942500
2021-03-02,31.719999,32.000000,31.290001,31.389999,31.389999,1009400
2021-03-03,31.520000,31.920000,30.920000,30.959999,30.959999,1227900
2021-03-04,30.940001,31.100000,30.070000,30.799999,30.799999,1099900
2021-03-05,30.950001,31.360001,29.879999,31.010000,31.010000,986500
2021-03-08,31.090000,31.719999,30.730000,30.959999,30.959999,1823700
2021-03-09,31.240000,31.350000,30.360001,30.480000,30.480000,1557300
2021-03-10,30.530001,31.790001,30.469999,31.660000,31.660000,498400
2021-03-11,32.000000,32.240002,31.570000,32.220001,32.220001,732600
2021-03-12,32.340000,32.619999,32.200001,32.400002,32.400002,392400
2021-03-15,32.450001,32.500000,31.820000,32.330002,32.330002,571700
2021-03-16,32.299999,32.349998,31.900000,31.969999,31.969999,818900
2021-03-17,31.870001,32.099998,31.520000,31.889999,31.889999,502700
2021-03-18,31.680000,32.029999,31.320000,31.559999,31.559999,739600
2021-03-19,31.469999,31.680000,31.120001,31.510000,31.510000,997800
2021-03-22,31.290001,31.490000,30.980000,31.299999,31.299999,775700
2021-03-23,31.129999,31.440001,30.490000,30.639999,30.639999,544000
2021-03-24,30.900000,31.520000,30.510000,30.600000,30.600000,599400
2021-03-25,30.480000,31.360001,30.150000,31.270000,31.270000,395300
2021-03-26,31.559999,31.680000,31.000000,31.440001,31.440001,347800
2021-03-29,31.330000,31.700001,31.090000,31.450001,31.450001,371600
2021-03-30,31.430000,31.620001,31.180000,31.510000,31.510000,588900
2021-03-31,31.520000,32.000000,31.520000,31.809999,31.809999,724600
2021-04-01,31.980000,32.279999,31.639999,32.180000,32.180000,1096500
2021-04-05,32.310001,32.759998,32.310001,32.580002,32.580002,1060600
2021-04-06,32.389999,32.750000,31.879999,32.119999,32.119999,1037400
2021-04-07,32.139999,32.320000,31.780001,31.980000,31.980000,691500
2021-04-08,31.879999,32.040001,31.530001,31.950001,31.950001,685400
2021-04-09,31.820000,32.160000,31.680000,31.900000,31.900000,642700
2021-04-12,32.000000,32.209999,31.629999,32.020000,32.020000,3052700
2021-04-13,31.879999,32.279999,31.540001,32.160000,32.160000,1455000
2021-04-14,32.259998,33.099998,32.259998,32.500000,32.500000,1137600
2021-04-15,32.610001,32.900002,32.230000,32.580002,32.580002,830000
2021-04-16,32.720001,33.169998,32.509998,33.040001,33.040001,467700
2021-04-19,33.000000,33.000000,32.630001,32.779999,32.779999,460300
2021-04-20,32.759998,32.889999,32.419998,32.810001,32.810001,483900
2021-04-21,32.810001,33.080002,32.689999,33.000000,33.000000,524400
2021-04-22,33.020000,33.689999,32.990002,33.270000,33.270000,625000
2021-04-23,33.480000,33.740002,33.139999,33.520000,33.520000,405800
2021-04-26,33.689999,33.830002,33.049999,33.150002,33.150002,1471500
2021-04-27,33.360001,33.700001,33.310001,33.560001,33.560001,857000
2021-04-28,33.560001,33.689999,33.049999,33.410000,33.410000,681900
2021-04-29,33.610001,33.980000,33.470001,33.799999,33.799999,469200
2021-04-30,33.650002,33.830002,33.230000,33.310001,33.310001,748300
2021-05-03,33.349998,33.540001,33.080002,33.110001,33.110001,950500
2021-05-04,32.740002,34.549999,32.150002,33.880001,33.880001,1459600
2021-05-05,34.290001,34.490002,33.970001,34.459999,34.459999,1034100
2021-05-06,34.720001,34.860001,34.310001,34.759998,34.759998,1144700
2021-05-07,34.419998,35.090000,34.369999,34.939999,34.939999,1074400
2021-05-10,34.970001,35.119999,34.480000,34.509998,34.509998,577200
2021-05-11,34.250000,34.820000,33.930000,34.650002,34.650002,671600
2021-05-12,34.490002,34.509998,33.660000,33.900002,33.900002,1415600
2021-05-13,34.049999,35.009998,34.049999,34.439999,34.439999,557700
2021-05-14,34.730000,35.080002,34.560001,34.919998,34.919998,837500
2021-05-17,34.889999,35.369999,34.520000,35.160000,35.160000,1045000
2021-05-18,35.290001,35.610001,35.139999,35.279999,35.279999,688800
2021-05-19,34.959999,35.040001,34.389999,34.900002,34.900002,1147600
2021-05-20,34.900002,35.360001,34.439999,35.220001,35.220001,1125700
2021-05-21,35.459999,35.570000,35.310001,35.330002,35.330002,718300
2021-05-24,35.529999,35.529999,34.980000,35.020000,35.020000,2211100
2021-05-25,35.020000,35.139999,34.570000,34.619999,34.619999,649700
2021-05-26,34.759998,35.009998,34.470001,34.939999,34.939999,1281600
2021-05-27,35.139999,35.320000,34.930000,34.930000,34.930000,609100
2021-05-28,35.080002,35.080002,34.669998,34.880001,34.880001,423400
2021-06-01,35.040001,35.240002,34.810001,35.200001,35.200001,647400
2021-06-02,35.400002,35.400002,34.759998,34.790001,34.790001,611400
2021-06-03,34.470001,34.990002,34.470001,34.880001,34.880001,442700
2021-06-04,34.900002,35.160000,34.700001,35.000000,35.000000,389800
2021-06-07,38.939999,39.139999,38.599998,38.830002,38.830002,6283700
2021-06-08,38.799999,38.880001,38.360001,38.650002,38.650002,3422700
2021-06-09,38.700001,38.770000,38.459999,38.500000,38.500000,2309500
2021-06-10,38.500000,38.680000,38.150002,38.549999,38.549999,1331500
2021-06-11,38.520000,39.000000,38.419998,38.939999,38.939999,2984000
2021-06-14,39.000000,39.250000,38.680000,38.730000,38.730000,1417100
2021-06-15,39.150002,39.189999,38.549999,38.599998,38.599998,3298400
2021-06-16,38.700001,39.130001,38.490002,39.080002,39.080002,2260700
2021-06-17,39.000000,39.070000,38.520000,38.930000,38.930000,2145600
2021-06-18,38.720001,39.000000,38.599998,38.709999,38.709999,1046200
2021-06-21,38.919998,39.110001,38.709999,39.009998,39.009998,1514200
2021-06-22,38.740002,38.849998,38.500000,38.650002,38.650002,2606500
2021-06-23,38.560001,38.700001,38.369999,38.500000,38.500000,4836400
2021-06-24,38.689999,38.709999,38.400002,38.500000,38.500000,1247300
2021-06-25,38.619999,38.750000,38.080002,38.220001,38.220001,11265300
2021-06-28,38.200001,38.720001,38.090000,38.450001,38.450001,2336400
2021-06-29,38.529999,38.720001,37.939999,37.950001,37.950001,2273900
2021-06-30,37.950001,38.330002,37.919998,38.270000,38.270000,2213700
2021-07-01,38.439999,38.810001,38.360001,38.700001,38.700001,1952400
2021-07-02,38.740002,38.860001,38.570000,38.790001,38.790001,1827100
2021-07-06,38.650002,38.830002,38.470001,38.779999,38.779999,1373400
2021-07-07,38.599998,38.869999,38.570000,38.830002,38.830002,1364700
2021-07-08,38.430000,39.000000,38.340000,38.830002,38.830002,1408100
2021-07-09,39.000000,39.000000,38.730000,38.790001,38.790001,955700
2021-07-12,38.599998,38.849998,38.270000,38.849998,38.849998,716400
2021-07-13,38.790001,38.790001,38.549999,38.610001,38.610001,672700
2021-07-14,38.730000,38.869999,38.549999,38.660000,38.660000,1156200
2021-07-15,38.430000,38.830002,38.250000,38.820000,38.820000,1729000
2021-07-16,38.849998,38.849998,38.349998,38.509998,38.509998,1700700
2021-07-19,38.220001,38.669998,38.220001,38.470001,38.470001,1745300
2021-07-20,38.580002,38.990002,38.400002,38.990002,38.990002,2028300
2021-07-21,38.900002,39.299999,38.880001,39.150002,39.150002,1391800
2021-07-22,39.189999,39.220001,39.000000,39.110001,39.110001,1153800
2021-07-23,39.230000,39.250000,39.040001,39.150002,39.150002,846500
2021-07-26,39.290001,39.400002,39.060001,39.209999,39.209999,864500
2021-07-27,39.250000,39.320000,39.020000,39.180000,39.180000,989800
2021-07-28,39.200001,39.310001,38.950001,39.240002,39.240002,1046000
2021-07-29,39.259998,39.590000,39.259998,39.459999,39.459999,930200
2021-07-30,39.360001,39.630001,39.130001,39.500000,39.500000,1120100
2021-08-02,39.599998,39.880001,39.360001,39.549999,39.549999,1212400
2021-08-03,39.500000,39.580002,39.080002,39.470001,39.470001,834800
2021-08-04,39.200001,39.439999,39.099998,39.290001,39.290001,1275800
2021-08-05,39.400002,39.490002,39.119999,39.290001,39.290001,914400
2021-08-06,39.349998,39.480000,39.139999,39.349998,39.349998,518200
2021-08-09,39.209999,39.520000,38.900002,39.500000,39.500000,789500
2021-08-10,39.500000,39.529999,39.150002,39.439999,39.439999,644100
2021-08-11,39.549999,39.549999,39.279999,39.389999,39.389999,755100
2021-08-12,39.389999,39.419998,39.230000,39.400002,39.400002,805300
2021-08-13,39.400002,39.480000,39.330002,39.360001,39.360001,716100
2021-08-16,39.299999,39.459999,39.160000,39.369999,39.369999,774900
2021-08-17,39.209999,39.360001,39.040001,39.270000,39.270000,1087700
2021-08-18,39.240002,39.320000,39.070000,39.099998,39.099998,1765400
2021-08-19,38.970001,39.110001,38.869999,39.040001,39.040001,1245900
2021-08-20,38.930000,39.310001,38.869999,39.230000,39.230000,665200
2021-08-23,39.470001,39.500000,39.200001,39.340000,39.340000,565300
2021-08-24,39.330002,39.740002,39.230000,39.639999,39.639999,945500
2021-08-25,39.639999,39.799999,39.549999,39.709999,39.709999,788200
2021-08-26,39.770000,39.799999,39.549999,39.619999,39.619999,810600
2021-08-27,39.820000,39.869999,39.619999,39.840000,39.840000,1032200
2021-08-30,39.840000,39.840000,39.639999,39.669998,39.669998,651600