Date,Open,High,Low,Close,Adj Close,Volume
2021-01-04,55.400002,56.209999,52.560001,54.044998,54.044998,868300
2021-01-05,53.799999,54.509998,52.730000,52.790001,52.790001,529300
2021-01-06,52.700001,52.790001,49.130001,49.299999,49.299999,1205500
2021-01-07,49.480000,50.209999,49.230000,49.919998,49.919998,611400
2021-01-08,50.450001,52.900002,50.180000,52.369999,52.369999,696800
2021-01-11,51.380001,52.419998,50.419998,51.400002,51.400002,479000
2021-01-12,48.734001,48.734001,44.200001,44.369999,44.369999,3545600
2021-01-13,45.250000,46.549999,44.650002,45.584999,45.584999,2397600
2021-01-14,45.889999,46.779999,45.049999,45.299999,45.299999,1260200
2021-01-15,45.500000,46.029999,43.389999,44.259998,44.259998,1156900
2021-01-19,45.000000,45.430000,43.610001,44.320000,44.320000,1075300
2021-01-20,44.560001,45.119999,43.939999,44.790001,44.790001,499400
2021-01-21,44.990002,45.500000,44.410000,44.910000,44.910000,450800
2021-01-22,45.000000,46.330002,44.639999,46.049999,46.049999,698200
2021-01-25,46.490002,47.060001,45.400002,46.080002,46.080002,781100
2021-01-26,46.529999,46.880001,44.360001,44.590000,44.590000,1045500
2021-01-27,43.709999,44.709999,41.799999,43.459999,43.459999,804700
2021-01-28,43.220001,44.259998,42.119999,43.220001,43.220001,675900
2021-01-29,42.889999,43.980000,42.360001,43.060001,43.060001,622500
2021-02-01,43.369999,44.630001,43.259998,44.450001,44.450001,769900
2021-02-02,45.779999,45.939999,44.580002,45.270000,45.270000,1331200
2021-02-03,44.500000,45.195000,42.110001,42.400002,42.400002,1614900
2021-02-04,43.009998,43.770000,42.160000,42.439999,42.439999,1148800
2021-02-05,43.009998,43.299999,41.900002,42.700001,42.700001,931900
2021-02-08,43.000000,43.349998,42.459999,42.980000,42.980000,732400
2021-02-09,44.000000,44.730000,42.686001,44.490002,44.490002,791600
2021-02-10,44.450001,44.750000,43.000000,43.520000,43.520000,535300
2021-02-11,43.950001,44.014999,42.880001,42.889999,42.889999,486500
2021-02-12,42.990002,43.290001,42.560001,43.080002,43.080002,584700
2021-02-16,43.669998,43.830002,42.200001,42.250000,42.250000,688100
2021-02-17,42.279999,43.750000,41.884998,43.549999,43.549999,800400
2021-02-18,43.529999,45.160000,43.500000,45.040001,45.040001,735600
2021-02-19,45.310001,46.279999,44.674999,45.919998,45.919998,1415800
2021-02-22,45.139999,45.459999,43.959999,44.529999,44.529999,796900
2021-02-23,43.070000,43.580002,41.574001,43.200001,43.200001,945400
2021-02-24,43.130001,44.049999,42.680000,43.529999,43.529999,503700
2021-02-25,43.220001,44.240002,42.980000,43.669998,43.669998,707300
2021-02-26,43.660000,44.310001,42.360001,42.880001,42.880001,706700
2021-03-01,43.720001,44.980000,43.264999,44.660000,44.660000,448700
2021-03-02,44.990002,44.990002,43.400002,43.410000,43.410000,385500
2021-03-03,43.299999,43.500000,41.169998,41.669998,41.669998,622300
2021-03-04,41.730000,42.470001,40.250000,40.709999,40.709999,677300
2021-03-05,41.410000,41.485001,39.049999,41.380001,41.380001,572200
2021-03-08,41.740002,43.240002,40.450001,40.480000,40.480000,1202300
2021-03-09,41.889999,43.810001,41.889999,43.320000,43.320000,741800
2021-03-10,43.820000,45.110001,42.334999,42.430000,42.430000,777500
2021-03-11,43.099998,43.869999,42.380001,42.590000,42.590000,578600
2021-03-12,42.009998,43.485001,41.419998,43.360001,43.360001,639100
2021-03-15,43.389999,44.820000,42.910000,44.360001,44.360001,418300
2021-03-16,44.919998,45.209999,43.950001,44.310001,44.310001,475000
2021-03-17,44.000000,44.828999,42.869999,44.310001,44.310001,396600
2021-03-18,43.419998,44.020000,42.259998,42.380001,42.380001,439000
2021-03-19,42.360001,43.395000,41.580002,42.900002,42.900002,1627000
2021-03-22,42.919998,43.764999,42.639999,42.900002,42.900002,622800
2021-03-23,43.310001,43.450001,41.695000,41.980000,41.980000,870500
2021-03-24,42.119999,42.310001,39.990002,40.119999,40.119999,916600
2021-03-25,39.880001,40.430000,38.840000,40.099998,40.099998,755900
2021-03-26,40.209999,40.880001,39.619999,40.619999,40.619999,527400
2021-03-29,40.660000,40.930000,39.610001,39.799999,39.799999,553300
2021-03-30,39.618000,40.389999,39.060001,40.060001,40.060001,393000
2021-03-31,40.389999,40.849998,40.070000,40.209999,40.209999,459200
2021-04-01,40.610001,41.779999,40.180000,40.849998,40.849998,688700
2021-04-05,41.290001,41.500000,40.459999,40.730000,40.730000,611000
2021-04-06,40.560001,42.439999,40.529999,41.139999,41.139999,754100
2021-04-07,41.000000,41.200001,39.259998,39.799999,39.799999,1146500
2021-04-08,40.400002,41.250000,39.860001,40.599998,40.599998,757800
2021-04-09,40.150002,40.610001,39.509998,40.430000,40.430000,939300
2021-04-12,40.299999,41.700001,40.250000,41.070000,41.070000,450900
2021-04-13,41.500000,42.439999,40.959999,41.180000,41.180000,436600
2021-04-14,41.080002,42.580002,40.770000,41.040001,41.040001,576400
2021-04-15,41.610001,42.150002,41.230000,41.630001,41.630001,1099800
2021-04-16,41.959999,42.570000,41.430000,42.049999,42.049999,836400
2021-04-19,41.689999,42.090000,40.980000,41.400002,41.400002,590000
2021-04-20,41.389999,41.950001,40.860001,40.939999,40.939999,724700
2021-04-21,40.669998,41.959999,40.340000,41.869999,41.869999,459800
2021-04-22,41.930000,43.389999,41.724998,42.480000,42.480000,623700
2021-04-23,42.660000,43.060001,42.599998,42.790001,42.790001,349000
2021-04-26,44.529999,47.680000,44.410000,45.910000,45.910000,1496400
2021-04-27,45.740002,45.980000,44.770000,45.400002,45.400002,570100
2021-04-28,44.876999,45.549999,44.740002,44.759998,44.759998,823200
2021-04-29,45.189999,45.189999,43.814999,44.070000,44.070000,703300
2021-04-30,43.630001,44.360001,43.330002,43.419998,43.419998,470700
2021-05-03,43.549999,44.040001,41.980000,42.090000,42.090000,661400
2021-05-04,41.520000,41.990002,40.965000,41.990002,41.990002,656900
2021-05-05,42.240002,43.029999,41.689999,42.230000,42.230000,937500
2021-05-06,42.009998,42.500000,41.410000,42.320000,42.320000,835600
2021-05-07,42.939999,43.759998,42.669998,42.720001,42.720001,660600
2021-05-10,42.770000,43.389999,41.889999,43.240002,43.240002,1027100
2021-05-11,42.610001,46.195000,42.590000,46.119999,46.119999,1379800
2021-05-12,45.939999,46.900002,45.700001,46.310001,46.310001,1248400
2021-05-13,45.580002,47.705002,45.580002,47.560001,47.560001,1319100
2021-05-14,47.740002,48.330002,47.250000,47.590000,47.590000,713400
2021-05-17,47.040001,47.599998,45.599998,46.240002,46.240002,587500
2021-05-18,46.349998,47.450001,46.099998,46.730000,46.730000,282600
2021-05-19,46.099998,47.279999,45.660000,47.090000,47.090000,334000
2021-05-20,47.490002,48.389999,47.189999,47.799999,47.799999,450900
2021-05-21,48.009998,49.169998,47.900002,48.220001,48.220001,491900
2021-05-24,48.599998,48.959999,47.959999,48.009998,48.009998,392900
2021-05-25,48.029999,48.490002,47.400002,47.529999,47.529999,688900
2021-05-26,47.730000,50.410000,47.580002,49.980000,49.980000,1124800
2021-05-27,49.669998,51.380001,48.549999,50.540001,50.540001,823200
2021-05-28,51.020000,51.020000,49.733002,49.990002,49.990002,546700
2021-06-01,50.000000,50.340000,48.830002,49.070000,49.070000,552100
2021-06-02,49.330002,50.700001,48.950001,50.610001,50.610001,720300
2021-06-03,50.060001,50.299999,49.020000,49.779999,49.779999,630800
2021-06-04,49.250000,50.599998,48.889999,50.459999,50.459999,563500
2021-06-07,50.230000,51.310001,49.860001,51.029999,51.029999,587600
2021-06-08,51.040001,51.849998,51.040001,51.580002,51.580002,334300
2021-06-09,51.830002,52.000000,51.220001,51.279999,51.279999,438900
2021-06-10,51.290001,52.509998,51.009998,51.750000,51.750000,423500
2021-06-11,51.700001,52.070000,51.119999,52.000000,52.000000,354300
2021-06-14,51.950001,52.119999,50.619999,52.110001,52.110001,440300
2021-06-15,51.544998,52.549999,51.299999,52.080002,52.080002,447800
2021-06-16,52.150002,53.174999,51.580002,52.689999,52.689999,401900
2021-06-17,52.619999,53.849998,52.349998,53.450001,53.450001,595900
2021-06-18,53.049999,53.939999,52.965000,53.209999,53.209999,2019200
2021-06-21,53.290001,54.110001,52.639999,53.590000,53.590000,397700
2021-06-22,53.560001,54.110001,53.005001,54.000000,54.000000,353900
2021-06-23,54.200001,54.360001,53.525002,53.639999,53.639999,274400
2021-06-24,53.669998,54.080002,53.330002,53.810001,53.810001,285900
2021-06-25,53.720001,54.689999,53.430000,54.610001,54.610001,676700
2021-06-28,54.950001,55.200001,53.660000,54.119999,54.119999,542300
2021-06-29,54.150002,54.200001,53.419998,53.779999,53.779999,315200
2021-06-30,53.590000,53.590000,52.689999,53.049999,53.049999,382000
2021-07-01,53.049999,53.355000,52.840000,53.189999,53.189999,296500
2021-07-02,53.224998,53.919998,52.369999,53.509998,53.509998,369700
2021-07-06,53.889999,54.575001,53.759998,54.470001,54.470001,457600
2021-07-07,54.880001,54.994999,54.244999,54.509998,54.509998,561900
2021-07-08,53.900002,55.830002,53.414001,55.250000,55.250000,584400
2021-07-09,55.779999,56.700001,55.189999,56.610001,56.610001,623300
2021-07-12,57.075001,57.220001,55.700001,55.750000,55.750000,517600
2021-07-13,55.599998,55.959999,55.009998,55.080002,55.080002,281500
2021-07-14,55.799999,55.799999,54.939999,54.939999,54.939999,357700
2021-07-15,54.919998,54.950001,53.389999,53.900002,53.900002,423800
2021-07-16,54.290001,54.570000,53.520000,54.119999,54.119999,530700
2021-07-19,53.680000,54.549999,53.090000,54.169998,54.169998,453800
2021-07-20,54.380001,56.230000,53.919998,55.570000,55.570000,619100
2021-07-21,55.380001,56.049999,55.119999,56.040001,56.040001,383500
2021-07-22,56.230000,57.029999,56.099998,56.209999,56.209999,469300
2021-07-23,56.529999,56.599998,55.930000,56.270000,56.270000,759800
2021-07-26,55.919998,55.930000,54.369999,55.119999,55.119999,651200
2021-07-27,55.209999,55.750000,54.509998,55.240002,55.240002,614100
2021-07-28,55.660000,56.240002,55.419998,55.820000,55.820000,630100
2021-07-29,56.000000,56.910000,55.830002,56.209999,56.209999,591400
2021-07-30,56.220001,56.770000,55.380001,55.549999,55.549999,596700
2021-08-02,56.040001,56.869999,55.060001,55.119999,55.119999,1750900
2021-08-03,57.509998,59.959999,56.299999,58.009998,58.009998,1436700
2021-08-04,58.139999,59.070000,57.500000,58.930000,58.930000,721100
2021-08-05,57.520000,59.669998,57.110001,58.820000,58.820000,870500
2021-08-06,58.759998,59.250000,58.419998,58.590000,58.590000,434200
2021-08-09,58.549999,58.820000,58.091999,58.560001,58.560001,322600
2021-08-10,58.799999,59.154999,57.910999,58.669998,58.669998,453100
2021-08-11,58.560001,58.669998,57.950001,58.650002,58.650002,491200
2021-08-12,58.709999,59.700001,58.419998,59.160000,59.160000,611500
2021-08-13,59.090000,59.660000,58.419998,59.560001,59.560001,444800
2021-08-16,59.299999,59.509998,57.990002,59.320000,59.320000,499400
2021-08-17,58.695000,59.270000,58.500000,58.750000,58.750000,431600
2021-08-18,58.560001,58.959999,57.945000,57.980000,57.980000,290900
2021-08-19,57.709999,58.189999,57.270000,57.919998,57.919998,405500
2021-08-20,57.930000,59.520000,57.709999,59.459999,59.459999,664100
2021-08-23,59.500000,60.160000,59.029999,60.099998,60.099998,520400
2021-08-24,61.169998,62.730000,60.439999,62.650002,62.650002,782000
2021-08-25,68.440002,71.300003,64.650002,67.599998,67.599998,4865000
2021-08-26,67.449997,69.730003,67.129997,69.510002,69.510002,1965400
2021-08-27,70.000000,70.430000,68.290001,68.650002,68.650002,13571800
2021-08-30,68.650002,69.089996,67.629997,68.029999,68.029999,1036700