Date,Open,High,Low,Close,Adj Close,Volume
2021-01-04,33.459999,34.119999,32.669998,33.099998,32.670609,1153000
2021-01-05,33.099998,34.540001,33.070000,34.119999,33.677380,645700
2021-01-06,34.509998,35.480000,33.959999,34.790001,34.338692,1261000
2021-01-07,35.029999,35.240002,33.889999,34.360001,33.914268,716000
2021-01-08,34.610001,34.709999,34.070000,34.500000,34.052448,576100
2021-01-11,34.180000,34.540001,34.000000,34.259998,33.815563,405400
2021-01-12,34.259998,35.930000,34.259998,35.900002,35.434288,523700
2021-01-13,35.630001,36.299999,35.130001,35.480000,35.019737,499200
2021-01-14,36.099998,36.330002,35.680000,35.919998,35.454025,602700
2021-01-15,35.430000,36.000000,34.990002,35.660000,35.197403,393000
2021-01-19,36.090000,36.400002,35.540001,35.700001,35.236885,452200
2021-01-20,35.619999,36.700001,35.619999,36.549999,36.075859,470100
2021-01-21,36.650002,36.970001,36.360001,36.570000,36.095596,478000
2021-01-22,36.320000,36.820000,35.869999,36.779999,36.302872,418900
2021-01-25,36.630001,36.750000,35.060001,35.369999,34.911163,484900
2021-01-26,35.830002,36.110001,34.709999,35.380001,34.921036,379200
2021-01-27,34.549999,35.000000,33.950001,34.430000,33.983356,538100
2021-01-28,35.029999,36.119999,34.529999,35.910000,35.444160,542100
2021-01-29,35.820000,36.110001,34.000000,34.250000,33.805695,785200
2021-02-01,34.650002,36.240002,34.139999,36.110001,35.641567,517200
2021-02-02,36.630001,36.900002,35.590000,36.730000,36.253525,528800
2021-02-03,36.680000,36.900002,35.439999,36.820000,36.342358,408300
2021-02-04,36.939999,38.330002,36.630001,38.330002,37.832771,442700
2021-02-05,38.810001,38.830002,37.299999,37.790001,37.299770,366600
2021-02-08,38.110001,38.720001,37.650002,38.689999,38.188099,258700
2021-02-09,38.580002,38.910000,38.290001,38.779999,38.276932,186700
2021-02-10,38.959999,38.970001,38.320000,38.480000,37.980820,184900
2021-02-11,38.709999,39.349998,37.500000,38.040001,37.546532,284900
2021-02-12,37.680000,38.790001,37.680000,38.240002,37.743938,239900
2021-02-16,38.639999,38.639999,37.509998,37.700001,37.210941,243800
2021-02-17,37.549999,37.970001,37.009998,37.580002,37.092499,315500
2021-02-18,37.020000,37.560001,36.250000,37.330002,36.845741,324600
2021-02-19,37.340000,37.470001,36.889999,37.279999,36.796387,305000
2021-02-22,37.169998,38.799999,37.169998,38.459999,37.961079,338500
2021-02-23,38.060001,38.820000,37.509998,38.419998,37.921600,218900
2021-02-24,38.639999,39.849998,38.540001,39.599998,39.086285,288600
2021-02-25,39.570000,39.889999,38.290001,38.299999,37.983479,276000
2021-02-26,38.139999,39.450001,37.750000,38.349998,38.033066,369800
2021-03-01,39.340000,40.360001,39.340000,40.330002,39.996704,348900
2021-03-02,40.200001,40.369999,39.529999,39.730000,39.401665,389200
2021-03-03,39.980000,40.689999,39.779999,39.810001,39.481003,366100
2021-03-04,39.790001,40.150002,38.540001,39.189999,38.866127,434800
2021-03-05,39.889999,40.419998,38.560001,40.290001,39.957035,371300
2021-03-08,40.570000,42.849998,40.369999,41.830002,41.484310,591400
2021-03-09,42.090000,42.090000,40.400002,41.480000,41.137199,335800
2021-03-10,41.720001,42.680000,41.040001,42.020000,41.672737,301000
2021-03-11,41.990002,42.410000,41.599998,41.970001,41.623150,258800
2021-03-12,42.220001,42.889999,41.970001,42.450001,42.099182,326600
2021-03-15,42.599998,42.619999,41.480000,42.180000,41.831413,301000
2021-03-16,42.119999,42.119999,40.959999,41.580002,41.236378,211500
2021-03-17,41.740002,41.930000,41.310001,41.630001,41.285961,464700
2021-03-18,39.590000,44.880001,39.349998,41.500000,41.157032,767600
2021-03-19,41.500000,42.220001,40.389999,41.810001,41.464478,1222100
2021-03-22,43.380001,43.380001,40.189999,41.340000,40.998356,426500
2021-03-23,40.860001,41.439999,40.029999,40.290001,39.957035,516600
2021-03-24,40.790001,42.160000,40.290001,40.299999,39.966949,465400
2021-03-25,39.959999,40.880001,38.790001,40.669998,40.333893,381500
2021-03-26,40.990002,42.000000,40.700001,41.919998,41.573563,227000
2021-03-29,41.509998,42.060001,40.110001,40.279999,39.947113,254700
2021-03-30,40.779999,41.040001,40.299999,40.869999,40.532238,193600
2021-03-31,40.669998,41.630001,40.540001,41.150002,40.809929,378000
2021-04-01,41.230000,41.919998,41.139999,41.830002,41.484310,270300
2021-04-05,42.150002,42.410000,41.919998,42.279999,41.930588,246500
2021-04-06,42.230000,43.180000,42.230000,42.990002,42.634724,403200
2021-04-07,42.750000,42.930000,42.290001,42.840000,42.485962,350100
2021-04-08,42.970001,44.500000,42.500000,43.430000,43.071087,319900
2021-04-09,43.349998,43.799999,42.959999,43.599998,43.239677,269600
2021-04-12,43.470001,44.000000,43.290001,43.889999,43.527283,207200
2021-04-13,42.209999,43.560001,42.209999,43.459999,43.100834,299200
2021-04-14,43.500000,44.860001,43.500000,44.540001,44.171913,312700
2021-04-15,44.900002,44.900002,42.770000,43.770000,43.408276,342400
2021-04-16,44.169998,44.639999,42.500000,44.299999,43.933895,214000
2021-04-19,38.790001,40.720001,38.750000,40.459999,40.125626,6531700
2021-04-20,40.389999,40.970001,39.070000,39.750000,39.421497,1931800
2021-04-21,39.810001,41.220001,39.060001,41.040001,40.700840,1339400
2021-04-22,41.090000,41.320000,39.360001,39.669998,39.342155,1012900
2021-04-23,39.660000,42.169998,39.570000,42.029999,41.682655,1302900
2021-04-26,42.070000,43.209999,40.299999,41.060001,40.720673,1417500
2021-04-27,41.180000,42.160000,40.919998,41.500000,41.157032,779200
2021-04-28,41.650002,41.650002,40.730000,41.349998,41.008274,540800
2021-04-29,41.880001,42.900002,41.490002,42.669998,42.317364,879800
2021-04-30,42.250000,42.389999,41.400002,41.500000,41.157032,931600
2021-05-03,41.970001,42.880001,41.730000,42.730000,42.376869,606100
2021-05-04,42.660000,43.369999,42.240002,42.950001,42.595051,684100
2021-05-05,43.150002,43.590000,42.580002,43.540001,43.180176,864800
2021-05-06,43.750000,43.830002,42.970001,43.400002,43.041332,785500
2021-05-07,43.220001,43.840000,42.680000,43.680000,43.319019,798900
2021-05-10,44.630001,45.939999,44.279999,45.189999,44.816540,919600
2021-05-11,44.529999,45.439999,43.610001,45.240002,44.866131,1163100
2021-05-12,45.000000,46.459999,44.290001,44.470001,44.102493,1537100
2021-05-13,44.279999,45.279999,43.580002,44.220001,43.854557,1172600
2021-05-14,44.560001,45.900002,44.380001,45.709999,45.332241,596200
2021-05-17,45.320000,46.139999,44.799999,46.110001,45.728939,521500
2021-05-18,45.970001,46.779999,45.490002,45.700001,45.322327,501200
2021-05-19,45.250000,45.430000,44.029999,45.139999,44.766953,431600
2021-05-20,45.070000,45.639999,44.150002,45.500000,45.123978,696100
2021-05-21,46.110001,46.290001,44.810001,45.180000,44.806622,513700
2021-05-24,45.250000,46.360001,44.849998,46.150002,45.768608,396100
2021-05-25,46.099998,46.660000,45.709999,45.830002,45.451252,780600
2021-05-26,45.720001,47.000000,45.290001,46.990002,46.601665,584300
2021-05-27,46.790001,48.250000,46.790001,48.189999,47.983723,654900
2021-05-28,48.380001,48.380001,47.230000,47.799999,47.595390,504300
2021-06-01,48.779999,50.630001,48.419998,50.380001,50.164349,1025500
2021-06-02,50.340000,50.619999,49.650002,49.990002,49.776020,752200
2021-06-03,49.950001,50.259998,48.990002,49.200001,48.989399,715400
2021-06-04,49.419998,49.990002,49.419998,49.730000,49.517132,706600
2021-06-07,49.720001,50.910000,49.200001,50.689999,50.473019,619900
2021-06-08,50.580002,50.580002,49.639999,49.720001,49.507175,772300
2021-06-09,49.790001,50.840000,49.340000,50.490002,50.273880,508300
2021-06-10,50.950001,51.250000,49.900002,49.959999,49.746143,535200
2021-06-11,50.209999,50.619999,49.750000,49.889999,49.676445,367700
2021-06-14,49.889999,50.330002,48.020000,48.099998,47.894108,510800
2021-06-15,48.099998,48.610001,47.730000,48.529999,48.322266,401800
2021-06-16,48.330002,48.610001,46.990002,47.119999,46.918301,574700
2021-06-17,47.119999,47.720001,45.709999,46.259998,46.061981,363300
2021-06-18,45.330002,45.880001,44.250000,44.529999,44.339386,896200
2021-06-21,45.369999,47.160000,45.299999,46.820000,46.619587,571900
2021-06-22,46.490002,46.700001,46.040001,46.610001,46.410484,625100
2021-06-23,46.939999,47.110001,46.650002,46.820000,46.619587,461000
2021-06-24,47.529999,48.279999,46.919998,48.250000,48.043465,575900
2021-06-25,48.410000,49.310001,48.200001,48.279999,48.073338,1126500
2021-06-28,49.270000,49.270000,47.160000,47.950001,47.744751,1336900
2021-06-29,45.459999,46.720001,44.220001,44.630001,44.438961,2502000
2021-06-30,44.830002,47.400002,44.680000,47.139999,46.938217,942000
2021-07-01,47.400002,48.790001,47.209999,48.580002,48.372055,958000
2021-07-02,48.400002,48.590000,46.619999,46.939999,46.739071,912900
2021-07-06,47.380001,47.380001,46.180000,47.020000,46.818729,775300
2021-07-07,46.459999,47.720001,46.290001,47.380001,47.177189,802300
2021-07-08,46.270000,46.709999,45.070000,45.340000,45.145924,1014900
2021-07-09,45.599998,46.619999,45.360001,45.660000,45.464550,484700
2021-07-12,45.209999,47.040001,45.209999,46.750000,46.549885,563400
2021-07-13,46.389999,47.099998,45.680000,45.750000,45.554165,1003300
2021-07-14,46.299999,47.060001,44.459999,44.660000,44.468834,831100
2021-07-15,44.240002,44.880001,43.900002,44.590000,44.399132,756500
2021-07-16,45.040001,45.419998,42.720001,43.040001,42.855766,4234800
2021-07-19,42.049999,43.689999,41.330002,43.439999,43.254055,1620400
2021-07-20,43.349998,44.680000,43.290001,44.200001,44.010803,1182300
2021-07-21,44.340000,45.259998,44.119999,44.970001,44.777508,1146700
2021-07-22,44.849998,44.939999,43.470001,44.240002,44.050632,1624200
2021-07-23,44.529999,44.980000,43.900002,44.759998,44.568401,1099400
2021-07-26,44.889999,45.619999,43.990002,44.860001,44.667976,1164000
2021-07-27,44.360001,45.330002,44.169998,45.009998,44.817333,1233700
2021-07-28,45.389999,45.750000,44.029999,44.320000,44.130287,525700
2021-07-29,44.849998,45.200001,44.439999,44.490002,44.299561,437700
2021-07-30,44.080002,44.730000,42.630001,43.150002,42.965298,783100
2021-08-02,43.490002,45.369999,43.490002,44.369999,44.180073,884900
2021-08-03,44.590000,44.590000,43.400002,44.320000,44.130287,487900
2021-08-04,43.970001,44.150002,42.070000,42.099998,41.919788,608300
2021-08-05,42.299999,43.419998,42.299999,43.310001,43.124611,492100
2021-08-06,43.439999,43.919998,43.090000,43.119999,42.935425,393100
2021-08-09,43.160000,43.259998,42.500000,42.529999,42.347950,685500
2021-08-10,42.430000,43.139999,42.169998,43.139999,42.955338,296800
2021-08-11,43.070000,43.410000,42.549999,43.340000,43.154484,293700
2021-08-12,43.500000,44.299999,43.180000,43.529999,43.343670,433600
2021-08-13,43.419998,43.619999,42.779999,43.349998,43.164440,219600
2021-08-16,42.919998,43.450001,42.200001,42.470001,42.288208,517900
2021-08-17,42.220001,42.759998,41.730000,42.349998,42.168720,425100
2021-08-18,42.110001,42.610001,41.410000,41.480000,41.302444,315900
2021-08-19,41.180000,41.709999,40.930000,41.080002,40.904160,604600
2021-08-20,40.919998,41.950001,40.910000,41.830002,41.650948,321500
2021-08-23,42.209999,42.650002,41.980000,42.490002,42.308125,347700
2021-08-24,42.770000,43.480000,42.740002,43.369999,43.184353,467500
2021-08-25,43.540001,44.400002,43.340000,43.919998,43.731998,683400
2021-08-26,43.930000,43.930000,42.459999,42.650002,42.650002,275800
2021-08-27,42.590000,43.720001,42.590000,43.480000,43.480000,419400
2021-08-30,43.529999,43.840000,42.450001,42.520000,42.520000,223600