Date,Open,High,Low,Close,Adj Close,Volume
2021-01-04,73.900002,74.180000,72.050003,73.070000,72.342255,362300
2021-01-05,73.370003,75.000000,73.129997,74.519997,73.777809,606400
2021-01-06,75.260002,78.580002,75.260002,77.839996,77.064743,987800
2021-01-07,78.000000,79.209999,77.519997,78.709999,77.926086,625000
2021-01-08,79.099998,79.260002,76.480003,77.169998,76.401421,364800
2021-01-11,76.580002,77.250000,75.889999,76.849998,76.084610,284100
2021-01-12,76.790001,77.190002,76.040001,76.750000,75.985603,250300
2021-01-13,76.629997,77.269997,76.010002,76.190002,75.431183,217500
2021-01-14,76.650002,77.300003,75.760002,76.070000,75.312378,311300
2021-01-15,75.500000,76.419998,75.500000,76.300003,75.540092,260400
2021-01-19,76.849998,76.940002,75.930000,76.580002,75.817299,513800
2021-01-20,76.830002,77.360001,76.029999,76.349998,75.589584,492900
2021-01-21,76.629997,76.830002,75.519997,75.739998,74.985664,318100
2021-01-22,75.400002,77.400002,75.000000,77.190002,76.421227,601600
2021-01-25,77.169998,79.370003,77.110001,79.370003,78.579514,399700
2021-01-26,79.660004,79.660004,76.529999,78.169998,77.391457,386800
2021-01-27,76.919998,78.300003,75.849998,76.220001,75.460884,391100
2021-01-28,77.000000,77.000000,75.459999,76.779999,76.015305,422900
2021-01-29,76.589996,76.839996,74.980003,75.059998,74.312431,343800
2021-02-01,75.519997,77.089996,75.410004,76.470001,75.708405,303200
2021-02-02,77.059998,77.410004,76.099998,76.639999,75.876701,292900
2021-02-03,76.110001,76.580002,75.129997,75.830002,75.074776,339300
2021-02-04,76.489998,80.809998,75.099998,80.809998,80.005165,540900
2021-02-05,81.290001,81.540001,79.559998,80.360001,79.559647,305400
2021-02-08,80.360001,82.300003,80.089996,82.300003,81.480331,326000
2021-02-09,82.440002,84.620003,81.830002,83.860001,83.024788,388300
2021-02-10,83.940002,84.250000,83.000000,84.050003,83.212906,322500
2021-02-11,84.220001,84.730003,83.389999,84.010002,83.451309,339700
2021-02-12,83.839996,83.839996,81.989998,83.169998,82.616890,253200
2021-02-16,83.410004,83.410004,82.220001,82.389999,81.842079,225400
2021-02-17,81.709999,82.440002,81.330002,81.790001,81.246071,259700
2021-02-18,81.940002,82.250000,81.459999,81.769997,81.226204,183400
2021-02-19,81.940002,82.169998,81.419998,82.139999,81.593742,348700
2021-02-22,81.639999,83.349998,81.339996,83.129997,82.577156,468900
2021-02-23,82.970001,84.370003,82.150002,83.709999,83.153305,424400
2021-02-24,83.589996,83.879997,82.980003,83.279999,82.726158,211600
2021-02-25,82.940002,83.900002,82.589996,82.879997,82.328819,264600
2021-02-26,83.050003,83.129997,81.199997,81.279999,80.739456,361300
2021-03-01,82.830002,83.900002,80.720001,83.779999,83.222832,353900
2021-03-02,83.739998,84.279999,81.980003,82.690002,82.140083,176900
2021-03-03,82.949997,83.870003,82.070000,82.870003,82.318886,272300
2021-03-04,82.639999,83.860001,81.650002,81.940002,81.395073,297800
2021-03-05,83.489998,84.720001,82.599998,84.470001,83.908249,330400
2021-03-08,84.550003,86.080002,84.099998,85.309998,84.742661,234900
2021-03-09,86.230003,86.500000,84.239998,84.410004,83.848648,291400
2021-03-10,84.360001,86.339996,83.610001,85.980003,85.408211,277300
2021-03-11,86.620003,87.989998,85.849998,86.919998,86.341949,325600
2021-03-12,87.070000,87.849998,86.959999,87.529999,86.947891,206500
2021-03-15,87.120003,87.620003,86.510002,87.089996,86.510818,185100
2021-03-16,86.900002,87.320000,85.699997,87.199997,86.620087,243600
2021-03-17,87.459999,87.459999,85.959999,86.459999,85.885010,184500
2021-03-18,85.900002,87.360001,85.440002,85.620003,85.050598,405000
2021-03-19,86.029999,86.739998,85.129997,86.290001,85.716148,798500
2021-03-22,86.809998,87.300003,86.000000,87.239998,86.659828,208700
2021-03-23,86.879997,87.629997,86.400002,87.529999,86.947891,404200
2021-03-24,88.010002,88.239998,86.349998,86.360001,85.785675,335900
2021-03-25,86.040001,87.889999,85.419998,87.680000,87.096901,271400
2021-03-26,87.769997,88.820000,86.650002,88.760002,88.169716,310300
2021-03-29,88.699997,90.209999,87.360001,88.570000,87.980980,339700
2021-03-30,88.610001,89.010002,87.830002,88.940002,88.348518,288200
2021-03-31,89.320000,89.849998,88.360001,89.040001,88.447853,508100
2021-04-01,89.260002,91.330002,87.720001,91.300003,90.692833,359500
2021-04-05,91.860001,93.019997,91.470001,92.989998,92.371582,213300
2021-04-06,92.440002,94.190002,92.440002,92.769997,92.153046,366500
2021-04-07,92.349998,92.830002,90.790001,91.180000,90.573624,232800
2021-04-08,91.529999,93.220001,90.830002,93.180000,92.560326,277000
2021-04-09,93.300003,94.209999,93.190002,94.070000,93.444405,238900
2021-04-12,94.129997,94.559998,92.870003,93.360001,92.739128,192000
2021-04-13,93.139999,93.500000,92.160004,92.570000,91.954376,221800
2021-04-14,92.790001,94.029999,92.790001,93.949997,93.325195,226500
2021-04-15,94.669998,94.980003,94.050003,94.889999,94.258949,183300
2021-04-16,95.529999,95.529999,94.639999,94.889999,94.258949,337000
2021-04-19,95.120003,95.730003,94.430000,95.730003,95.093369,334700
2021-04-20,95.730003,96.050003,93.910004,94.900002,94.268883,289100
2021-04-21,95.500000,95.989998,93.800003,94.239998,93.613266,523600
2021-04-22,93.830002,93.839996,92.199997,92.250000,91.636513,573300
2021-04-23,92.250000,93.870003,91.639999,93.089996,92.470917,538100
2021-04-26,93.089996,94.410004,92.250000,92.309998,91.696106,461300
2021-04-27,92.309998,93.129997,91.709999,92.849998,92.232521,536700
2021-04-28,93.010002,93.290001,91.790001,92.470001,91.855042,258500
2021-04-29,92.970001,93.169998,92.330002,92.970001,92.351723,216500
2021-04-30,92.419998,92.720001,91.339996,91.639999,91.030563,338000
2021-05-03,92.029999,93.099998,92.029999,92.599998,91.984177,357300
2021-05-04,92.209999,92.730003,91.639999,92.139999,91.527237,323400
2021-05-05,92.589996,92.589996,90.690002,92.209999,91.596771,319400
2021-05-06,92.650002,94.269997,91.300003,92.550003,91.934517,426600
2021-05-07,93.400002,93.400002,90.760002,91.089996,90.484215,305600
2021-05-10,91.000000,91.830002,89.910004,90.070000,89.471001,328600
2021-05-11,88.800003,89.570000,88.389999,88.930000,88.338593,295500
2021-05-12,88.510002,88.930000,86.559998,86.720001,86.143288,303900
2021-05-13,86.900002,88.809998,86.900002,88.519997,88.216141,344900
2021-05-14,88.919998,89.900002,88.400002,89.870003,89.561516,297600
2021-05-17,89.190002,90.839996,89.010002,90.620003,90.308937,296600
2021-05-18,90.610001,90.790001,89.500000,89.580002,89.272507,260100
2021-05-19,88.839996,89.800003,88.309998,89.680000,89.372162,234500
2021-05-20,89.599998,90.199997,89.290001,90.070000,89.760826,276900
2021-05-21,90.699997,91.690002,90.209999,90.330002,90.019936,263200
2021-05-24,90.849998,91.379997,90.669998,90.790001,90.478355,192700
2021-05-25,91.000000,91.430000,90.629997,90.949997,90.637802,257500
2021-05-26,90.870003,91.940002,90.870003,91.370003,91.056366,296200
2021-05-27,91.790001,92.680000,91.610001,92.220001,91.903442,310400
2021-05-28,92.360001,93.019997,92.050003,92.669998,92.351898,267500
2021-06-01,93.680000,93.680000,91.220001,91.260002,90.946739,211500
2021-06-02,91.430000,91.830002,90.610001,90.919998,90.607903,253800
2021-06-03,90.239998,90.300003,89.279999,90.029999,89.720963,188500
2021-06-04,90.589996,91.290001,90.580002,90.820000,90.508247,167600
2021-06-07,90.769997,90.989998,89.919998,90.099998,89.790718,191000
2021-06-08,90.129997,91.139999,89.900002,90.860001,90.548111,180400
2021-06-09,91.059998,91.900002,90.739998,91.059998,90.747421,214500
2021-06-10,91.330002,92.209999,90.889999,92.169998,91.853615,225900
2021-06-11,92.330002,94.410004,92.019997,94.389999,94.065994,443500
2021-06-14,94.389999,94.790001,92.809998,93.580002,93.258774,239300
2021-06-15,93.680000,93.739998,92.680000,92.730003,92.411697,251500
2021-06-16,92.959999,93.209999,91.089996,92.220001,91.903442,296800
2021-06-17,92.070000,92.070000,89.650002,90.029999,89.720963,255200
2021-06-18,89.680000,91.070000,88.720001,88.870003,88.564941,493400
2021-06-21,89.339996,91.900002,89.339996,91.820000,91.504814,337300
2021-06-22,91.330002,92.169998,90.860001,91.839996,91.524742,269900
2021-06-23,91.849998,91.949997,91.110001,91.209999,90.896912,190900
2021-06-24,91.610001,91.980003,91.110001,91.910004,91.594513,134100
2021-06-25,91.980003,92.690002,91.830002,92.279999,91.963234,703400
2021-06-28,90.330002,91.320000,85.669998,87.080002,86.781090,890500
2021-06-29,87.300003,88.809998,86.059998,88.120003,87.817520,662500
2021-06-30,87.570000,88.279999,87.199997,87.970001,87.668030,267200
2021-07-01,88.330002,89.099998,87.980003,88.110001,87.807549,307100
2021-07-02,88.360001,88.360001,87.110001,87.150002,86.850845,263900
2021-07-06,87.000000,87.010002,85.239998,86.550003,86.252907,357100
2021-07-07,86.389999,88.190002,86.300003,87.959999,87.658066,208700
2021-07-08,86.889999,88.459999,86.889999,87.699997,87.398956,225000
2021-07-09,88.809998,89.599998,88.419998,88.879997,88.574905,162100
2021-07-12,88.370003,89.000000,88.309998,88.699997,88.395523,161900
2021-07-13,88.250000,89.279999,87.949997,88.290001,87.986931,286100
2021-07-14,88.779999,89.309998,88.290001,89.080002,88.774223,201900
2021-07-15,88.870003,89.000000,87.860001,88.080002,87.777657,281100
2021-07-16,88.790001,89.209999,87.029999,87.080002,86.781090,274700
2021-07-19,86.000000,86.739998,84.650002,85.629997,85.336060,270600
2021-07-20,85.839996,87.809998,85.699997,86.980003,86.681435,350700
2021-07-21,87.330002,88.040001,87.070000,87.690002,87.388992,213500
2021-07-22,87.610001,88.099998,86.870003,87.120003,86.820953,174200
2021-07-23,87.709999,88.610001,86.680000,88.610001,88.305832,144900
2021-07-26,88.800003,89.389999,88.190002,89.010002,88.704460,202900
2021-07-27,88.370003,88.599998,86.959999,87.879997,87.578339,227600
2021-07-28,88.230003,88.900002,87.370003,88.120003,87.817520,157000
2021-07-29,88.889999,89.589996,88.559998,88.820000,88.515114,150200
2021-07-30,88.599998,89.370003,88.389999,89.000000,88.694496,215100
2021-08-02,89.610001,89.779999,87.919998,88.059998,87.757721,171800
2021-08-03,88.139999,88.139999,87.040001,87.660004,87.359100,242900
2021-08-04,87.110001,87.550003,85.959999,86.139999,85.844315,231000
2021-08-05,85.459999,85.699997,81.930000,84.699997,84.409256,429800
2021-08-06,84.750000,85.470001,83.910004,83.989998,83.701691,317400
2021-08-09,83.550003,83.629997,81.379997,81.459999,81.180374,356400
2021-08-10,81.059998,81.959999,80.000000,81.529999,81.250137,278500
2021-08-11,81.650002,81.650002,80.309998,81.570000,81.290001,229200
2021-08-12,81.550003,82.160004,80.760002,81.940002,81.940002,249300
2021-08-13,82.680000,83.019997,82.040001,82.660004,82.660004,250200
2021-08-16,82.230003,84.089996,81.959999,83.800003,83.800003,392800
2021-08-17,83.199997,86.449997,83.199997,86.269997,86.269997,472400
2021-08-18,86.099998,86.519997,83.459999,83.589996,83.589996,297300
2021-08-19,83.019997,84.269997,82.989998,84.059998,84.059998,283300
2021-08-20,84.029999,86.169998,84.029999,85.370003,85.370003,303300
2021-08-23,85.750000,86.379997,84.669998,86.209999,86.209999,276900
2021-08-24,86.970001,87.940002,85.180000,85.239998,85.239998,530900
2021-08-25,84.720001,87.230003,84.620003,85.639999,85.639999,1254900
2021-08-26,85.160004,85.720001,83.389999,84.599998,84.599998,288700
2021-08-27,84.470001,86.660004,84.470001,86.559998,86.559998,290700
2021-08-30,86.629997,86.650002,85.820000,86.099998,86.099998,196100