Date,Open,High,Low,Close,Adj Close,Volume
2021-01-04,55.610001,55.610001,53.740002,54.759998,54.759998,408800
2021-01-05,55.619999,57.450001,55.500000,56.250000,56.250000,362400
2021-01-06,56.240002,58.360001,55.790001,57.750000,57.750000,470900
2021-01-07,57.279999,58.470001,56.599998,57.209999,57.209999,210500
2021-01-08,57.650002,58.369999,56.750000,57.119999,57.119999,224700
2021-01-11,56.279999,57.619999,56.060001,56.419998,56.419998,205700
2021-01-12,56.389999,56.709999,54.880001,55.560001,55.560001,295100
2021-01-13,55.990002,56.830002,55.160000,56.400002,56.400002,470800
2021-01-14,56.459999,57.930000,56.020000,56.360001,56.360001,307100
2021-01-15,55.970001,56.529999,55.279999,55.720001,55.720001,296700
2021-01-19,55.799999,56.779999,55.540001,55.930000,55.930000,238500
2021-01-20,56.020000,57.400002,56.020000,57.360001,57.360001,200300
2021-01-21,57.360001,57.599998,56.480000,56.820000,56.820000,197100
2021-01-22,56.590000,57.900002,56.320000,57.810001,57.810001,181300
2021-01-25,57.650002,58.810001,57.299999,58.200001,58.200001,164800
2021-01-26,58.660000,59.470001,58.169998,59.279999,59.279999,213500
2021-01-27,57.860001,60.270000,57.230000,58.430000,58.430000,517900
2021-01-28,58.200001,59.320000,54.779999,55.310001,55.310001,304000
2021-01-29,55.240002,55.639999,54.009998,54.150002,54.150002,254200
2021-02-01,54.410000,54.580002,52.849998,54.160000,54.160000,251100
2021-02-02,54.869999,56.400002,54.540001,56.049999,56.049999,163900
2021-02-03,55.910000,55.910000,54.750000,55.119999,55.119999,168500
2021-02-04,55.400002,57.189999,54.840000,56.889999,56.889999,154100
2021-02-05,57.599998,58.900002,57.110001,58.689999,58.689999,226000
2021-02-08,59.430000,59.790001,58.150002,59.360001,59.360001,221200
2021-02-09,59.700001,60.029999,59.060001,59.619999,59.619999,203800
2021-02-10,59.939999,60.070000,59.310001,59.959999,59.959999,293800
2021-02-11,60.320000,61.080002,59.590000,60.990002,60.990002,385600
2021-02-12,60.459999,61.230000,59.880001,60.259998,60.259998,350200
2021-02-16,60.849998,61.139999,59.959999,60.470001,60.470001,167600
2021-02-17,60.009998,60.310001,58.910000,60.130001,60.130001,342400
2021-02-18,60.009998,60.980000,59.070000,59.139999,59.139999,193500
2021-02-19,59.200001,59.869999,58.330002,58.889999,58.889999,160600
2021-02-22,58.349998,58.520000,56.680000,57.540001,57.540001,222800
2021-02-23,57.040001,57.639999,55.299999,55.849998,55.849998,359500
2021-02-24,55.779999,56.869999,55.779999,56.459999,56.459999,191900
2021-02-25,57.259998,58.270000,53.990002,54.849998,54.849998,331800
2021-02-26,55.340000,56.099998,54.290001,55.720001,55.720001,409200
2021-03-01,56.369999,56.669998,55.450001,55.619999,55.619999,243700
2021-03-02,55.230000,55.549999,53.830002,55.259998,55.259998,318400
2021-03-03,55.150002,55.410000,54.180000,54.810001,54.810001,364100
2021-03-04,54.650002,55.279999,52.540001,52.560001,52.560001,285100
2021-03-05,53.119999,55.259998,52.430000,55.040001,55.040001,241100
2021-03-08,55.279999,56.500000,53.540001,56.209999,56.209999,236500
2021-03-09,57.020000,58.730000,54.930000,58.349998,58.349998,320400
2021-03-10,59.119999,59.709999,58.470001,59.139999,59.139999,241700
2021-03-11,59.560001,60.389999,58.380001,59.700001,59.700001,261100
2021-03-12,59.529999,60.000000,57.700001,59.599998,59.599998,358500
2021-03-15,59.220001,60.250000,58.169998,60.150002,60.150002,252500
2021-03-16,59.389999,60.790001,59.139999,60.660000,60.660000,254200
2021-03-17,59.970001,60.849998,58.810001,60.340000,60.340000,296100
2021-03-18,59.770000,60.619999,56.799999,57.090000,57.090000,398500
2021-03-19,56.080002,57.439999,54.750000,56.250000,56.250000,750700
2021-03-22,56.480000,57.869999,56.259998,57.189999,57.189999,194400
2021-03-23,57.099998,57.820000,55.869999,56.000000,56.000000,302000
2021-03-24,56.500000,57.660000,54.730000,54.810001,54.810001,352900
2021-03-25,54.549999,55.810001,53.790001,55.240002,55.240002,344700
2021-03-26,55.240002,57.169998,55.099998,56.919998,56.919998,279800
2021-03-29,56.299999,57.849998,55.340000,57.180000,57.180000,330600
2021-03-30,58.130001,59.619999,57.930000,59.560001,59.560001,433300
2021-03-31,60.000000,61.740002,58.580002,59.880001,59.880001,828500
2021-04-01,59.939999,60.310001,58.849998,59.779999,59.779999,275700
2021-04-05,60.360001,60.700001,59.110001,59.959999,59.959999,260800
2021-04-06,60.150002,60.860001,59.919998,60.490002,60.490002,183900
2021-04-07,60.419998,60.590000,59.790001,60.070000,60.070000,253900
2021-04-08,60.560001,60.889999,59.950001,60.560001,60.560001,176900
2021-04-09,60.580002,61.740002,60.340000,61.500000,61.500000,214600
2021-04-12,61.799999,61.799999,60.549999,60.689999,60.689999,199400
2021-04-13,61.000000,61.669998,60.220001,60.950001,60.950001,234300
2021-04-14,60.930000,62.000000,60.930000,61.400002,61.400002,184900
2021-04-15,61.970001,62.320000,60.910000,61.360001,61.360001,222100
2021-04-16,61.939999,61.939999,60.849998,61.779999,61.779999,173200
2021-04-19,61.299999,61.380001,60.259998,60.959999,60.959999,163800
2021-04-20,61.009998,61.650002,60.250000,60.950001,60.950001,237600
2021-04-21,61.290001,63.250000,60.930000,63.150002,63.150002,240800
2021-04-22,62.610001,63.509998,61.930000,62.169998,62.169998,259200
2021-04-23,62.770000,64.160004,62.770000,64.019997,64.019997,228700
2021-04-26,64.239998,64.489998,63.189999,63.549999,63.549999,237900
2021-04-27,63.919998,64.239998,62.250000,63.389999,63.389999,155700
2021-04-28,63.389999,64.059998,61.619999,63.740002,63.740002,221500
2021-04-29,64.019997,65.160004,62.790001,63.310001,63.310001,238600
2021-04-30,62.689999,64.959999,61.560001,63.599998,63.599998,373300
2021-05-03,63.720001,64.430000,63.259998,64.320000,64.320000,279600
2021-05-04,64.190002,64.660004,63.270000,64.620003,64.620003,296500
2021-05-05,65.029999,65.029999,63.529999,63.639999,63.639999,175600
2021-05-06,63.840000,64.959999,63.180000,64.860001,64.860001,221500
2021-05-07,64.760002,65.459999,64.050003,64.629997,64.629997,128200
2021-05-10,64.410004,64.900002,62.509998,62.990002,62.990002,234300
2021-05-11,61.509998,63.470001,61.000000,61.790001,61.790001,171400
2021-05-12,61.430000,61.590000,59.009998,59.099998,59.099998,215000
2021-05-13,59.340000,60.849998,59.060001,59.680000,59.680000,365000
2021-05-14,60.270000,61.090000,59.430000,59.689999,59.689999,509300
2021-05-17,59.700001,60.060001,58.290001,59.380001,59.380001,394900
2021-05-18,59.500000,61.450001,59.450001,60.520000,60.520000,232700
2021-05-19,60.650002,60.990002,59.619999,60.770000,60.770000,139400
2021-05-20,60.540001,61.430000,60.470001,61.020000,61.020000,108400
2021-05-21,61.639999,62.220001,60.709999,62.029999,62.029999,407200
2021-05-24,61.849998,63.430000,61.849998,63.200001,63.200001,250300
2021-05-25,63.279999,63.889999,62.650002,63.189999,63.189999,289500
2021-05-26,63.040001,63.040001,61.279999,61.459999,61.459999,248300
2021-05-27,61.750000,61.840000,60.580002,60.830002,60.830002,192400
2021-05-28,61.320000,61.840000,60.270000,60.340000,60.340000,241400
2021-06-01,60.509998,62.139999,59.860001,61.669998,61.669998,347100
2021-06-02,61.869999,61.869999,59.220001,59.639999,59.639999,391100
2021-06-03,59.820000,60.049999,58.549999,59.779999,59.779999,204700
2021-06-04,60.099998,61.230000,59.480000,60.389999,60.389999,143400
2021-06-07,60.310001,61.270000,60.009998,60.060001,60.060001,184500
2021-06-08,60.459999,60.880001,59.490002,60.580002,60.580002,145400
2021-06-09,60.910000,61.250000,60.509998,60.750000,60.750000,114800
2021-06-10,60.790001,61.709999,60.750000,61.389999,61.389999,113800
2021-06-11,61.470001,62.110001,61.209999,62.000000,62.000000,111300
2021-06-14,61.900002,62.099998,61.330002,61.529999,61.529999,143000
2021-06-15,61.599998,62.009998,61.209999,61.990002,61.990002,180700
2021-06-16,62.070000,62.349998,61.290001,61.700001,61.700001,105800
2021-06-17,61.650002,62.759998,61.639999,61.770000,61.770000,165800
2021-06-18,60.930000,61.580002,60.070000,60.240002,60.240002,301000
2021-06-21,60.480000,62.150002,59.619999,61.580002,61.580002,386800
2021-06-22,62.369999,62.450001,61.070000,62.250000,62.250000,323700
2021-06-23,62.070000,63.090000,62.029999,62.419998,62.419998,350400
2021-06-24,62.759998,63.590000,62.360001,63.360001,63.360001,306500
2021-06-25,63.619999,64.900002,62.669998,64.449997,64.449997,1509800
2021-06-28,64.379997,64.949997,63.509998,64.250000,64.250000,293000
2021-06-29,64.410004,64.889999,63.889999,64.519997,64.519997,164100
2021-06-30,64.510002,65.129997,63.750000,64.660004,64.660004,342300
2021-07-01,64.669998,65.180000,64.059998,64.550003,64.550003,208400
2021-07-02,64.570000,64.800003,63.389999,64.019997,64.019997,209100
2021-07-06,64.230003,64.230003,62.520000,63.680000,63.680000,195500
2021-07-07,63.740002,64.239998,62.549999,63.549999,63.549999,195600
2021-07-08,62.689999,63.830002,62.009998,63.680000,63.680000,151800
2021-07-09,64.019997,64.410004,63.230000,63.400002,63.400002,183600
2021-07-12,63.240002,63.820000,62.750000,63.580002,63.580002,134300
2021-07-13,63.529999,63.970001,62.419998,62.669998,62.669998,181100
2021-07-14,63.049999,63.049999,60.689999,60.750000,60.750000,206700
2021-07-15,60.330002,61.389999,59.570000,59.970001,59.970001,239100
2021-07-16,60.320000,60.770000,59.880001,59.950001,59.950001,166900
2021-07-19,59.200001,60.450001,58.869999,59.599998,59.599998,239300
2021-07-20,59.900002,61.669998,59.740002,60.720001,60.720001,291400
2021-07-21,61.119999,63.380001,60.740002,63.290001,63.290001,330700
2021-07-22,63.189999,64.190002,62.709999,64.000000,64.000000,206500
2021-07-23,64.110001,64.989998,64.110001,64.230003,64.230003,196700
2021-07-26,64.570000,64.680000,63.639999,63.959999,63.959999,138000
2021-07-27,63.919998,64.529999,63.360001,64.529999,64.529999,249900
2021-07-28,64.660004,65.959999,64.459999,65.110001,65.110001,225300
2021-07-29,65.099998,66.779999,64.820000,64.919998,64.919998,314400
2021-07-30,65.629997,70.900002,63.919998,70.089996,70.089996,506500
2021-08-02,70.550003,70.550003,67.449997,67.870003,67.870003,352100
2021-08-03,68.250000,68.739998,66.860001,67.680000,67.680000,594600
2021-08-04,67.059998,67.860001,65.949997,66.000000,66.000000,260300
2021-08-05,66.059998,67.099998,65.720001,66.989998,66.989998,221600
2021-08-06,67.540001,67.820000,64.699997,67.680000,67.680000,228400
2021-08-09,67.019997,67.930000,66.449997,66.550003,66.550003,131500
2021-08-10,66.860001,67.139999,65.279999,66.110001,66.110001,219700
2021-08-11,66.510002,66.889999,64.839996,65.849998,65.849998,165800
2021-08-12,65.769997,67.580002,65.519997,66.269997,66.269997,165900
2021-08-13,66.199997,66.769997,65.620003,66.000000,66.000000,198700
2021-08-16,65.589996,66.639999,65.160004,66.550003,66.550003,196100
2021-08-17,66.169998,67.000000,65.599998,66.809998,66.809998,202900
2021-08-18,67.040001,67.849998,65.660004,67.040001,67.040001,169700
2021-08-19,66.900002,69.059998,66.129997,68.330002,68.330002,274000
2021-08-20,68.379997,70.239998,68.250000,69.220001,69.220001,250200
2021-08-23,69.349998,70.610001,69.139999,70.180000,70.180000,220000
2021-08-24,70.029999,70.900002,69.959999,70.639999,70.639999,165900
2021-08-25,70.320000,70.620003,68.930000,69.449997,69.449997,156900
2021-08-26,69.339996,69.800003,68.680000,68.680000,68.680000,181400
2021-08-27,69.059998,71.709999,68.430000,71.669998,71.669998,318900
2021-08-30,71.980003,72.379997,71.379997,71.510002,71.510002,171800