Date,Open,High,Low,Close,Adj Close,Volume
2021-01-04,12.320000,12.780000,12.020000,12.490000,12.455195,2178800
2021-01-05,12.760000,15.110000,12.760000,14.260000,14.220263,4845900
2021-01-06,14.670000,15.350000,14.180000,14.770000,14.728843,3488500
2021-01-07,14.970000,15.790000,14.640000,15.480000,15.436863,3536600
2021-01-08,15.760000,15.820000,15.280000,15.520000,15.476753,3897300
2021-01-11,14.870000,15.890000,14.750000,15.800000,15.755972,1715400
2021-01-12,16.150000,16.549999,15.940000,16.480000,16.434076,1791600
2021-01-13,16.389999,16.500000,15.800000,16.030001,15.985332,4631600
2021-01-14,16.309999,16.709999,16.150000,16.540001,16.493912,1483000
2021-01-15,16.090000,16.490000,15.650000,16.000000,15.955415,2739800
2021-01-19,16.480000,16.690001,16.000000,16.459999,16.414131,1791200
2021-01-20,16.719999,16.940001,16.190001,16.780001,16.733242,2080200
2021-01-21,16.770000,16.820000,14.290000,14.850000,14.808619,4256000
2021-01-22,14.330000,15.170000,13.900000,15.010000,14.968174,2428300
2021-01-25,14.710000,15.890000,14.510000,15.880000,15.835750,2713700
2021-01-26,16.160000,16.430000,15.270000,15.360000,15.317197,2141600
2021-01-27,14.900000,17.540001,14.720000,16.469999,16.424107,5133300
2021-01-28,16.799999,17.090000,15.760000,16.290001,16.244608,2886400
2021-01-29,16.090000,16.930000,14.980000,15.280000,15.237422,2011400
2021-02-01,15.610000,16.280001,15.050000,16.040001,15.995304,2109800
2021-02-02,16.580000,17.129999,16.240000,16.549999,16.503881,1939100
2021-02-03,16.790001,17.809999,16.559999,17.590000,17.540985,1586200
2021-02-04,17.590000,18.049999,17.040001,17.799999,17.750397,1675400
2021-02-05,18.190001,18.469999,17.730000,18.170000,18.119368,1201100
2021-02-08,18.500000,19.799999,18.500000,19.629999,19.575298,1646000
2021-02-09,18.830000,20.200001,18.650000,19.240000,19.186386,2181000
2021-02-10,19.629999,20.049999,18.750000,19.570000,19.515467,1541400
2021-02-11,19.559999,19.680000,18.650000,19.240000,19.186386,1523200
2021-02-12,18.980000,20.020000,18.959999,19.840000,19.784714,1654700
2021-02-16,20.480000,20.750000,19.920000,20.070000,20.014072,1413800
2021-02-17,20.049999,20.400000,19.549999,20.230000,20.173626,1253700
2021-02-18,20.030001,20.340000,18.610001,18.629999,18.578085,1532800
2021-02-19,18.830000,19.750000,18.650000,19.100000,19.046776,1247300
2021-02-22,19.520000,21.020000,19.400000,20.260000,20.203543,1534100
2021-02-23,20.340000,21.610001,18.860001,21.389999,21.330395,2978400
2021-02-24,19.309999,21.469999,19.250000,21.290001,21.230677,3687600
2021-02-25,21.650000,21.870001,19.809999,20.160000,20.103823,2001600
2021-02-26,19.980000,21.299999,19.330000,20.889999,20.831789,2352400
2021-03-01,21.420000,22.080000,21.080000,22.040001,21.978584,2361400
2021-03-02,22.270000,22.770000,21.410000,21.700001,21.639534,1542800
2021-03-03,22.340000,23.920000,22.250000,23.090000,23.025660,2135500
2021-03-04,23.219999,24.719999,23.049999,24.520000,24.451675,2938700
2021-03-05,25.670000,27.290001,24.860001,26.690001,26.615627,3829300
2021-03-08,26.959999,27.430000,24.280001,25.170000,25.099863,2687200
2021-03-09,24.600000,25.530001,24.059999,24.600000,24.531450,1965800
2021-03-10,24.750000,25.850000,24.690001,25.469999,25.399027,2089000
2021-03-11,25.760000,26.820000,25.750000,26.450001,26.376297,2026700
2021-03-12,26.610001,26.709999,25.450001,25.690001,25.618414,1872400
2021-03-15,25.559999,26.790001,25.180000,26.100000,26.027271,2006800
2021-03-16,25.299999,25.740000,24.530001,25.299999,25.229498,1391300
2021-03-17,25.100000,25.709999,24.570000,25.400000,25.329222,1270300
2021-03-18,24.910000,25.020000,22.260000,22.520000,22.457247,2650600
2021-03-19,22.570000,24.389999,22.510000,24.360001,24.292120,2635200
2021-03-22,24.150000,24.150000,22.930000,23.500000,23.434515,2423200
2021-03-23,22.360001,23.190001,21.830000,22.070000,22.031939,2037200
2021-03-24,23.660000,24.340000,22.600000,23.299999,23.259817,2049000
2021-03-25,22.469999,23.650000,21.549999,23.370001,23.329699,2025300
2021-03-26,24.370001,24.580000,23.620001,24.330000,24.288042,1624100
2021-03-29,23.980000,24.690001,23.219999,23.230000,23.189938,1906600
2021-03-30,22.850000,23.770000,22.330000,23.330000,23.289766,1415600
2021-03-31,23.360001,23.690001,23.040001,23.450001,23.409559,1444100
2021-04-01,23.870001,25.700001,23.730000,25.680000,25.635714,2105400
2021-04-05,25.430000,25.430000,23.209999,23.690001,23.649145,2090700
2021-04-06,24.100000,25.670000,23.879999,24.160000,24.118334,1511600
2021-04-07,24.120001,24.920000,23.760000,24.559999,24.517643,1325500
2021-04-08,24.200001,24.459999,23.450001,24.320000,24.278057,1105700
2021-04-09,24.070000,24.600000,23.240000,23.459999,23.419540,1254800
2021-04-12,23.750000,24.430000,22.900000,22.920000,22.880474,1452200
2021-04-13,22.969999,23.320000,22.660000,23.030001,22.990284,974100
2021-04-14,23.480000,25.639999,23.480000,24.900000,24.857058,1741900
2021-04-15,24.950001,24.950001,24.190001,24.780001,24.737267,1531000
2021-04-16,25.030001,25.100000,23.900000,23.980000,23.938644,1217500
2021-04-19,24.030001,24.600000,23.629999,24.430000,24.387869,1268100
2021-04-20,24.309999,24.330000,22.150000,22.799999,22.760679,1762400
2021-04-21,22.160000,23.280001,21.799999,23.000000,22.960335,1268900
2021-04-22,23.190001,23.700001,22.389999,23.500000,23.459473,1758600
2021-04-23,23.500000,24.280001,23.350000,23.850000,23.808870,1696600
2021-04-26,23.730000,24.920000,23.730000,24.709999,24.667385,1273400
2021-04-27,24.980000,25.549999,24.270000,24.889999,24.847075,1109300
2021-04-28,25.030001,26.180000,24.910000,25.700001,25.655680,1570800
2021-04-29,26.250000,28.490000,26.100000,27.270000,27.222971,2681100
2021-04-30,26.620001,27.860001,26.219999,26.309999,26.264626,2060800
2021-05-03,26.740000,27.100000,26.010000,26.170000,26.124868,1653100
2021-05-04,26.590000,27.059999,25.660000,27.020000,26.973402,1583200
2021-05-05,27.620001,29.180000,27.530001,28.709999,28.660486,2384200
2021-05-06,28.530001,28.530001,27.200001,28.080000,28.031574,1488600
2021-05-07,27.570000,28.840000,27.080000,28.790001,28.740351,1579600
2021-05-10,29.440001,30.330000,28.010000,28.010000,27.961695,1660500
2021-05-11,27.139999,28.980000,26.500000,28.610001,28.560661,1800100
2021-05-12,29.000000,30.570000,28.030001,28.240000,28.215954,2114000
2021-05-13,27.889999,29.100000,27.110001,27.980000,27.956175,1680000
2021-05-14,28.709999,30.080000,28.700001,29.920000,29.894524,1402100
2021-05-17,29.559999,30.690001,29.219999,30.620001,30.593927,1594200
2021-05-18,30.600000,31.080000,29.290001,29.389999,29.364973,1537000
2021-05-19,28.440001,29.100000,27.860001,28.840000,28.815443,1570900
2021-05-20,28.660000,28.900000,27.850000,28.730000,28.705536,1261000
2021-05-21,29.450001,30.209999,28.840000,28.870001,28.845417,1072100
2021-05-24,29.379999,29.650000,28.350000,29.540001,29.514847,1121100
2021-05-25,29.730000,30.309999,28.610001,28.840000,28.815443,1435800
2021-05-26,28.860001,30.620001,28.500000,30.309999,30.284189,1264100
2021-05-27,30.549999,31.139999,30.260000,30.290001,30.264208,1612500
2021-05-28,30.450001,30.760000,29.930000,30.639999,30.613909,856900
2021-06-01,31.440001,32.919998,31.400000,32.360001,32.332447,1871500
2021-06-02,32.580002,33.290001,31.900000,32.439999,32.412376,1607200
2021-06-03,32.200001,33.650002,31.930000,33.389999,33.361568,1240500
2021-06-04,33.570000,33.939999,32.509998,32.939999,32.911949,841600
2021-06-07,32.970001,33.410000,32.349998,32.740002,32.712124,1316100
2021-06-08,32.360001,33.689999,31.670000,33.590000,33.561398,1330700
2021-06-09,33.720001,34.200001,33.150002,33.470001,33.441502,931500
2021-06-10,33.450001,33.759998,32.270000,33.049999,33.021858,1252000
2021-06-11,33.500000,33.810001,33.230000,33.639999,33.611355,879900
2021-06-14,34.340000,34.910000,33.060001,33.139999,33.111782,989600
2021-06-15,33.349998,34.290001,33.230000,34.279999,34.250809,727700
2021-06-16,33.849998,34.090000,32.740002,33.529999,33.501446,1480300
2021-06-17,33.349998,33.730000,31.100000,32.619999,32.592224,2196500
2021-06-18,31.780001,32.680000,31.150000,31.660000,31.633041,2508600
2021-06-21,32.189999,33.939999,32.060001,33.919998,33.891113,1191700
2021-06-22,33.680000,34.650002,33.169998,34.509998,34.480614,1943100
2021-06-23,35.000000,36.529999,34.959999,36.049999,36.019302,2067800
2021-06-24,36.139999,36.820000,35.900002,36.139999,36.109226,1236800
2021-06-25,36.360001,38.049999,36.099998,37.020000,36.988476,6631500
2021-06-28,37.020000,37.020000,34.110001,34.669998,34.640476,1889600
2021-06-29,35.060001,35.910000,35.060001,35.540001,35.509739,902100
2021-06-30,35.820000,36.619999,35.730000,36.009998,35.979336,912300
2021-07-01,37.500000,37.500000,36.389999,36.689999,36.658756,1298000
2021-07-02,36.470001,36.660000,35.529999,35.849998,35.819473,755000
2021-07-06,36.000000,36.000000,33.700001,34.200001,34.170879,1229400
2021-07-07,34.150002,34.950001,33.000000,33.330002,33.301620,936800
2021-07-08,32.490002,34.380001,31.889999,34.060001,34.030998,1021200
2021-07-09,34.730000,35.820000,34.099998,35.389999,35.359863,884700
2021-07-12,34.680000,35.630001,34.270000,35.369999,35.339882,552700
2021-07-13,35.160000,36.139999,34.880001,35.540001,35.509739,752600
2021-07-14,35.950001,36.750000,33.360001,33.610001,33.581383,2012200
2021-07-15,33.270000,34.220001,32.060001,32.570000,32.542267,1858600
2021-07-16,33.950001,33.980000,31.420000,31.760000,31.732956,1433100
2021-07-19,30.110001,31.000000,28.280001,28.750000,28.725519,3403300
2021-07-20,29.000000,30.139999,28.510000,29.850000,29.824583,1715300
2021-07-21,30.280001,32.709999,30.219999,31.870001,31.842863,1719600
2021-07-22,31.870001,32.029999,30.639999,31.670000,31.643032,1360700
2021-07-23,32.029999,32.029999,30.059999,30.780001,30.753792,1150800
2021-07-26,31.150000,32.520000,31.150000,31.830000,31.802896,1021700
2021-07-27,31.000000,31.160000,30.000000,30.480000,30.454046,1347400
2021-07-28,30.950001,32.320000,30.500000,31.870001,31.842863,2406300
2021-07-29,32.310001,32.490002,30.860001,30.900000,30.873688,1244300
2021-07-30,30.620001,30.910000,29.790001,30.900000,30.873688,1053800
2021-08-02,31.049999,31.969999,29.309999,29.780001,29.754642,1410500
2021-08-03,29.580000,30.059999,28.809999,29.650000,29.624752,1782200
2021-08-04,29.059999,29.629999,27.840000,27.930000,27.906218,1885800
2021-08-05,28.450001,30.120001,28.410000,29.250000,29.225094,1363400
2021-08-06,29.990000,30.260000,29.110001,29.400000,29.374966,905600
2021-08-09,28.290001,29.000000,27.969999,28.180000,28.156004,1039500
2021-08-10,28.549999,29.770000,28.350000,29.360001,29.335001,950100
2021-08-11,28.650000,29.040001,27.670000,28.860001,28.860001,1275600
2021-08-12,28.820000,29.440001,27.950001,28.590000,28.590000,919900
2021-08-13,28.469999,28.510000,27.480000,27.600000,27.600000,850600
2021-08-16,26.900000,27.200001,26.370001,26.750000,26.750000,1201400
2021-08-17,26.459999,27.750000,26.299999,27.410000,27.410000,1468200
2021-08-18,27.540001,27.860001,26.129999,26.180000,26.180000,1289000
2021-08-19,25.320000,26.410000,24.770000,25.670000,25.670000,2443900
2021-08-20,25.280001,25.680000,24.760000,25.590000,25.590000,1490700
2021-08-23,26.990000,27.730000,26.740000,26.910000,26.910000,1857600
2021-08-24,27.430000,27.760000,26.920000,27.670000,27.670000,1270300
2021-08-25,27.830000,28.190001,27.240000,27.639999,27.639999,903500
2021-08-26,27.309999,27.730000,26.730000,27.080000,27.080000,1228600
2021-08-27,27.660000,29.180000,27.530001,28.680000,28.680000,1275700
2021-08-30,28.780001,29.280001,28.350000,28.620001,28.620001,1276800