Date,Open,High,Low,Close,Adj Close,Volume
2021-01-04,83.480003,83.919998,80.300003,82.099998,82.099998,443000
2021-01-05,81.500000,81.849998,79.500000,80.279999,80.279999,720400
2021-01-06,79.150002,81.269997,78.000000,80.870003,80.870003,897100
2021-01-07,81.239998,84.830002,80.980003,84.449997,84.449997,568400
2021-01-08,85.000000,85.070000,79.870003,80.160004,80.160004,395400
2021-01-11,79.389999,82.430000,78.519997,81.830002,81.830002,559400
2021-01-12,82.190002,83.379997,81.300003,83.019997,83.019997,582600
2021-01-13,83.849998,86.550003,81.599998,81.809998,81.809998,372800
2021-01-14,81.930000,83.320000,81.110001,82.010002,82.010002,317400
2021-01-15,81.339996,82.779999,80.500000,82.029999,82.029999,412900
2021-01-19,83.169998,85.290001,82.809998,85.190002,85.190002,460400
2021-01-20,85.809998,92.190002,85.250000,91.099998,91.099998,784000
2021-01-21,91.110001,94.389999,91.010002,91.860001,91.860001,553600
2021-01-22,91.019997,95.519997,89.500000,95.290001,95.290001,885500
2021-01-25,95.989998,97.489998,93.389999,96.080002,96.080002,565700
2021-01-26,96.860001,97.940002,91.339996,94.000000,94.000000,697900
2021-01-27,92.129997,95.400002,91.190002,93.309998,93.309998,746200
2021-01-28,91.489998,93.099998,85.709999,86.019997,86.019997,1578400
2021-01-29,82.019997,83.980003,80.029999,80.260002,80.260002,804500
2021-02-01,81.070000,83.059998,79.000000,82.699997,82.699997,588700
2021-02-02,83.250000,84.440002,80.620003,84.169998,84.169998,672200
2021-02-03,84.480003,85.720001,83.370003,85.300003,85.300003,496900
2021-02-04,85.489998,86.989998,84.010002,85.620003,85.620003,342700
2021-02-05,86.269997,87.699997,84.839996,87.000000,87.000000,477000
2021-02-08,87.680000,90.500000,87.300003,90.190002,90.190002,422100
2021-02-09,90.250000,91.260002,87.839996,88.050003,88.050003,332600
2021-02-10,88.019997,89.720001,85.459999,88.830002,88.830002,468200
2021-02-11,89.220001,91.449997,88.459999,88.470001,88.470001,998800
2021-02-12,87.349998,88.820000,86.690002,87.139999,87.139999,335800
2021-02-16,86.839996,86.839996,83.930000,84.500000,84.500000,875100
2021-02-17,83.510002,84.839996,81.820000,83.930000,83.930000,1097900
2021-02-18,84.410004,85.000000,82.739998,82.820000,82.820000,376100
2021-02-19,83.389999,85.019997,82.800003,84.570000,84.570000,370000
2021-02-22,84.620003,84.769997,81.559998,82.080002,82.080002,761100
2021-02-23,81.169998,82.550003,79.400002,82.309998,82.309998,833800
2021-02-24,82.139999,86.930000,80.120003,86.629997,86.629997,579600
2021-02-25,85.769997,85.830002,81.760002,82.150002,82.150002,543800
2021-02-26,83.260002,85.570000,82.360001,84.309998,84.309998,432200
2021-03-01,85.290001,86.970001,84.320000,84.669998,84.669998,481000
2021-03-02,84.720001,85.379997,82.760002,85.120003,85.120003,510100
2021-03-03,85.510002,85.510002,82.180000,83.139999,83.139999,409200
2021-03-04,83.129997,85.769997,79.800003,82.389999,82.389999,542500
2021-03-05,83.669998,87.199997,80.830002,87.029999,87.029999,437900
2021-03-08,87.430000,90.349998,87.199997,88.150002,88.150002,427900
2021-03-09,89.430000,90.000000,87.110001,87.650002,87.650002,334300
2021-03-10,88.160004,91.330002,87.790001,90.290001,90.290001,474100
2021-03-11,90.989998,92.209999,89.000000,90.500000,90.500000,364500
2021-03-12,88.290001,89.699997,86.699997,89.260002,89.260002,409100
2021-03-15,88.860001,90.419998,88.110001,90.410004,90.410004,437000
2021-03-16,90.559998,92.430000,89.940002,90.059998,90.059998,349600
2021-03-17,89.349998,94.019997,88.139999,93.959999,93.959999,393800
2021-03-18,92.889999,92.889999,86.389999,86.680000,86.680000,468500
2021-03-19,87.129997,89.449997,85.709999,87.860001,87.860001,868200
2021-03-22,88.580002,89.379997,86.790001,88.669998,88.669998,199300
2021-03-23,88.570000,89.120003,85.410004,85.769997,85.769997,367000
2021-03-24,86.709999,89.279999,86.239998,86.300003,86.300003,312300
2021-03-25,85.190002,89.349998,84.050003,88.980003,88.980003,360900
2021-03-26,89.970001,92.739998,88.879997,92.639999,92.639999,262600
2021-03-29,91.870003,93.500000,89.129997,89.860001,89.860001,399800
2021-03-30,89.230003,92.699997,88.440002,92.080002,92.080002,514700
2021-03-31,92.550003,93.500000,91.599998,91.919998,91.919998,429600
2021-04-01,92.910004,94.489998,92.089996,94.300003,94.300003,440100
2021-04-05,94.430000,95.540001,93.160004,94.120003,94.120003,329000
2021-04-06,94.519997,95.989998,93.750000,94.269997,94.269997,384400
2021-04-07,94.669998,95.459999,92.500000,93.379997,93.379997,275500
2021-04-08,93.739998,93.900002,91.410004,92.410004,92.410004,370300
2021-04-09,92.139999,95.250000,91.449997,95.120003,95.120003,226100
2021-04-12,95.120003,95.900002,93.870003,94.870003,94.870003,247600
2021-04-13,94.750000,95.070000,92.160004,94.139999,94.139999,291100
2021-04-14,94.839996,95.849998,93.449997,94.809998,94.809998,211700
2021-04-15,95.599998,95.769997,94.419998,95.360001,95.360001,198100
2021-04-16,96.059998,99.209999,96.029999,98.790001,98.790001,391700
2021-04-19,100.000000,100.000000,96.660004,97.930000,97.930000,348600
2021-04-20,98.169998,98.599998,92.169998,93.779999,93.779999,427500
2021-04-21,93.650002,95.059998,93.580002,93.739998,93.739998,413600
2021-04-22,93.900002,94.180000,91.739998,92.860001,92.860001,360400
2021-04-23,93.580002,94.680000,92.800003,93.949997,93.949997,311300
2021-04-26,94.790001,96.180000,94.169998,95.690002,95.690002,218100
2021-04-27,96.599998,97.690002,94.980003,95.010002,95.010002,319000
2021-04-28,95.169998,96.339996,94.320000,95.809998,95.809998,336300
2021-04-29,100.500000,107.410004,98.599998,107.000000,107.000000,1165300
2021-04-30,105.849998,108.250000,104.559998,106.389999,106.389999,530300
2021-05-03,107.290001,108.250000,105.489998,107.889999,107.889999,561900
2021-05-04,108.029999,110.449997,106.760002,110.309998,110.309998,483000
2021-05-05,111.970001,111.970001,108.209999,110.160004,110.160004,468900
2021-05-06,110.830002,111.860001,109.169998,111.820000,111.820000,455200
2021-05-07,112.220001,116.800003,111.129997,116.610001,116.610001,520700
2021-05-10,116.440002,120.190002,115.279999,118.150002,118.150002,806500
2021-05-11,116.019997,116.019997,111.639999,113.099998,113.099998,697800
2021-05-12,112.019997,112.120003,105.230003,105.830002,105.830002,936100
2021-05-13,106.250000,111.900002,106.250000,111.269997,111.269997,448100
2021-05-14,112.519997,113.169998,110.650002,112.680000,112.680000,327900
2021-05-17,111.809998,112.220001,109.080002,111.860001,111.860001,320300
2021-05-18,111.860001,112.000000,108.019997,108.150002,108.150002,349500
2021-05-19,105.370003,108.309998,103.709999,106.779999,106.779999,357500
2021-05-20,106.089996,108.220001,105.879997,107.550003,107.550003,267800
2021-05-21,108.139999,109.529999,105.080002,105.760002,105.760002,267200
2021-05-24,106.839996,106.980003,105.139999,105.940002,105.940002,226100
2021-05-25,105.989998,108.570000,105.989998,106.250000,106.250000,325700
2021-05-26,106.790001,109.089996,105.970001,108.660004,108.660004,414100
2021-05-27,109.489998,109.750000,108.070000,108.379997,108.379997,347100
2021-05-28,109.349998,109.500000,107.080002,107.669998,107.669998,254100
2021-06-01,108.430000,109.000000,106.250000,107.010002,107.010002,482000
2021-06-02,107.129997,107.129997,103.949997,104.910004,104.910004,359000
2021-06-03,104.230003,104.449997,101.690002,103.260002,103.260002,255800
2021-06-04,103.919998,104.870003,102.169998,104.330002,104.330002,234900
2021-06-07,104.349998,104.639999,103.160004,104.129997,104.129997,241200
2021-06-08,104.550003,105.370003,103.860001,104.830002,104.830002,197900
2021-06-09,105.459999,105.720001,101.080002,101.419998,101.419998,425400
2021-06-10,100.309998,100.870003,96.000000,97.180000,97.180000,626500
2021-06-11,97.629997,99.290001,97.040001,98.599998,98.599998,260300
2021-06-14,98.070000,99.120003,94.830002,95.290001,95.290001,501600
2021-06-15,95.589996,96.900002,94.879997,96.169998,96.169998,369100
2021-06-16,95.669998,95.970001,93.959999,94.110001,94.110001,402000
2021-06-17,93.480003,96.230003,92.930000,94.680000,94.680000,421100
2021-06-18,93.790001,96.680000,93.519997,95.190002,95.190002,510400
2021-06-21,95.930000,97.070000,94.449997,95.459999,95.459999,330500
2021-06-22,95.500000,96.330002,94.339996,95.129997,95.129997,273500
2021-06-23,95.500000,95.559998,93.169998,93.440002,93.440002,317900
2021-06-24,93.029999,93.470001,91.529999,93.110001,93.110001,286300
2021-06-25,93.400002,94.129997,91.839996,91.839996,91.839996,850600
2021-06-28,92.110001,94.029999,91.660004,93.760002,93.760002,327600
2021-06-29,93.750000,96.269997,93.500000,94.589996,94.589996,234100
2021-06-30,93.680000,94.580002,93.120003,94.080002,94.080002,238700
2021-07-01,94.150002,96.959999,93.230003,96.510002,96.510002,337900
2021-07-02,96.750000,97.300003,95.019997,95.160004,95.160004,198100
2021-07-06,95.410004,95.410004,91.250000,92.660004,92.660004,233300
2021-07-07,92.529999,95.330002,92.500000,94.629997,94.629997,230800
2021-07-08,92.269997,93.489998,89.839996,90.940002,90.940002,270100
2021-07-09,91.709999,93.879997,91.709999,92.610001,92.610001,240500
2021-07-12,91.779999,92.879997,91.000000,92.750000,92.750000,259300
2021-07-13,92.080002,92.269997,90.180000,90.589996,90.589996,313900
2021-07-14,91.660004,92.379997,89.910004,90.519997,90.519997,181300
2021-07-15,90.309998,91.320000,88.190002,89.650002,89.650002,303200
2021-07-16,90.110001,91.410004,88.169998,88.330002,88.330002,318800
2021-07-19,87.050003,89.779999,86.669998,88.300003,88.300003,314300
2021-07-20,89.129997,92.620003,88.410004,91.910004,91.910004,453700
2021-07-21,92.660004,94.320000,92.000000,92.760002,92.760002,292800
2021-07-22,91.250000,92.129997,89.739998,91.830002,91.830002,213900
2021-07-23,92.480003,96.489998,92.480003,96.320000,96.320000,292500
2021-07-26,96.580002,97.669998,95.089996,95.949997,95.949997,396900
2021-07-27,95.230003,96.830002,94.349998,96.629997,96.629997,395900
2021-07-28,96.839996,97.879997,94.480003,95.690002,95.690002,493500
2021-07-29,104.650002,109.620003,102.019997,106.900002,106.900002,954300
2021-07-30,107.500000,109.849998,106.400002,108.580002,108.580002,381400
2021-08-02,109.449997,110.559998,108.570000,109.169998,109.169998,294700
2021-08-03,109.389999,111.440002,108.339996,111.080002,111.080002,459100
2021-08-04,110.510002,111.269997,108.290001,109.080002,109.080002,335400
2021-08-05,108.959999,110.029999,108.410004,109.029999,109.029999,232100
2021-08-06,109.919998,110.500000,108.080002,109.110001,109.110001,388600
2021-08-09,108.559998,109.160004,106.550003,106.849998,106.849998,402300
2021-08-10,106.849998,111.019997,106.370003,109.750000,109.750000,343400
2021-08-11,109.410004,113.769997,108.470001,113.610001,113.610001,253000
2021-08-12,113.839996,114.669998,111.389999,112.980003,112.980003,245800
2021-08-13,113.620003,113.980003,112.070000,113.610001,113.610001,141500
2021-08-16,112.820000,115.620003,112.300003,115.000000,115.000000,180200
2021-08-17,113.459999,114.480003,108.690002,110.019997,110.019997,301000
2021-08-18,109.500000,111.080002,107.839996,108.830002,108.830002,299700
2021-08-19,107.410004,108.720001,106.070000,107.050003,107.050003,260400
2021-08-20,107.239998,109.620003,107.239998,109.059998,109.059998,204600
2021-08-23,109.059998,109.349998,106.279999,109.129997,109.129997,181600
2021-08-24,110.180000,113.860001,109.070000,111.180000,111.180000,246500
2021-08-25,111.660004,113.860001,110.360001,112.129997,112.129997,263600
2021-08-26,112.010002,112.900002,108.790001,109.669998,109.669998,223900
2021-08-27,110.129997,113.129997,110.099998,112.230003,112.230003,289700
2021-08-30,112.739998,113.129997,110.680000,112.260002,112.260002,262300