Date,Open,High,Low,Close,Adj Close,Volume
2021-01-04,55.070000,57.410000,54.240002,55.240002,55.240002,734000
2021-01-05,54.860001,57.349998,54.500000,56.470001,56.470001,639200
2021-01-06,55.959999,57.410000,55.830002,56.660000,56.660000,796800
2021-01-07,57.500000,58.630001,57.000000,58.320000,58.320000,403100
2021-01-08,58.869999,59.869999,56.799999,58.090000,58.090000,502600
2021-01-11,58.099998,62.299999,57.470001,60.910000,60.910000,855200
2021-01-12,61.619999,63.299999,61.020000,61.880001,61.880001,568500
2021-01-13,62.400002,62.439999,60.220001,61.150002,61.150002,460700
2021-01-14,61.549999,64.139999,61.189999,63.410000,63.410000,620700
2021-01-15,62.880001,63.029999,60.750000,61.669998,61.669998,405100
2021-01-19,62.009998,63.410000,61.799999,63.040001,63.040001,436600
2021-01-20,63.980000,64.320000,61.520000,61.880001,61.880001,348700
2021-01-21,63.070000,63.279999,61.680000,62.509998,62.509998,353900
2021-01-22,62.209999,62.689999,61.410000,61.990002,61.990002,398900
2021-01-25,62.959999,63.259998,59.459999,60.970001,60.970001,528100
2021-01-26,61.430000,61.450001,58.639999,59.900002,59.900002,572600
2021-01-27,58.340000,58.939999,53.490002,55.970001,55.970001,952600
2021-01-28,57.299999,60.619999,53.820000,59.939999,59.939999,988600
2021-01-29,60.169998,60.970001,56.650002,56.860001,56.860001,869000
2021-02-01,58.209999,62.950001,57.490002,62.490002,62.490002,726900
2021-02-02,63.759998,64.389999,60.490002,63.459999,63.459999,518400
2021-02-03,63.689999,63.860001,60.480000,61.480000,61.480000,373700
2021-02-04,61.209999,63.270000,61.029999,63.259998,63.259998,416000
2021-02-05,63.959999,63.959999,61.310001,62.709999,62.709999,475200
2021-02-08,63.330002,66.110001,62.799999,64.620003,64.620003,427200
2021-02-09,64.300003,64.940002,63.459999,64.400002,64.400002,276400
2021-02-10,65.040001,66.300003,64.000000,65.639999,65.639999,420700
2021-02-11,66.610001,68.760002,65.620003,67.610001,67.610001,553100
2021-02-12,66.989998,67.989998,65.199997,67.669998,67.669998,427900
2021-02-16,67.830002,69.290001,67.370003,67.690002,67.690002,443600
2021-02-17,66.290001,67.160004,63.930000,65.169998,65.169998,389100
2021-02-18,64.360001,65.559998,62.619999,64.190002,64.190002,364600
2021-02-19,65.000000,68.110001,64.480003,67.980003,67.980003,603700
2021-02-22,66.669998,67.400002,64.750000,65.120003,65.120003,329900
2021-02-23,63.369999,65.739998,60.279999,65.300003,65.300003,535900
2021-02-24,65.059998,67.610001,60.880001,67.489998,67.489998,344200
2021-02-25,67.040001,67.300003,62.580002,62.750000,62.750000,420000
2021-02-26,63.810001,65.260002,61.500000,64.349998,64.349998,483800
2021-03-01,65.519997,69.089996,64.690002,68.870003,68.870003,544200
2021-03-02,69.290001,69.290001,64.900002,64.910004,64.910004,620800
2021-03-03,65.050003,66.949997,62.480000,63.230000,63.230000,424600
2021-03-04,62.980000,63.250000,56.910000,58.959999,58.959999,554800
2021-03-05,60.349998,62.389999,55.840000,62.090000,62.090000,562500
2021-03-08,61.080002,61.790001,56.900002,57.389999,57.389999,424700
2021-03-09,60.209999,62.160000,59.240002,61.470001,61.470001,776200
2021-03-10,62.509998,64.000000,60.349998,61.119999,61.119999,404400
2021-03-11,63.830002,67.339996,63.200001,67.269997,67.269997,573400
2021-03-12,66.330002,67.709999,65.309998,66.290001,66.290001,439000
2021-03-15,66.480003,66.940002,64.769997,66.330002,66.330002,299000
2021-03-16,67.519997,67.699997,65.320000,66.160004,66.160004,427600
2021-03-17,65.239998,67.230003,64.000000,66.769997,66.769997,332600
2021-03-18,65.489998,65.760002,61.750000,61.889999,61.889999,383300
2021-03-19,61.900002,64.080002,61.720001,63.240002,63.240002,633900
2021-03-22,60.330002,60.799999,56.689999,58.660000,58.660000,3356500
2021-03-23,58.860001,60.060001,56.119999,57.029999,57.029999,1685700
2021-03-24,58.369999,58.939999,55.540001,55.680000,55.680000,657000
2021-03-25,54.860001,55.560001,52.630001,53.910000,53.910000,1494700
2021-03-26,56.090000,58.500000,55.459999,58.459999,58.459999,757400
2021-03-29,57.810001,58.360001,55.810001,56.240002,56.240002,613000
2021-03-30,57.040001,57.419998,55.400002,57.110001,57.110001,323200
2021-03-31,57.750000,58.830002,57.150002,58.020000,58.020000,599400
2021-04-01,58.599998,61.349998,57.910000,58.560001,58.560001,688200
2021-04-05,59.790001,60.790001,58.599998,59.900002,59.900002,427000
2021-04-06,59.939999,60.490002,58.509998,59.200001,59.200001,259000
2021-04-07,59.000000,59.919998,57.779999,58.090000,58.090000,359200
2021-04-08,59.180000,59.709999,58.160000,59.700001,59.700001,462300
2021-04-09,59.380001,59.950001,58.580002,59.160000,59.160000,369300
2021-04-12,58.480000,59.400002,57.389999,59.209999,59.209999,296500
2021-04-13,59.730000,59.730000,57.730000,58.750000,58.750000,455800
2021-04-14,59.000000,61.000000,58.869999,59.500000,59.500000,557900
2021-04-15,60.580002,60.790001,59.380001,60.529999,60.529999,250300
2021-04-16,61.209999,62.000000,60.250000,60.500000,60.500000,273800
2021-04-19,60.000000,60.459999,57.520000,59.630001,59.630001,558900
2021-04-20,59.549999,59.799999,57.369999,57.930000,57.930000,478500
2021-04-21,57.619999,59.500000,57.070000,59.450001,59.450001,302400
2021-04-22,59.549999,60.619999,58.480000,58.709999,58.709999,415200
2021-04-23,59.450001,61.880001,59.450001,61.009998,61.009998,409200
2021-04-26,61.430000,63.310001,61.340000,62.770000,62.770000,488000
2021-04-27,63.450001,63.450001,61.810001,62.119999,62.119999,366300
2021-04-28,61.910000,62.720001,60.639999,61.630001,61.630001,781100
2021-04-29,58.009998,59.990002,55.020000,57.610001,57.610001,2037900
2021-04-30,56.439999,56.680000,55.459999,56.610001,56.610001,751600
2021-05-03,57.099998,57.490002,55.509998,55.869999,55.869999,849700
2021-05-04,55.369999,55.490002,53.200001,53.930000,53.930000,777400
2021-05-05,54.410000,55.119999,53.349998,53.650002,53.650002,315100
2021-05-06,53.330002,54.380001,52.549999,54.320000,54.320000,479000
2021-05-07,54.990002,56.189999,54.980000,56.139999,56.139999,353100
2021-05-10,55.189999,55.200001,53.099998,53.099998,53.099998,397900
2021-05-11,50.849998,54.070000,50.290001,53.349998,53.349998,580500
2021-05-12,51.959999,52.590000,49.590000,49.939999,49.939999,704200
2021-05-13,50.959999,51.849998,48.680000,49.590000,49.590000,676400
2021-05-14,50.410000,51.619999,49.660000,51.080002,51.080002,1482400
2021-05-17,50.160000,51.029999,49.250000,50.720001,50.720001,292800
2021-05-18,50.950001,52.189999,50.330002,50.400002,50.400002,272100
2021-05-19,48.919998,52.820000,48.919998,52.709999,52.709999,391400
2021-05-20,53.150002,55.139999,52.709999,55.090000,55.090000,442700
2021-05-21,56.500000,56.500000,54.529999,54.540001,54.540001,411000
2021-05-24,55.160000,55.830002,54.790001,55.299999,55.299999,466900
2021-05-25,56.000000,56.250000,55.070000,55.200001,55.200001,337700
2021-05-26,55.910000,57.529999,55.320000,57.450001,57.450001,471700
2021-05-27,57.509998,59.549999,57.060001,59.040001,59.040001,553200
2021-05-28,59.180000,59.689999,58.070000,59.200001,59.200001,290900
2021-06-01,59.570000,60.220001,57.639999,58.279999,58.279999,514500
2021-06-02,58.340000,58.639999,57.619999,58.169998,58.169998,458000
2021-06-03,57.560001,58.049999,56.910000,57.650002,57.650002,259600
2021-06-04,58.279999,59.349998,57.950001,58.830002,58.830002,245200
2021-06-07,58.619999,59.270000,58.070000,59.270000,59.270000,249900
2021-06-08,59.849998,60.700001,59.299999,60.310001,60.310001,614700
2021-06-09,60.570000,60.869999,59.639999,59.820000,59.820000,462000
2021-06-10,60.290001,60.900002,59.009998,59.419998,59.419998,608300
2021-06-11,59.759998,60.130001,59.279999,59.900002,59.900002,513200
2021-06-14,59.549999,61.310001,59.439999,60.830002,60.830002,430900
2021-06-15,60.980000,61.500000,60.340000,60.500000,60.500000,248300
2021-06-16,60.490002,61.680000,60.040001,60.610001,60.610001,287000
2021-06-17,60.410000,61.169998,59.410000,60.009998,60.009998,399300
2021-06-18,59.180000,59.790001,57.750000,58.669998,58.669998,614400
2021-06-21,58.950001,59.480000,56.590000,59.110001,59.110001,250000
2021-06-22,59.029999,59.410000,58.259998,59.290001,59.290001,240400
2021-06-23,59.380001,60.619999,59.380001,60.080002,60.080002,252600
2021-06-24,60.740002,61.660000,60.250000,61.310001,61.310001,301300
2021-06-25,61.529999,62.110001,61.009998,61.959999,61.959999,788500
2021-06-28,62.680000,64.309998,62.320000,63.650002,63.650002,635700
2021-06-29,63.639999,63.980000,62.709999,63.419998,63.419998,351600
2021-06-30,63.130001,64.389999,62.560001,64.080002,64.080002,574300
2021-07-01,64.230003,64.389999,62.070000,62.669998,62.669998,231300
2021-07-02,63.360001,63.410000,62.169998,62.540001,62.540001,252100
2021-07-06,62.680000,63.000000,60.790001,61.910000,61.910000,310300
2021-07-07,62.529999,62.779999,59.689999,60.230000,60.230000,439300
2021-07-08,59.009998,59.750000,57.650002,58.470001,58.470001,427900
2021-07-09,58.619999,60.259998,58.040001,59.980000,59.980000,300600
2021-07-12,62.160000,62.160000,58.619999,59.830002,59.830002,342800
2021-07-13,59.330002,60.369999,59.240002,60.009998,60.009998,369200
2021-07-14,60.580002,61.250000,58.590000,58.830002,58.830002,209200
2021-07-15,58.709999,58.709999,56.910000,58.200001,58.200001,379500
2021-07-16,58.790001,59.400002,57.290001,57.349998,57.349998,383800
2021-07-19,56.220001,57.779999,55.549999,56.810001,56.810001,173400
2021-07-20,56.889999,59.490002,56.060001,58.849998,58.849998,277500
2021-07-21,59.200001,61.000000,59.200001,60.290001,60.290001,413400
2021-07-22,59.849998,60.490002,58.880001,60.060001,60.060001,274100
2021-07-23,60.470001,60.470001,59.400002,60.310001,60.310001,223500
2021-07-26,60.380001,60.750000,59.410000,59.580002,59.580002,307500
2021-07-27,59.150002,59.549999,55.860001,57.939999,57.939999,359200
2021-07-28,58.330002,60.500000,58.330002,59.930000,59.930000,334300
2021-07-29,58.900002,61.529999,57.770000,60.259998,60.259998,781600
2021-07-30,59.869999,62.169998,59.869999,61.720001,61.720001,509300
2021-08-02,62.220001,63.599998,61.290001,61.520000,61.520000,347700
2021-08-03,61.520000,61.980000,59.590000,60.919998,60.919998,545000
2021-08-04,60.750000,61.570000,60.180000,61.400002,61.400002,381500
2021-08-05,61.740002,62.349998,61.400002,61.790001,61.790001,229400
2021-08-06,61.259998,62.540001,61.200001,61.939999,61.939999,154300
2021-08-09,61.849998,62.430000,60.980000,61.930000,61.930000,234400
2021-08-10,62.000000,62.160000,60.770000,61.660000,61.660000,242000
2021-08-11,61.610001,61.919998,59.250000,61.840000,61.840000,259900
2021-08-12,61.480000,62.040001,60.419998,61.480000,61.480000,207300
2021-08-13,61.230000,61.570000,60.919998,61.110001,61.110001,110900
2021-08-16,60.709999,61.200001,60.290001,60.430000,60.430000,157800
2021-08-17,59.689999,59.689999,57.310001,57.590000,57.590000,294800
2021-08-18,57.549999,58.040001,56.820000,57.029999,57.029999,342000
2021-08-19,56.500000,57.259998,55.520000,57.119999,57.119999,223200
2021-08-20,57.160000,58.099998,56.860001,58.020000,58.020000,198900
2021-08-23,58.689999,60.099998,58.520000,60.040001,60.040001,252000
2021-08-24,60.419998,61.090000,60.000000,60.770000,60.770000,220000
2021-08-25,60.980000,61.880001,60.650002,60.820000,60.820000,232500
2021-08-26,60.750000,61.279999,59.970001,60.169998,60.169998,178200
2021-08-27,60.439999,62.660000,60.119999,62.160000,62.160000,585700
2021-08-30,62.630001,62.939999,61.560001,62.810001,62.810001,257600