Date,Open,High,Low,Close,Adj Close,Volume
2021-01-04,12.290000,12.710000,12.050000,12.520000,12.257907,3718100
2021-01-05,12.820000,13.900000,12.770000,13.600000,13.315298,4784600
2021-01-06,13.760000,15.060000,13.390000,14.690000,14.382480,12001600
2021-01-07,15.000000,15.180000,14.560000,14.740000,14.431434,4858300
2021-01-08,15.020000,15.020000,14.010000,14.090000,13.795041,3755200
2021-01-11,13.500000,14.200000,13.360000,14.130000,13.834202,3027100
2021-01-12,14.460000,15.400000,14.370000,15.390000,15.067827,4226100
2021-01-13,15.350000,15.380000,14.500000,14.770000,14.460806,3486900
2021-01-14,15.000000,15.840000,14.970000,15.570000,15.244059,3441300
2021-01-15,15.270000,15.360000,14.540000,14.690000,14.382480,4050300
2021-01-19,14.950000,15.780000,14.910000,15.560000,15.234268,3822800
2021-01-20,15.760000,15.890000,15.010000,15.130000,14.813269,3334000
2021-01-21,15.070000,15.290000,12.590000,13.010000,12.737649,12305000
2021-01-22,12.390000,12.870000,12.050000,12.520000,12.257907,7831200
2021-01-25,12.230000,12.750000,11.660000,12.550000,12.287279,7161700
2021-01-26,12.680000,13.200000,12.500000,12.710000,12.443930,5539800
2021-01-27,12.370000,14.750000,12.280000,14.000000,13.706924,10594700
2021-01-28,13.850000,14.010000,12.660000,12.930000,12.659325,7998700
2021-01-29,12.780000,13.490000,12.230000,12.370000,12.111047,5658500
2021-02-01,12.550000,12.650000,11.890000,12.100000,11.846699,5054300
2021-02-02,12.500000,12.620000,11.990000,12.240000,11.983768,4408800
2021-02-03,12.360000,13.290000,12.360000,13.140000,12.864927,4220000
2021-02-04,13.030000,13.200000,12.680000,13.000000,12.727858,2641100
2021-02-05,13.260000,13.410000,12.910000,13.030000,12.757229,2416000
2021-02-08,13.280000,14.480000,13.280000,14.420000,14.118132,3897500
2021-02-09,14.200000,14.260000,13.690000,13.710000,13.422995,2986000
2021-02-10,13.840000,14.640000,13.750000,14.510000,14.206247,4242000
2021-02-11,14.320000,14.440000,13.600000,13.880000,13.589437,3240300
2021-02-12,13.560000,14.410000,13.510000,14.280000,14.108117,2458700
2021-02-16,14.870000,15.220000,14.560000,14.860000,14.681136,2738700
2021-02-17,14.950000,15.310000,14.540000,15.240000,15.056562,3641600
2021-02-18,15.200000,15.310000,14.350000,14.400000,14.226672,4770600
2021-02-19,14.450000,15.060000,14.420000,14.950000,14.770053,2803700
2021-02-22,15.200000,16.480000,15.090000,15.710000,15.520905,5037200
2021-02-23,15.890000,16.410000,14.630000,16.230000,16.034647,4558600
2021-02-24,16.389999,17.629999,16.230000,17.340000,17.131287,4400300
2021-02-25,17.520000,17.879999,16.500000,16.650000,16.449591,4297300
2021-02-26,16.350000,16.719999,15.470000,16.330000,16.133442,3487400
2021-03-01,16.900000,17.260000,16.450001,16.780001,16.578026,3330000
2021-03-02,16.780001,17.610001,16.469999,16.510000,16.311275,4185500
2021-03-03,16.700001,17.990000,16.600000,17.459999,17.249840,3779400
2021-03-04,17.820000,19.490000,17.660000,18.830000,18.603352,5134900
2021-03-05,19.500000,19.889999,18.730000,19.889999,19.650593,8458200
2021-03-08,20.080000,20.530001,18.340000,18.670000,18.445276,4965500
2021-03-09,18.600000,18.799999,17.879999,18.250000,18.030331,3603600
2021-03-10,18.389999,19.110001,18.139999,18.969999,18.741665,3104600
2021-03-11,19.139999,19.930000,19.010000,19.900000,19.660473,3832200
2021-03-12,20.160000,20.370001,19.799999,20.219999,19.976620,3586000
2021-03-15,19.850000,20.200001,19.540001,20.059999,19.818546,2570900
2021-03-16,19.559999,19.719999,18.209999,18.290001,18.069853,5433900
2021-03-17,18.200001,18.969999,18.059999,18.969999,18.741665,2450600
2021-03-18,18.740000,18.750000,17.059999,17.230000,17.022610,4546100
2021-03-19,17.280001,18.580000,16.910000,18.420000,18.198286,6387500
2021-03-22,18.170000,18.350000,17.240000,17.370001,17.160925,3335600
2021-03-23,16.549999,17.270000,16.260000,16.480000,16.281635,4298300
2021-03-24,17.049999,17.410000,16.700001,16.750000,16.548388,2828400
2021-03-25,16.129999,16.840000,15.650000,16.790001,16.587906,3277100
2021-03-26,17.400000,17.549999,16.799999,17.299999,17.091766,2493100
2021-03-29,16.990000,17.180000,16.320000,16.670000,16.469349,2236800
2021-03-30,16.440001,16.920000,16.250000,16.650000,16.449591,2021000
2021-03-31,16.610001,16.730000,16.309999,16.410000,16.212481,2391900
2021-04-01,16.580000,17.430000,16.459999,17.420000,17.210321,2478600
2021-04-05,17.240000,17.270000,16.230000,16.299999,16.103802,2694800
2021-04-06,16.580000,17.260000,16.530001,16.740000,16.538507,2736300
2021-04-07,16.760000,17.290001,16.620001,17.080000,16.874414,3021300
2021-04-08,16.809999,16.889999,16.270000,16.650000,16.449591,2528800
2021-04-09,16.570000,16.879999,16.330000,16.420000,16.222359,1508700
2021-04-12,16.760000,17.120001,16.360001,16.430000,16.232239,1787400
2021-04-13,16.400000,16.680000,16.250000,16.400000,16.202600,1766100
2021-04-14,16.780001,17.770000,16.660000,17.350000,17.141167,2670800
2021-04-15,17.559999,17.570000,17.170000,17.379999,17.170803,2605300
2021-04-16,17.420000,17.510000,16.840000,16.900000,16.696581,1605400
2021-04-19,16.940001,17.250000,16.540001,16.690001,16.489111,1949800
2021-04-20,16.500000,16.690001,15.280000,15.660000,15.471506,3328200
2021-04-21,15.230000,15.970000,14.910000,15.860000,15.669100,2031400
2021-04-22,15.950000,16.040001,15.400000,15.660000,15.471506,2399400
2021-04-23,15.640000,16.160000,15.520000,16.040001,15.846934,2160100
2021-04-26,15.900000,16.700001,15.860000,16.450001,16.251999,2518800
2021-04-27,16.580000,16.980000,16.360001,16.879999,16.676823,1941800
2021-04-28,17.000000,17.860001,16.980000,17.700001,17.486954,2821700
2021-04-29,18.030001,18.389999,17.400000,17.719999,17.506710,2092200
2021-04-30,17.350000,17.799999,16.889999,16.930000,16.726221,2687600
2021-05-03,17.170000,17.549999,16.959999,17.430000,17.220201,2108400
2021-05-04,17.559999,17.700001,16.790001,17.360001,17.151047,2333600
2021-05-05,17.620001,18.830000,17.200001,18.469999,18.247684,3714900
2021-05-06,18.350000,18.549999,17.590000,18.389999,18.168646,2585000
2021-05-07,18.260000,19.730000,17.870001,19.690001,19.452999,3923400
2021-05-10,20.000000,20.740000,19.879999,20.290001,20.045778,3571900
2021-05-11,19.389999,20.330000,18.850000,20.129999,19.887703,3159300
2021-05-12,20.389999,21.719999,20.030001,20.129999,19.887703,3858300
2021-05-13,19.670000,20.290001,18.870001,19.180000,18.949139,3076900
2021-05-14,19.500000,20.440001,19.500000,20.270000,20.157389,2398200
2021-05-17,20.139999,21.469999,20.010000,21.440001,21.320889,2692800
2021-05-18,21.320000,21.719999,20.920000,20.959999,20.843554,2853200
2021-05-19,20.219999,20.799999,20.020000,20.660000,20.545221,2781700
2021-05-20,20.670000,21.170000,20.200001,20.990000,20.873388,2659400
2021-05-21,21.430000,21.570000,20.860001,20.950001,20.833612,1922500
2021-05-24,21.320000,21.950001,20.760000,21.910000,21.788277,2253000
2021-05-25,21.809999,22.000000,20.660000,20.700001,20.585001,2810400
2021-05-26,20.809999,21.410000,20.559999,21.290001,21.171722,1959800
2021-05-27,21.299999,22.000000,21.250000,21.690001,21.569500,2730400
2021-05-28,21.889999,21.959999,21.450001,21.690001,21.569500,1817600
2021-06-01,22.000000,23.760000,22.000000,23.730000,23.598166,4170300
2021-06-02,23.990000,24.900000,23.350000,24.490000,24.353945,2976500
2021-06-03,24.230000,24.750000,23.930000,24.250000,24.115278,1822200
2021-06-04,24.549999,24.709999,23.780001,24.190001,24.055611,1626400
2021-06-07,24.230000,24.590000,23.940001,24.040001,23.906445,1644300
2021-06-08,23.559999,24.240000,23.209999,23.889999,23.757277,1773300
2021-06-09,23.930000,24.120001,23.420000,23.469999,23.339609,2139600
2021-06-10,23.990000,24.230000,23.010000,23.580000,23.448999,2015400
2021-06-11,23.840000,24.059999,23.459999,23.709999,23.578276,1057400
2021-06-14,23.950001,24.500000,23.480000,23.650000,23.518610,2132400
2021-06-15,23.860001,24.590000,23.690001,24.520000,24.383778,2099200
2021-06-16,24.309999,24.990000,24.040001,24.670000,24.532944,2126500
2021-06-17,24.500000,24.860001,22.530001,23.240000,23.110888,3617500
2021-06-18,22.830000,23.620001,22.459999,23.059999,22.931889,4095300
2021-06-21,23.400000,24.940001,23.180000,24.930000,24.791500,2515600
2021-06-22,24.840000,25.469999,24.590000,25.000000,24.861111,3055100
2021-06-23,25.420000,25.770000,24.930000,24.940001,24.801445,2632700
2021-06-24,24.889999,25.750000,24.830000,25.530001,25.388166,2512100
2021-06-25,25.840000,25.969999,25.030001,25.290001,25.149500,19533700
2021-06-28,25.000000,25.040001,23.270000,23.490000,23.359499,3532900
2021-06-29,23.809999,23.969999,23.100000,23.180000,23.051222,2070500
2021-06-30,23.510000,23.650000,22.920000,23.280001,23.150667,3245300
2021-07-01,24.430000,25.230000,24.010000,24.660000,24.522999,2935800
2021-07-02,24.459999,24.540001,24.120001,24.190001,24.055611,1568400
2021-07-06,24.139999,24.139999,22.580000,22.969999,22.842388,3088400
2021-07-07,22.969999,23.450001,22.260000,22.809999,22.683277,1785100
2021-07-08,22.219999,23.049999,22.059999,22.750000,22.623611,1670000
2021-07-09,23.260000,23.650000,22.730000,23.540001,23.409224,1879200
2021-07-12,23.129999,23.450001,22.660000,23.139999,23.011444,1516300
2021-07-13,22.910000,23.059999,22.420000,22.730000,22.603722,1662500
2021-07-14,23.049999,23.490000,21.180000,21.400000,21.281111,2790200
2021-07-15,21.090000,21.570000,20.700001,20.879999,20.763998,2285300
2021-07-16,21.219999,21.280001,19.920000,19.990000,19.878944,2317600
2021-07-19,19.010000,19.410000,18.440001,19.040001,18.934223,3441000
2021-07-20,19.040001,19.959999,18.770000,19.690001,19.580612,2786700
2021-07-21,20.250000,21.230000,20.020000,21.150000,21.032499,2699200
2021-07-22,21.100000,21.129999,20.389999,20.750000,20.634722,1982900
2021-07-23,20.930000,20.959999,20.280001,20.719999,20.604887,1518200
2021-07-26,20.719999,22.000000,20.719999,21.969999,21.847944,1784100
2021-07-27,21.730000,21.730000,20.900000,21.250000,21.131945,1852900
2021-07-28,21.490000,22.110001,21.059999,21.840000,21.718666,1670000
2021-07-29,22.340000,22.870001,22.040001,22.240000,22.116444,2595400
2021-07-30,21.940001,22.190001,21.450001,21.709999,21.589388,1922800
2021-08-02,21.530001,21.850000,20.629999,20.639999,20.525331,2343100
2021-08-03,20.570000,21.450001,20.250000,21.250000,21.131945,2320100
2021-08-04,20.540001,21.059999,20.020000,20.070000,19.958500,2411800
2021-08-05,20.760000,22.010000,20.469999,21.219999,21.102110,3086300
2021-08-06,21.629999,22.030001,21.190001,21.559999,21.440222,1721600
2021-08-09,20.910000,21.600000,20.840000,21.290001,21.171722,1604100
2021-08-10,21.719999,22.520000,21.430000,22.350000,22.225834,1912500
2021-08-11,22.070000,22.680000,21.790001,22.610001,22.484388,1735900
2021-08-12,22.610001,22.950001,22.049999,22.500000,22.375000,1168000
2021-08-13,22.350000,22.350000,21.690001,21.719999,21.719999,1342700
2021-08-16,21.299999,21.309999,20.480000,20.760000,20.760000,1555500
2021-08-17,20.520000,21.510000,20.330000,20.940001,20.940001,2167300
2021-08-18,21.100000,21.510000,20.410000,20.469999,20.469999,2024300
2021-08-19,20.049999,20.160000,18.860001,19.379999,19.379999,2620600
2021-08-20,19.129999,19.570000,18.840000,19.370001,19.370001,2234100
2021-08-23,20.190001,20.570000,20.020000,20.440001,20.440001,1997400
2021-08-24,20.799999,21.450001,20.740000,21.389999,21.389999,1912600
2021-08-25,21.480000,21.879999,21.040001,21.740000,21.740000,1214800
2021-08-26,21.600000,21.709999,20.750000,20.830000,20.830000,1466900
2021-08-27,21.290001,22.160000,21.250000,21.969999,21.969999,1919000
2021-08-30,22.280001,22.379999,21.570000,21.600000,21.600000,1216000