Date,Open,High,Low,Close,Adj Close,Volume
2021-01-04,131.619995,132.619995,127.500000,128.199997,127.505974,220600
2021-01-05,128.080002,130.029999,127.139999,127.139999,126.451714,210000
2021-01-06,126.879997,131.179993,126.879997,130.679993,129.972549,368200
2021-01-07,131.009995,132.160004,128.570007,129.500000,128.798935,274900
2021-01-08,129.860001,130.169998,126.300003,127.379997,126.690414,237100
2021-01-11,127.089996,129.889999,127.089996,128.250000,127.555710,139200
2021-01-12,128.449997,129.990005,126.949997,128.800003,128.102737,320200
2021-01-13,129.149994,129.399994,122.070000,122.449997,121.787102,398800
2021-01-14,122.779999,125.180000,121.830002,124.029999,123.358543,389500
2021-01-15,123.120003,125.949997,122.370003,124.589996,123.915520,209700
2021-01-19,125.970001,125.970001,123.559998,124.849998,124.174110,379100
2021-01-20,124.639999,126.769997,123.910004,125.139999,124.462540,479200
2021-01-21,125.260002,126.279999,122.570000,123.099998,122.433586,302400
2021-01-22,122.839996,124.320000,121.790001,123.870003,123.199425,270200
2021-01-25,124.489998,127.059998,123.839996,126.070000,125.387512,281200
2021-01-26,126.510002,127.050003,124.110001,125.370003,124.691292,224800
2021-01-27,123.370003,127.629997,119.470001,127.500000,126.809761,539000
2021-01-28,127.900002,128.190002,123.879997,125.849998,125.168694,366800
2021-01-29,125.559998,126.269997,123.400002,124.570000,123.895622,398100
2021-02-01,124.650002,125.699997,123.220001,124.320000,123.646980,259100
2021-02-02,125.550003,130.050003,125.190002,128.410004,127.714836,346700
2021-02-03,128.520004,130.000000,127.199997,128.750000,128.052994,312700
2021-02-04,129.369995,134.250000,126.669998,132.360001,131.643448,345400
2021-02-05,133.139999,133.139999,127.250000,128.389999,127.694954,248900
2021-02-08,129.690002,130.800003,128.029999,128.880005,128.182312,237100
2021-02-09,128.660004,130.149994,126.900002,127.029999,126.342308,219200
2021-02-10,127.629997,128.330002,125.480003,126.000000,125.317886,263200
2021-02-11,125.639999,127.050003,124.849998,125.910004,125.228371,145200
2021-02-12,125.110001,125.849998,123.279999,124.000000,123.328712,183400
2021-02-16,124.540001,127.860001,124.120003,125.269997,124.591835,301700
2021-02-17,124.500000,126.129997,123.150002,124.690002,124.014977,323100
2021-02-18,125.000000,126.010002,123.620003,125.089996,124.412804,298100
2021-02-19,124.739998,125.839996,123.849998,124.500000,124.073975,296700
2021-02-22,124.099998,125.559998,123.389999,125.550003,125.120384,332500
2021-02-23,125.279999,126.680000,123.750000,125.800003,125.369530,334800
2021-02-24,126.720001,128.240005,124.849998,127.800003,127.362686,305700
2021-02-25,127.779999,128.589996,124.550003,124.889999,124.462639,214500
2021-02-26,125.570000,127.709999,124.000000,124.650002,124.223465,246800
2021-03-01,126.290001,127.320000,125.160004,125.849998,125.419350,214700
2021-03-02,125.809998,126.410004,123.050003,124.489998,124.064003,272100
2021-03-03,124.559998,124.769997,123.059998,123.129997,122.708664,269500
2021-03-04,122.739998,124.699997,121.000000,123.139999,122.718628,260000
2021-03-05,123.879997,126.269997,123.870003,125.489998,125.060585,361800
2021-03-08,126.120003,127.779999,125.120003,125.690002,125.259911,326500
2021-03-09,126.599998,126.599998,123.830002,125.269997,124.841339,309600
2021-03-10,125.160004,129.130005,124.559998,127.870003,127.432442,327900
2021-03-11,128.259995,128.889999,126.080002,126.629997,126.196678,244600
2021-03-12,127.940002,129.210007,126.820000,129.210007,128.767853,237500
2021-03-15,128.559998,130.860001,128.229996,130.679993,130.232819,225500
2021-03-16,130.740005,132.399994,129.809998,132.240005,131.787491,289800
2021-03-17,132.449997,132.539993,129.500000,132.089996,131.638000,327600
2021-03-18,131.889999,133.710007,131.110001,131.929993,131.478546,309300
2021-03-19,132.220001,138.570007,131.449997,137.289993,136.820206,1000400
2021-03-22,136.720001,138.660004,135.690002,138.020004,137.547714,309500
2021-03-23,137.550003,143.080002,136.789993,140.289993,139.809937,431600
2021-03-24,140.070007,141.589996,138.009995,138.190002,137.717133,308700
2021-03-25,138.850006,145.470001,137.940002,144.770004,144.274612,414800
2021-03-26,144.820007,152.639999,143.589996,152.509995,151.988113,424700
2021-03-29,152.509995,155.690002,151.869995,155.119995,154.589188,437900
2021-03-30,155.610001,159.000000,150.250000,150.869995,150.353745,540200
2021-03-31,150.720001,151.360001,144.559998,144.559998,144.065338,398200
2021-04-01,145.009995,147.440002,141.690002,145.449997,144.952286,279100
2021-04-05,146.610001,146.610001,141.630005,143.940002,143.447449,339800
2021-04-06,144.289993,145.410004,142.720001,144.000000,143.507248,211100
2021-04-07,143.410004,144.240005,141.270004,144.089996,143.596924,170800
2021-04-08,144.970001,145.539993,141.690002,143.520004,143.028900,262000
2021-04-09,143.020004,145.369995,142.440002,143.770004,143.278046,151200
2021-04-12,144.679993,145.880005,143.100006,143.789993,143.297974,200100
2021-04-13,143.960007,144.910004,140.850006,141.350006,140.866318,236300
2021-04-14,140.850006,143.380005,139.389999,139.619995,139.142242,257900
2021-04-15,140.240005,141.710007,139.190002,141.410004,140.926102,245400
2021-04-16,142.309998,143.679993,140.529999,142.820007,142.331299,200100
2021-04-19,143.259995,143.589996,141.190002,141.889999,141.404465,222800
2021-04-20,141.979996,142.600006,139.229996,140.410004,139.929535,311400
2021-04-21,140.589996,141.610001,138.580002,139.800003,139.321609,225200
2021-04-22,139.289993,139.949997,136.899994,139.399994,138.922974,276100
2021-04-23,140.779999,142.110001,138.929993,141.570007,141.085571,231900
2021-04-26,141.520004,143.000000,138.960007,139.949997,139.471100,339000
2021-04-27,140.000000,142.880005,139.559998,142.720001,142.231628,333900
2021-04-28,142.289993,143.839996,141.250000,142.470001,141.982483,328400
2021-04-29,142.970001,143.559998,135.869995,138.869995,138.394791,355700
2021-04-30,138.669998,139.509995,135.699997,139.399994,138.922974,298000
2021-05-03,140.220001,143.929993,139.779999,141.740005,141.254990,226700
2021-05-04,141.419998,142.330002,139.429993,139.850006,139.371460,232500
2021-05-05,139.399994,139.399994,136.330002,137.949997,137.477951,232000
2021-05-06,138.210007,140.059998,136.039993,137.229996,136.760422,177600
2021-05-07,136.669998,141.229996,136.050003,140.929993,140.447754,339800
2021-05-10,140.970001,145.000000,140.750000,143.119995,142.630264,337800
2021-05-11,142.380005,145.119995,140.830002,143.399994,142.909286,672100
2021-05-12,142.320007,142.490005,136.110001,136.190002,135.723969,391700
2021-05-13,136.630005,141.009995,136.630005,140.059998,139.580719,346500
2021-05-14,140.229996,141.970001,139.720001,141.320007,141.088257,224500
2021-05-17,140.309998,144.699997,140.309998,144.529999,144.292984,417800
2021-05-18,145.250000,145.250000,141.520004,141.600006,141.367798,212700
2021-05-19,140.059998,141.330002,138.089996,140.220001,139.990051,262700
2021-05-20,139.880005,140.600006,139.429993,139.800003,139.570740,191700
2021-05-21,140.029999,140.029999,137.089996,137.800003,137.574020,314100
2021-05-24,138.320007,138.320007,135.410004,135.460007,135.237869,184800
2021-05-25,134.979996,135.350006,133.669998,133.889999,133.670425,288700
2021-05-26,133.630005,135.520004,132.789993,134.869995,134.648819,274200
2021-05-27,135.889999,135.889999,133.729996,133.830002,133.610535,267900
2021-05-28,134.600006,135.740005,133.729996,134.809998,134.588928,171200
2021-06-01,135.279999,135.669998,134.240005,134.600006,134.379272,180900
2021-06-02,134.869995,135.149994,133.460007,134.289993,134.069763,312500
2021-06-03,133.360001,135.649994,132.690002,135.259995,135.038177,263300
2021-06-04,135.919998,137.679993,135.089996,137.350006,137.124771,283300
2021-06-07,137.429993,138.229996,134.910004,135.380005,135.157990,210700
2021-06-08,135.809998,137.649994,135.229996,137.399994,137.174667,207200
2021-06-09,138.009995,138.639999,135.610001,136.589996,136.365997,181600
2021-06-10,136.750000,136.750000,135.080002,135.199997,134.978287,125600
2021-06-11,135.039993,138.029999,135.039993,137.990005,137.763718,194400
2021-06-14,137.899994,137.899994,135.860001,137.000000,136.775330,172900
2021-06-15,137.429993,138.300003,136.580002,137.020004,136.795303,198300
2021-06-16,136.630005,136.630005,133.809998,133.869995,133.650467,281500
2021-06-17,132.910004,133.710007,131.529999,132.059998,131.843430,299300
2021-06-18,130.380005,131.220001,128.529999,129.190002,128.978149,618300
2021-06-21,130.000000,130.369995,127.150002,129.729996,129.517258,381200
2021-06-22,129.380005,129.850006,126.559998,129.179993,128.968155,388300
2021-06-23,128.509995,131.050003,127.989998,131.039993,130.825104,314900
2021-06-24,131.259995,132.160004,130.500000,131.949997,131.733612,204900
2021-06-25,132.029999,133.720001,131.440002,132.039993,131.823456,565900
2021-06-28,132.350006,132.910004,130.910004,132.809998,132.592209,196200
2021-06-29,133.070007,133.699997,132.070007,132.210007,131.993195,234600
2021-06-30,131.759995,133.750000,131.350006,133.369995,133.151276,208900
2021-07-01,134.130005,134.940002,133.460007,133.740005,133.520691,153900
2021-07-02,133.610001,134.869995,132.940002,134.850006,134.628860,135400
2021-07-06,134.559998,134.559998,131.949997,132.199997,131.983200,171100
2021-07-07,131.490005,133.580002,131.119995,133.020004,132.801865,127300
2021-07-08,131.919998,136.490005,131.559998,136.339996,136.116409,316400
2021-07-09,137.630005,139.559998,137.399994,139.339996,139.111496,206700
2021-07-12,138.300003,141.550003,138.039993,140.490005,140.259613,232600
2021-07-13,139.990005,140.970001,139.199997,139.740005,139.510849,158900
2021-07-14,140.309998,140.979996,139.509995,140.320007,140.089890,137000
2021-07-15,140.029999,141.100006,139.350006,140.509995,140.279572,210100
2021-07-16,141.220001,142.020004,140.940002,142.009995,141.777115,199200
2021-07-19,141.149994,141.369995,139.880005,140.729996,140.499207,198300
2021-07-20,141.020004,144.399994,140.500000,142.889999,142.655670,276600
2021-07-21,143.339996,143.979996,141.580002,142.339996,142.106567,261800
2021-07-22,142.210007,142.210007,140.160004,140.690002,140.459290,167400
2021-07-23,141.559998,144.059998,139.970001,143.740005,143.504288,156000
2021-07-26,145.899994,147.839996,145.100006,147.020004,146.778900,199000
2021-07-27,146.479996,147.110001,145.779999,147.009995,146.768906,130200
2021-07-28,147.389999,149.070007,145.960007,147.929993,147.687408,287700
2021-07-29,149.500000,152.479996,147.110001,147.380005,147.138321,271300
2021-07-30,147.270004,148.940002,145.899994,147.509995,147.268097,203000
2021-08-02,147.220001,149.960007,147.029999,147.699997,147.457779,156400
2021-08-03,147.889999,151.119995,147.350006,150.850006,150.602631,181000
2021-08-04,150.850006,151.580002,148.910004,150.399994,150.153351,248200
2021-08-05,150.990005,151.419998,149.669998,151.059998,150.812271,172200
2021-08-06,152.119995,152.580002,149.979996,150.029999,149.783966,153500
2021-08-09,149.490005,149.860001,148.059998,148.509995,148.266449,110900
2021-08-10,148.179993,150.449997,148.119995,149.020004,148.775620,172400
2021-08-11,149.860001,150.789993,148.470001,150.759995,150.512756,153900
2021-08-12,151.240005,152.160004,150.119995,151.610001,151.361374,97700
2021-08-13,151.720001,153.520004,151.429993,152.860001,152.609329,141800
2021-08-16,152.229996,154.570007,151.770004,154.039993,153.787384,138200
2021-08-17,153.320007,154.110001,151.960007,153.830002,153.577728,137700
2021-08-18,153.539993,155.479996,152.350006,153.750000,153.497864,194800
2021-08-19,153.440002,155.940002,153.289993,155.229996,154.975433,142900
2021-08-20,155.979996,157.339996,155.710007,156.800003,156.542862,162500
2021-08-23,157.470001,157.470001,153.660004,154.410004,154.156784,178900
2021-08-24,154.570007,156.660004,153.660004,153.910004,153.657608,143400
2021-08-25,153.809998,154.820007,152.619995,153.850006,153.597702,136200
2021-08-26,153.770004,154.199997,151.559998,152.449997,152.199997,131700
2021-08-27,151.970001,156.619995,151.350006,156.490005,156.490005,230400
2021-08-30,156.000000,159.789993,155.529999,155.899994,155.899994,191800