Date,Open,High,Low,Close,Adj Close,Volume
2021-01-04,38.689999,38.689999,34.910000,35.860001,35.860001,1021100
2021-01-05,35.779999,37.270000,35.779999,36.669998,36.669998,461400
2021-01-06,36.799999,37.240002,35.720001,36.119999,36.119999,730200
2021-01-07,36.849998,37.919998,36.459999,37.689999,37.689999,509600
2021-01-08,38.040001,38.709999,36.950001,37.250000,37.250000,425100
2021-01-11,36.110001,38.080002,35.939999,37.820000,37.820000,633000
2021-01-12,38.279999,38.400002,36.900002,37.459999,37.459999,655700
2021-01-13,37.720001,37.759998,36.490002,36.939999,36.939999,359100
2021-01-14,37.240002,38.000000,36.959999,37.439999,37.439999,519300
2021-01-15,36.650002,37.000000,35.740002,35.820000,35.820000,501500
2021-01-19,36.660000,37.700001,36.599998,37.119999,37.119999,595000
2021-01-20,37.099998,38.009998,35.549999,36.369999,36.369999,546100
2021-01-21,36.830002,36.830002,35.209999,35.660000,35.660000,383800
2021-01-22,35.150002,35.869999,34.400002,35.470001,35.470001,503700
2021-01-25,35.500000,35.810001,33.820000,34.299999,34.299999,401200
2021-01-26,34.299999,34.340000,33.279999,33.750000,33.750000,440400
2021-01-27,32.830002,33.400002,31.260000,32.279999,32.279999,643000
2021-01-28,32.910000,34.000000,32.230000,33.660000,33.660000,562100
2021-01-29,33.669998,33.779999,31.379999,31.389999,31.389999,491000
2021-02-01,31.920000,32.720001,31.219999,32.480000,32.480000,548100
2021-02-02,33.060001,33.320000,32.130001,32.709999,32.709999,419500
2021-02-03,32.689999,32.689999,30.620001,30.790001,30.790001,999700
2021-02-04,34.500000,35.919998,32.080002,32.790001,32.790001,1534700
2021-02-05,33.290001,34.040001,31.820000,32.020000,32.020000,836300
2021-02-08,33.209999,34.000000,32.250000,33.259998,33.259998,1066400
2021-02-09,33.220001,33.230000,32.070000,32.860001,32.860001,768300
2021-02-10,33.209999,35.360001,31.930000,34.689999,34.689999,2377800
2021-02-11,35.599998,36.830002,35.189999,36.830002,36.830002,1130900
2021-02-12,36.849998,37.189999,35.810001,37.090000,37.090000,475000
2021-02-16,37.720001,38.560001,37.200001,38.250000,38.250000,830500
2021-02-17,38.060001,38.240002,35.759998,36.959999,36.959999,616300
2021-02-18,36.209999,37.020000,35.810001,36.200001,36.200001,475000
2021-02-19,36.650002,38.639999,36.590000,38.330002,38.330002,825800
2021-02-22,38.810001,42.520000,38.790001,40.970001,40.970001,2446900
2021-02-23,39.980000,40.119999,35.029999,40.000000,40.000000,1924600
2021-02-24,42.160000,44.049999,41.020000,43.259998,43.259998,1483500
2021-02-25,42.630001,43.330002,38.750000,39.119999,39.119999,1303300
2021-02-26,39.660000,40.889999,38.160000,39.770000,39.770000,947200
2021-03-01,39.970001,41.430000,39.400002,41.099998,41.099998,1268300
2021-03-02,41.009998,41.009998,38.590000,38.619999,38.619999,717200
2021-03-03,38.509998,39.160000,36.310001,36.580002,36.580002,1081400
2021-03-04,36.080002,36.470001,32.509998,33.439999,33.439999,1518800
2021-03-05,34.209999,34.250000,31.469999,33.980000,33.980000,1187200
2021-03-08,33.779999,34.470001,31.250000,31.620001,31.620001,681000
2021-03-09,32.959999,34.389999,32.549999,33.160000,33.160000,777600
2021-03-10,33.430000,34.169998,32.779999,33.389999,33.389999,526900
2021-03-11,34.650002,36.919998,34.410000,36.610001,36.610001,821300
2021-03-12,35.419998,36.340000,34.900002,35.860001,35.860001,663800
2021-03-15,35.619999,36.830002,34.900002,36.790001,36.790001,446900
2021-03-16,37.150002,39.049999,36.840000,38.310001,38.310001,847000
2021-03-17,37.470001,39.200001,36.650002,38.880001,38.880001,433500
2021-03-18,38.270000,38.610001,36.169998,36.250000,36.250000,426500
2021-03-19,36.410000,37.040001,35.500000,36.700001,36.700001,961500
2021-03-22,37.619999,38.000000,35.279999,36.110001,36.110001,538000
2021-03-23,35.720001,36.009998,33.320000,33.820000,33.820000,519800
2021-03-24,34.619999,35.209999,32.150002,32.189999,32.189999,559000
2021-03-25,31.110001,32.419998,30.469999,32.180000,32.180000,540400
2021-03-26,32.430000,33.660000,32.200001,33.660000,33.660000,408800
2021-03-29,32.990002,33.470001,31.860001,32.189999,32.189999,510200
2021-03-30,32.080002,33.310001,31.799999,32.740002,32.740002,330300
2021-03-31,33.180000,34.500000,33.180000,34.080002,34.080002,525800
2021-04-01,34.869999,36.560001,34.599998,36.549999,36.549999,781400
2021-04-05,37.320000,37.480000,36.040001,36.380001,36.380001,567600
2021-04-06,36.380001,36.439999,35.110001,35.380001,35.380001,426200
2021-04-07,35.160000,35.650002,34.500000,34.799999,34.799999,387700
2021-04-08,35.279999,35.810001,34.740002,35.810001,35.810001,520100
2021-04-09,35.419998,35.750000,34.570000,35.580002,35.580002,380600
2021-04-12,35.270000,35.509998,34.389999,35.480000,35.480000,311000
2021-04-13,35.810001,36.700001,34.820000,35.849998,35.849998,582700
2021-04-14,35.889999,36.970001,35.799999,36.560001,36.560001,665700
2021-04-15,37.000000,37.980000,36.720001,37.549999,37.549999,451000
2021-04-16,37.770000,38.869999,37.360001,38.299999,38.299999,391600
2021-04-19,37.610001,37.970001,35.669998,36.790001,36.790001,482700
2021-04-20,36.540001,36.709999,34.330002,35.080002,35.080002,664800
2021-04-21,34.990002,37.080002,34.990002,37.060001,37.060001,264500
2021-04-22,37.330002,37.750000,36.509998,36.529999,36.529999,373000
2021-04-23,37.020000,38.270000,36.750000,38.119999,38.119999,447700
2021-04-26,38.119999,39.810001,38.119999,39.630001,39.630001,511300
2021-04-27,40.000000,40.000000,38.939999,39.369999,39.369999,375300
2021-04-28,39.040001,39.660000,37.869999,38.439999,38.439999,521000
2021-04-29,39.430000,39.849998,36.560001,38.680000,38.680000,799500
2021-04-30,37.720001,38.400002,35.820000,35.990002,35.990002,699500
2021-05-03,36.070000,36.770000,35.619999,35.939999,35.939999,687900
2021-05-04,35.360001,35.740002,34.820000,35.209999,35.209999,473600
2021-05-05,35.790001,36.209999,34.919998,35.150002,35.150002,297600
2021-05-06,34.830002,35.349998,33.700001,34.540001,34.540001,636100
2021-05-07,35.180000,36.340000,34.990002,36.320000,36.320000,439800
2021-05-10,35.669998,35.880001,33.150002,33.730000,33.730000,794400
2021-05-11,32.590000,34.090000,32.400002,33.910000,33.910000,408000
2021-05-12,32.939999,33.360001,31.760000,31.959999,31.959999,704300
2021-05-13,32.680000,33.959999,32.049999,32.610001,32.610001,517000
2021-05-14,32.970001,34.110001,32.570000,33.930000,33.930000,308600
2021-05-17,33.360001,33.970001,32.560001,33.810001,33.810001,311900
2021-05-18,34.029999,34.709999,33.619999,33.689999,33.689999,197000
2021-05-19,32.630001,34.630001,32.599998,34.419998,34.419998,307500
2021-05-20,34.680000,35.849998,34.599998,35.799999,35.799999,351000
2021-05-21,36.099998,36.169998,35.259998,35.810001,35.810001,364700
2021-05-24,36.279999,36.599998,35.549999,36.080002,36.080002,462000
2021-05-25,36.279999,37.080002,36.139999,36.340000,36.340000,616100
2021-05-26,36.410000,37.090000,36.299999,37.040001,37.040001,358300
2021-05-27,36.910000,38.439999,36.770000,37.889999,37.889999,362300
2021-05-28,38.060001,38.400002,37.689999,38.020000,38.020000,284200
2021-06-01,38.340000,38.939999,37.860001,38.520000,38.520000,382700
2021-06-02,38.360001,38.910000,38.060001,38.330002,38.330002,277300
2021-06-03,37.799999,37.900002,36.730000,36.990002,36.990002,424800
2021-06-04,37.330002,38.459999,37.070000,38.130001,38.130001,226900
2021-06-07,37.709999,37.930000,37.270000,37.700001,37.700001,240300
2021-06-08,38.020000,38.610001,37.540001,38.509998,38.509998,332800
2021-06-09,38.610001,38.880001,37.630001,37.740002,37.740002,186900
2021-06-10,37.860001,38.630001,37.610001,38.500000,38.500000,247600
2021-06-11,38.720001,39.990002,38.360001,39.849998,39.849998,663300
2021-06-14,39.910000,41.750000,39.590000,41.320000,41.320000,785600
2021-06-15,41.049999,41.810001,40.759998,41.000000,41.000000,436300
2021-06-16,40.650002,41.349998,39.599998,40.250000,40.250000,421500
2021-06-17,40.099998,40.650002,39.070000,39.919998,39.919998,320300
2021-06-18,39.720001,40.200001,38.340000,38.770000,38.770000,951800
2021-06-21,38.660000,39.189999,37.799999,38.889999,38.889999,361200
2021-06-22,38.560001,38.849998,38.049999,38.849998,38.849998,270000
2021-06-23,39.130001,40.060001,39.130001,39.990002,39.990002,345000
2021-06-24,40.650002,41.459999,40.500000,41.450001,41.450001,328000
2021-06-25,41.700001,42.080002,41.119999,41.439999,41.439999,1720200
2021-06-28,41.560001,42.180000,41.220001,41.910000,41.910000,450500
2021-06-29,41.970001,42.480000,41.520000,42.450001,42.450001,255900
2021-06-30,42.299999,42.619999,41.709999,42.490002,42.490002,286800
2021-07-01,42.509998,42.509998,41.049999,41.430000,41.430000,274000
2021-07-02,41.849998,42.220001,41.099998,42.209999,42.209999,408100
2021-07-06,42.700001,43.060001,41.900002,43.020000,43.020000,432200
2021-07-07,43.349998,43.500000,41.150002,41.799999,41.799999,708400
2021-07-08,40.320000,41.619999,39.380001,41.099998,41.099998,559100
2021-07-09,41.090000,42.540001,40.570000,42.349998,42.349998,299300
2021-07-12,42.799999,42.799999,41.750000,42.580002,42.580002,292200
2021-07-13,42.259998,42.459999,41.590000,42.009998,42.009998,356800
2021-07-14,42.410000,43.290001,41.820000,42.200001,42.200001,417900
2021-07-15,41.939999,42.000000,40.400002,40.770000,40.770000,485300
2021-07-16,41.230000,41.680000,39.810001,39.830002,39.830002,251300
2021-07-19,38.660000,39.900002,38.279999,39.310001,39.310001,454100
2021-07-20,39.910000,41.860001,39.369999,41.430000,41.430000,467000
2021-07-21,41.820000,43.049999,41.630001,42.980000,42.980000,320500
2021-07-22,42.650002,42.650002,40.549999,41.990002,41.990002,512200
2021-07-23,42.279999,42.730000,41.869999,42.430000,42.430000,296200
2021-07-26,42.799999,43.049999,42.439999,42.630001,42.630001,370800
2021-07-27,42.049999,42.389999,40.290001,41.369999,41.369999,290700
2021-07-28,41.889999,43.000000,41.369999,42.880001,42.880001,512900
2021-07-29,44.459999,49.439999,44.049999,48.150002,48.150002,2016300
2021-07-30,47.580002,48.520000,46.650002,48.230000,48.230000,729900
2021-08-02,48.910000,50.590000,48.330002,48.470001,48.470001,721400
2021-08-03,48.700001,49.389999,47.049999,49.139999,49.139999,526700
2021-08-04,49.470001,50.889999,49.299999,50.459999,50.459999,510900
2021-08-05,50.500000,52.220001,50.459999,52.220001,52.220001,652000
2021-08-06,51.779999,52.110001,50.509998,50.520000,50.520000,526800
2021-08-09,50.500000,50.500000,49.099998,49.959999,49.959999,356600
2021-08-10,50.349998,50.500000,49.250000,50.000000,50.000000,246600
2021-08-11,50.349998,51.130001,49.150002,51.080002,51.080002,315900
2021-08-12,51.119999,51.119999,49.779999,50.750000,50.750000,221600
2021-08-13,50.389999,50.389999,49.700001,50.099998,50.099998,192300
2021-08-16,49.990002,50.939999,49.619999,50.549999,50.549999,313800
2021-08-17,49.680000,50.220001,47.910000,48.820000,48.820000,434100
2021-08-18,48.900002,50.200001,48.720001,49.220001,49.220001,250800
2021-08-19,48.389999,49.410000,48.150002,48.959999,48.959999,409100
2021-08-20,49.310001,49.509998,48.480000,49.470001,49.470001,314700
2021-08-23,50.169998,51.360001,49.810001,51.320000,51.320000,462600
2021-08-24,51.790001,52.240002,50.459999,50.830002,50.830002,395000
2021-08-25,51.330002,52.990002,51.330002,52.389999,52.389999,573200
2021-08-26,51.970001,52.529999,51.189999,51.439999,51.439999,389600
2021-08-27,51.189999,53.080002,51.029999,53.020000,53.020000,613700
2021-08-30,53.869999,54.119999,52.020000,52.950001,52.950001,471200