Date,Open,High,Low,Close,Adj Close,Volume
2021-01-04,9.870000,10.095000,9.870000,9.970000,9.759791,2403600
2021-01-05,9.970000,10.390000,9.940000,10.220000,10.004520,1660800
2021-01-06,10.410000,10.950000,10.410000,10.870000,10.640816,2436800
2021-01-07,10.940000,11.090000,10.880000,10.960000,10.728918,2076400
2021-01-08,11.000000,11.000000,10.700000,10.920000,10.689761,2137600
2021-01-11,10.730000,11.075000,10.730000,10.970000,10.738708,1102800
2021-01-12,11.090000,11.235000,10.850000,11.180000,10.944280,1116900
2021-01-13,11.160000,11.270000,10.840000,10.910000,10.679972,1686300
2021-01-14,11.000000,12.385000,10.930000,12.110000,11.854671,4944200
2021-01-15,12.110000,12.110000,11.625000,11.640000,11.394581,2250600
2021-01-19,11.440000,11.590000,10.895000,11.265000,11.027487,2749100
2021-01-20,11.280000,11.540000,11.250000,11.510000,11.267322,2242200
2021-01-21,11.500000,11.575000,11.180000,11.200000,10.963858,1892200
2021-01-22,11.030000,11.310000,10.830000,11.280000,11.042171,1784300
2021-01-25,11.090000,11.490000,10.940000,11.320000,11.081326,2831400
2021-01-26,11.510000,11.880000,11.410000,11.870000,11.619731,3056900
2021-01-27,11.160000,11.780000,11.032000,11.160000,10.924701,4230800
2021-01-28,11.410000,11.600000,11.275000,11.550000,11.306478,2200100
2021-01-29,11.550000,11.800000,11.250000,11.255000,11.017697,3810400
2021-02-01,11.260000,11.470000,11.100000,11.320000,11.081326,1746400
2021-02-02,11.440000,11.900000,11.389000,11.770000,11.521839,1867800
2021-02-03,11.720000,12.010000,11.680000,11.970000,11.717623,1794700
2021-02-04,11.890000,12.365000,11.890000,12.300000,12.040666,1614500
2021-02-05,12.420000,12.630000,12.180000,12.430000,12.167924,1781200
2021-02-08,12.500000,12.900000,12.490000,12.800000,12.530124,1544800
2021-02-09,12.650000,12.800000,12.518000,12.590000,12.324551,1839500
2021-02-10,12.640000,12.730000,12.290000,12.380000,12.118979,1618100
2021-02-11,12.460000,12.550000,12.090000,12.290000,12.030875,1269400
2021-02-12,12.160000,12.460000,12.160000,12.230000,11.972140,1015000
2021-02-16,12.360000,12.540000,12.300000,12.470000,12.207081,1157800
2021-02-17,12.370000,12.660000,12.350000,12.490000,12.226658,1642900
2021-02-18,12.490000,12.490000,12.000000,12.090000,11.835093,1770700
2021-02-19,12.160000,12.320000,12.060000,12.220000,11.962352,1250500
2021-02-22,12.170000,12.450000,12.130000,12.240000,11.981930,1538400
2021-02-23,12.290000,12.420000,11.950000,12.170000,11.913405,1666300
2021-02-24,12.250000,12.595000,12.250000,12.490000,12.226658,1618400
2021-02-25,12.540000,12.590000,12.170000,12.240000,11.981930,1813700
2021-02-26,12.200000,12.520000,12.130000,12.380000,12.118979,1737200
2021-03-01,12.600000,13.130000,12.600000,13.030000,12.755274,1946000
2021-03-02,12.920000,13.170000,12.831000,12.890000,12.618225,1968800
2021-03-03,12.960000,13.130000,12.680000,12.685000,12.417548,1828200
2021-03-04,12.580000,12.770000,12.290000,12.620000,12.511732,2086600
2021-03-05,12.820000,13.040000,12.360000,12.880000,12.769502,2669800
2021-03-08,12.980000,13.140000,12.760000,12.890000,12.779416,3445000
2021-03-09,12.950000,12.970000,12.530000,12.550000,12.442333,2313900
2021-03-10,12.690000,13.245000,12.630000,13.160000,13.047099,2150500
2021-03-11,13.230000,13.500000,13.080000,13.160000,13.047099,2375000
2021-03-12,13.330000,13.700000,13.195000,13.250000,13.136327,2384700
2021-03-15,13.310000,13.330000,13.055000,13.270000,13.156157,2723000
2021-03-16,13.115000,13.290000,12.990000,13.075000,12.962829,2418900
2021-03-17,13.100000,13.210000,12.880000,13.160000,13.047099,1840600
2021-03-18,13.210000,13.400000,12.830000,12.940000,12.828986,5396900
2021-03-19,13.010000,13.930000,13.010000,13.760000,13.641953,8741900
2021-03-22,13.690000,13.855000,13.425000,13.820000,13.701437,2162700
2021-03-23,13.720000,13.830000,13.125000,13.200000,13.086756,2314100
2021-03-24,13.420000,13.580000,13.230000,13.250000,13.136327,1701800
2021-03-25,13.120000,13.880000,13.100000,13.770000,13.651867,1941400
2021-03-26,13.880000,14.200000,13.850000,14.130000,14.008778,1639100
2021-03-29,13.790000,14.185000,13.790000,13.860000,13.741094,1234600
2021-03-30,13.870000,14.480000,13.870000,14.340000,14.216976,2721500
2021-03-31,14.290000,14.535000,14.260000,14.310000,14.187234,2084300
2021-04-01,14.420000,14.500000,14.250000,14.340000,14.216976,1713100
2021-04-05,14.500000,14.540000,14.320000,14.450000,14.326033,1943100
2021-04-06,14.450000,14.510000,14.340000,14.350000,14.226891,1605000
2021-04-07,14.520000,14.600000,14.440000,14.510000,14.385518,1154100
2021-04-08,14.470000,14.605000,14.300000,14.530000,14.405346,1437600
2021-04-09,14.590000,14.700000,14.500000,14.640000,14.514402,1204100
2021-04-12,14.700000,14.990000,14.670000,14.850000,14.722601,2025100
2021-04-13,14.850000,14.850000,14.480000,14.530000,14.405346,1817500
2021-04-14,14.550000,14.870000,14.540000,14.720000,14.593717,1624300
2021-04-15,14.710000,14.930000,14.640000,14.850000,14.722601,1432300
2021-04-16,14.960000,15.080000,14.785000,14.880000,14.752343,1288900
2021-04-19,14.900000,15.085000,14.847000,15.030000,14.901056,1397400
2021-04-20,14.910000,14.970000,14.620000,14.795000,14.668073,1721400
2021-04-21,14.645000,15.080000,14.600000,15.030000,14.901056,1655000
2021-04-22,15.080000,15.150000,14.850000,14.930000,14.801915,1359100
2021-04-23,14.990000,15.265000,14.840000,15.080000,14.950627,2094700
2021-04-26,15.070000,15.500000,15.065000,15.280000,15.148911,1386400
2021-04-27,15.250000,15.520000,15.248000,15.360000,15.228225,1734800
2021-04-28,15.700000,16.209999,15.550000,16.200001,16.061020,2660300
2021-04-29,16.379999,17.059999,16.309999,16.985001,16.839285,3434800
2021-04-30,16.830000,16.950001,16.612000,16.830000,16.685614,2450100
2021-05-03,17.000000,17.100000,16.770000,16.870001,16.725271,1832700
2021-05-04,16.709999,16.830000,16.430000,16.660000,16.517073,1907300
2021-05-05,16.639999,16.990000,16.639999,16.879999,16.735184,1196300
2021-05-06,16.990000,17.129999,16.780001,16.990000,16.844242,2125200
2021-05-07,16.879999,17.400000,16.770000,17.340000,17.191238,1601000
2021-05-10,17.340000,17.705000,17.250000,17.250000,17.102011,1880000
2021-05-11,16.930000,17.180000,16.610001,17.010000,16.864071,1708500
2021-05-12,17.160000,17.240000,16.459999,16.500000,16.358446,1852600
2021-05-13,16.350000,17.309999,16.250000,17.160000,17.012783,1573800
2021-05-14,17.309999,17.440001,17.170000,17.340000,17.191238,1276700
2021-05-17,17.299999,17.400000,17.070000,17.385000,17.235853,1992800
2021-05-18,17.389999,17.629999,17.290001,17.295000,17.146626,1356200
2021-05-19,17.010000,17.405001,16.809999,17.290001,17.141668,1841100
2021-05-20,17.290001,17.459999,17.084999,17.250000,17.102011,1238800
2021-05-21,17.400000,17.709999,17.320000,17.459999,17.310209,1056700
2021-05-24,17.549999,17.590000,17.235001,17.500000,17.349867,1125300
2021-05-25,17.629999,17.860001,17.129999,17.180000,17.032612,1509900
2021-05-26,17.180000,17.910000,17.180000,17.910000,17.756348,2055100
2021-05-27,17.990000,18.389999,17.969999,18.290001,18.133089,2560200
2021-05-28,18.260000,18.299999,17.930000,18.270000,18.113260,1699500
2021-06-01,18.440001,18.770000,18.400000,18.660000,18.499914,1746800
2021-06-02,18.770000,18.924999,18.480000,18.650000,18.490000,1578600
2021-06-03,18.389999,18.584999,18.100000,18.520000,18.520000,1280200
2021-06-04,18.500000,18.620001,18.285000,18.559999,18.559999,1295100
2021-06-07,18.610001,18.980000,18.530001,18.920000,18.920000,1655100
2021-06-08,18.840000,19.170000,18.558001,19.070000,19.070000,1594000
2021-06-09,18.959999,19.160000,18.855000,19.100000,19.100000,1108700
2021-06-10,19.400000,19.459999,18.879999,18.930000,18.930000,1671000
2021-06-11,18.980000,19.450001,18.980000,19.410000,19.410000,1309800
2021-06-14,19.420000,19.492001,19.090000,19.160000,19.160000,1405500
2021-06-15,19.209999,19.809999,19.209999,19.660000,19.660000,1412600
2021-06-16,19.570000,20.080000,19.440001,20.000000,20.000000,2145300
2021-06-17,20.090000,20.150000,18.930000,19.340000,19.340000,2201000
2021-06-18,18.900000,19.049999,18.200001,18.340000,18.340000,4579000
2021-06-21,18.650000,19.350000,18.537001,19.290001,19.290001,1647700
2021-06-22,19.200001,19.240000,18.809999,18.900000,18.900000,1469400
2021-06-23,18.990000,19.190001,18.920000,18.990000,18.990000,1358900
2021-06-24,19.170000,19.320000,18.930000,19.219999,19.219999,1376600
2021-06-25,19.270000,19.590000,19.120001,19.160000,19.160000,4199400
2021-06-28,19.090000,19.260000,18.760000,19.139999,19.139999,1485300
2021-06-29,19.059999,19.500000,18.950001,19.129999,19.129999,1873000
2021-06-30,19.139999,19.570000,19.070000,19.330000,19.330000,1403900
2021-07-01,19.459999,19.690001,19.299999,19.469999,19.469999,1169300
2021-07-02,19.480000,19.549999,19.295000,19.410000,19.410000,982500
2021-07-06,19.080000,19.240000,18.504999,18.760000,18.760000,2275600
2021-07-07,18.650000,19.139999,18.570000,19.010000,19.010000,1503900
2021-07-08,18.510000,19.200001,18.290001,18.990000,18.990000,2209700
2021-07-09,19.420000,20.090000,19.360001,19.820000,19.820000,1397100
2021-07-12,19.530001,20.250000,19.520000,20.200001,20.200001,1426400
2021-07-13,20.180000,20.350000,19.830000,20.010000,20.010000,1250500
2021-07-14,20.180000,20.600000,19.959999,20.120001,20.120001,1343800
2021-07-15,20.030001,20.250000,19.790001,20.139999,20.139999,1480100
2021-07-16,20.280001,20.480000,19.900000,19.940001,19.940001,1382400
2021-07-19,19.250000,19.780001,19.100000,19.430000,19.430000,2267100
2021-07-20,19.510000,20.299999,19.410000,20.080000,20.080000,1900900
2021-07-21,20.400000,20.725000,20.360001,20.590000,20.590000,1333900
2021-07-22,20.610001,20.730000,19.980000,20.180000,20.180000,1111300
2021-07-23,20.379999,20.730000,20.135000,20.270000,20.270000,850900
2021-07-26,20.500000,20.799999,20.280001,20.520000,20.520000,1077500
2021-07-27,20.309999,20.799999,20.129999,20.510000,20.510000,1306200
2021-07-28,20.410000,20.596001,19.400000,19.870001,19.870001,2162900
2021-07-29,19.860001,20.330000,19.850000,20.240000,20.240000,2836100
2021-07-30,20.160000,20.617001,20.059999,20.430000,20.430000,2109100
2021-08-02,20.549999,20.959999,20.549999,20.709999,20.709999,2856700
2021-08-03,20.820000,20.934999,20.450001,20.740000,20.740000,2145000
2021-08-04,20.400000,20.820000,20.219999,20.389999,20.389999,1652700
2021-08-05,20.480000,20.900000,20.459999,20.799999,20.799999,2915200
2021-08-06,20.950001,21.549999,20.870001,21.540001,21.540001,2125100
2021-08-09,21.450001,21.799999,21.420000,21.500000,21.500000,1831100
2021-08-10,21.480000,21.750000,21.450001,21.690001,21.690001,1616700
2021-08-11,21.750000,21.955000,21.500000,21.930000,21.930000,1005700
2021-08-12,21.910000,22.049999,21.580000,21.820000,21.820000,1071800
2021-08-13,21.900000,21.990000,21.739000,21.870001,21.870001,867400
2021-08-16,21.624001,21.990000,21.610001,21.879999,21.879999,892700
2021-08-17,21.740000,22.059999,21.700001,22.040001,22.040001,1913900
2021-08-18,21.980000,22.235001,21.850000,21.980000,21.980000,2047100
2021-08-19,21.434999,22.090000,21.400000,21.790001,21.790001,2029000
2021-08-20,21.750000,22.174999,21.580000,22.100000,22.100000,1282100
2021-08-23,22.170000,22.299999,21.790001,22.020000,22.020000,1529900
2021-08-24,22.059999,22.379999,22.040001,22.120001,22.120001,1008500
2021-08-25,22.139999,22.625000,22.070000,22.570000,22.570000,1280100
2021-08-26,22.559999,22.690001,22.370001,22.500000,22.500000,1205000
2021-08-27,22.510000,23.193001,22.450001,23.080000,23.080000,1753800
2021-08-30,23.250000,23.260000,22.799999,22.830000,22.830000,1446700