Date,Open,High,Low,Close,Adj Close,Volume
2021-01-04,54.080002,55.529999,53.419998,54.740002,54.740002,816000
2021-01-05,54.720001,55.830002,54.279999,54.840000,54.840000,589200
2021-01-06,51.400002,51.500000,48.880001,51.349998,51.349998,3578900
2021-01-07,52.669998,54.419998,52.009998,53.520000,53.520000,3888400
2021-01-08,53.619999,55.250000,51.299999,52.439999,52.439999,1718300
2021-01-11,52.270000,54.299999,51.279999,53.340000,53.340000,1643900
2021-01-12,53.310001,53.740002,52.369999,53.310001,53.310001,1024100
2021-01-13,53.270000,53.840000,52.580002,52.810001,52.810001,1087500
2021-01-14,52.619999,55.250000,52.619999,53.480000,53.480000,1030000
2021-01-15,53.250000,54.470001,52.540001,52.779999,52.779999,664700
2021-01-19,53.500000,55.250000,53.110001,53.770000,53.770000,1003600
2021-01-20,54.220001,56.610001,54.070000,56.189999,56.189999,1533500
2021-01-21,56.709999,57.000000,54.750000,55.290001,55.290001,1204800
2021-01-22,54.849998,56.270000,54.650002,56.029999,56.029999,716700
2021-01-25,56.000000,56.930000,55.000000,56.910000,56.910000,913100
2021-01-26,57.299999,57.910000,54.810001,54.919998,54.919998,697600
2021-01-27,54.139999,55.320000,51.160000,53.529999,53.529999,993400
2021-01-28,54.500000,55.720001,52.759998,53.279999,53.279999,928200
2021-01-29,53.380001,54.610001,52.900002,53.020000,53.020000,746800
2021-02-01,53.560001,54.250000,52.000000,53.250000,53.250000,771300
2021-02-02,54.029999,54.900002,53.349998,54.430000,54.430000,656200
2021-02-03,54.500000,54.930000,51.910000,52.840000,52.840000,938600
2021-02-04,52.689999,54.259998,51.910000,53.599998,53.599998,720400
2021-02-05,54.799999,55.000000,53.419998,55.000000,55.000000,450900
2021-02-08,55.180000,56.040001,54.810001,56.040001,56.040001,990000
2021-02-09,55.950001,58.349998,55.740002,57.310001,57.310001,1083600
2021-02-10,57.990002,59.200001,56.660000,58.119999,58.119999,1525200
2021-02-11,58.680000,59.270000,57.810001,58.549999,58.549999,580700
2021-02-12,58.430000,60.820000,58.130001,59.880001,59.880001,480800
2021-02-16,61.570000,61.570000,58.270000,59.270000,59.270000,619800
2021-02-17,58.830002,60.500000,56.259998,57.169998,57.169998,672300
2021-02-18,56.740002,57.450001,55.599998,56.790001,56.790001,436000
2021-02-19,56.889999,58.369999,56.110001,56.560001,56.560001,490600
2021-02-22,55.619999,55.689999,53.500000,53.520000,53.520000,675600
2021-02-23,53.000000,53.369999,50.570000,52.990002,52.990002,911900
2021-02-24,53.000000,55.970001,51.029999,54.340000,54.340000,995600
2021-02-25,53.290001,53.619999,49.529999,50.860001,50.860001,1107200
2021-02-26,51.320000,51.720001,49.270000,50.970001,50.970001,934000
2021-03-01,51.560001,53.840000,51.560001,53.169998,53.169998,705900
2021-03-02,53.590000,53.779999,51.380001,51.590000,51.590000,924900
2021-03-03,52.000000,52.000000,48.090000,48.430000,48.430000,907500
2021-03-04,48.040001,48.250000,44.060001,45.189999,45.189999,1690400
2021-03-05,45.560001,45.770000,40.750000,43.250000,43.250000,1877200
2021-03-08,43.139999,44.980000,41.500000,41.560001,41.560001,1224800
2021-03-09,42.820000,45.740002,42.820000,44.900002,44.900002,1412700
2021-03-10,45.610001,46.930000,44.990002,45.930000,45.930000,1210200
2021-03-11,47.720001,48.970001,46.790001,48.189999,48.189999,984600
2021-03-12,47.500000,49.389999,46.430000,49.230000,49.230000,629800
2021-03-15,49.470001,50.689999,49.290001,50.000000,50.000000,870700
2021-03-16,50.349998,51.360001,49.400002,50.200001,50.200001,635300
2021-03-17,50.759998,52.840000,49.279999,51.240002,51.240002,1178900
2021-03-18,50.680000,52.090000,48.709999,48.849998,48.849998,1139700
2021-03-19,49.139999,50.740002,48.400002,50.180000,50.180000,2568300
2021-03-22,50.419998,51.450001,49.439999,50.950001,50.950001,630000
2021-03-23,50.980000,50.980000,48.279999,48.720001,48.720001,737600
2021-03-24,49.049999,49.419998,47.540001,47.700001,47.700001,523200
2021-03-25,46.779999,46.990002,44.580002,46.040001,46.040001,995900
2021-03-26,46.029999,46.770000,45.009998,46.380001,46.380001,678200
2021-03-29,46.380001,46.810001,43.939999,44.110001,44.110001,1000900
2021-03-30,43.759998,45.320000,43.340000,44.709999,44.709999,1084200
2021-03-31,45.330002,48.840000,44.790001,48.230000,48.230000,2356600
2021-04-01,48.840000,49.720001,47.970001,48.529999,48.529999,614400
2021-04-05,49.470001,50.000000,48.750000,49.310001,49.310001,587300
2021-04-06,49.180000,50.060001,48.669998,48.810001,48.810001,538300
2021-04-07,48.610001,49.020000,46.820000,46.959999,46.959999,603300
2021-04-08,47.540001,47.990002,46.720001,47.869999,47.869999,1455200
2021-04-09,47.500000,48.330002,47.110001,48.169998,48.169998,412700
2021-04-12,47.930000,49.189999,46.889999,48.910000,48.910000,880200
2021-04-13,49.320000,49.910000,48.660000,49.509998,49.509998,466800
2021-04-14,49.610001,50.830002,49.040001,49.189999,49.189999,662000
2021-04-15,49.990002,50.180000,49.290001,49.540001,49.540001,432900
2021-04-16,50.220001,50.299999,48.799999,49.340000,49.340000,671700
2021-04-19,48.500000,48.950001,47.160000,48.000000,48.000000,354900
2021-04-20,47.720001,48.840000,46.860001,47.740002,47.740002,452900
2021-04-21,47.490002,51.450001,47.250000,51.169998,51.169998,1040400
2021-04-22,51.480000,51.910000,49.950001,50.000000,50.000000,592200
2021-04-23,50.680000,51.230000,49.970001,50.669998,50.669998,790400
2021-04-26,50.930000,52.070000,50.360001,51.689999,51.689999,330700
2021-04-27,51.900002,52.290001,50.930000,50.970001,50.970001,453000
2021-04-28,50.509998,51.119999,49.610001,50.779999,50.779999,386400
2021-04-29,51.099998,51.549999,48.730000,49.250000,49.250000,513800
2021-04-30,48.840000,50.099998,48.709999,48.990002,48.990002,458200
2021-05-03,48.820000,49.130001,47.349998,47.590000,47.590000,819900
2021-05-04,48.669998,48.669998,46.189999,47.570000,47.570000,716800
2021-05-05,46.380001,48.830002,41.500000,41.950001,41.950001,1835500
2021-05-06,41.299999,42.119999,39.750000,42.060001,42.060001,1901000
2021-05-07,42.900002,43.930000,40.919998,41.090000,41.090000,1379100
2021-05-10,40.700001,40.700001,37.980000,38.310001,38.310001,1391900
2021-05-11,36.299999,39.910000,36.000000,39.009998,39.009998,1060200
2021-05-12,38.180000,39.200001,37.459999,37.880001,37.880001,1004200
2021-05-13,38.349998,38.820000,36.299999,36.619999,36.619999,1117700
2021-05-14,36.639999,38.139999,36.619999,38.110001,38.110001,1817200
2021-05-17,37.580002,37.980000,36.700001,37.630001,37.630001,599600
2021-05-18,37.880001,38.980000,37.150002,37.660000,37.660000,500200
2021-05-19,36.900002,38.279999,36.500000,37.889999,37.889999,589400
2021-05-20,38.340000,38.880001,37.759998,38.630001,38.630001,415200
2021-05-21,39.130001,39.250000,38.349998,38.759998,38.759998,389100
2021-05-24,38.950001,39.529999,38.680000,38.990002,38.990002,312800
2021-05-25,39.549999,40.029999,39.099998,39.169998,39.169998,501300
2021-05-26,39.169998,40.220001,38.970001,40.139999,40.139999,620000
2021-05-27,40.160000,40.939999,39.509998,40.700001,40.700001,375100
2021-05-28,40.730000,41.680000,40.730000,41.029999,41.029999,558900
2021-06-01,41.299999,41.439999,40.240002,40.900002,40.900002,647400
2021-06-02,40.930000,41.410000,39.900002,40.250000,40.250000,630500
2021-06-03,40.610001,41.389999,39.529999,40.110001,40.110001,433300
2021-06-04,40.480000,41.360001,40.349998,40.900002,40.900002,889100
2021-06-07,40.610001,41.709999,40.610001,41.570000,41.570000,518300
2021-06-08,42.009998,42.500000,40.790001,41.910000,41.910000,518000
2021-06-09,42.290001,43.080002,42.029999,42.599998,42.599998,628700
2021-06-10,42.549999,43.040001,42.060001,42.869999,42.869999,388500
2021-06-11,42.770000,43.459999,42.509998,43.099998,43.099998,299200
2021-06-14,43.360001,43.790001,43.130001,43.570000,43.570000,653000
2021-06-15,43.540001,44.139999,43.299999,43.590000,43.590000,705500
2021-06-16,43.529999,43.900002,42.180000,42.770000,42.770000,355600
2021-06-17,42.490002,43.860001,42.490002,43.580002,43.580002,489000
2021-06-18,42.779999,43.470001,42.560001,43.119999,43.119999,1069400
2021-06-21,43.189999,44.450001,42.349998,43.990002,43.990002,389600
2021-06-22,43.919998,44.400002,43.610001,44.400002,44.400002,318400
2021-06-23,44.380001,45.279999,44.250000,44.889999,44.889999,522900
2021-06-24,45.490002,46.709999,45.270000,46.410000,46.410000,696000
2021-06-25,46.720001,47.410000,46.020000,46.410000,46.410000,1126800
2021-06-28,46.980000,47.410000,46.500000,46.660000,46.660000,582000
2021-06-29,46.689999,47.320000,46.250000,46.500000,46.500000,465100
2021-06-30,46.459999,46.560001,44.910000,45.169998,45.169998,587900
2021-07-01,45.189999,45.619999,44.330002,44.880001,44.880001,590000
2021-07-02,45.200001,45.200001,43.790001,43.950001,43.950001,524600
2021-07-06,44.049999,44.980000,43.540001,44.880001,44.880001,545900
2021-07-07,45.000000,45.520000,43.889999,45.139999,45.139999,417700
2021-07-08,45.070000,45.070000,43.369999,44.779999,44.779999,696600
2021-07-09,44.830002,45.610001,44.590000,45.230000,45.230000,391500
2021-07-12,45.279999,45.560001,44.660000,45.380001,45.380001,554000
2021-07-13,45.209999,45.799999,44.790001,45.200001,45.200001,388200
2021-07-14,45.189999,45.310001,42.549999,42.919998,42.919998,871400
2021-07-15,42.709999,43.169998,41.509998,42.360001,42.360001,891500
2021-07-16,42.820000,43.730000,42.330002,43.369999,43.369999,624900
2021-07-19,42.360001,44.040001,42.340000,43.709999,43.709999,497400
2021-07-20,43.820000,44.450001,42.869999,44.169998,44.169998,1557700
2021-07-21,44.110001,45.080002,43.680000,44.990002,44.990002,433800
2021-07-22,44.889999,45.669998,44.380001,44.799999,44.799999,592600
2021-07-23,45.090000,45.810001,44.689999,45.709999,45.709999,357300
2021-07-26,45.580002,45.759998,44.590000,44.759998,44.759998,642900
2021-07-27,44.630001,44.990002,42.849998,43.480000,43.480000,452300
2021-07-28,43.740002,45.310001,43.700001,45.000000,45.000000,376500
2021-07-29,45.099998,46.009998,44.759998,45.700001,45.700001,306300
2021-07-30,45.549999,47.090000,45.419998,46.099998,46.099998,550200
2021-08-02,46.340000,46.660000,45.310001,46.080002,46.080002,639600
2021-08-03,46.330002,46.470001,45.889999,46.189999,46.189999,655200
2021-08-04,46.060001,47.529999,46.060001,47.490002,47.490002,558400
2021-08-05,47.410000,47.910000,46.700001,47.709999,47.709999,730100
2021-08-06,48.660000,48.660000,45.270000,46.750000,46.750000,579400
2021-08-09,46.509998,47.000000,45.470001,45.529999,45.529999,474800
2021-08-10,44.720001,45.000000,41.959999,42.310001,42.310001,953900
2021-08-11,42.310001,42.310001,40.490002,41.660000,41.660000,1331400
2021-08-12,41.810001,42.939999,41.000000,42.849998,42.849998,426700
2021-08-13,42.959999,42.980000,41.959999,42.509998,42.509998,509200
2021-08-16,42.410000,42.439999,41.500000,42.209999,42.209999,594100
2021-08-17,41.810001,42.270000,41.009998,42.240002,42.240002,451900
2021-08-18,42.619999,43.369999,41.849998,42.000000,42.000000,872700
2021-08-19,41.660000,42.779999,41.529999,42.740002,42.740002,582400
2021-08-20,42.660000,44.060001,42.570000,43.889999,43.889999,666600
2021-08-23,44.200001,44.849998,44.029999,44.630001,44.630001,691100
2021-08-24,44.849998,45.700001,44.310001,45.680000,45.680000,564000
2021-08-25,45.650002,46.070000,45.430000,45.880001,45.880001,454500
2021-08-26,45.810001,47.410000,45.810001,47.130001,47.130001,1071800
2021-08-27,47.330002,48.910000,47.139999,48.490002,48.490002,889100
2021-08-30,48.590000,49.779999,48.299999,49.180000,49.180000,706100