Date,Open,High,Low,Close,Adj Close,Volume
2021-01-04,39.840000,40.220001,38.674999,39.205002,39.205002,540800
2021-01-05,39.240002,40.580002,39.240002,40.185001,40.185001,628200
2021-01-06,40.345001,42.009998,40.345001,41.904999,41.904999,853400
2021-01-07,41.814999,42.334999,41.570000,42.095001,42.095001,535600
2021-01-08,42.105000,42.299999,41.430000,41.924999,41.924999,503600
2021-01-11,41.430000,42.099998,41.430000,42.000000,42.000000,320600
2021-01-12,42.080002,42.105000,41.380001,41.980000,41.980000,301600
2021-01-13,41.860001,42.264999,41.259998,41.480000,41.480000,567800
2021-01-14,41.584999,42.299999,41.340000,41.779999,41.779999,352200
2021-01-15,41.455002,42.130001,40.529999,41.779999,41.779999,388400
2021-01-19,42.290001,42.290001,41.549999,41.889999,41.889999,435200
2021-01-20,42.000000,42.930000,41.630001,42.834999,42.834999,554400
2021-01-21,42.705002,42.900002,41.750000,41.779999,41.779999,542000
2021-01-22,41.505001,43.305000,41.505001,43.084999,43.084999,633400
2021-01-25,42.915001,43.185001,42.474998,42.935001,42.935001,308800
2021-01-26,42.990002,43.669998,42.775002,43.529999,43.529999,387000
2021-01-27,42.575001,42.924999,41.160000,41.330002,41.330002,506000
2021-01-28,41.794998,41.965000,40.549999,40.549999,40.549999,358600
2021-01-29,40.520000,41.139999,40.025002,40.435001,40.435001,405000
2021-02-01,40.740002,42.055000,40.740002,40.985001,40.985001,298800
2021-02-02,41.404999,41.945000,39.715000,40.900002,40.900002,505000
2021-02-03,40.875000,40.930000,39.625000,40.445000,40.445000,450600
2021-02-04,40.355000,42.110001,40.305000,42.090000,42.090000,321400
2021-02-05,42.500000,42.990002,42.130001,42.970001,42.970001,356200
2021-02-08,43.259998,44.205002,42.834999,44.110001,44.110001,399200
2021-02-09,44.215000,44.490002,43.470001,43.555000,43.555000,236000
2021-02-10,43.820000,44.165001,43.209999,43.439999,43.439999,233400
2021-02-11,43.540001,43.935001,42.610001,43.639999,43.639999,271600
2021-02-12,43.630001,44.400002,43.345001,44.240002,44.240002,284200
2021-02-16,44.660000,44.660000,42.724998,43.259998,43.259998,355400
2021-02-17,42.849998,43.150002,41.790001,42.040001,42.040001,413400
2021-02-18,41.744999,42.750000,41.520000,42.044998,42.044998,476600
2021-02-19,42.130001,43.160000,41.980000,42.200001,42.200001,1323200
2021-02-22,41.755001,42.235001,40.889999,41.785000,41.785000,318000
2021-02-23,41.325001,41.924999,40.369999,41.095001,41.095001,366200
2021-02-24,41.035000,42.580002,41.035000,42.235001,42.235001,295600
2021-02-25,42.080002,42.575001,41.240002,41.369999,41.369999,264200
2021-02-26,41.599998,41.735001,40.785000,40.959999,40.959999,397400
2021-03-01,41.639999,42.299999,41.160000,42.025002,42.025002,288200
2021-03-02,42.025002,42.025002,40.695000,40.755001,40.755001,214400
2021-03-03,40.610001,40.919998,39.915001,40.230000,40.230000,821800
2021-03-04,40.169998,40.290001,38.619999,38.849998,38.849998,352200
2021-03-05,39.389999,39.970001,38.820000,39.875000,39.875000,510600
2021-03-08,40.070000,40.424999,39.310001,39.669998,39.669998,327400
2021-03-09,40.325001,41.450001,40.099998,40.840000,40.840000,949800
2021-03-10,41.365002,42.040001,40.055000,41.490002,41.490002,310200
2021-03-11,41.695000,42.310001,40.654999,42.209999,42.209999,269000
2021-03-12,42.119999,42.564999,41.549999,42.395000,42.395000,449400
2021-03-15,42.160000,42.825001,42.119999,42.430000,42.430000,250800
2021-03-16,42.255001,42.334999,41.575001,42.014999,42.014999,225000
2021-03-17,41.669998,42.605000,40.380001,42.445000,42.445000,306400
2021-03-18,42.314999,42.314999,41.340000,41.500000,41.500000,281200
2021-03-19,41.185001,41.830002,41.044998,41.259998,41.259998,1176600
2021-03-22,41.310001,41.615002,41.130001,41.330002,41.330002,381200
2021-03-23,40.615002,43.355000,40.154999,42.735001,42.735001,797200
2021-03-24,42.884998,43.105000,42.169998,42.570000,42.570000,351400
2021-03-25,42.400002,42.959999,40.799999,42.759998,42.759998,372400
2021-03-26,42.810001,43.869999,42.055000,43.625000,43.625000,253800
2021-03-29,43.244999,44.119999,42.544998,42.555000,42.555000,498400
2021-03-30,42.610001,43.730000,42.264999,43.459999,43.459999,504200
2021-03-31,43.805000,44.810001,43.264999,44.445000,44.445000,756800
2021-04-01,44.599998,45.165001,44.259998,44.665001,44.665001,326400
2021-04-05,44.650002,45.174999,44.369999,44.994999,44.994999,375400
2021-04-06,45.000000,45.599998,44.540001,44.669998,44.669998,341200
2021-04-07,44.505001,44.555000,43.834999,44.235001,44.235001,362800
2021-04-08,44.705002,45.494999,44.465000,45.345001,45.345001,242000
2021-04-09,45.439999,46.490002,45.169998,46.275002,46.275002,426600
2021-04-12,46.200001,46.205002,45.470001,45.630001,45.630001,204600
2021-04-13,45.509998,46.700001,45.154999,46.645000,46.645000,380800
2021-04-14,46.570000,47.305000,46.384998,47.115002,47.115002,386200
2021-04-15,47.180000,47.439999,46.349998,46.430000,46.430000,211200
2021-04-16,46.755001,47.770000,45.705002,47.400002,47.400002,308000
2021-04-19,47.250000,47.825001,47.049999,47.744999,47.744999,436200
2021-04-20,47.845001,48.680000,47.095001,48.334999,48.334999,941000
2021-04-21,48.264999,48.770000,47.205002,47.490002,47.490002,331400
2021-04-22,47.615002,48.080002,47.220001,47.474998,47.474998,398600
2021-04-23,47.715000,48.520000,47.605000,48.305000,48.305000,263600
2021-04-26,48.634998,48.849998,47.959999,48.020000,48.020000,182600
2021-04-27,48.185001,48.255001,46.490002,47.900002,47.900002,225800
2021-04-28,47.775002,47.959999,47.200001,47.750000,47.750000,172600
2021-04-29,48.084999,48.294998,47.625000,48.185001,48.185001,174000
2021-04-30,47.855000,48.259998,47.535000,48.005001,48.005001,349400
2021-05-03,48.384998,48.599998,47.849998,48.020000,48.020000,265000
2021-05-04,47.889999,48.150002,47.195000,47.509998,47.509998,391400
2021-05-05,47.514999,47.709999,46.720001,46.779999,46.779999,207400
2021-05-06,46.860001,47.450001,46.330002,47.355000,47.355000,225800
2021-05-07,47.084999,47.910000,47.084999,47.689999,47.689999,155600
2021-05-10,47.645000,47.830002,46.220001,46.220001,46.220001,268800
2021-05-11,45.424999,46.689999,45.424999,45.994999,45.994999,988000
2021-05-12,45.799999,46.189999,44.740002,44.779999,44.779999,520000
2021-05-13,44.950001,46.375000,44.889999,46.044998,46.044998,474600
2021-05-14,46.305000,46.709999,45.900002,46.430000,46.430000,213000
2021-05-17,46.125000,46.544998,45.424999,45.645000,45.645000,277600
2021-05-18,45.615002,46.660000,45.290001,45.575001,45.575001,370600
2021-05-19,45.125000,46.154999,45.009998,45.770000,45.770000,251200
2021-05-20,45.645000,46.494999,45.610001,46.455002,46.455002,247200
2021-05-21,46.715000,46.955002,45.750000,45.770000,45.770000,330600
2021-05-24,45.865002,46.639999,45.865002,46.340000,46.340000,193000
2021-05-25,46.450001,46.750000,45.630001,45.830002,45.830002,772600
2021-05-26,46.080002,46.584999,45.665001,46.110001,46.110001,246800
2021-05-27,46.250000,46.759998,45.930000,46.345001,46.345001,265600
2021-05-28,46.500000,46.889999,45.900002,46.154999,46.154999,267600
2021-06-01,46.445000,47.325001,45.285000,45.619999,45.619999,326400
2021-06-02,45.910000,46.150002,45.134998,45.244999,45.244999,328000
2021-06-03,45.215000,45.790001,44.505001,45.139999,45.139999,285800
2021-06-04,45.150002,45.465000,44.860001,45.240002,45.240002,277000
2021-06-07,45.470001,46.320000,44.730000,45.660000,45.660000,438100
2021-06-08,45.970001,46.240002,44.820000,45.200001,45.200001,313700
2021-06-09,45.189999,45.599998,44.689999,44.889999,44.889999,257900
2021-06-10,44.799999,45.230000,44.220001,45.020000,45.020000,260100
2021-06-11,45.000000,45.590000,44.910000,45.520000,45.520000,205500
2021-06-14,45.490002,46.000000,45.230000,45.369999,45.369999,380500
2021-06-15,45.500000,45.790001,45.189999,45.639999,45.639999,307100
2021-06-16,45.599998,46.060001,45.330002,45.619999,45.619999,274800
2021-06-17,45.540001,46.389999,45.490002,46.020000,46.020000,354500
2021-06-18,45.660000,45.889999,44.630001,44.730000,44.730000,653800
2021-06-21,44.889999,46.020000,43.419998,45.549999,45.549999,207700
2021-06-22,45.389999,45.869999,44.959999,45.730000,45.730000,270200
2021-06-23,46.110001,46.110001,45.130001,45.290001,45.290001,248500
2021-06-24,45.490002,45.860001,45.119999,45.790001,45.790001,150200
2021-06-25,45.770000,46.220001,45.630001,45.950001,45.950001,1005400
2021-06-28,45.730000,46.599998,45.689999,46.320000,46.320000,254400
2021-06-29,46.369999,46.639999,46.169998,46.500000,46.500000,165000
2021-06-30,46.270000,46.619999,45.950001,46.040001,46.040001,233200
2021-07-01,46.009998,46.619999,45.910000,46.189999,46.189999,385000
2021-07-02,46.400002,46.400002,45.720001,46.099998,46.099998,259600
2021-07-06,45.970001,46.040001,45.099998,45.759998,45.759998,466100
2021-07-07,45.709999,46.209999,45.220001,45.610001,45.610001,500500
2021-07-08,44.980000,45.650002,44.889999,45.340000,45.340000,233200
2021-07-09,45.459999,45.900002,44.959999,44.990002,44.990002,241000
2021-07-12,45.060001,46.139999,44.650002,46.049999,46.049999,305500
2021-07-13,45.849998,46.160000,45.150002,45.209999,45.209999,206000
2021-07-14,45.369999,45.509998,44.580002,44.730000,44.730000,227000
2021-07-15,44.480000,44.750000,44.020000,44.330002,44.330002,182100
2021-07-16,44.680000,45.049999,44.150002,44.430000,44.430000,275000
2021-07-19,44.009998,45.040001,44.009998,44.209999,44.209999,241700
2021-07-20,44.130001,45.009998,43.849998,44.349998,44.349998,621600
2021-07-21,44.709999,45.330002,43.950001,44.320000,44.320000,368500
2021-07-22,44.240002,44.500000,42.759998,42.790001,42.790001,270300
2021-07-23,43.049999,43.590000,42.430000,43.380001,43.380001,206000
2021-07-26,43.380001,43.470001,43.110001,43.439999,43.439999,178600
2021-07-27,43.430000,43.540001,42.860001,43.180000,43.180000,259700
2021-07-28,43.220001,43.849998,43.220001,43.590000,43.590000,186500
2021-07-29,42.259998,44.169998,42.259998,44.040001,44.040001,167500
2021-07-30,43.910000,44.410000,43.450001,43.560001,43.560001,287400
2021-08-02,43.790001,43.930000,43.099998,43.180000,43.180000,218600
2021-08-03,43.070000,43.439999,42.919998,43.340000,43.340000,265200
2021-08-04,43.110001,43.389999,42.959999,43.259998,43.259998,225400
2021-08-05,43.480000,43.669998,43.150002,43.599998,43.599998,157900
2021-08-06,43.860001,44.130001,43.360001,43.770000,43.770000,215900
2021-08-09,43.779999,43.790001,43.200001,43.279999,43.279999,154900
2021-08-10,43.220001,43.430000,42.509998,42.549999,42.549999,191800
2021-08-11,42.740002,42.910000,42.180000,42.500000,42.500000,170800
2021-08-12,42.619999,42.619999,42.200001,42.290001,42.290001,219000
2021-08-13,42.189999,42.549999,41.799999,42.320000,42.320000,163000
2021-08-16,42.340000,43.270000,42.049999,42.790001,42.790001,311400
2021-08-17,42.669998,43.230000,42.209999,43.160000,43.160000,311600
2021-08-18,43.330002,43.470001,42.459999,42.490002,42.490002,238900
2021-08-19,42.360001,43.130001,42.189999,42.610001,42.610001,295300
2021-08-20,42.509998,43.970001,42.509998,43.820000,43.820000,463800
2021-08-23,43.939999,44.139999,43.490002,43.860001,43.860001,179800
2021-08-24,43.790001,43.959999,43.509998,43.590000,43.590000,229000
2021-08-25,43.490002,43.770000,43.009998,43.119999,43.119999,166100
2021-08-26,43.150002,43.150002,42.590000,42.610001,42.610001,165700
2021-08-27,42.740002,43.900002,42.740002,43.750000,43.750000,259000
2021-08-30,43.740002,44.259998,43.650002,43.799999,43.799999,185700