Date,Open,High,Low,Close,Adj Close,Volume
2021-01-04,76.489998,76.760002,71.970001,72.379997,72.379997,256000
2021-01-05,72.580002,76.129997,72.580002,75.480003,75.480003,266700
2021-01-06,77.410004,79.660004,76.919998,78.370003,78.370003,370400
2021-01-07,78.500000,79.680000,76.400002,77.169998,77.169998,167100
2021-01-08,77.419998,77.769997,74.559998,75.360001,75.360001,201600
2021-01-11,73.980003,76.000000,73.980003,75.150002,75.150002,143900
2021-01-12,75.480003,78.040001,75.290001,77.690002,77.690002,184800
2021-01-13,77.430000,78.440002,73.769997,74.209999,74.209999,151600
2021-01-14,74.860001,75.739998,73.580002,73.879997,73.879997,141200
2021-01-15,72.379997,73.690002,71.820000,73.419998,73.419998,260000
2021-01-19,74.120003,74.879997,72.419998,72.720001,72.720001,201300
2021-01-20,72.750000,73.959999,72.459999,73.099998,73.099998,156900
2021-01-21,73.000000,73.449997,71.709999,72.150002,72.150002,190800
2021-01-22,71.110001,72.709999,70.660004,72.459999,72.459999,203200
2021-01-25,71.489998,72.930000,70.449997,70.730003,70.730003,167500
2021-01-26,71.360001,71.529999,67.900002,68.019997,68.019997,204500
2021-01-27,66.190002,68.370003,63.430000,67.410004,67.410004,319500
2021-01-28,68.180000,69.209999,66.980003,67.879997,67.879997,178500
2021-01-29,67.529999,68.739998,65.669998,65.690002,65.690002,316200
2021-02-01,66.500000,69.230003,66.160004,68.910004,68.910004,381100
2021-02-02,69.889999,70.559998,68.830002,69.839996,69.839996,269900
2021-02-03,69.459999,70.389999,68.680000,69.699997,69.699997,189800
2021-02-04,69.589996,71.089996,69.169998,70.580002,70.580002,239400
2021-02-05,71.580002,72.660004,71.180000,72.449997,72.449997,157100
2021-02-08,71.389999,74.250000,71.389999,74.250000,74.250000,262300
2021-02-09,73.660004,73.919998,72.449997,73.330002,73.330002,122300
2021-02-10,73.540001,74.120003,72.570000,73.099998,73.099998,179000
2021-02-11,75.000000,77.540001,67.209999,68.489998,68.489998,589100
2021-02-12,69.040001,72.570000,68.180000,69.959999,69.959999,489700
2021-02-16,70.269997,70.919998,67.989998,69.449997,69.449997,224900
2021-02-17,69.070000,71.639999,68.239998,69.800003,69.800003,359800
2021-02-18,69.620003,70.169998,68.449997,69.180000,69.180000,190100
2021-02-19,69.489998,70.540001,69.019997,69.940002,69.940002,241000
2021-02-22,69.349998,71.190002,69.050003,70.800003,70.800003,248400
2021-02-23,70.150002,71.000000,68.989998,70.129997,70.129997,282000
2021-02-24,70.839996,71.769997,70.349998,70.349998,70.349998,321000
2021-02-25,70.519997,70.519997,68.360001,69.220001,69.220001,251600
2021-02-26,69.180000,70.330002,68.330002,69.480003,69.480003,419500
2021-03-01,71.669998,72.370003,70.970001,71.559998,71.559998,335700
2021-03-02,71.290001,71.610001,69.309998,69.339996,69.339996,238800
2021-03-03,69.500000,73.000000,69.480003,70.330002,70.330002,313300
2021-03-04,70.330002,70.580002,67.410004,69.510002,69.510002,324400
2021-03-05,70.730003,72.629997,68.570000,72.599998,72.599998,328500
2021-03-08,73.239998,74.699997,72.080002,74.000000,74.000000,256100
2021-03-09,75.000000,75.459999,73.050003,73.830002,73.830002,251900
2021-03-10,74.470001,77.000000,74.260002,76.150002,76.150002,249800
2021-03-11,76.830002,77.940002,76.650002,77.220001,77.220001,276400
2021-03-12,77.550003,78.629997,77.440002,77.980003,77.980003,275200
2021-03-15,77.639999,79.620003,77.360001,79.620003,79.620003,312700
2021-03-16,79.349998,79.669998,77.970001,78.500000,78.500000,205900
2021-03-17,78.540001,78.750000,77.330002,78.610001,78.610001,281400
2021-03-18,78.370003,79.570000,76.849998,77.000000,77.000000,313700
2021-03-19,76.959999,77.529999,75.190002,75.309998,75.309998,836300
2021-03-22,75.089996,75.529999,73.620003,75.080002,75.080002,237600
2021-03-23,73.699997,74.949997,71.540001,71.790001,71.790001,322800
2021-03-24,72.720001,74.879997,71.900002,71.900002,71.900002,242400
2021-03-25,71.120003,74.550003,70.769997,74.040001,74.040001,209600
2021-03-26,75.120003,76.720001,74.779999,76.550003,76.550003,197200
2021-03-29,75.980003,77.620003,75.370003,75.419998,75.419998,333100
2021-03-30,75.250000,77.430000,75.250000,76.900002,76.900002,219400
2021-03-31,76.940002,77.129997,75.489998,75.529999,75.529999,307900
2021-04-01,75.870003,76.389999,74.699997,75.730003,75.730003,283100
2021-04-05,76.400002,77.099998,74.360001,74.750000,74.750000,183500
2021-04-06,74.290001,75.540001,73.809998,74.389999,74.389999,161200
2021-04-07,74.230003,74.230003,71.410004,71.449997,71.449997,175700
2021-04-08,71.519997,71.809998,70.169998,70.959999,70.959999,244800
2021-04-09,70.830002,71.959999,70.699997,71.500000,71.500000,275600
2021-04-12,71.779999,72.260002,70.690002,71.260002,71.260002,172400
2021-04-13,70.989998,71.739998,70.059998,71.629997,71.629997,267300
2021-04-14,71.699997,73.519997,71.699997,72.379997,72.379997,165200
2021-04-15,72.739998,73.099998,71.660004,72.849998,72.849998,166700
2021-04-16,74.059998,74.870003,73.570000,74.129997,74.129997,182300
2021-04-19,73.769997,74.019997,72.760002,73.209999,73.209999,136800
2021-04-20,72.980003,73.089996,70.000000,70.449997,70.449997,175500
2021-04-21,70.519997,71.599998,69.959999,71.190002,71.190002,193500
2021-04-22,71.529999,72.580002,71.129997,71.629997,71.629997,189600
2021-04-23,71.849998,73.220001,71.580002,72.959999,72.959999,163400
2021-04-26,73.360001,74.949997,72.790001,74.209999,74.209999,212100
2021-04-27,74.220001,74.570000,72.900002,74.550003,74.550003,216400
2021-04-28,74.529999,76.220001,74.529999,75.849998,75.849998,408500
2021-04-29,75.860001,78.000000,73.389999,77.989998,77.989998,371200
2021-04-30,77.580002,79.379997,76.790001,78.080002,78.080002,482400
2021-05-03,79.250000,82.269997,78.910004,82.129997,82.129997,411200
2021-05-04,82.379997,85.250000,80.860001,85.000000,85.000000,456300
2021-05-05,85.669998,89.260002,84.699997,86.480003,86.480003,464900
2021-05-06,86.860001,86.860001,84.339996,86.400002,86.400002,255900
2021-05-07,85.790001,87.849998,84.730003,87.589996,87.589996,225600
2021-05-10,87.989998,89.160004,86.660004,86.720001,86.720001,322900
2021-05-11,85.269997,87.019997,85.269997,86.860001,86.860001,212200
2021-05-12,86.699997,88.000000,85.199997,85.389999,85.389999,361900
2021-05-13,85.459999,89.029999,85.459999,88.769997,88.769997,320700
2021-05-14,89.330002,89.400002,88.059998,89.239998,89.239998,226900
2021-05-17,88.379997,89.529999,87.269997,89.410004,89.410004,140100
2021-05-18,88.959999,89.550003,88.309998,88.489998,88.489998,212800
2021-05-19,87.360001,88.000000,86.080002,87.019997,87.019997,245800
2021-05-20,87.089996,87.089996,84.900002,85.599998,85.599998,244600
2021-05-21,86.580002,86.930000,84.639999,84.980003,84.980003,204300
2021-05-24,85.459999,86.040001,84.430000,85.779999,85.779999,120400
2021-05-25,85.750000,86.089996,82.830002,82.910004,82.910004,187200
2021-05-26,83.500000,83.690002,82.099998,82.970001,82.970001,194500
2021-05-27,84.059998,84.459999,83.250000,83.300003,83.300003,207600
2021-05-28,83.220001,83.220001,81.300003,82.309998,82.309998,219600
2021-06-01,83.610001,85.540001,83.190002,85.500000,85.500000,271900
2021-06-02,85.930000,85.930000,83.500000,83.559998,83.559998,266200
2021-06-03,83.809998,84.800003,82.510002,84.519997,84.519997,152600
2021-06-04,84.949997,85.860001,84.500000,85.699997,85.699997,161900
2021-06-07,85.480003,85.860001,83.669998,83.699997,83.699997,155500
2021-06-08,83.489998,84.370003,82.870003,83.980003,83.980003,111100
2021-06-09,83.900002,83.989998,82.830002,82.849998,82.849998,153100
2021-06-10,84.000000,84.000000,82.830002,82.959999,82.959999,157500
2021-06-11,83.309998,84.110001,82.989998,83.610001,83.610001,115800
2021-06-14,83.190002,83.260002,80.669998,80.739998,80.739998,255400
2021-06-15,80.870003,81.510002,79.769997,81.089996,81.089996,179400
2021-06-16,80.419998,81.800003,79.800003,80.930000,80.930000,216500
2021-06-17,80.919998,80.919998,77.730003,79.589996,79.589996,339100
2021-06-18,79.120003,80.040001,78.739998,79.690002,79.690002,793000
2021-06-21,80.000000,81.470001,80.000000,80.769997,80.769997,420100
2021-06-22,81.099998,82.110001,80.019997,81.470001,81.470001,241400
2021-06-23,81.849998,82.760002,81.239998,81.500000,81.500000,236600
2021-06-24,81.760002,83.260002,81.120003,83.010002,83.010002,282300
2021-06-25,82.809998,84.029999,81.800003,81.870003,81.870003,731700
2021-06-28,81.690002,81.739998,80.120003,80.239998,80.239998,194700
2021-06-29,80.489998,81.440002,79.510002,79.720001,79.720001,247600
2021-06-30,79.070000,81.570000,79.059998,81.360001,81.360001,191700
2021-07-01,82.209999,82.870003,81.680000,82.150002,82.150002,218200
2021-07-02,82.230003,82.379997,81.150002,81.980003,81.980003,126400
2021-07-06,81.680000,81.889999,78.879997,79.250000,79.250000,212300
2021-07-07,79.000000,81.519997,79.000000,81.400002,81.400002,201800
2021-07-08,79.900002,81.519997,79.379997,80.629997,80.629997,195600
2021-07-09,82.089996,82.879997,81.580002,82.070000,82.070000,105500
2021-07-12,80.839996,83.459999,80.839996,83.260002,83.260002,178200
2021-07-13,82.870003,83.269997,81.110001,81.389999,81.389999,124900
2021-07-14,81.839996,83.019997,81.339996,81.440002,81.440002,122600
2021-07-15,80.849998,81.860001,80.629997,80.820000,80.820000,129000
2021-07-16,81.459999,81.529999,78.860001,79.029999,79.029999,195500
2021-07-19,77.699997,78.050003,75.879997,76.279999,76.279999,160500
2021-07-20,75.949997,78.800003,75.790001,78.080002,78.080002,233400
2021-07-21,79.440002,80.040001,77.940002,78.410004,78.410004,124200
2021-07-22,77.690002,78.260002,77.190002,78.099998,78.099998,95000
2021-07-23,79.150002,80.099998,77.650002,80.040001,80.040001,141500
2021-07-26,80.790001,82.089996,80.639999,82.070000,82.070000,155700
2021-07-27,81.019997,82.900002,80.709999,82.839996,82.839996,198400
2021-07-28,82.690002,83.639999,81.830002,83.269997,83.269997,198800
2021-07-29,85.000000,88.580002,83.949997,87.309998,87.309998,266300
2021-07-30,86.449997,87.389999,84.879997,84.940002,84.940002,288600
2021-08-02,85.760002,88.019997,83.360001,83.959999,83.959999,285400
2021-08-03,84.779999,84.779999,81.919998,83.720001,83.720001,245200
2021-08-04,82.330002,83.239998,80.370003,80.389999,80.389999,171600
2021-08-05,81.389999,82.820000,81.199997,81.849998,81.849998,205800
2021-08-06,83.699997,83.970001,81.669998,82.419998,82.419998,164700
2021-08-09,81.500000,82.000000,80.489998,80.489998,80.489998,165400
2021-08-10,80.800003,81.760002,80.379997,80.959999,80.959999,389100
2021-08-11,81.160004,83.440002,80.150002,83.349998,83.349998,245000
2021-08-12,83.389999,83.889999,82.349998,83.029999,83.029999,120900
2021-08-13,82.739998,84.279999,82.599998,84.230003,84.230003,116700
2021-08-16,83.360001,83.379997,81.910004,82.800003,82.800003,102300
2021-08-17,81.419998,82.680000,80.320000,81.980003,81.980003,97200
2021-08-18,81.820000,82.199997,79.889999,79.970001,79.970001,175700
2021-08-19,78.540001,78.779999,77.129997,77.720001,77.720001,176800
2021-08-20,77.400002,78.320000,76.500000,77.570000,77.570000,140700
2021-08-23,78.389999,79.419998,77.889999,79.190002,79.190002,157100
2021-08-24,79.190002,80.370003,78.889999,79.440002,79.440002,170200
2021-08-25,79.669998,81.400002,79.260002,81.279999,81.279999,108300
2021-08-26,80.879997,81.339996,79.250000,79.279999,79.279999,136900
2021-08-27,80.059998,82.570000,80.059998,82.050003,82.050003,142300
2021-08-30,82.449997,83.080002,81.089996,81.220001,81.220001,104500