Date,Open,High,Low,Close,Adj Close,Volume
2021-01-04,35.639999,35.639999,34.410000,34.480000,33.947876,691900
2021-01-05,34.660000,34.820000,33.320000,33.669998,33.150372,716800
2021-01-06,34.220001,35.680000,34.220001,35.630001,35.080128,849900
2021-01-07,35.700001,35.790001,35.040001,35.340000,34.794601,656700
2021-01-08,35.360001,35.709999,35.060001,35.439999,34.893055,667100
2021-01-11,35.209999,36.130001,34.950001,35.779999,35.227806,533900
2021-01-12,35.939999,36.869999,35.639999,36.840000,36.271450,545900
2021-01-13,36.770000,37.619999,36.770000,37.380001,36.803120,539500
2021-01-14,37.650002,37.959999,37.290001,37.740002,37.157562,551000
2021-01-15,37.430000,38.310001,37.400002,37.730000,37.147717,734200
2021-01-19,38.389999,38.389999,36.400002,36.520000,35.956390,532000
2021-01-20,36.369999,36.580002,35.040001,35.720001,35.168739,691000
2021-01-21,35.689999,35.779999,34.869999,34.959999,34.420464,497200
2021-01-22,34.549999,35.459999,34.330002,35.430000,34.883213,568300
2021-01-25,35.130001,36.000000,34.900002,35.799999,35.247501,778000
2021-01-26,36.000000,36.000000,34.939999,35.259998,34.715832,392300
2021-01-27,34.610001,35.630001,34.500000,35.459999,34.912746,872100
2021-01-28,35.680000,36.430000,34.889999,34.910000,34.371239,439300
2021-01-29,35.029999,35.410000,34.480000,35.009998,34.469692,1079400
2021-02-01,35.000000,35.810001,34.610001,35.660000,35.109661,435400
2021-02-02,35.900002,36.419998,35.410000,35.939999,35.385338,592100
2021-02-03,35.669998,35.990002,35.340000,35.570000,35.021049,649300
2021-02-04,35.790001,36.299999,35.340000,36.049999,35.493645,529300
2021-02-05,36.580002,36.790001,35.849998,36.619999,36.054848,666900
2021-02-08,36.790001,36.810001,36.099998,36.299999,35.739784,478500
2021-02-09,36.279999,37.220001,36.160000,37.209999,36.635742,458500
2021-02-10,37.570000,38.150002,37.130001,37.380001,36.803120,562200
2021-02-11,37.360001,37.849998,36.930000,37.180000,36.606201,520500
2021-02-12,36.860001,37.330002,36.610001,36.619999,36.054848,747200
2021-02-16,36.779999,37.840000,36.619999,37.810001,37.226482,723600
2021-02-17,37.700001,38.900002,37.700001,38.869999,38.270123,558600
2021-02-18,38.880001,39.430000,38.490002,38.970001,38.368580,585300
2021-02-19,38.980000,40.040001,38.910000,39.599998,38.988853,640200
2021-02-22,39.419998,39.660000,39.200001,39.259998,38.654102,731300
2021-02-23,39.360001,39.980000,39.259998,39.310001,38.703331,829600
2021-02-24,39.549999,39.549999,38.720001,39.139999,38.535954,605900
2021-02-25,39.270000,40.400002,39.270000,39.480000,38.870708,513000
2021-02-26,39.599998,40.180000,39.270000,39.290001,38.683640,657400
2021-03-01,39.889999,40.689999,39.660000,40.290001,39.668205,509000
2021-03-02,40.180000,40.240002,39.340000,39.389999,38.782097,453800
2021-03-03,39.389999,40.139999,39.009998,39.650002,39.038086,301000
2021-03-04,39.820000,40.290001,39.130001,39.270000,38.663948,461300
2021-03-05,39.680000,40.560001,39.430000,40.220001,39.599293,899000
2021-03-08,40.540001,41.250000,39.840000,41.049999,40.416481,652300
2021-03-09,40.930000,41.450001,40.220001,40.240002,39.618980,600100
2021-03-10,40.169998,40.919998,39.700001,40.860001,40.229412,486200
2021-03-11,40.790001,41.060001,40.389999,40.689999,40.062031,376500
2021-03-12,40.990002,41.669998,40.810001,41.480000,40.839844,392800
2021-03-15,41.959999,42.570000,41.369999,42.419998,41.765331,516800
2021-03-16,41.730000,42.529999,41.639999,42.139999,41.817928,481200
2021-03-17,42.020000,42.020000,39.180000,39.480000,39.178261,776200
2021-03-18,39.430000,40.389999,39.270000,40.250000,39.942375,767700
2021-03-19,40.160000,41.900002,39.419998,41.610001,41.291981,2538300
2021-03-22,41.560001,41.830002,40.020000,40.509998,40.200386,492600
2021-03-23,40.110001,40.590000,39.250000,39.380001,39.079025,618300
2021-03-24,39.580002,40.820000,39.419998,39.970001,39.664516,666600
2021-03-25,39.970001,40.279999,39.439999,40.119999,39.813366,588500
2021-03-26,40.520000,40.570000,39.520000,39.770000,39.466045,503600
2021-03-29,39.599998,41.009998,39.500000,40.660000,40.349239,480200
2021-03-30,40.549999,40.860001,40.150002,40.500000,40.190464,375000
2021-03-31,40.410000,40.790001,39.450001,39.869999,39.565277,616700
2021-04-01,40.000000,40.340000,39.459999,39.930000,39.624821,519900
2021-04-05,40.150002,40.650002,39.750000,40.209999,39.902679,347400
2021-04-06,40.090000,40.830002,39.930000,40.700001,40.388935,372600
2021-04-07,40.700001,41.360001,40.669998,41.349998,41.033966,458400
2021-04-08,41.389999,41.580002,40.990002,41.529999,41.212589,557500
2021-04-09,41.549999,41.730000,40.810001,40.810001,40.498096,381900
2021-04-12,41.009998,41.459999,40.849998,41.150002,40.835499,424900
2021-04-13,40.900002,41.380001,40.590000,40.740002,40.428631,397700
2021-04-14,40.830002,41.779999,40.830002,41.430000,41.113358,271800
2021-04-15,41.470001,41.740002,41.009998,41.680000,41.361446,222500
2021-04-16,42.150002,42.320000,41.750000,42.110001,41.788158,271600
2021-04-19,42.169998,42.310001,41.669998,42.060001,41.738541,418600
2021-04-20,42.099998,42.810001,42.000000,42.799999,42.472885,326600
2021-04-21,42.590000,43.240002,42.490002,42.849998,42.522503,382800
2021-04-22,42.869999,43.020000,42.180000,42.369999,42.046169,444000
2021-04-23,42.580002,43.410000,42.349998,42.860001,42.532429,371900
2021-04-26,43.080002,43.180000,42.209999,42.230000,41.907242,303600
2021-04-27,42.250000,42.430000,41.700001,41.740002,41.420990,394200
2021-04-28,41.950001,42.110001,41.480000,41.580002,41.262211,457400
2021-04-29,41.910000,42.900002,41.910000,42.209999,41.887394,403900
2021-04-30,42.000000,42.200001,41.509998,41.950001,41.629383,2084900
2021-05-03,41.939999,43.349998,41.869999,43.130001,42.800365,453900
2021-05-04,42.970001,43.070000,42.459999,42.860001,42.532429,504200
2021-05-05,42.540001,42.650002,41.709999,42.029999,41.708771,579100
2021-05-06,42.529999,43.169998,41.700001,43.000000,42.671356,443800
2021-05-07,43.000000,43.540001,42.619999,43.509998,43.177456,305600
2021-05-10,43.599998,43.939999,43.259998,43.430000,43.098072,327800
2021-05-11,43.340000,43.560001,42.709999,43.360001,43.028606,463400
2021-05-12,43.360001,43.549999,41.660000,41.799999,41.480526,418400
2021-05-13,41.759998,43.299999,41.590000,43.110001,42.780518,429000
2021-05-14,43.230000,43.560001,42.820000,43.169998,42.840057,327800
2021-05-17,42.939999,43.029999,42.529999,42.590000,42.264492,348900
2021-05-18,42.400002,42.950001,42.259998,42.340000,42.016399,617100
2021-05-19,42.160000,42.630001,42.000000,42.509998,42.185101,525000
2021-05-20,42.360001,42.759998,42.230000,42.490002,42.165257,458800
2021-05-21,42.730000,43.180000,42.389999,42.730000,42.403419,433500
2021-05-24,42.939999,43.610001,42.910000,43.290001,42.959141,421200
2021-05-25,43.470001,43.470001,42.139999,42.310001,41.986633,376000
2021-05-26,42.410000,42.959999,42.230000,42.639999,42.314106,340200
2021-05-27,43.139999,43.139999,42.509998,42.549999,42.224796,308300
2021-05-28,42.560001,42.970001,42.560001,42.720001,42.393497,342900
2021-06-01,42.860001,43.080002,42.500000,43.080002,42.750748,250800
2021-06-02,43.259998,43.630001,42.869999,43.320000,42.988911,387000
2021-06-03,43.180000,43.849998,43.180000,43.720001,43.385857,308700
2021-06-04,43.980000,43.980000,43.570000,43.669998,43.336235,310900
2021-06-07,43.849998,43.860001,43.439999,43.650002,43.316391,378800
2021-06-08,43.720001,43.900002,43.209999,43.619999,43.286617,318000
2021-06-09,43.619999,43.970001,43.450001,43.779999,43.445393,383900
2021-06-10,44.000000,44.049999,43.610001,43.660000,43.326313,273400
2021-06-11,43.849998,44.220001,43.509998,44.150002,43.812569,457100
2021-06-14,44.150002,44.410000,43.360001,43.570000,43.237000,338200
2021-06-15,43.200001,43.570000,42.970001,43.410000,43.410000,377600
2021-06-16,43.529999,43.529999,42.720001,42.910000,42.910000,475200
2021-06-17,42.849998,43.080002,42.490002,42.680000,42.680000,400400
2021-06-18,42.130001,42.130001,40.889999,40.950001,40.950001,1099200
2021-06-21,41.119999,42.209999,40.990002,42.189999,42.189999,504100
2021-06-22,42.189999,42.200001,41.400002,41.490002,41.490002,337600
2021-06-23,41.360001,41.480000,41.070000,41.099998,41.099998,382500
2021-06-24,41.320000,41.439999,40.669998,41.430000,41.430000,304200
2021-06-25,40.660000,40.990002,39.950001,40.180000,40.180000,1254500
2021-06-28,39.939999,40.139999,39.549999,39.709999,39.709999,469300
2021-06-29,39.939999,40.590000,39.419998,39.560001,39.560001,497200
2021-06-30,39.500000,39.869999,39.209999,39.570000,39.570000,504700
2021-07-01,39.930000,40.970001,39.889999,40.520000,40.520000,573500
2021-07-02,40.410000,40.419998,39.840000,40.060001,40.060001,319800
2021-07-06,40.009998,40.389999,38.830002,39.680000,39.680000,479600
2021-07-07,39.500000,40.330002,39.500000,40.180000,40.180000,296900
2021-07-08,39.790001,40.360001,39.610001,39.840000,39.840000,293000
2021-07-09,40.240002,40.570000,40.080002,40.180000,40.180000,610000
2021-07-12,39.720001,40.720001,39.610001,40.470001,40.470001,317100
2021-07-13,40.209999,40.369999,39.560001,39.650002,39.650002,305200
2021-07-14,39.790001,39.889999,39.419998,39.509998,39.509998,422600
2021-07-15,39.340000,39.790001,39.090000,39.700001,39.700001,308400
2021-07-16,39.860001,39.919998,39.220001,39.279999,39.279999,383200
2021-07-19,38.889999,39.230000,37.480000,37.950001,37.950001,470800
2021-07-20,38.119999,39.450001,38.029999,39.220001,39.220001,694900
2021-07-21,39.439999,39.779999,38.910000,38.919998,38.919998,377800
2021-07-22,38.799999,38.910000,38.400002,38.610001,38.610001,248200
2021-07-23,38.740002,39.369999,38.590000,39.279999,39.279999,421300
2021-07-26,39.500000,39.840000,39.169998,39.480000,39.480000,376300
2021-07-27,39.220001,39.799999,38.889999,39.709999,39.709999,346800
2021-07-28,39.799999,39.860001,39.049999,39.490002,39.490002,423700
2021-07-29,39.689999,39.689999,38.900002,39.169998,39.169998,376800
2021-07-30,39.150002,39.590000,38.410000,38.520000,38.520000,1917600
2021-08-02,38.820000,39.520000,38.669998,38.740002,38.740002,418600
2021-08-03,38.799999,39.250000,38.490002,39.240002,39.240002,313300
2021-08-04,38.959999,39.080002,38.070000,38.330002,38.330002,452900
2021-08-05,38.070000,39.139999,38.070000,38.810001,38.810001,344300
2021-08-06,39.279999,39.340000,38.799999,39.060001,39.060001,478800
2021-08-09,39.139999,39.139999,38.330002,38.529999,38.529999,491700
2021-08-10,38.619999,38.869999,38.200001,38.740002,38.740002,420600
2021-08-11,38.820000,39.169998,38.430000,38.830002,38.830002,623400
2021-08-12,39.000000,39.139999,38.279999,38.480000,38.480000,292900
2021-08-13,38.520000,38.700001,38.130001,38.590000,38.590000,491900
2021-08-16,38.529999,38.900002,37.730000,37.880001,37.880001,659000
2021-08-17,37.730000,37.889999,37.040001,37.570000,37.570000,500600
2021-08-18,37.430000,38.000000,37.270000,37.340000,37.340000,539200
2021-08-19,37.270000,37.750000,36.759998,37.590000,37.590000,724600
2021-08-20,37.430000,37.810001,37.130001,37.650002,37.650002,480100
2021-08-23,37.750000,37.889999,37.599998,37.619999,37.619999,269700
2021-08-24,37.689999,37.740002,37.240002,37.419998,37.419998,434700
2021-08-25,37.599998,37.810001,37.200001,37.509998,37.509998,585200
2021-08-26,37.410000,37.520000,36.689999,36.700001,36.700001,464400
2021-08-27,36.770000,37.380001,36.700001,37.189999,37.189999,466600
2021-08-30,37.130001,37.240002,36.930000,37.139999,37.139999,219900