Date,Open,High,Low,Close,Adj Close,Volume
2021-01-04,47.470001,49.340000,44.158001,45.040001,45.040001,2329600
2021-01-05,45.590000,46.900002,44.650002,46.230000,46.230000,1980400
2021-01-06,50.000000,52.189999,47.660000,50.310001,50.310001,4264500
2021-01-07,54.410000,57.700001,51.889999,52.630001,52.630001,2865600
2021-01-08,53.480000,54.990002,51.400002,52.360001,52.360001,1975100
2021-01-11,50.759998,53.740002,49.599998,51.810001,51.810001,1313500
2021-01-12,51.509998,53.251999,48.150002,50.250000,50.250000,2503200
2021-01-13,51.130001,51.970001,48.759998,50.779999,50.779999,2139400
2021-01-14,51.110001,52.464001,49.430000,49.590000,49.590000,1612500
2021-01-15,49.060001,50.130001,46.520000,47.480000,47.480000,2163800
2021-01-19,48.849998,49.990002,46.540001,49.330002,49.330002,2162100
2021-01-20,50.189999,53.980000,49.759998,50.040001,50.040001,2430800
2021-01-21,50.639999,54.169998,48.610001,54.119999,54.119999,1908600
2021-01-22,52.299999,54.270000,51.500000,53.889999,53.889999,1526000
2021-01-25,54.000000,55.180000,48.799999,49.810001,49.810001,1893300
2021-01-26,50.509998,50.849998,47.599998,47.849998,47.849998,1843300
2021-01-27,43.549999,46.610001,40.400002,41.910000,41.910000,4735400
2021-01-28,42.500000,46.474998,41.710999,45.430000,45.430000,2783800
2021-01-29,45.279999,46.820000,42.880001,43.849998,43.849998,2149200
2021-02-01,44.570000,45.125000,42.189999,44.930000,44.930000,1962000
2021-02-02,45.889999,46.590000,44.133999,45.520000,45.520000,1889800
2021-02-03,45.860001,46.980000,44.500000,46.110001,46.110001,1493200
2021-02-04,45.290001,46.840000,43.849998,46.750000,46.750000,1804900
2021-02-05,47.080002,49.939999,45.580002,49.450001,49.450001,2267500
2021-02-08,49.689999,53.209999,49.119999,50.980000,50.980000,1774400
2021-02-09,51.209999,54.049999,50.630001,53.439999,53.439999,1814700
2021-02-10,54.590000,55.549999,51.700001,52.200001,52.200001,1735100
2021-02-11,52.610001,53.029999,50.530998,51.689999,51.689999,1268600
2021-02-12,51.119999,52.599998,50.110001,50.970001,50.970001,1340600
2021-02-16,51.869999,52.250000,46.919998,49.099998,49.099998,1649400
2021-02-17,49.419998,50.340000,46.619999,49.639999,49.639999,2606100
2021-02-18,48.389999,49.470001,43.570000,46.599998,46.599998,3370500
2021-02-19,48.380001,48.919998,45.790001,45.980000,45.980000,2180100
2021-02-22,44.709999,45.330002,41.369999,41.599998,41.599998,3351600
2021-02-23,39.389999,43.660000,36.400002,42.619999,42.619999,3392600
2021-02-24,42.889999,46.340000,42.682999,46.060001,46.060001,3263300
2021-02-25,44.000000,46.750000,40.169998,41.840000,41.840000,3932700
2021-02-26,45.400002,47.099998,42.160000,44.840000,44.840000,3592000
2021-03-01,46.119999,48.209999,44.759998,47.919998,47.919998,1826200
2021-03-02,47.680000,48.360001,43.500999,43.669998,43.669998,1880200
2021-03-03,44.200001,44.610001,38.220001,38.720001,38.720001,2971700
2021-03-04,38.270000,40.560001,36.419998,37.880001,37.880001,3160400
2021-03-05,38.700001,38.740002,31.389999,36.689999,36.689999,4602900
2021-03-08,35.980000,38.180000,34.119999,35.009998,35.009998,2350400
2021-03-09,37.410000,39.759998,36.549999,39.310001,39.310001,2908000
2021-03-10,41.160000,41.820000,36.730000,37.290001,37.290001,2895300
2021-03-11,39.189999,43.450001,38.830002,42.869999,42.869999,3155200
2021-03-12,41.020000,43.349998,40.459999,42.509998,42.509998,1425300
2021-03-15,41.619999,42.919998,40.419998,40.650002,40.650002,1877500
2021-03-16,38.790001,40.037998,37.790001,38.639999,38.639999,1936200
2021-03-17,37.169998,38.500000,36.060001,36.990002,36.990002,3135900
2021-03-18,36.340000,37.290001,33.240002,33.869999,33.869999,3613400
2021-03-19,34.009998,36.720001,33.654999,35.529999,35.529999,3997200
2021-03-22,36.299999,37.799999,35.209999,36.820000,36.820000,2453100
2021-03-23,36.730000,37.630001,35.180000,35.680000,35.680000,1984400
2021-03-24,35.880001,36.410000,33.689999,34.000000,34.000000,2683400
2021-03-25,32.730000,34.200001,31.030001,34.110001,34.110001,3266300
2021-03-26,34.500000,35.990002,33.820000,35.880001,35.880001,2079000
2021-03-29,35.340000,35.540001,32.250000,32.490002,32.490002,1761500
2021-03-30,32.740002,37.189999,32.500000,37.080002,37.080002,1902600
2021-03-31,38.820000,41.910000,38.529999,40.820000,40.820000,3847800
2021-04-01,41.900002,43.700001,40.840000,41.060001,41.060001,3064500
2021-04-05,42.200001,42.365002,36.360001,36.860001,36.860001,3049400
2021-04-06,37.209999,39.299999,37.080002,37.380001,37.380001,1526100
2021-04-07,37.130001,37.369999,34.849998,35.650002,35.650002,1573000
2021-04-08,36.080002,37.029999,34.820000,35.820000,35.820000,1911700
2021-04-09,35.259998,36.240002,34.090000,35.459999,35.459999,1567500
2021-04-12,35.270000,35.910000,32.945000,35.910000,35.910000,2665800
2021-04-13,36.009998,37.410000,34.549999,37.290001,37.290001,2224100
2021-04-14,37.480000,38.770000,36.500000,36.849998,36.849998,1941100
2021-04-15,37.459999,37.889999,34.450001,36.340000,36.340000,2099500
2021-04-16,36.669998,38.540001,36.450001,38.299999,38.299999,6831700
2021-04-19,37.529999,37.709999,34.090000,34.959999,34.959999,2481600
2021-04-20,35.500000,36.500000,34.430000,34.770000,34.770000,2490500
2021-04-21,34.450001,37.689999,33.580002,37.630001,37.630001,1728800
2021-04-22,39.060001,40.610001,38.459999,39.299999,39.299999,1930000
2021-04-23,39.650002,40.660000,38.959999,39.910000,39.910000,1849300
2021-04-26,40.689999,41.400002,38.900002,40.959999,40.959999,1348700
2021-04-27,40.630001,41.700001,40.209999,40.459999,40.459999,1247400
2021-04-28,39.169998,40.400002,38.580002,38.930000,38.930000,1951100
2021-04-29,39.099998,40.000000,35.590000,37.250000,37.250000,2456500
2021-04-30,36.000000,36.507000,34.820000,35.320000,35.320000,1952700
2021-05-03,35.810001,36.470001,34.669998,34.799999,34.799999,1263200
2021-05-04,34.430000,34.430000,31.160000,31.690001,31.690001,2769000
2021-05-05,31.889999,32.520000,30.280001,31.110001,31.110001,2043000
2021-05-06,31.320000,32.330002,30.350000,31.340000,31.340000,2939500
2021-05-07,32.570000,34.040001,31.575001,31.820000,31.820000,1798500
2021-05-10,30.840000,31.490000,27.129999,27.690001,27.690001,3895600
2021-05-11,25.070000,29.629999,25.000000,28.660000,28.660000,2444600
2021-05-12,27.410000,28.340000,25.820000,25.959999,25.959999,2825200
2021-05-13,26.790001,27.264999,25.629999,26.799999,26.799999,2057000
2021-05-14,27.405001,28.910000,27.379999,28.750000,28.750000,1637200
2021-05-17,25.709999,26.809999,24.629999,26.600000,26.600000,6677300
2021-05-18,26.430000,27.389999,25.770000,26.530001,26.530001,4908600
2021-05-19,25.750000,27.910000,25.510000,27.870001,27.870001,4256700
2021-05-20,28.010000,29.500000,27.920000,29.059999,29.059999,3388600
2021-05-21,29.430000,30.023001,28.270000,28.930000,28.930000,2003300
2021-05-24,28.980000,29.780001,28.059999,28.410000,28.410000,1745900
2021-05-25,28.850000,28.980000,27.330000,27.870001,27.870001,2904800
2021-05-26,28.190001,29.360001,28.150000,28.950001,28.950001,1485400
2021-05-27,29.209999,29.209999,28.120001,29.120001,29.120001,2138300
2021-05-28,29.610001,30.900000,29.010000,29.200001,29.200001,1607400
2021-06-01,29.389999,30.100000,27.930000,28.690001,28.690001,1281800
2021-06-02,28.770000,29.280001,28.049999,28.270000,28.270000,1555100
2021-06-03,28.340000,28.480000,27.160000,27.809999,27.809999,2170600
2021-06-04,28.070000,29.400000,28.040001,28.450001,28.450001,1136700
2021-06-07,28.170000,29.450001,27.600000,29.150000,29.150000,1386400
2021-06-08,29.740000,30.990000,29.209999,30.620001,30.620001,1697500
2021-06-09,30.740000,31.629999,30.049999,30.170000,30.170000,1955000
2021-06-10,30.209999,31.770000,29.090000,31.740000,31.740000,1712200
2021-06-11,32.080002,32.980000,31.290001,31.809999,31.809999,2024700
2021-06-14,32.369999,33.040001,31.540001,32.139999,32.139999,1606400
2021-06-15,32.189999,32.470001,30.768999,32.009998,32.009998,1957000
2021-06-16,32.090000,34.459999,31.530001,33.270000,33.270000,3632700
2021-06-17,33.000000,35.810001,32.970001,35.540001,35.540001,3270300
2021-06-18,35.189999,36.340000,34.029999,34.380001,34.380001,2787900
2021-06-21,34.090000,34.779999,32.709999,34.200001,34.200001,2704100
2021-06-22,33.790001,35.410000,33.360001,35.389999,35.389999,2075700
2021-06-23,35.500000,38.119999,35.139999,37.669998,37.669998,3708300
2021-06-24,38.200001,38.200001,35.080002,35.310001,35.310001,3834700
2021-06-25,36.470001,37.014999,35.410000,35.950001,35.950001,6019900
2021-06-28,36.259998,39.279999,36.240002,39.150002,39.150002,4732800
2021-06-29,39.150002,39.830002,37.790001,37.810001,37.810001,2595600
2021-06-30,37.750000,37.919998,36.720001,37.660000,37.660000,2031600
2021-07-01,37.830002,37.980000,36.380001,37.599998,37.599998,2046500
2021-07-02,38.000000,39.158001,37.355000,38.320000,38.320000,2136200
2021-07-06,38.189999,39.990002,37.419998,39.180000,39.180000,2352700
2021-07-07,41.000000,41.730000,37.320000,37.680000,37.680000,4014200
2021-07-08,36.000000,37.310001,34.330002,35.950001,35.950001,4788100
2021-07-09,36.610001,36.669998,35.169998,36.430000,36.430000,1865100
2021-07-12,36.720001,37.810001,36.029999,37.650002,37.650002,1452200
2021-07-13,37.279999,38.049999,36.200001,37.240002,37.240002,1843300
2021-07-14,37.619999,37.900002,34.009998,34.430000,34.430000,2244700
2021-07-15,34.009998,35.389999,33.070000,33.599998,33.599998,1994600
2021-07-16,33.779999,34.270000,32.910000,33.240002,33.240002,1221800
2021-07-19,32.500000,34.060001,31.260000,33.650002,33.650002,2094300
2021-07-20,34.384998,35.669998,32.900002,35.020000,35.020000,1951700
2021-07-21,35.340000,36.540001,35.340000,36.400002,36.400002,1559700
2021-07-22,36.590000,36.959999,34.910000,35.549999,35.549999,1405900
2021-07-23,35.410000,35.529999,33.650002,34.820000,34.820000,1018500
2021-07-26,34.615002,35.306999,32.490002,33.790001,33.790001,1784300
2021-07-27,33.860001,34.080002,31.990000,33.959999,33.959999,1308600
2021-07-28,34.099998,36.349998,33.299999,35.549999,35.549999,2447000
2021-07-29,36.474998,38.250000,36.099998,36.720001,36.720001,2772100
2021-07-30,36.480000,39.080002,35.639999,38.099998,38.099998,2120800
2021-08-02,38.259998,38.279999,36.154999,36.200001,36.200001,2148100
2021-08-03,36.340000,37.825001,36.299999,37.750000,37.750000,1786200
2021-08-04,37.700001,38.169998,36.720001,37.320000,37.320000,1032200
2021-08-05,37.119999,38.060001,36.599998,37.009998,37.009998,821300
2021-08-06,36.500000,37.250000,35.380001,35.990002,35.990002,975500
2021-08-09,36.240002,38.424999,36.090000,37.939999,37.939999,1352600
2021-08-10,38.040001,39.139999,37.299999,37.509998,37.509998,1475800
2021-08-11,37.340000,37.520000,35.290001,36.619999,36.619999,1264900
2021-08-12,36.209999,36.990002,35.700001,36.939999,36.939999,1051100
2021-08-13,36.799999,37.000000,33.970001,34.020000,34.020000,1532800
2021-08-16,33.919998,34.959999,32.919998,33.470001,33.470001,2059500
2021-08-17,33.000000,33.000000,30.600000,31.830000,31.830000,2740200
2021-08-18,32.000000,33.090000,31.480000,32.349998,32.349998,1365800
2021-08-19,31.799999,32.590000,31.200001,31.969999,31.969999,1650300
2021-08-20,31.760000,32.720001,31.760000,32.439999,32.439999,1371700
2021-08-23,32.619999,34.665001,32.570000,34.459999,34.459999,1241500
2021-08-24,34.990002,35.654999,33.900002,34.439999,34.439999,1896900
2021-08-25,34.220001,36.160000,33.959999,35.320000,35.320000,1156400
2021-08-26,35.020000,36.150002,34.529999,34.790001,34.790001,793500
2021-08-27,34.910000,36.599998,34.810001,35.880001,35.880001,1289900
2021-08-30,36.520000,37.220001,35.750000,36.560001,36.560001,1038100