Date,Open,High,Low,Close,Adj Close,Volume
2021-01-04,118.410004,121.089996,116.550003,117.680000,117.680000,109600
2021-01-05,117.400002,120.169998,117.400002,120.000000,120.000000,80600
2021-01-06,120.989998,126.010002,120.989998,124.470001,124.470001,96300
2021-01-07,124.470001,128.869995,123.900002,128.860001,128.860001,81100
2021-01-08,128.500000,132.059998,121.629997,130.779999,130.779999,107900
2021-01-11,128.860001,132.699997,128.860001,132.220001,132.220001,79600
2021-01-12,132.550003,133.570007,125.910004,130.929993,130.929993,163300
2021-01-13,131.020004,133.360001,130.119995,130.809998,130.809998,140900
2021-01-14,131.949997,134.380005,129.550003,130.369995,130.369995,99100
2021-01-15,129.160004,130.350006,125.349998,128.509995,128.509995,89900
2021-01-19,130.520004,131.600006,128.119995,129.110001,129.110001,82700
2021-01-20,129.899994,132.779999,129.539993,131.529999,131.529999,83800
2021-01-21,132.380005,133.979996,130.149994,133.250000,133.250000,73000
2021-01-22,132.509995,135.539993,132.169998,134.399994,134.399994,149400
2021-01-25,133.759995,135.580002,129.729996,130.979996,130.979996,106800
2021-01-26,132.070007,132.949997,126.940002,127.010002,127.010002,90200
2021-01-27,124.760002,126.760002,120.169998,125.620003,125.620003,164100
2021-01-28,127.949997,128.470001,125.230003,126.930000,126.930000,92100
2021-01-29,126.300003,127.230003,123.919998,124.919998,124.919998,158700
2021-02-01,126.800003,128.820007,125.000000,128.240005,128.240005,86600
2021-02-02,129.460007,132.220001,126.980003,131.389999,131.389999,100600
2021-02-03,130.699997,132.279999,128.089996,129.070007,129.070007,89900
2021-02-04,128.960007,132.979996,128.470001,131.839996,131.839996,64500
2021-02-05,132.990005,135.339996,131.169998,135.160004,135.160004,80700
2021-02-08,135.940002,139.190002,135.199997,139.029999,139.029999,95500
2021-02-09,139.570007,141.729996,138.949997,140.589996,140.589996,90100
2021-02-10,141.220001,141.929993,138.949997,139.009995,139.009995,74700
2021-02-11,140.089996,143.009995,138.619995,142.929993,142.929993,112900
2021-02-12,143.470001,144.419998,141.729996,144.419998,144.419998,61900
2021-02-16,144.440002,146.160004,143.250000,143.839996,143.839996,98900
2021-02-17,141.520004,143.610001,133.589996,143.100006,143.100006,130400
2021-02-18,141.919998,142.949997,139.630005,141.990005,141.990005,77900
2021-02-19,141.919998,144.820007,141.919998,144.130005,144.130005,74700
2021-02-22,142.899994,143.470001,135.669998,138.520004,138.520004,100600
2021-02-23,137.449997,137.449997,133.220001,134.289993,134.289993,151400
2021-02-24,133.389999,139.360001,132.160004,138.229996,138.229996,90300
2021-02-25,136.770004,138.479996,132.710007,133.830002,133.830002,72100
2021-02-26,134.380005,136.460007,131.750000,132.330002,132.330002,120500
2021-03-01,134.789993,138.529999,132.949997,136.190002,136.190002,101700
2021-03-02,135.500000,137.119995,130.289993,130.589996,130.589996,103300
2021-03-03,129.979996,132.309998,126.959999,127.269997,127.269997,128400
2021-03-04,126.260002,126.779999,121.410004,121.970001,121.970001,135800
2021-03-05,124.139999,127.949997,118.730003,126.949997,126.949997,219400
2021-03-08,126.989998,128.169998,123.400002,123.540001,123.540001,119200
2021-03-09,125.269997,128.800003,123.150002,125.330002,125.330002,104700
2021-03-10,126.570000,128.779999,126.349998,126.769997,126.769997,135900
2021-03-11,126.080002,129.660004,126.080002,127.190002,127.190002,136800
2021-03-12,126.379997,130.449997,125.919998,129.940002,129.940002,86600
2021-03-15,128.839996,129.880005,126.849998,128.940002,128.940002,98800
2021-03-16,128.449997,128.500000,125.529999,127.559998,127.559998,100600
2021-03-17,127.180000,129.399994,123.779999,129.399994,129.399994,72600
2021-03-18,127.550003,130.690002,127.029999,127.970001,127.970001,113700
2021-03-19,128.679993,132.990005,126.300003,132.240005,132.240005,492100
2021-03-22,132.330002,132.699997,129.570007,132.179993,132.179993,106400
2021-03-23,131.210007,134.229996,129.919998,130.509995,130.509995,184600
2021-03-24,132.210007,132.210007,128.750000,128.880005,128.880005,154400
2021-03-25,127.760002,129.899994,126.269997,129.119995,129.119995,91100
2021-03-26,129.490005,132.720001,126.269997,132.250000,132.250000,58500
2021-03-29,131.550003,134.009995,128.809998,129.330002,129.330002,71100
2021-03-30,128.809998,130.100006,127.389999,129.229996,129.229996,78000
2021-03-31,129.350006,133.410004,127.680000,131.889999,131.889999,146200
2021-04-01,132.279999,134.860001,132.279999,134.860001,134.860001,79800
2021-04-05,135.529999,137.449997,134.820007,136.470001,136.470001,128300
2021-04-06,136.789993,136.919998,135.009995,135.809998,135.809998,101500
2021-04-07,136.009995,136.410004,132.970001,134.179993,134.179993,104200
2021-04-08,134.669998,135.690002,133.509995,135.669998,135.669998,64200
2021-04-09,135.419998,136.580002,133.889999,135.809998,135.809998,45800
2021-04-12,135.839996,135.839996,133.309998,134.190002,134.190002,60000
2021-04-13,134.460007,134.460007,130.770004,132.639999,132.639999,64400
2021-04-14,133.460007,136.050003,132.350006,134.710007,134.710007,124600
2021-04-15,135.580002,136.149994,134.220001,136.139999,136.139999,63700
2021-04-16,137.059998,137.059998,135.009995,135.669998,135.669998,71700
2021-04-19,135.289993,137.970001,133.679993,137.070007,137.070007,141400
2021-04-20,136.169998,136.649994,134.389999,135.440002,135.440002,134100
2021-04-21,135.500000,137.490005,135.500000,136.509995,136.509995,67600
2021-04-22,136.100006,137.979996,135.500000,135.630005,135.630005,75600
2021-04-23,136.380005,138.610001,135.029999,138.050003,138.050003,57900
2021-04-26,138.000000,141.729996,136.009995,141.729996,141.729996,88900
2021-04-27,142.000000,142.809998,139.880005,140.470001,140.470001,75700
2021-04-28,140.470001,140.470001,137.910004,138.940002,138.940002,63600
2021-04-29,140.300003,140.300003,135.500000,136.449997,136.449997,77200
2021-04-30,135.800003,135.800003,130.059998,131.710007,131.710007,103100
2021-05-03,131.509995,133.229996,129.169998,131.509995,131.509995,106200
2021-05-04,130.270004,132.350006,128.029999,129.539993,129.539993,124400
2021-05-05,129.639999,132.419998,127.449997,128.399994,128.399994,88600
2021-05-06,128.220001,128.220001,124.510002,126.720001,126.720001,72000
2021-05-07,126.089996,129.350006,126.089996,128.889999,128.889999,46900
2021-05-10,128.070007,129.800003,125.190002,125.370003,125.370003,98500
2021-05-11,124.220001,130.559998,122.169998,130.550003,130.550003,113900
2021-05-12,129.309998,131.089996,127.250000,128.529999,128.529999,238200
2021-05-13,129.080002,132.300003,128.580002,131.039993,131.039993,126200
2021-05-14,131.589996,135.309998,130.220001,134.130005,134.130005,76100
2021-05-17,132.899994,136.000000,132.779999,135.679993,135.679993,128700
2021-05-18,136.479996,138.559998,134.089996,134.229996,134.229996,81500
2021-05-19,132.820007,136.759995,129.350006,136.580002,136.580002,85000
2021-05-20,135.750000,138.419998,135.750000,138.289993,138.289993,86200
2021-05-21,139.740005,139.910004,135.830002,137.149994,137.149994,68500
2021-05-24,137.600006,139.220001,136.710007,137.050003,137.050003,62600
2021-05-25,137.490005,137.490005,135.679993,136.050003,136.050003,61500
2021-05-26,136.669998,137.910004,133.809998,136.889999,136.889999,66300
2021-05-27,137.850006,139.160004,137.630005,138.250000,138.250000,86200
2021-05-28,138.630005,139.600006,135.559998,138.970001,138.970001,43900
2021-06-01,139.770004,139.979996,138.130005,138.960007,138.960007,78700
2021-06-02,139.250000,139.250000,136.679993,138.080002,138.080002,69200
2021-06-03,137.460007,137.460007,135.520004,136.479996,136.479996,48700
2021-06-04,137.259995,139.460007,136.139999,139.250000,139.250000,62800
2021-06-07,139.000000,139.770004,138.369995,139.179993,139.179993,101200
2021-06-08,139.779999,139.800003,136.880005,138.479996,138.479996,93700
2021-06-09,138.410004,139.169998,136.759995,137.169998,137.169998,88400
2021-06-10,137.889999,137.970001,135.309998,135.580002,135.580002,52100
2021-06-11,136.339996,136.339996,133.279999,135.009995,135.009995,59000
2021-06-14,135.039993,136.100006,134.369995,134.789993,134.789993,56400
2021-06-15,135.000000,135.750000,133.720001,135.309998,135.309998,132800
2021-06-16,134.619995,136.410004,133.979996,135.119995,135.119995,80700
2021-06-17,134.369995,136.220001,133.369995,134.839996,134.839996,103300
2021-06-18,132.639999,133.559998,125.209999,126.379997,126.379997,223100
2021-06-21,127.050003,130.800003,126.379997,128.750000,128.750000,101600
2021-06-22,128.320007,128.660004,126.570000,128.550003,128.550003,49600
2021-06-23,127.919998,128.339996,127.330002,128.250000,128.250000,85600
2021-06-24,129.080002,130.990005,128.720001,130.630005,130.630005,50200
2021-06-25,131.100006,132.100006,129.559998,130.339996,130.339996,185900
2021-06-28,130.449997,134.389999,130.449997,133.869995,133.869995,96200
2021-06-29,133.630005,136.250000,130.039993,135.669998,135.669998,47900
2021-06-30,134.750000,135.449997,133.460007,134.759995,134.759995,93700
2021-07-01,134.470001,137.130005,134.250000,136.759995,136.759995,133600
2021-07-02,137.839996,138.690002,136.809998,137.369995,137.369995,51900
2021-07-06,137.369995,137.690002,135.630005,137.570007,137.570007,57400
2021-07-07,137.440002,139.169998,137.009995,138.580002,138.580002,102900
2021-07-08,136.619995,138.500000,133.500000,137.539993,137.539993,75800
2021-07-09,138.699997,139.630005,136.940002,136.979996,136.979996,59800
2021-07-12,138.210007,139.360001,135.820007,138.580002,138.580002,56000
2021-07-13,137.399994,138.399994,135.740005,135.960007,135.960007,57900
2021-07-14,137.169998,137.169998,133.000000,133.169998,133.169998,54700
2021-07-15,132.259995,132.869995,130.160004,130.699997,130.699997,48700
2021-07-16,131.960007,134.380005,131.369995,132.839996,132.839996,84300
2021-07-19,131.440002,133.449997,129.800003,130.589996,130.589996,68100
2021-07-20,130.970001,136.740005,130.970001,133.539993,133.539993,129900
2021-07-21,134.399994,135.789993,133.839996,134.619995,134.619995,66400
2021-07-22,134.289993,136.509995,133.589996,134.419998,134.419998,33500
2021-07-23,135.070007,137.750000,134.050003,137.399994,137.399994,31900
2021-07-26,137.000000,138.440002,134.029999,134.880005,134.880005,46100
2021-07-27,133.619995,134.449997,129.610001,131.919998,131.919998,52900
2021-07-28,132.210007,137.270004,131.419998,136.190002,136.190002,78300
2021-07-29,136.639999,139.130005,135.360001,137.539993,137.539993,41200
2021-07-30,136.509995,140.910004,134.509995,140.410004,140.410004,70900
2021-08-02,141.199997,142.869995,138.470001,138.970001,138.970001,47500
2021-08-03,138.740005,140.199997,136.119995,136.779999,136.779999,59500
2021-08-04,135.710007,137.360001,135.259995,135.369995,135.369995,50600
2021-08-05,135.509995,138.509995,135.509995,137.610001,137.610001,48900
2021-08-06,138.020004,140.449997,136.289993,140.449997,140.449997,48500
2021-08-09,140.020004,140.940002,139.500000,140.910004,140.910004,65100
2021-08-10,142.250000,142.850006,138.600006,142.059998,142.059998,75300
2021-08-11,143.449997,148.809998,142.089996,148.080002,148.080002,123500
2021-08-12,148.580002,148.860001,145.389999,146.289993,146.289993,65900
2021-08-13,146.539993,147.110001,145.279999,146.320007,146.320007,57200
2021-08-16,145.649994,148.160004,143.529999,147.750000,147.750000,102100
2021-08-17,146.630005,146.630005,140.330002,141.899994,141.899994,84400
2021-08-18,141.250000,146.360001,139.339996,145.690002,145.690002,146900
2021-08-19,144.449997,150.869995,144.449997,148.589996,148.589996,151500
2021-08-20,147.970001,151.429993,147.580002,149.470001,149.470001,188400
2021-08-23,150.259995,150.960007,145.860001,146.639999,146.639999,67700
2021-08-24,146.690002,148.979996,143.649994,148.369995,148.369995,81600
2021-08-25,149.110001,150.289993,147.589996,148.199997,148.199997,34600
2021-08-26,147.690002,149.119995,145.690002,147.399994,147.399994,98800
2021-08-27,147.509995,151.550003,147.259995,151.050003,151.050003,118300
2021-08-30,151.520004,153.110001,150.339996,150.800003,150.800003,86600