Date,Open,High,Low,Close,Adj Close,Volume
2021-01-04,36.180000,36.450001,34.400002,34.419998,33.852150,436200
2021-01-05,34.439999,34.680000,33.790001,34.139999,33.576767,584500
2021-01-06,34.360001,34.860001,34.070000,34.279999,33.714458,559000
2021-01-07,34.240002,35.529999,33.810001,35.529999,34.943840,519300
2021-01-08,35.959999,37.490002,35.660000,37.220001,36.605961,788300
2021-01-11,36.990002,37.285000,36.150002,37.060001,36.448601,561000
2021-01-12,37.090000,37.200001,35.770000,36.310001,35.710972,312400
2021-01-13,36.459999,36.919998,36.259998,36.450001,35.848663,320200
2021-01-14,36.490002,36.700001,36.119999,36.509998,35.907669,272800
2021-01-15,36.209999,36.889999,35.950001,36.860001,36.251896,374800
2021-01-19,37.240002,37.259998,36.279999,36.459999,35.858494,332600
2021-01-20,36.270000,36.939999,36.250000,36.660000,36.055195,500400
2021-01-21,36.580002,36.630001,35.810001,36.130001,35.533939,310400
2021-01-22,36.060001,36.700001,35.950001,36.380001,35.779819,348300
2021-01-25,36.279999,37.220001,35.840000,37.009998,36.399422,749500
2021-01-26,37.209999,37.689999,37.070000,37.209999,36.596123,322100
2021-01-27,36.750000,37.599998,36.209999,36.560001,35.956848,496800
2021-01-28,36.680000,36.910000,36.040001,36.400002,35.799488,382900
2021-01-29,36.430000,37.419998,35.959999,36.540001,35.937176,377700
2021-02-01,36.619999,37.455002,35.860001,37.430000,36.812492,308200
2021-02-02,37.480000,37.810001,37.110001,37.590000,36.969856,210700
2021-02-03,37.349998,37.410000,36.330002,37.200001,36.586288,198100
2021-02-04,37.320000,37.869999,37.320000,37.810001,37.186226,232300
2021-02-05,38.000000,38.070000,36.970001,37.560001,36.940350,316000
2021-02-08,37.549999,37.759998,37.200001,37.480000,36.861668,240500
2021-02-09,37.639999,38.139999,37.470001,38.139999,37.510780,369200
2021-02-10,38.439999,38.860001,37.459999,37.700001,37.078037,261300
2021-02-11,37.799999,38.049999,37.439999,37.880001,37.255070,281200
2021-02-12,37.709999,37.990002,37.299999,37.750000,37.127213,308700
2021-02-16,37.730000,37.848999,36.919998,37.630001,37.009197,238800
2021-02-17,37.459999,38.389999,37.000000,38.099998,37.471436,394600
2021-02-18,38.000000,38.270000,37.540001,37.540001,36.920681,414800
2021-02-19,37.630001,37.930000,37.299999,37.720001,37.097710,263100
2021-02-22,37.490002,38.220001,37.209999,38.029999,37.402596,237700
2021-02-23,38.020000,40.180000,37.500000,39.840000,39.182735,397000
2021-02-24,39.950001,40.730000,39.029999,39.299999,38.651642,291600
2021-02-25,39.290001,40.669998,39.115002,39.619999,38.966362,330200
2021-02-26,39.790001,39.985001,38.549999,38.549999,37.914013,342000
2021-03-01,39.090000,39.930000,38.349998,38.439999,37.805828,274600
2021-03-02,38.330002,38.747002,37.660000,38.270000,37.638638,541800
2021-03-03,38.130001,38.230000,37.630001,37.950001,37.323917,237900
2021-03-04,37.900002,38.709999,37.000000,37.700001,37.078037,278600
2021-03-05,38.150002,38.240002,37.360001,38.049999,37.422264,339300
2021-03-08,38.259998,39.279999,37.785000,38.820000,38.179562,238300
2021-03-09,39.000000,39.660000,38.869999,38.930000,38.287746,222900
2021-03-10,38.930000,39.619999,38.669998,39.410000,38.759827,432100
2021-03-11,39.389999,39.770000,39.160000,39.540001,38.887684,292700
2021-03-12,39.270000,40.669998,39.119999,40.650002,40.336422,1038600
2021-03-15,40.720001,41.729000,40.455002,41.310001,40.991329,272200
2021-03-16,41.119999,41.520000,40.750000,41.169998,40.852406,287300
2021-03-17,41.169998,41.270000,40.505001,40.980000,40.663872,354900
2021-03-18,40.750000,41.009998,40.299999,40.720001,40.405880,276000
2021-03-19,40.720001,40.720001,38.970001,39.020000,38.718994,958300
2021-03-22,39.020000,39.119999,38.724998,39.070000,38.768608,281100
2021-03-23,39.000000,39.834999,38.790001,39.599998,39.294518,230700
2021-03-24,39.599998,40.080002,39.130001,39.490002,39.185371,275400
2021-03-25,39.349998,39.799999,38.735001,39.639999,39.334209,1067200
2021-03-26,39.950001,40.299999,39.540001,40.290001,39.979198,312900
2021-03-29,40.340000,41.000000,39.919998,40.259998,39.949425,902000
2021-03-30,40.230000,40.590000,40.049999,40.310001,39.999043,173600
2021-03-31,40.549999,40.644001,39.799999,39.930000,39.621975,1089700
2021-04-01,40.110001,40.459999,39.900002,40.369999,40.058578,904000
2021-04-05,40.439999,40.660000,39.910000,40.590000,40.276882,425100
2021-04-06,40.680000,41.189999,40.250000,40.619999,40.306648,924900
2021-04-07,40.750000,41.230000,40.610001,41.169998,40.852406,600500
2021-04-08,41.150002,41.720001,41.000000,41.220001,40.902023,680900
2021-04-09,41.380001,41.619999,40.900002,41.389999,41.070709,372800
2021-04-12,41.590000,41.891998,41.040001,41.529999,41.209629,377100
2021-04-13,41.660000,42.330002,41.549999,42.330002,42.003460,396200
2021-04-14,42.330002,42.500000,42.090000,42.270000,41.943924,387200
2021-04-15,42.570000,43.064999,42.330002,43.009998,42.678211,313600
2021-04-16,43.090000,43.230000,42.689999,42.689999,42.360680,242500
2021-04-19,42.740002,43.310001,42.410000,43.310001,42.975903,680200
2021-04-20,43.299999,44.330002,43.299999,43.810001,43.472046,608900
2021-04-21,43.950001,44.430000,43.750000,44.369999,44.027721,604300
2021-04-22,44.410000,45.029999,44.220001,44.590000,44.246025,369000
2021-04-23,44.880001,45.330002,44.575001,44.939999,44.593323,414900
2021-04-26,45.169998,45.430000,44.400002,44.490002,44.146797,307600
2021-04-27,44.580002,44.759998,44.060001,44.200001,43.859035,313200
2021-04-28,44.200001,44.680000,44.200001,44.439999,44.097183,267600
2021-04-29,44.619999,45.180000,44.619999,44.939999,44.593323,258200
2021-04-30,44.820000,45.689999,44.610001,45.439999,45.089466,437600
2021-05-03,45.490002,45.720001,44.619999,44.810001,44.464329,457000
2021-05-04,44.770000,45.580002,44.770000,45.470001,45.119240,1073000
2021-05-05,45.470001,46.439999,43.599998,45.209999,44.861240,654500
2021-05-06,45.340000,45.689999,44.810001,45.060001,44.712402,577100
2021-05-07,44.970001,46.020000,44.880001,45.810001,45.456615,452700
2021-05-10,45.900002,46.279999,45.720001,45.740002,45.387157,342800
2021-05-11,41.290001,44.029999,41.099998,43.680000,43.343044,2640200
2021-05-12,43.740002,43.750000,42.169998,42.689999,42.360680,1220400
2021-05-13,42.650002,44.759998,42.520000,43.509998,43.174355,14069500
2021-05-14,43.770000,43.869999,43.130001,43.400002,43.065208,1007600
2021-05-17,43.639999,44.270000,43.360001,44.200001,43.859035,603000
2021-05-18,44.240002,44.330002,43.720001,44.009998,43.670498,489300
2021-05-19,43.810001,44.540001,43.389999,44.520000,44.176567,758900
2021-05-20,44.520000,45.095001,44.169998,44.869999,44.523865,534700
2021-05-21,44.830002,45.009998,44.279999,44.599998,44.255947,580200
2021-05-24,44.900002,45.410000,44.490002,45.270000,44.920780,482300
2021-05-25,45.490002,45.549999,45.000000,45.169998,44.821548,969300
2021-05-26,45.349998,46.150002,45.230000,45.630001,45.278004,493200
2021-05-27,45.919998,46.040001,45.470001,45.779999,45.426846,1161100
2021-05-28,46.380001,46.500000,45.959999,46.099998,45.744377,989600
2021-06-01,46.150002,46.720001,45.869999,46.689999,46.329826,544800
2021-06-02,46.869999,47.134998,46.459999,46.930000,46.567974,840800
2021-06-03,47.209999,47.549999,46.630001,47.480000,47.113731,712900
2021-06-04,47.750000,47.750000,46.950001,47.110001,46.746586,434900
2021-06-07,47.270000,48.369999,47.270000,48.090000,47.719028,733900
2021-06-08,48.070000,49.099998,48.070000,48.660000,48.284630,758000
2021-06-09,48.900002,48.900002,48.584999,48.720001,48.344170,325900
2021-06-10,48.630001,49.500000,48.369999,49.500000,49.118149,483500
2021-06-11,49.299999,49.455002,48.900002,49.259998,48.880001,486400
2021-06-14,49.009998,49.720001,49.000000,49.720001,49.720001,544700
2021-06-15,50.090000,50.102001,49.599998,49.669998,49.669998,945500
2021-06-16,49.680000,50.160000,49.389999,49.509998,49.509998,604200
2021-06-17,49.169998,50.000000,48.980000,49.799999,49.799999,744600
2021-06-18,49.900002,50.220001,49.040001,49.139999,49.139999,1812200
2021-06-21,49.240002,50.509998,49.240002,50.419998,50.419998,601800
2021-06-22,50.490002,50.970001,50.110001,50.470001,50.470001,550200
2021-06-23,50.369999,51.430000,50.180000,51.340000,51.340000,1044800
2021-06-24,51.340000,51.570000,50.529999,50.810001,50.810001,623400
2021-06-25,50.779999,51.709999,50.709999,51.349998,51.349998,1535800
2021-06-28,51.200001,51.424999,50.220001,50.590000,50.590000,703800
2021-06-29,50.720001,51.090000,50.419998,50.540001,50.540001,341700
2021-06-30,50.540001,50.919998,50.430000,50.560001,50.560001,519800
2021-07-01,50.610001,50.869999,50.200001,50.320000,50.320000,635900
2021-07-02,50.759998,51.025002,50.560001,50.860001,50.860001,486900
2021-07-06,50.759998,52.049999,50.660000,51.939999,51.939999,1309200
2021-07-07,51.939999,52.470001,51.529999,52.389999,52.389999,671400
2021-07-08,51.619999,51.988998,51.240002,51.520000,51.520000,645900
2021-07-09,51.720001,52.730000,51.709999,52.700001,52.700001,734100
2021-07-12,52.700001,53.520000,52.529999,53.430000,53.430000,413600
2021-07-13,53.240002,53.639999,52.660000,52.720001,52.720001,489500
2021-07-14,52.799999,53.439999,52.639999,53.250000,53.250000,305400
2021-07-15,53.410000,53.560001,53.000000,53.389999,53.389999,426400
2021-07-16,53.540001,53.980000,53.310001,53.320000,53.320000,321900
2021-07-19,52.990002,52.999001,51.639999,52.180000,52.180000,843300
2021-07-20,52.470001,53.490002,52.314999,53.299999,53.299999,934100
2021-07-21,51.299999,53.180000,51.049999,52.860001,52.860001,5682300
2021-07-22,53.060001,54.750000,52.880001,54.349998,54.349998,4771600
2021-07-23,54.389999,55.020000,54.389999,54.709999,54.709999,3206000
2021-07-26,54.970001,55.220001,54.330002,54.580002,54.580002,1023900
2021-07-27,54.490002,54.799999,54.250000,54.529999,54.529999,740900
2021-07-28,54.680000,54.990002,54.090000,54.400002,54.400002,616700
2021-07-29,54.590000,55.009998,54.264999,54.299999,54.299999,527000
2021-07-30,54.619999,55.490002,54.139999,54.169998,54.169998,556500
2021-08-02,54.660000,54.919998,54.240002,54.270000,54.270000,438500
2021-08-03,54.189999,54.549999,53.883999,54.549999,54.549999,618900
2021-08-04,54.290001,55.080002,54.049999,54.650002,54.650002,671800
2021-08-05,54.919998,55.060001,53.869999,54.689999,54.689999,497600
2021-08-06,54.900002,55.240002,54.250000,54.380001,54.380001,459900
2021-08-09,54.250000,55.049999,54.000000,54.910000,54.910000,490600
2021-08-10,55.000000,55.220001,54.500000,54.619999,54.619999,347700
2021-08-11,54.799999,55.169998,54.450001,54.820000,54.820000,352400
2021-08-12,54.990002,55.270000,54.794998,55.200001,55.200001,423300
2021-08-13,55.299999,55.709999,55.160000,55.630001,55.630001,632400
2021-08-16,55.849998,56.029999,55.490002,55.889999,55.889999,290700
2021-08-17,55.520000,55.919998,55.195000,55.849998,55.849998,467500
2021-08-18,55.849998,55.970001,55.134998,55.180000,55.180000,516800
2021-08-19,55.080002,55.330002,54.700001,55.240002,55.240002,643400
2021-08-20,55.250000,55.939999,54.779999,55.570000,55.570000,1145900
2021-08-23,55.560001,55.919998,55.060001,55.419998,55.419998,439800
2021-08-24,55.650002,55.700001,54.369999,54.490002,54.490002,645300
2021-08-25,54.439999,55.500000,54.240002,55.020000,55.020000,455800
2021-08-26,55.700001,56.130001,55.369999,55.980000,55.980000,526300
2021-08-27,56.119999,56.889999,56.119999,56.639999,56.639999,845200
2021-08-30,56.669998,57.220001,56.400002,57.169998,57.169998,575300