Date,Open,High,Low,Close,Adj Close,Volume
2021-01-04,76.629997,77.220001,74.099998,75.279999,75.279999,152600
2021-01-05,75.430000,77.790001,75.279999,76.860001,76.860001,146700
2021-01-06,78.160004,81.360001,78.160004,79.989998,79.989998,256500
2021-01-07,80.160004,81.550003,79.570000,81.300003,81.300003,102100
2021-01-08,81.739998,82.190002,79.940002,80.410004,80.410004,122200
2021-01-11,79.190002,80.029999,75.199997,78.330002,78.330002,153600
2021-01-12,78.660004,80.129997,78.279999,79.760002,79.760002,94500
2021-01-13,79.570000,79.820000,78.129997,78.580002,78.580002,121900
2021-01-14,79.080002,81.470001,78.690002,80.440002,80.440002,124400
2021-01-15,79.330002,81.169998,78.709999,79.120003,79.120003,123400
2021-01-19,80.489998,81.980003,79.180000,79.430000,79.430000,154600
2021-01-20,80.480003,82.500000,79.830002,80.949997,80.949997,169700
2021-01-21,81.849998,82.800003,80.500000,81.239998,81.239998,98600
2021-01-22,80.629997,82.480003,80.230003,82.239998,82.239998,111500
2021-01-25,81.220001,84.209999,81.220001,82.260002,82.260002,114100
2021-01-26,83.190002,83.190002,81.519997,81.849998,81.849998,114500
2021-01-27,80.169998,82.029999,79.349998,80.239998,80.239998,177500
2021-01-28,81.269997,81.269997,76.610001,77.279999,77.279999,331100
2021-01-29,76.760002,78.089996,75.379997,76.099998,76.099998,242300
2021-02-01,76.669998,78.290001,75.690002,77.879997,77.879997,231800
2021-02-02,79.940002,79.989998,76.800003,79.309998,79.309998,164600
2021-02-03,79.010002,80.599998,77.430000,80.400002,80.400002,351300
2021-02-04,81.150002,82.889999,80.360001,82.559998,82.559998,183500
2021-02-05,83.599998,83.980003,81.800003,82.849998,82.849998,155000
2021-02-08,84.139999,85.580002,83.879997,84.379997,84.379997,216300
2021-02-09,84.639999,85.419998,82.529999,84.870003,84.870003,179100
2021-02-10,85.489998,85.589996,84.120003,84.820000,84.820000,175700
2021-02-11,85.220001,88.699997,83.500000,85.949997,85.949997,320700
2021-02-12,86.349998,86.349998,82.809998,85.180000,85.180000,318700
2021-02-16,85.199997,88.300003,82.690002,84.239998,84.239998,239400
2021-02-17,83.160004,85.220001,82.809998,83.629997,83.629997,211900
2021-02-18,83.019997,83.900002,82.220001,82.660004,82.660004,202000
2021-02-19,83.250000,85.000000,82.580002,83.570000,83.570000,239500
2021-02-22,81.120003,83.099998,80.029999,82.440002,82.440002,366000
2021-02-23,81.139999,83.500000,80.080002,82.980003,82.980003,208400
2021-02-24,83.620003,84.870003,82.809998,84.519997,84.519997,259300
2021-02-25,85.489998,85.489998,82.690002,82.889999,82.889999,158000
2021-02-26,83.099998,84.660004,82.860001,83.589996,83.589996,294000
2021-03-01,84.699997,87.099998,84.250000,86.389999,86.389999,305500
2021-03-02,86.389999,86.800003,85.139999,85.550003,85.550003,272300
2021-03-03,85.550003,88.080002,84.949997,86.889999,86.889999,308800
2021-03-04,86.910004,87.980003,82.949997,84.510002,84.510002,287800
2021-03-05,85.730003,87.709999,85.029999,87.120003,87.120003,260900
2021-03-08,87.849998,89.660004,87.629997,88.320000,88.320000,249800
2021-03-09,89.019997,92.779999,88.400002,91.320000,91.320000,357900
2021-03-10,92.349998,94.779999,91.639999,93.940002,93.940002,218800
2021-03-11,94.370003,97.059998,93.580002,96.760002,96.760002,282200
2021-03-12,96.690002,99.250000,96.610001,97.029999,97.029999,317900
2021-03-15,97.500000,97.980003,95.150002,96.620003,96.620003,239500
2021-03-16,96.760002,99.070000,95.860001,98.250000,98.250000,244000
2021-03-17,100.089996,100.089996,95.949997,97.459999,97.459999,276200
2021-03-18,97.000000,98.389999,94.809998,95.459999,95.459999,280200
2021-03-19,94.750000,96.779999,93.480003,95.669998,95.669998,497700
2021-03-22,96.580002,97.809998,95.269997,95.699997,95.699997,184500
2021-03-23,94.690002,96.010002,91.970001,92.489998,92.489998,254000
2021-03-24,93.720001,94.500000,92.550003,92.809998,92.809998,242200
2021-03-25,92.730003,94.389999,90.459999,93.900002,93.900002,301000
2021-03-26,94.029999,96.970001,94.029999,96.669998,96.669998,421300
2021-03-29,95.769997,97.930000,93.459999,94.059998,94.059998,351900
2021-03-30,93.620003,95.500000,91.980003,94.849998,94.849998,306600
2021-03-31,95.190002,97.720001,94.750000,95.419998,95.419998,405500
2021-04-01,96.050003,97.010002,95.059998,95.959999,95.959999,187900
2021-04-05,97.099998,97.940002,95.760002,96.400002,96.400002,282700
2021-04-06,96.680000,97.050003,95.150002,95.220001,95.220001,174300
2021-04-07,96.070000,96.290001,93.820000,94.260002,94.260002,216300
2021-04-08,94.519997,97.599998,94.260002,97.500000,97.500000,232100
2021-04-09,97.739998,97.889999,96.570000,97.459999,97.459999,175200
2021-04-12,97.680000,97.739998,96.379997,97.400002,97.400002,226400
2021-04-13,97.150002,98.430000,96.389999,98.199997,98.199997,312700
2021-04-14,98.160004,101.360001,97.820000,100.019997,100.019997,333500
2021-04-15,100.199997,102.070000,98.769997,102.000000,102.000000,194900
2021-04-16,102.370003,103.750000,102.120003,102.699997,102.699997,360500
2021-04-19,102.529999,103.449997,100.830002,101.959999,101.959999,269200
2021-04-20,102.199997,102.199997,99.139999,100.320000,100.320000,191700
2021-04-21,100.010002,101.379997,99.720001,101.370003,101.370003,192000
2021-04-22,101.400002,101.989998,99.589996,99.589996,99.589996,168200
2021-04-23,99.830002,101.959999,99.699997,101.099998,101.099998,234600
2021-04-26,101.760002,102.419998,101.000000,101.519997,101.519997,138900
2021-04-27,101.410004,102.550003,100.779999,101.870003,101.870003,134400
2021-04-28,101.639999,102.860001,101.250000,102.720001,102.720001,135500
2021-04-29,103.669998,104.599998,101.620003,102.440002,102.440002,274400
2021-04-30,101.370003,102.500000,100.209999,100.370003,100.370003,367100
2021-05-03,101.070000,103.730003,101.070000,102.930000,102.930000,788200
2021-05-04,102.500000,102.889999,101.290001,102.500000,102.500000,138900
2021-05-05,102.879997,103.199997,101.360001,101.599998,101.599998,187000
2021-05-06,94.809998,97.139999,92.099998,95.589996,95.589996,843600
2021-05-07,95.690002,100.180000,95.690002,100.070000,100.070000,413200
2021-05-10,100.000000,101.070000,99.050003,99.180000,99.180000,453300
2021-05-11,97.070000,99.849998,97.070000,97.510002,97.510002,532000
2021-05-12,97.000000,98.629997,95.940002,96.230003,96.230003,510600
2021-05-13,96.260002,100.220001,96.260002,99.349998,99.349998,463200
2021-05-14,99.889999,100.940002,99.389999,100.699997,100.699997,465000
2021-05-17,99.879997,102.440002,99.879997,101.000000,101.000000,246200
2021-05-18,101.800003,102.160004,99.410004,100.010002,100.010002,587900
2021-05-19,98.769997,102.279999,97.639999,101.330002,101.330002,627700
2021-05-20,101.169998,102.169998,99.699997,101.690002,101.690002,267300
2021-05-21,102.430000,103.709999,101.730003,101.820000,101.820000,368900
2021-05-24,102.220001,103.809998,102.010002,103.050003,103.050003,170600
2021-05-25,103.610001,105.610001,102.849998,102.870003,102.870003,303100
2021-05-26,103.180000,104.669998,103.180000,104.339996,104.339996,163500
2021-05-27,105.150002,105.830002,104.660004,105.080002,105.080002,302400
2021-05-28,105.839996,106.440002,103.900002,104.480003,104.480003,260400
2021-06-01,105.260002,105.889999,104.139999,104.300003,104.300003,261300
2021-06-02,104.110001,105.650002,103.300003,104.220001,104.220001,241900
2021-06-03,103.610001,104.480003,103.059998,103.610001,103.610001,271800
2021-06-04,104.019997,105.239998,102.910004,105.080002,105.080002,739200
2021-06-07,105.169998,106.000000,103.779999,104.730003,104.730003,180200
2021-06-08,104.730003,105.650002,104.720001,105.059998,105.059998,184100
2021-06-09,105.800003,105.809998,104.870003,105.000000,105.000000,127900
2021-06-10,105.330002,106.000000,104.610001,105.480003,105.480003,133800
2021-06-11,105.680000,106.860001,105.680000,106.750000,106.750000,112200
2021-06-14,106.930000,107.180000,105.339996,105.639999,105.639999,328200
2021-06-15,105.910004,107.269997,105.660004,106.599998,106.599998,162100
2021-06-16,103.680000,104.480003,101.500000,102.180000,102.180000,346900
2021-06-17,101.760002,101.760002,99.349998,100.849998,100.849998,331500
2021-06-18,99.739998,100.510002,97.489998,98.050003,98.050003,397400
2021-06-21,98.809998,100.739998,98.639999,99.559998,99.559998,204800
2021-06-22,99.150002,99.610001,98.339996,99.059998,99.059998,183400
2021-06-23,98.940002,100.269997,96.589996,98.930000,98.930000,166900
2021-06-24,99.699997,100.860001,99.120003,100.010002,100.010002,121000
2021-06-25,99.959999,101.320000,99.559998,100.070000,100.070000,492400
2021-06-28,100.449997,101.239998,99.610001,100.250000,100.250000,205600
2021-06-29,100.160004,101.129997,100.029999,100.279999,100.279999,80600
2021-06-30,100.010002,100.870003,99.790001,100.010002,100.010002,180000
2021-07-01,100.739998,102.120003,100.370003,101.260002,101.260002,225200
2021-07-02,101.500000,101.500000,99.410004,99.919998,99.919998,110800
2021-07-06,100.019997,100.400002,97.139999,98.680000,98.680000,166800
2021-07-07,98.320000,99.800003,97.849998,98.879997,98.879997,180800
2021-07-08,97.029999,99.230003,96.300003,97.820000,97.820000,210500
2021-07-09,98.410004,100.180000,98.180000,99.309998,99.309998,162600
2021-07-12,99.379997,99.839996,98.680000,99.129997,99.129997,140900
2021-07-13,98.790001,98.790001,96.839996,96.919998,96.919998,150200
2021-07-14,97.610001,98.519997,96.389999,96.970001,96.970001,169800
2021-07-15,96.349998,96.750000,95.480003,96.589996,96.589996,155700
2021-07-16,97.430000,98.180000,95.300003,95.440002,95.440002,196700
2021-07-19,93.269997,95.610001,92.839996,94.489998,94.489998,181300
2021-07-20,95.050003,97.610001,94.760002,96.470001,96.470001,339800
2021-07-21,97.230003,98.660004,96.879997,98.029999,98.029999,203500
2021-07-22,97.919998,98.000000,95.790001,96.610001,96.610001,216800
2021-07-23,97.029999,98.690002,96.059998,98.540001,98.540001,180700
2021-07-26,99.269997,100.529999,98.349998,99.180000,99.180000,197000
2021-07-27,98.690002,99.199997,96.830002,98.000000,98.000000,135600
2021-07-28,98.510002,100.250000,97.519997,99.230003,99.230003,194200
2021-07-29,99.580002,100.970001,99.580002,100.279999,100.279999,181800
2021-07-30,100.010002,100.820000,99.379997,100.379997,100.379997,120000
2021-08-02,100.550003,101.989998,99.010002,99.019997,99.019997,137600
2021-08-03,99.599998,100.570000,98.870003,100.250000,100.250000,170300
2021-08-04,99.690002,101.160004,99.410004,100.050003,100.050003,124400
2021-08-05,102.980003,103.120003,98.889999,100.120003,100.120003,144400
2021-08-06,100.900002,101.470001,97.699997,97.870003,97.870003,230800
2021-08-09,97.440002,98.169998,96.680000,96.980003,96.980003,211200
2021-08-10,96.720001,97.309998,95.070000,96.580002,96.580002,296800
2021-08-11,97.019997,97.330002,95.059998,97.330002,97.330002,129600
2021-08-12,97.139999,98.959999,96.139999,97.559998,97.559998,97300
2021-08-13,97.320000,97.470001,96.279999,97.400002,97.400002,83000
2021-08-16,97.320000,98.070000,96.120003,97.839996,97.839996,83500
2021-08-17,97.300003,97.620003,95.260002,96.889999,96.889999,116300
2021-08-18,96.449997,97.400002,94.949997,94.989998,94.989998,115500
2021-08-19,94.379997,95.290001,93.169998,94.879997,94.879997,184600
2021-08-20,94.739998,96.610001,94.180000,96.410004,96.410004,107100
2021-08-23,96.690002,97.430000,95.550003,96.040001,96.040001,103400
2021-08-24,96.139999,96.720001,95.430000,96.680000,96.680000,72500
2021-08-25,96.389999,98.010002,96.389999,97.949997,97.949997,114400
2021-08-26,98.059998,99.650002,97.599998,98.699997,98.699997,187800
2021-08-27,98.650002,102.180000,98.650002,101.010002,101.010002,327800
2021-08-30,101.010002,103.000000,100.550003,102.839996,102.839996,320400