Date,Open,High,Low,Close,Adj Close,Volume
2021-01-04,82.400002,82.610001,78.669998,79.019997,78.297249,237200
2021-01-05,78.839996,81.110001,78.839996,80.360001,79.624992,175900
2021-01-06,81.639999,84.559998,81.209999,83.989998,83.221786,266200
2021-01-07,83.389999,85.199997,83.339996,84.959999,84.182915,125900
2021-01-08,85.720001,86.500000,84.089996,84.860001,84.083839,142900
2021-01-11,83.690002,85.459999,83.690002,84.419998,83.647858,107900
2021-01-12,84.480003,86.779999,84.480003,86.690002,85.897102,130000
2021-01-13,86.589996,86.589996,84.089996,84.660004,83.885666,161300
2021-01-14,85.470001,86.190002,84.519997,84.750000,83.974838,124700
2021-01-15,84.000000,85.550003,83.870003,84.900002,84.123466,166400
2021-01-19,85.279999,85.769997,82.970001,85.000000,84.222557,236000
2021-01-20,85.000000,86.989998,85.000000,86.730003,85.936729,160700
2021-01-21,86.889999,86.889999,83.230003,83.339996,82.577736,122800
2021-01-22,82.209999,84.559998,81.489998,84.300003,83.528961,163400
2021-01-25,83.870003,84.709999,82.610001,83.440002,82.676826,106500
2021-01-26,84.339996,84.440002,82.260002,82.419998,81.666153,159800
2021-01-27,80.470001,81.019997,78.099998,79.110001,78.386429,255200
2021-01-28,80.230003,82.339996,80.230003,80.839996,80.100601,126700
2021-01-29,80.800003,80.800003,78.320000,78.489998,77.772095,208800
2021-02-01,79.339996,80.250000,78.440002,79.949997,79.218735,222700
2021-02-02,81.309998,81.489998,79.650002,80.419998,79.684441,117400
2021-02-03,80.160004,80.660004,78.800003,80.519997,79.783531,155300
2021-02-04,80.440002,83.720001,80.440002,83.529999,82.765999,138700
2021-02-05,84.510002,84.690002,82.360001,83.269997,82.508369,96300
2021-02-08,83.839996,87.230003,83.629997,87.180000,86.382614,159900
2021-02-09,87.129997,87.430000,85.209999,87.419998,86.620415,116300
2021-02-10,88.260002,89.809998,87.290001,89.190002,88.374229,207700
2021-02-11,89.470001,91.790001,88.209999,89.309998,88.493126,423400
2021-02-12,87.629997,87.629997,80.180000,80.889999,80.150139,568300
2021-02-16,80.680000,81.820000,77.959999,78.010002,77.296486,331100
2021-02-17,77.459999,77.919998,75.239998,77.400002,76.692062,323700
2021-02-18,76.830002,78.830002,76.089996,77.989998,77.276665,142900
2021-02-19,78.089996,80.250000,78.089996,79.169998,78.445869,188000
2021-02-22,78.599998,81.510002,78.349998,81.440002,80.695114,269800
2021-02-23,80.769997,84.459999,80.500000,84.150002,83.380325,282300
2021-02-24,83.750000,87.500000,83.599998,87.139999,86.342979,219000
2021-02-25,86.680000,89.110001,86.449997,87.160004,86.362801,371600
2021-02-26,87.500000,90.620003,87.059998,88.699997,87.888710,329700
2021-03-01,90.010002,91.139999,88.639999,90.589996,89.761421,291500
2021-03-02,90.010002,90.489998,88.320000,89.709999,88.889473,272100
2021-03-03,89.970001,91.440002,89.230003,89.230003,88.413864,336800
2021-03-04,88.730003,89.660004,87.029999,87.720001,86.917671,358100
2021-03-05,88.000000,90.940002,87.330002,90.839996,90.009140,354600
2021-03-08,91.000000,93.790001,90.370003,92.470001,91.624229,197300
2021-03-09,93.580002,94.360001,92.199997,92.720001,91.871948,227700
2021-03-10,92.650002,94.620003,91.629997,93.129997,92.678009,239600
2021-03-11,94.239998,94.489998,92.639999,94.440002,93.981659,165600
2021-03-12,94.480003,95.639999,93.489998,95.199997,94.737961,268200
2021-03-15,94.889999,94.889999,89.879997,90.339996,89.901550,362300
2021-03-16,90.070000,90.070000,87.190002,88.400002,87.970970,290800
2021-03-17,88.739998,89.949997,88.389999,89.320000,88.886505,253200
2021-03-18,89.010002,92.540001,88.129997,88.199997,87.771935,345300
2021-03-19,88.360001,89.400002,86.870003,86.900002,86.478249,1265900
2021-03-22,87.019997,87.019997,83.019997,83.660004,83.253975,339000
2021-03-23,83.000000,83.800003,81.730003,82.220001,81.820961,262400
2021-03-24,83.059998,84.820000,81.980003,82.080002,81.681641,221100
2021-03-25,81.650002,82.669998,78.879997,81.989998,81.592072,292600
2021-03-26,83.050003,83.849998,81.779999,83.389999,82.985283,233200
2021-03-29,83.180000,85.029999,81.779999,81.959999,81.562225,358500
2021-03-30,82.209999,83.830002,82.169998,83.260002,82.855919,268200
2021-03-31,83.330002,84.779999,82.870003,83.739998,83.333580,309700
2021-04-01,84.089996,85.709999,84.089996,85.650002,85.234314,162600
2021-04-05,86.610001,87.000000,84.529999,85.139999,84.726791,102200
2021-04-06,84.660004,86.320000,84.269997,85.919998,85.502998,141700
2021-04-07,85.809998,85.809998,84.000000,84.510002,84.099846,144100
2021-04-08,84.639999,85.879997,84.180000,85.750000,85.333832,130500
2021-04-09,85.709999,86.639999,85.040001,86.459999,86.040382,129700
2021-04-12,86.269997,87.410004,86.070000,86.800003,86.378738,126200
2021-04-13,86.260002,86.709999,84.900002,85.029999,84.617325,272600
2021-04-14,85.029999,87.019997,85.029999,86.169998,85.751785,160700
2021-04-15,87.089996,87.379997,85.589996,87.330002,86.906166,122700
2021-04-16,88.199997,88.370003,86.610001,87.389999,86.965866,130200
2021-04-19,87.139999,87.260002,85.949997,86.750000,86.328972,116100
2021-04-20,86.389999,87.150002,85.699997,85.739998,85.323875,220400
2021-04-21,85.800003,87.110001,84.870003,86.959999,86.537956,215000
2021-04-22,87.160004,88.139999,86.040001,86.809998,86.388680,306900
2021-04-23,86.919998,88.480003,86.300003,87.709999,87.284317,199800
2021-04-26,88.209999,90.070000,88.169998,88.980003,88.548157,283700
2021-04-27,89.099998,89.870003,87.580002,88.120003,87.692329,547500
2021-04-28,88.250000,88.910004,87.349998,87.709999,87.284317,144700
2021-04-29,88.419998,89.730003,87.970001,89.500000,89.065628,221700
2021-04-30,88.919998,89.099998,87.510002,87.540001,87.115143,278200
2021-05-03,88.470001,90.430000,88.370003,88.660004,88.229706,338100
2021-05-04,89.010002,90.050003,85.300003,87.870003,87.443542,422400
2021-05-05,88.129997,88.129997,85.169998,86.919998,86.498146,289400
2021-05-06,87.110001,87.139999,86.029999,87.120003,86.697182,163700
2021-05-07,87.000000,88.879997,87.000000,88.839996,88.408829,102100
2021-05-10,89.000000,89.309998,87.320000,88.000000,87.572906,210000
2021-05-11,86.580002,87.129997,84.849998,85.339996,84.925812,233500
2021-05-12,85.000000,85.589996,82.820000,82.940002,82.537468,336600
2021-05-13,83.349998,87.629997,83.349998,87.040001,86.617569,248800
2021-05-14,87.699997,89.360001,87.040001,89.349998,88.916359,202300
2021-05-17,88.059998,89.000000,87.750000,88.879997,88.448639,158100
2021-05-18,89.040001,89.389999,87.989998,88.360001,87.931160,355300
2021-05-19,87.000000,87.570000,85.900002,87.500000,87.075333,185100
2021-05-20,87.620003,89.150002,87.279999,89.029999,88.597908,191300
2021-05-21,89.540001,90.949997,88.459999,88.680000,88.249611,234500
2021-05-24,88.879997,91.910004,88.059998,91.529999,91.085777,400400
2021-05-25,91.410004,91.879997,90.690002,90.709999,90.269753,320000
2021-05-26,91.430000,92.660004,90.889999,92.589996,92.140625,261100
2021-05-27,93.300003,94.040001,92.800003,93.449997,92.996452,246000
2021-05-28,94.339996,94.339996,91.709999,92.190002,91.742577,121500
2021-06-01,93.040001,93.290001,91.430000,91.660004,91.215149,182600
2021-06-02,91.570000,91.570000,87.480003,88.779999,88.349121,236500
2021-06-03,88.000000,89.690002,87.279999,89.050003,88.617813,298100
2021-06-04,89.339996,90.720001,88.839996,90.550003,90.110535,154100
2021-06-07,90.349998,90.860001,89.760002,90.699997,90.259804,186000
2021-06-08,91.000000,92.830002,90.320000,92.720001,92.270004,278700
2021-06-09,92.459999,92.739998,90.709999,91.160004,91.160004,184700
2021-06-10,91.260002,91.260002,89.160004,90.250000,90.250000,288900
2021-06-11,90.519997,92.089996,90.250000,92.070000,92.070000,199800
2021-06-14,92.480003,92.930000,92.000000,92.809998,92.809998,162800
2021-06-15,93.000000,94.620003,92.550003,94.449997,94.449997,154700
2021-06-16,94.500000,94.500000,92.070000,93.010002,93.010002,225500
2021-06-17,92.739998,94.660004,92.470001,94.370003,94.370003,313900
2021-06-18,93.470001,93.800003,91.580002,92.099998,92.099998,348500
2021-06-21,93.360001,94.129997,92.169998,93.860001,93.860001,148200
2021-06-22,93.720001,94.500000,92.570000,94.220001,94.220001,142800
2021-06-23,94.250000,94.669998,93.410004,94.300003,94.300003,184200
2021-06-24,94.870003,95.099998,94.040001,94.510002,94.510002,200000
2021-06-25,94.180000,95.120003,93.430000,93.529999,93.529999,1228000
2021-06-28,93.970001,94.269997,90.070000,91.309998,91.309998,314200
2021-06-29,91.209999,91.209999,89.760002,90.000000,90.000000,188000
2021-06-30,89.650002,90.570000,88.949997,90.370003,90.370003,223500
2021-07-01,91.160004,92.070000,91.080002,92.019997,92.019997,145700
2021-07-02,92.419998,92.709999,91.449997,92.260002,92.260002,90400
2021-07-06,92.000000,92.660004,90.029999,92.000000,92.000000,167000
2021-07-07,91.400002,92.930000,91.400002,92.220001,92.220001,109100
2021-07-08,90.379997,92.559998,90.029999,91.050003,91.050003,90500
2021-07-09,91.849998,93.050003,91.650002,93.000000,93.000000,114300
2021-07-12,92.800003,93.690002,92.540001,93.400002,93.400002,113700
2021-07-13,93.669998,94.699997,92.980003,94.220001,94.220001,154900
2021-07-14,94.900002,95.239998,94.190002,94.379997,94.379997,120600
2021-07-15,93.980003,94.480003,93.220001,93.800003,93.800003,112700
2021-07-16,94.500000,94.699997,92.739998,92.800003,92.800003,97500
2021-07-19,91.250000,92.660004,90.139999,91.529999,91.529999,109900
2021-07-20,91.750000,95.099998,91.580002,94.040001,94.040001,176400
2021-07-21,94.300003,94.879997,93.410004,93.919998,93.919998,112900
2021-07-22,93.260002,93.610001,92.410004,92.610001,92.610001,98600
2021-07-23,95.000000,95.129997,93.620003,93.879997,93.879997,136800
2021-07-26,94.160004,94.699997,93.000000,93.910004,93.910004,91000
2021-07-27,93.629997,95.550003,93.629997,95.430000,95.430000,139800
2021-07-28,95.570000,96.959999,94.790001,96.279999,96.279999,127100
2021-07-29,96.989998,99.830002,96.910004,98.320000,98.320000,134700
2021-07-30,97.820000,99.570000,97.510002,99.050003,99.050003,174100
2021-08-02,99.699997,101.160004,98.629997,98.900002,98.900002,159900
2021-08-03,101.110001,101.110001,98.070000,100.419998,100.419998,161500
2021-08-04,99.389999,100.529999,99.269997,99.330002,99.330002,131800
2021-08-05,99.260002,101.739998,98.650002,101.410004,101.410004,128400
2021-08-06,102.459999,102.489998,101.150002,101.919998,101.919998,150900
2021-08-09,101.940002,101.949997,100.019997,101.730003,101.730003,213800
2021-08-10,101.750000,103.809998,101.260002,103.269997,103.269997,170800
2021-08-11,103.180000,104.019997,102.669998,103.949997,103.949997,123800
2021-08-12,104.500000,105.070000,103.900002,104.980003,104.980003,131900
2021-08-13,104.430000,105.570000,104.019997,105.099998,105.099998,111200
2021-08-16,104.269997,105.650002,103.750000,104.959999,104.959999,134800
2021-08-17,103.989998,105.800003,103.379997,104.080002,104.080002,193900
2021-08-18,104.070000,104.459999,103.349998,103.449997,103.449997,210700
2021-08-19,102.730003,106.230003,102.690002,105.970001,105.970001,131800
2021-08-20,105.309998,106.279999,104.889999,106.139999,106.139999,158000
2021-08-23,106.529999,107.669998,105.849998,107.000000,107.000000,118800
2021-08-24,107.250000,108.250000,106.320000,108.220001,108.220001,153200
2021-08-25,108.489998,109.129997,107.790001,108.190002,108.190002,136500
2021-08-26,107.760002,109.160004,107.540001,108.589996,108.589996,123000
2021-08-27,108.779999,111.550003,108.779999,110.779999,110.779999,161300
2021-08-30,111.080002,112.309998,110.620003,111.480003,111.480003,129700