Date,Open,High,Low,Close,Adj Close,Volume
2021-01-04,55.660000,57.599998,53.540001,55.910000,55.910000,1325500
2021-01-05,55.860001,61.160000,54.560001,61.009998,61.009998,1816500
2021-01-06,59.990002,69.889999,58.880001,66.739998,66.739998,2704000
2021-01-07,69.110001,77.830002,68.199997,77.480003,77.480003,2263200
2021-01-08,79.000000,86.129997,75.639999,78.360001,78.360001,3254100
2021-01-11,77.879997,78.809998,71.331001,72.779999,72.779999,2077300
2021-01-12,72.470001,75.889999,72.425003,75.690002,75.690002,1571500
2021-01-13,75.430000,80.709999,74.709999,76.010002,76.010002,1568600
2021-01-14,77.360001,85.797997,76.510002,83.300003,83.300003,1536300
2021-01-15,84.000000,92.000000,81.589996,81.889999,81.889999,2622500
2021-01-19,84.610001,85.365997,81.730003,83.680000,83.680000,1641000
2021-01-20,83.980003,85.739998,80.510002,80.559998,80.559998,1268400
2021-01-21,81.690002,82.519997,71.750000,72.589996,72.589996,2433200
2021-01-22,72.000000,75.690002,70.330002,74.360001,74.360001,1961600
2021-01-25,75.010002,75.699997,68.290001,71.400002,71.400002,1764700
2021-01-26,70.709999,73.400002,63.955002,64.250000,64.250000,1905900
2021-01-27,64.456001,64.456001,57.000000,58.110001,58.110001,3237000
2021-01-28,60.849998,65.370003,60.080002,63.970001,63.970001,2330400
2021-01-29,63.820000,66.410004,60.900002,62.619999,62.619999,1510100
2021-02-01,64.089996,65.690002,62.525002,64.150002,64.150002,1575400
2021-02-02,66.267998,71.489998,65.549004,70.519997,70.519997,2216800
2021-02-03,72.000000,73.269997,66.459999,66.599998,66.599998,1856100
2021-02-04,67.430000,68.360001,64.260002,67.750000,67.750000,940400
2021-02-05,67.459999,69.599998,66.425003,69.209999,69.209999,814300
2021-02-08,69.680000,74.540001,69.680000,73.919998,73.919998,1356800
2021-02-09,74.279999,76.250000,71.000000,73.250000,73.250000,1593300
2021-02-10,76.093002,76.093002,67.809998,70.089996,70.089996,1235100
2021-02-11,71.540001,72.800003,67.709999,68.919998,68.919998,1015600
2021-02-12,68.500000,70.019997,66.070000,68.279999,68.279999,977400
2021-02-16,68.459999,70.418999,67.690002,68.150002,68.150002,1269600
2021-02-17,67.120003,68.830002,63.119999,68.800003,68.800003,1163400
2021-02-18,65.790001,68.489998,64.000000,66.610001,66.610001,1252400
2021-02-19,68.000000,73.370003,67.514999,72.370003,72.370003,1247300
2021-02-22,70.349998,71.820000,65.639999,66.160004,66.160004,1351300
2021-02-23,62.869999,64.800003,56.880001,63.570000,63.570000,1990400
2021-02-24,62.840000,65.750000,59.669998,63.720001,63.720001,1275600
2021-02-25,62.080002,68.379997,56.561001,57.470001,57.470001,2062500
2021-02-26,59.240002,63.000000,56.515999,60.459999,60.459999,2382100
2021-03-01,61.500000,67.940002,61.389999,64.029999,64.029999,1566300
2021-03-02,63.500000,66.574997,61.680000,61.970001,61.970001,1003000
2021-03-03,62.000000,62.060001,57.380001,57.709999,57.709999,1427600
2021-03-04,57.000000,58.900002,51.584999,54.419998,54.419998,2505600
2021-03-05,55.150002,55.340000,43.860001,51.810001,51.810001,3212500
2021-03-08,52.200001,54.240002,46.549999,46.590000,46.590000,1902000
2021-03-09,49.130001,58.630001,49.130001,57.139999,57.139999,2289000
2021-03-10,59.000000,62.490002,57.660000,59.369999,59.369999,1635800
2021-03-11,62.029999,66.320000,61.509998,65.970001,65.970001,1509300
2021-03-12,62.279999,65.629997,59.587002,65.519997,65.519997,897100
2021-03-15,65.010002,70.279999,64.580002,68.059998,68.059998,972700
2021-03-16,68.639999,69.919998,62.150002,65.550003,65.550003,1014800
2021-03-17,62.790001,68.900002,60.805000,67.019997,67.019997,951000
2021-03-18,65.010002,65.010002,61.099998,62.080002,62.080002,1268700
2021-03-19,62.860001,66.900002,62.000000,65.699997,65.699997,2717200
2021-03-22,66.129997,69.949997,64.410004,68.379997,68.379997,1008300
2021-03-23,67.529999,67.769997,62.911999,65.209999,65.209999,1174300
2021-03-24,66.480003,66.480003,59.810001,61.209999,61.209999,2135800
2021-03-25,58.130001,63.639999,54.090000,63.459999,63.459999,1751700
2021-03-26,63.689999,66.239998,60.799999,64.730003,64.730003,1331400
2021-03-29,63.400002,66.769997,62.945000,65.309998,65.309998,1114200
2021-03-30,64.849998,72.800003,61.779999,72.239998,72.239998,2060600
2021-03-31,73.349998,81.300003,73.099998,80.254997,80.254997,2524500
2021-04-01,81.000000,85.900002,79.680000,80.059998,80.059998,1900300
2021-04-05,82.639999,85.080002,79.800003,80.230003,80.230003,1893800
2021-04-06,78.459999,83.089996,76.370003,79.620003,79.620003,1414400
2021-04-07,78.309998,79.059998,70.709999,71.089996,71.089996,1127300
2021-04-08,72.360001,75.400002,70.814003,73.080002,73.080002,753200
2021-04-09,72.360001,73.699997,70.120003,70.639999,70.639999,614800
2021-04-12,69.519997,69.529999,63.330002,68.410004,68.410004,1162800
2021-04-13,68.910004,71.839996,66.769997,70.790001,70.790001,1124700
2021-04-14,71.720001,78.169998,71.514999,76.349998,76.349998,1342800
2021-04-15,77.010002,78.169998,73.680000,74.769997,74.769997,771500
2021-04-16,74.540001,74.559998,69.699997,70.449997,70.449997,907800
2021-04-19,68.040001,71.690002,65.274002,67.330002,67.330002,1371500
2021-04-20,66.459999,68.980003,63.660000,67.410004,67.410004,819300
2021-04-21,66.379997,73.129997,64.870003,69.629997,69.629997,1485700
2021-04-22,70.360001,76.620003,68.519997,74.599998,74.599998,1050300
2021-04-23,75.760002,79.430000,74.680000,78.290001,78.290001,1044400
2021-04-26,79.379997,84.980003,78.800003,84.790001,84.790001,820400
2021-04-27,84.010002,87.690002,82.190002,87.065002,87.065002,2141700
2021-04-28,85.089996,86.400002,84.199997,85.309998,85.309998,948600
2021-04-29,85.559998,85.900002,79.050003,80.080002,80.080002,735100
2021-04-30,76.620003,80.449997,75.760002,76.769997,76.769997,829600
2021-05-03,77.410004,77.849998,72.221001,73.800003,73.800003,928000
2021-05-04,74.110001,74.389999,68.426003,72.000000,72.000000,1550200
2021-05-05,72.959999,74.949997,69.959999,71.360001,71.360001,1267100
2021-05-06,70.000000,70.040001,63.349998,66.480003,66.480003,1907100
2021-05-07,70.519997,74.000000,67.324997,67.739998,67.739998,1075300
2021-05-10,67.949997,68.529999,60.770000,61.029999,61.029999,1442100
2021-05-11,56.720001,68.820000,56.470001,66.169998,66.169998,1435800
2021-05-12,63.770000,65.230003,61.044998,64.000000,64.000000,1163800
2021-05-13,64.769997,66.889999,58.520000,60.880001,60.880001,1479800
2021-05-14,62.180000,68.419998,61.549999,67.040001,67.040001,1404800
2021-05-17,65.529999,68.364998,64.690002,66.690002,66.690002,843600
2021-05-18,67.160004,71.239998,66.000000,66.360001,66.360001,1220900
2021-05-19,63.340000,65.820000,62.669998,64.480003,64.480003,923300
2021-05-20,65.160004,67.779999,63.139999,64.080002,64.080002,991800
2021-05-21,64.419998,66.540001,62.750000,63.480000,63.480000,911800
2021-05-24,65.099998,67.879997,64.415001,67.000000,67.000000,781200
2021-05-25,66.419998,69.980003,66.419998,69.059998,69.059998,1119700
2021-05-26,69.379997,73.000000,68.050003,72.139999,72.139999,1088100
2021-05-27,72.150002,73.000000,68.760002,71.739998,71.739998,1050900
2021-05-28,72.129997,77.980003,72.099998,74.940002,74.940002,1078400
2021-06-01,75.599998,77.540001,72.190002,73.730003,73.730003,1271200
2021-06-02,73.489998,75.370003,71.199997,72.779999,72.779999,1184100
2021-06-03,71.230003,72.339996,69.550003,71.510002,71.510002,1363000
2021-06-04,72.709999,75.910004,71.519997,72.239998,72.239998,1099400
2021-06-07,72.470001,79.470001,71.769997,77.660004,77.660004,1233300
2021-06-08,79.699997,81.230003,74.010002,78.980003,78.980003,1053700
2021-06-09,80.730003,82.349998,78.154999,80.430000,80.430000,978300
2021-06-10,80.269997,84.410004,79.190002,83.150002,83.150002,1064100
2021-06-11,85.000000,86.089996,83.199997,85.290001,85.290001,1183500
2021-06-14,84.209999,89.260002,84.209999,88.000000,88.000000,1740900
2021-06-15,87.199997,89.709999,82.739998,88.650002,88.650002,1149100
2021-06-16,88.300003,89.000000,75.220001,79.239998,79.239998,2416700
2021-06-17,78.245003,82.870003,76.300003,76.500000,76.500000,1791300
2021-06-18,74.870003,77.150002,74.650002,75.919998,75.919998,1991100
2021-06-21,76.320000,80.394997,75.410004,79.220001,79.220001,1021800
2021-06-22,81.000000,81.400002,77.889999,78.910004,78.910004,1078800
2021-06-23,80.010002,84.989998,79.650002,83.589996,83.589996,1561900
2021-06-24,85.500000,88.110001,84.360001,86.839996,86.839996,1734500
2021-06-25,87.470001,88.910004,84.879997,88.830002,88.830002,2614100
2021-06-28,140.149994,144.399994,121.660004,133.429993,133.429993,21818900
2021-06-29,130.505005,153.929993,129.660004,151.610001,151.610001,7523100
2021-06-30,154.850006,202.729996,150.509995,161.910004,161.910004,23193700
2021-07-01,162.000000,175.888000,154.240005,171.649994,171.649994,8351900
2021-07-02,170.470001,174.000000,162.250000,163.710007,163.710007,2923900
2021-07-06,159.990005,160.779999,146.179993,149.449997,149.449997,3582000
2021-07-07,151.100006,156.460007,142.850006,145.020004,145.020004,2822900
2021-07-08,141.500000,153.850006,140.160004,152.729996,152.729996,2173500
2021-07-09,153.009995,159.399994,145.233994,153.000000,153.000000,2039200
2021-07-12,152.750000,155.600006,144.470001,148.029999,148.029999,1343200
2021-07-13,147.317001,149.320007,142.300003,143.419998,143.419998,1338800
2021-07-14,143.610001,146.139999,139.619995,141.059998,141.059998,1318000
2021-07-15,140.699997,141.889999,133.490005,138.100006,138.100006,1286700
2021-07-16,139.380005,141.460007,134.330002,135.250000,135.250000,1031800
2021-07-19,131.600006,140.800003,130.839996,138.940002,138.940002,1313900
2021-07-20,139.759995,146.559998,133.970001,146.119995,146.119995,1540300
2021-07-21,145.460007,153.600006,142.500000,152.750000,152.750000,1463700
2021-07-22,152.600006,154.550003,146.339996,147.880005,147.880005,1081600
2021-07-23,147.369995,147.990005,137.410004,137.710007,137.710007,1019500
2021-07-26,138.550003,140.000000,132.000000,134.000000,134.000000,862000
2021-07-27,132.970001,135.119995,125.680000,132.369995,132.369995,1082700
2021-07-28,132.009995,138.932999,130.479996,136.169998,136.169998,738700
2021-07-29,136.880005,141.000000,134.089996,137.020004,137.020004,830100
2021-07-30,134.770004,144.880005,134.343002,141.850006,141.850006,1024600
2021-08-02,143.020004,143.419998,135.369995,136.570007,136.570007,638400
2021-08-03,136.259995,138.970001,131.880005,138.789993,138.789993,726300
2021-08-04,138.809998,148.669998,134.919998,146.940002,146.940002,1548700
2021-08-05,143.320007,178.000000,142.600006,165.160004,165.160004,3626200
2021-08-06,168.350006,173.289993,161.860001,167.309998,167.309998,1564200
2021-08-09,164.050003,175.800003,153.339996,160.279999,160.279999,2179100
2021-08-10,163.750000,166.207993,154.669998,155.860001,155.860001,1148700
2021-08-11,157.369995,159.925003,150.800003,159.699997,159.699997,965000
2021-08-12,159.179993,167.119995,157.110001,160.279999,160.279999,923700
2021-08-13,160.350006,163.108002,154.000000,155.389999,155.389999,824700
2021-08-16,154.350006,155.332993,148.169998,152.649994,152.649994,732900
2021-08-17,148.860001,154.279999,147.350006,153.449997,153.449997,835300
2021-08-18,154.110001,159.580002,150.449997,152.429993,152.429993,733100
2021-08-19,150.110001,153.339996,143.729996,144.070007,144.070007,884300
2021-08-20,142.210007,150.600006,140.449997,149.320007,149.320007,673800
2021-08-23,153.119995,159.460007,151.369995,158.070007,158.070007,1159300
2021-08-24,157.960007,162.750000,153.919998,162.330002,162.330002,713800
2021-08-25,161.100006,165.000000,157.197998,158.470001,158.470001,588700
2021-08-26,158.300003,161.419998,153.149994,154.479996,154.479996,358800
2021-08-27,155.800003,165.720001,153.399994,160.000000,160.000000,819900
2021-08-30,159.309998,161.039993,152.059998,153.949997,153.949997,918400