Date,Open,High,Low,Close,Adj Close,Volume
2021-01-04,56.290001,56.290001,53.779999,53.869999,53.869999,1348900
2021-01-05,54.110001,58.110001,54.049999,57.880001,57.880001,835200
2021-01-06,57.900002,61.310001,57.900002,59.889999,59.889999,1499700
2021-01-07,59.669998,60.000000,56.000000,56.209999,56.209999,1656500
2021-01-08,56.410000,57.470001,55.970001,56.320000,56.320000,1125700
2021-01-11,55.680000,57.799999,55.290001,56.950001,56.950001,686600
2021-01-12,56.840000,57.459999,54.590000,56.549999,56.549999,686400
2021-01-13,56.200001,56.720001,55.570000,56.180000,56.180000,975400
2021-01-14,56.580002,58.849998,55.480000,58.459999,58.459999,1007700
2021-01-15,58.040001,58.680000,56.410000,56.959999,56.959999,797500
2021-01-19,57.400002,58.200001,56.400002,56.820000,56.820000,712600
2021-01-20,56.639999,58.130001,56.639999,57.450001,57.450001,487800
2021-01-21,57.680000,57.880001,56.990002,57.189999,57.189999,714900
2021-01-22,56.959999,57.150002,55.529999,56.930000,56.930000,893700
2021-01-25,56.610001,56.980000,55.389999,56.799999,56.799999,587400
2021-01-26,57.419998,58.270000,56.709999,57.509998,57.509998,491800
2021-01-27,56.389999,58.580002,55.779999,57.459999,57.459999,812100
2021-01-28,57.650002,57.990002,55.000000,55.669998,55.669998,686300
2021-01-29,55.369999,55.369999,52.900002,53.740002,53.740002,1082900
2021-02-01,54.439999,55.369999,52.610001,53.259998,53.259998,750100
2021-02-02,53.820000,54.639999,53.240002,54.110001,54.110001,731100
2021-02-03,54.299999,54.889999,53.500000,54.430000,54.430000,478600
2021-02-04,55.020000,57.240002,54.520000,57.009998,57.009998,873300
2021-02-05,57.799999,58.500000,57.060001,57.720001,57.720001,704300
2021-02-08,57.730000,58.919998,57.520000,58.349998,58.349998,398600
2021-02-09,58.580002,59.230000,57.880001,58.369999,58.369999,473900
2021-02-10,58.400002,60.650002,57.919998,59.950001,59.950001,1365100
2021-02-11,59.930000,60.509998,57.939999,58.650002,58.650002,1013400
2021-02-12,58.660000,59.130001,57.740002,58.099998,58.099998,945000
2021-02-16,58.139999,58.880001,57.299999,57.689999,57.689999,537300
2021-02-17,57.500000,57.610001,55.630001,57.029999,57.029999,772200
2021-02-18,56.590000,57.000000,55.540001,56.169998,56.169998,523500
2021-02-19,56.279999,58.220001,55.830002,57.279999,57.279999,472800
2021-02-22,57.349998,57.840000,56.919998,57.029999,57.029999,413600
2021-02-23,56.720001,58.090000,55.619999,57.759998,57.759998,667900
2021-02-24,58.000000,59.330002,57.599998,58.459999,58.459999,472600
2021-02-25,59.119999,59.930000,58.070000,58.500000,58.500000,931200
2021-02-26,58.439999,62.410000,56.930000,60.330002,60.330002,1192900
2021-03-01,62.330002,62.470001,60.799999,61.520000,61.520000,1187700
2021-03-02,61.490002,61.980000,60.110001,60.730000,60.730000,1067400
2021-03-03,61.000000,63.759998,61.000000,63.009998,63.009998,1062800
2021-03-04,62.900002,63.599998,61.549999,62.939999,62.939999,1002200
2021-03-05,62.730000,63.709999,61.130001,62.820000,62.820000,667100
2021-03-08,63.450001,64.430000,62.259998,62.770000,62.770000,885800
2021-03-09,63.209999,64.050003,61.320000,61.520000,61.520000,856700
2021-03-10,62.430000,63.209999,60.509998,62.070000,62.070000,857100
2021-03-11,62.709999,64.010002,62.330002,63.459999,63.459999,671200
2021-03-12,63.439999,65.860001,60.270000,65.139999,65.139999,915500
2021-03-15,65.209999,66.379997,65.080002,65.779999,65.779999,817800
2021-03-16,65.379997,66.779999,65.139999,66.610001,66.610001,573300
2021-03-17,66.370003,68.070000,65.930000,67.800003,67.800003,919600
2021-03-18,67.900002,69.279999,65.599998,67.230003,67.230003,782100
2021-03-19,66.589996,68.110001,66.150002,67.080002,67.080002,1177700
2021-03-22,66.959999,68.910004,66.000000,68.080002,68.080002,694500
2021-03-23,67.709999,68.570000,65.300003,65.910004,65.910004,1098400
2021-03-24,66.550003,67.250000,65.580002,66.000000,66.000000,416700
2021-03-25,65.980003,66.389999,64.239998,66.230003,66.230003,614400
2021-03-26,66.250000,67.720001,64.500000,67.489998,67.489998,631400
2021-03-29,66.739998,67.410004,64.680000,64.970001,64.970001,747000
2021-03-30,64.910004,65.559998,64.070000,65.250000,65.250000,457000
2021-03-31,65.250000,66.639999,64.900002,65.559998,65.559998,649300
2021-04-01,65.260002,65.440002,63.820000,64.680000,64.680000,806500
2021-04-05,65.550003,66.139999,63.889999,65.279999,65.279999,578000
2021-04-06,65.550003,67.519997,65.330002,66.650002,66.650002,537600
2021-04-07,66.870003,67.139999,65.239998,65.860001,65.860001,443900
2021-04-08,65.900002,67.900002,65.900002,67.510002,67.510002,531500
2021-04-09,67.739998,68.900002,67.300003,68.709999,68.709999,373400
2021-04-12,68.190002,68.639999,67.750000,68.430000,68.430000,459300
2021-04-13,68.290001,69.000000,67.410004,68.489998,68.489998,284700
2021-04-14,68.519997,69.540001,68.290001,68.570000,68.570000,546000
2021-04-15,68.540001,69.190002,67.900002,68.949997,68.949997,452800
2021-04-16,69.589996,70.320000,69.000000,69.019997,69.019997,417300
2021-04-19,68.970001,68.970001,67.889999,68.750000,68.750000,286400
2021-04-20,68.559998,69.379997,67.510002,68.879997,68.879997,435300
2021-04-21,69.230003,69.650002,68.419998,69.470001,69.470001,334300
2021-04-22,69.400002,69.940002,69.000000,69.550003,69.550003,338400
2021-04-23,69.910004,71.239998,68.849998,70.610001,70.610001,394000
2021-04-26,71.169998,71.519997,70.220001,70.430000,70.430000,463700
2021-04-27,70.699997,71.459999,70.449997,70.480003,70.480003,574200
2021-04-28,70.680000,71.779999,70.150002,71.699997,71.699997,342500
2021-04-29,72.180000,72.610001,71.250000,71.720001,71.720001,412200
2021-04-30,71.269997,71.989998,71.199997,71.449997,71.449997,436700
2021-05-03,71.889999,71.889999,70.510002,71.660004,71.660004,732900
2021-05-04,71.250000,71.250000,69.470001,70.239998,70.239998,771400
2021-05-05,70.550003,71.260002,68.849998,70.160004,70.160004,746700
2021-05-06,70.610001,72.139999,67.169998,69.029999,69.029999,1117900
2021-05-07,68.230003,70.139999,68.010002,69.139999,69.139999,554000
2021-05-10,68.970001,69.709999,68.290001,68.680000,68.680000,357900
2021-05-11,68.029999,69.419998,67.389999,68.320000,68.320000,563600
2021-05-12,67.580002,68.570000,66.769997,67.400002,67.400002,570100
2021-05-13,67.690002,69.610001,67.690002,68.589996,68.589996,427000
2021-05-14,68.709999,70.639999,68.500000,69.529999,69.529999,487900
2021-05-17,69.150002,71.190002,68.699997,70.379997,70.379997,481300
2021-05-18,70.529999,71.180000,70.099998,70.339996,70.339996,382600
2021-05-19,69.589996,70.389999,69.349998,70.290001,70.290001,407800
2021-05-20,69.339996,70.949997,69.339996,70.449997,70.449997,345000
2021-05-21,70.900002,71.940002,70.589996,70.779999,70.779999,439900
2021-05-24,70.720001,71.139999,69.930000,70.250000,70.250000,580400
2021-05-25,70.260002,70.849998,68.959999,69.059998,69.059998,717000
2021-05-26,68.330002,69.139999,67.290001,68.000000,68.000000,894000
2021-05-27,68.389999,68.800003,67.559998,68.480003,68.480003,553300
2021-05-28,68.849998,69.419998,67.989998,68.199997,68.199997,368400
2021-06-01,68.589996,68.650002,67.250000,67.889999,67.889999,484500
2021-06-02,68.070000,68.070000,65.589996,66.050003,66.050003,943300
2021-06-03,65.860001,66.269997,64.440002,65.459999,65.459999,589700
2021-06-04,65.500000,65.540001,64.430000,65.400002,65.400002,623900
2021-06-07,64.660004,65.699997,63.740002,64.209999,64.209999,558600
2021-06-08,64.230003,64.379997,62.849998,64.019997,64.019997,481300
2021-06-09,64.190002,65.070000,64.059998,65.010002,65.010002,486700
2021-06-10,65.150002,65.720001,64.349998,65.010002,65.010002,511200
2021-06-11,65.129997,65.290001,62.970001,65.250000,65.250000,321100
2021-06-14,65.459999,65.580002,64.449997,65.400002,65.400002,454300
2021-06-15,65.449997,67.330002,64.879997,66.500000,66.500000,545200
2021-06-16,66.510002,67.320000,65.279999,66.610001,66.610001,441500
2021-06-17,66.410004,67.309998,66.250000,66.790001,66.790001,332200
2021-06-18,66.099998,66.800003,65.629997,66.290001,66.290001,601600
2021-06-21,66.790001,69.169998,66.129997,68.320000,68.320000,845900
2021-06-22,68.400002,68.620003,67.389999,68.150002,68.150002,416800
2021-06-23,68.279999,68.589996,67.709999,68.160004,68.160004,358300
2021-06-24,68.209999,68.680000,67.769997,67.849998,67.849998,333200
2021-06-25,67.820000,70.760002,67.690002,69.889999,69.889999,1292400
2021-06-28,69.849998,70.000000,68.190002,69.040001,69.040001,557600
2021-06-29,69.160004,69.389999,67.510002,68.010002,68.010002,517700
2021-06-30,67.830002,68.260002,67.220001,67.779999,67.779999,525300
2021-07-01,68.139999,69.309998,67.650002,67.809998,67.809998,530400
2021-07-02,67.849998,68.040001,67.000000,67.400002,67.400002,379000
2021-07-06,67.379997,67.540001,66.500000,66.860001,66.860001,476300
2021-07-07,66.669998,67.919998,66.669998,67.529999,67.529999,707000
2021-07-08,66.970001,67.250000,65.669998,65.940002,65.940002,975800
2021-07-09,66.230003,67.540001,65.199997,65.610001,65.610001,362500
2021-07-12,65.199997,68.720001,65.199997,67.080002,67.080002,821400
2021-07-13,66.750000,67.000000,65.889999,66.190002,66.190002,348500
2021-07-14,65.879997,66.510002,65.150002,65.930000,65.930000,628100
2021-07-15,65.690002,66.050003,62.480000,64.300003,64.300003,950900
2021-07-16,64.629997,65.099998,63.090000,63.959999,63.959999,614400
2021-07-19,63.070000,63.650002,60.939999,61.750000,61.750000,684400
2021-07-20,60.840000,64.550003,60.840000,63.919998,63.919998,543300
2021-07-21,64.279999,64.989998,63.299999,64.510002,64.510002,542100
2021-07-22,64.669998,64.669998,63.389999,63.970001,63.970001,269600
2021-07-23,64.260002,64.800003,63.610001,64.610001,64.610001,671900
2021-07-26,65.129997,65.129997,63.259998,64.150002,64.150002,314800
2021-07-27,64.029999,65.959999,63.599998,65.470001,65.470001,505200
2021-07-28,65.500000,66.169998,64.879997,65.400002,65.400002,653200
2021-07-29,62.130001,65.190002,61.099998,63.070000,63.070000,1699700
2021-07-30,63.209999,64.800003,63.020000,63.950001,63.950001,1163000
2021-08-02,64.260002,64.410004,62.150002,62.799999,62.799999,671900
2021-08-03,62.529999,63.150002,59.910000,60.290001,60.290001,650400
2021-08-04,59.770000,62.049999,59.689999,61.189999,61.189999,949700
2021-08-05,61.000000,61.509998,59.799999,60.250000,60.250000,617100
2021-08-06,60.599998,60.910000,59.779999,60.169998,60.169998,379400
2021-08-09,60.330002,60.380001,58.290001,59.000000,59.000000,716900
2021-08-10,58.869999,59.610001,56.880001,56.910000,56.910000,674300
2021-08-11,57.090000,58.110001,56.090000,58.110001,58.110001,675400
2021-08-12,57.950001,58.750000,57.650002,57.980000,57.980000,547500
2021-08-13,57.369999,58.880001,57.220001,58.549999,58.549999,369900
2021-08-16,58.669998,60.029999,57.750000,59.450001,59.450001,577300
2021-08-17,59.009998,59.919998,58.650002,59.790001,59.790001,333600
2021-08-18,59.880001,60.330002,59.070000,59.180000,59.180000,484400
2021-08-19,59.040001,59.419998,57.619999,58.080002,58.080002,498800
2021-08-20,57.790001,58.840000,57.470001,58.700001,58.700001,205700
2021-08-23,59.020000,59.310001,58.500000,58.630001,58.630001,385300
2021-08-24,58.599998,60.060001,58.520000,60.020000,60.020000,685100
2021-08-25,60.299999,60.450001,58.849998,58.950001,58.950001,495000
2021-08-26,59.000000,59.930000,58.480000,59.240002,59.240002,373200
2021-08-27,59.430000,60.259998,59.110001,59.959999,59.959999,758300
2021-08-30,59.950001,60.220001,59.189999,59.419998,59.419998,328300