Date,Open,High,Low,Close,Adj Close,Volume
2021-01-04,174.449997,176.500000,168.625000,171.539993,171.539993,287400
2021-01-05,172.759995,175.009995,170.029999,170.820007,170.820007,808000
2021-01-06,170.910004,172.205002,166.710007,168.100006,168.100006,398900
2021-01-07,168.600006,170.434998,155.279999,163.529999,163.529999,1955600
2021-01-08,164.660004,175.229996,163.880005,171.009995,171.009995,624600
2021-01-11,169.800003,174.500000,162.460007,169.149994,169.149994,394900
2021-01-12,169.190002,169.880005,160.250000,165.000000,165.000000,555900
2021-01-13,164.960007,178.369995,164.960007,175.789993,175.789993,687800
2021-01-14,175.460007,179.960007,175.460007,176.119995,176.119995,527800
2021-01-15,174.979996,176.119995,171.639999,175.190002,175.190002,328000
2021-01-19,178.419998,179.660004,168.639999,177.690002,177.690002,651800
2021-01-20,178.399994,180.449997,177.220001,177.220001,177.220001,584000
2021-01-21,177.369995,184.854996,177.350006,180.419998,180.419998,461200
2021-01-22,180.669998,184.309998,173.839996,175.960007,175.960007,314200
2021-01-25,175.369995,180.380005,173.899994,176.320007,176.320007,392400
2021-01-26,177.199997,178.309998,173.979996,175.929993,175.929993,297200
2021-01-27,173.080002,174.850006,168.360001,169.300003,169.300003,497100
2021-01-28,170.699997,171.759995,164.164993,164.750000,164.750000,617900
2021-01-29,163.500000,163.880005,156.039993,161.789993,161.789993,677400
2021-02-01,162.669998,166.270004,158.190002,163.470001,163.470001,372300
2021-02-02,166.339996,171.990005,165.740005,168.630005,168.630005,372400
2021-02-03,168.000000,168.550003,164.440002,168.320007,168.320007,299800
2021-02-04,169.490005,175.300003,168.490005,173.990005,173.990005,254300
2021-02-05,176.000000,178.000000,174.669998,176.929993,176.929993,197500
2021-02-08,177.669998,180.940002,177.669998,179.240005,179.240005,292300
2021-02-09,179.750000,183.139999,178.429993,181.559998,181.559998,199700
2021-02-10,182.550003,183.774994,180.960007,181.850006,181.850006,281700
2021-02-11,183.000000,183.000000,178.259995,181.759995,181.759995,183400
2021-02-12,180.009995,182.699997,178.860001,182.179993,182.179993,130800
2021-02-16,183.000000,183.000000,176.490005,178.460007,178.460007,209600
2021-02-17,177.539993,179.190002,173.789993,176.440002,176.440002,187400
2021-02-18,174.559998,176.690002,172.399994,175.800003,175.800003,239100
2021-02-19,176.800003,179.710007,174.080002,174.199997,174.199997,546100
2021-02-22,173.039993,174.419998,167.350006,168.279999,168.279999,475300
2021-02-23,166.419998,167.559998,158.550003,165.910004,165.910004,569900
2021-02-24,165.550003,174.580002,165.550003,170.910004,170.910004,391900
2021-02-25,171.050003,173.500000,161.705002,167.139999,167.139999,614200
2021-02-26,166.850006,169.630005,161.850006,165.179993,165.179993,390800
2021-03-01,166.869995,171.960007,165.490005,169.750000,169.750000,262700
2021-03-02,170.419998,172.309998,167.669998,168.110001,168.110001,179800
2021-03-03,167.389999,167.389999,160.869995,162.210007,162.210007,275300
2021-03-04,160.789993,161.699997,150.389999,155.699997,155.699997,485100
2021-03-05,157.139999,158.500000,146.660004,151.119995,151.119995,588000
2021-03-08,150.660004,150.660004,137.889999,139.949997,139.949997,779800
2021-03-09,142.729996,147.095001,141.759995,145.809998,145.809998,523600
2021-03-10,148.080002,149.199997,145.330002,145.449997,145.449997,464300
2021-03-11,146.899994,148.960007,145.240005,148.770004,148.770004,322600
2021-03-12,147.880005,148.940002,144.800003,148.619995,148.619995,352200
2021-03-15,148.389999,154.240005,148.389999,153.559998,153.559998,394500
2021-03-16,154.389999,156.399994,149.779999,152.449997,152.449997,315000
2021-03-17,150.869995,151.220001,145.919998,150.500000,150.500000,320700
2021-03-18,149.139999,149.250000,142.029999,143.000000,143.000000,546700
2021-03-19,143.880005,144.820007,140.500000,142.809998,142.809998,577600
2021-03-22,142.660004,147.475006,142.210007,144.850006,144.850006,591500
2021-03-23,144.429993,145.975006,140.550003,142.130005,142.130005,301100
2021-03-24,141.979996,145.195007,138.139999,138.410004,138.410004,206300
2021-03-25,136.949997,141.029999,133.300003,140.339996,140.339996,345000
2021-03-26,141.039993,141.410004,133.320007,137.490005,137.490005,576600
2021-03-29,137.250000,138.434998,130.720001,132.809998,132.809998,328700
2021-03-30,131.770004,135.539993,129.764999,134.309998,134.309998,506900
2021-03-31,135.889999,141.705002,135.210007,139.500000,139.500000,459200
2021-04-01,141.339996,143.285004,138.660004,141.919998,141.919998,297000
2021-04-05,140.520004,145.750000,139.710007,144.389999,144.389999,601000
2021-04-06,144.449997,146.610001,143.089996,143.229996,143.229996,517800
2021-04-07,143.380005,143.380005,140.139999,141.600006,141.600006,334100
2021-04-08,143.210007,146.750000,141.529999,145.750000,145.750000,571000
2021-04-09,146.179993,147.404999,144.990005,147.080002,147.080002,188900
2021-04-12,146.399994,146.559998,143.000000,144.419998,144.419998,235700
2021-04-13,143.740005,147.735001,142.750000,146.130005,146.130005,212200
2021-04-14,146.710007,151.509995,145.330002,151.220001,151.220001,492400
2021-04-15,151.800003,153.449997,150.490005,152.139999,152.139999,536200
2021-04-16,152.720001,152.720001,147.044998,148.869995,148.869995,274700
2021-04-19,147.809998,148.770004,145.559998,148.350006,148.350006,382700
2021-04-20,148.300003,155.960007,148.300003,155.320007,155.320007,815300
2021-04-21,155.190002,162.380005,154.565002,161.059998,161.059998,549100
2021-04-22,161.500000,167.020004,160.550003,162.199997,162.199997,2849800
2021-04-23,163.050003,166.860001,162.300003,165.699997,165.699997,338700
2021-04-26,166.369995,167.479996,164.309998,166.089996,166.089996,353800
2021-04-27,167.710007,172.190002,164.880005,171.509995,171.509995,669900
2021-04-28,172.080002,175.339996,172.000000,174.830002,174.830002,364700
2021-04-29,176.160004,176.580002,172.639999,173.759995,173.759995,349000
2021-04-30,172.520004,174.910004,170.789993,172.809998,172.809998,371400
2021-05-03,174.130005,174.990005,169.009995,169.820007,169.820007,359200
2021-05-04,168.240005,169.699997,163.009995,165.419998,165.419998,591000
2021-05-05,165.600006,166.649994,160.770004,161.389999,161.389999,449000
2021-05-06,159.740005,161.149994,151.130005,156.580002,156.580002,844300
2021-05-07,157.009995,161.210007,155.910004,156.220001,156.220001,369300
2021-05-10,155.179993,156.960007,151.869995,155.039993,155.039993,532600
2021-05-11,152.479996,156.000000,150.839996,150.990005,150.990005,525400
2021-05-12,148.839996,151.179993,144.240005,147.089996,147.089996,391500
2021-05-13,148.949997,149.100006,144.960007,145.440002,145.440002,457700
2021-05-14,146.649994,147.759995,144.235001,144.839996,144.839996,595300
2021-05-17,143.979996,144.505005,141.169998,144.190002,144.190002,460000
2021-05-18,144.809998,148.460007,143.050003,144.880005,144.880005,715000
2021-05-19,142.479996,144.990005,141.975006,144.270004,144.270004,325400
2021-05-20,144.899994,150.429993,144.360001,149.029999,149.029999,462100
2021-05-21,150.460007,151.664993,148.139999,148.369995,148.369995,323400
2021-05-24,149.649994,151.679993,148.949997,149.490005,149.490005,482600
2021-05-25,150.699997,151.580002,148.830002,149.830002,149.830002,292700
2021-05-26,148.199997,149.990005,145.380005,149.720001,149.720001,377100
2021-05-27,149.710007,152.910004,148.500000,152.619995,152.619995,328400
2021-05-28,154.320007,155.929993,150.570007,150.699997,150.699997,184500
2021-06-01,150.000000,150.940002,146.880005,149.850006,149.850006,183400
2021-06-02,149.850006,150.389999,146.059998,147.149994,147.149994,347900
2021-06-03,145.839996,147.130005,143.529999,146.740005,146.740005,223900
2021-06-04,148.380005,150.940002,147.300003,148.770004,148.770004,306400
2021-06-07,148.570007,153.619995,147.960007,151.740005,151.740005,185400
2021-06-08,153.669998,153.970001,150.335007,152.789993,152.789993,222800
2021-06-09,154.240005,154.619995,152.669998,153.500000,153.500000,175400
2021-06-10,153.570007,158.039993,153.570007,156.740005,156.740005,245900
2021-06-11,157.080002,159.410004,156.820007,158.179993,158.179993,235800
2021-06-14,159.009995,160.000000,157.059998,159.270004,159.270004,167000
2021-06-15,160.000000,160.000000,155.990005,158.490005,158.490005,190100
2021-06-16,158.979996,159.679993,156.229996,158.740005,158.740005,211900
2021-06-17,157.990005,162.600006,156.839996,160.330002,160.330002,343500
2021-06-18,160.229996,163.009995,159.429993,160.449997,160.449997,442200
2021-06-21,161.020004,163.820007,157.910004,162.910004,162.910004,312000
2021-06-22,162.720001,179.880005,162.720001,177.869995,177.869995,1568100
2021-06-23,178.529999,182.449997,177.500000,179.059998,179.059998,666600
2021-06-24,180.779999,180.779999,177.729996,177.910004,177.910004,431000
2021-06-25,177.850006,181.274994,176.759995,178.589996,178.589996,546100
2021-06-28,167.500000,169.809998,161.994995,168.649994,168.649994,1135000
2021-06-29,169.199997,169.350006,163.884995,165.550003,165.550003,587800
2021-06-30,165.669998,167.315002,163.520004,165.789993,165.789993,341200
2021-07-01,165.429993,168.009995,164.429993,166.360001,166.360001,352400
2021-07-02,167.289993,168.190002,161.199997,163.289993,163.289993,401200
2021-07-06,159.660004,159.710007,155.059998,155.789993,155.789993,541000
2021-07-07,155.820007,156.960007,150.740005,151.869995,151.869995,481300
2021-07-08,149.529999,155.419998,148.850006,153.009995,153.009995,345600
2021-07-09,151.100006,154.139999,151.100006,151.690002,151.690002,373400
2021-07-12,151.860001,152.720001,149.350006,152.539993,152.539993,342000
2021-07-13,153.130005,153.130005,149.320007,150.610001,150.610001,351600
2021-07-14,150.690002,150.690002,145.759995,147.000000,147.000000,461400
2021-07-15,146.729996,147.369995,142.000000,146.690002,146.690002,553200
2021-07-16,146.250000,148.078003,141.960007,144.169998,144.169998,404000
2021-07-19,144.940002,153.789993,144.050003,149.889999,149.889999,951600
2021-07-20,149.649994,153.589996,148.619995,151.440002,151.440002,500000
2021-07-21,152.240005,156.720001,151.024994,154.259995,154.259995,353100
2021-07-22,154.020004,155.369995,152.380005,154.139999,154.139999,224600
2021-07-23,153.570007,155.356995,152.490005,154.080002,154.080002,194300
2021-07-26,153.589996,153.679993,150.160004,153.020004,153.020004,298700
2021-07-27,153.539993,154.300003,149.220001,153.110001,153.110001,318700
2021-07-28,153.759995,156.300003,152.229996,154.960007,154.960007,309300
2021-07-29,154.669998,157.869995,154.529999,154.559998,154.559998,170700
2021-07-30,155.029999,157.449997,154.940002,155.000000,155.000000,219200
2021-08-02,154.960007,156.514999,153.850006,155.130005,155.130005,292600
2021-08-03,154.919998,156.070007,149.250000,151.190002,151.190002,302400
2021-08-04,149.690002,152.089996,145.740005,147.880005,147.880005,728400
2021-08-05,114.500000,116.680000,106.750000,115.070000,115.070000,5296200
2021-08-06,115.290001,119.809998,114.870003,119.730003,119.730003,984000
2021-08-09,120.470001,123.129997,118.500000,118.680000,118.680000,683000
2021-08-10,118.099998,118.099998,109.730003,110.550003,110.550003,781700
2021-08-11,110.260002,111.589996,104.639999,106.400002,106.400002,553400
2021-08-12,106.129997,107.870003,103.500000,104.779999,104.779999,481100
2021-08-13,105.070000,105.919998,101.900002,101.989998,101.989998,657000
2021-08-16,102.199997,104.379997,99.540001,102.750000,102.750000,487100
2021-08-17,101.639999,110.730003,101.199997,110.370003,110.370003,1243800
2021-08-18,110.470001,110.470001,105.260002,108.750000,108.750000,554200
2021-08-19,108.599998,110.599998,107.635002,108.809998,108.809998,651600
2021-08-20,109.300003,110.879997,108.419998,109.910004,109.910004,482500
2021-08-23,111.169998,111.970001,110.250000,110.489998,110.489998,868900
2021-08-24,111.050003,116.487000,110.419998,115.660004,115.660004,1073300
2021-08-25,115.379997,115.580002,112.720001,114.290001,114.290001,290700
2021-08-26,114.360001,115.730003,113.129997,114.650002,114.650002,203600
2021-08-27,114.790001,119.769997,114.279999,119.059998,119.059998,579000
2021-08-30,119.150002,120.720001,118.309998,118.779999,118.779999,259000