Date,Open,High,Low,Close,Adj Close,Volume
2021-01-04,42.840000,44.599998,41.709999,43.639999,43.639999,4663800
2021-01-05,43.200001,46.330002,42.369999,46.220001,46.220001,3507000
2021-01-06,45.279999,47.180000,44.200001,45.540001,45.540001,3642300
2021-01-07,46.580002,49.818001,46.500000,49.189999,49.189999,3273500
2021-01-08,50.279999,53.790001,49.939999,51.130001,51.130001,5760300
2021-01-11,47.540001,48.180000,45.200001,45.939999,45.939999,7452500
2021-01-12,46.200001,48.720001,45.900002,47.590000,47.590000,4047800
2021-01-13,48.459999,53.849998,48.099998,51.369999,51.369999,6557500
2021-01-14,52.090000,55.785000,51.919998,53.439999,53.439999,3976400
2021-01-15,53.490002,56.150002,52.540001,52.590000,52.590000,4124400
2021-01-19,54.259998,56.770000,54.209999,55.860001,55.860001,3909800
2021-01-20,57.000000,60.250000,56.764999,56.930000,56.930000,4809600
2021-01-21,54.869999,57.500000,52.910000,53.130001,53.130001,3667900
2021-01-22,53.599998,56.590000,52.750000,55.209999,55.209999,6372800
2021-01-25,55.759998,56.200001,50.810001,52.230000,52.230000,4906000
2021-01-26,53.000000,53.740002,47.910000,48.150002,48.150002,4427400
2021-01-27,47.160000,50.599998,45.110001,47.689999,47.689999,5347200
2021-01-28,48.630001,52.049999,48.340000,50.930000,50.930000,4275400
2021-01-29,50.830002,51.650002,48.180000,49.520000,49.520000,2775200
2021-02-01,49.689999,52.000000,48.759998,51.540001,51.540001,3157700
2021-02-02,53.070000,55.320000,52.480000,53.619999,53.619999,3623900
2021-02-03,54.470001,55.700001,51.564999,52.389999,52.389999,3041700
2021-02-04,51.990002,52.099998,49.919998,50.189999,50.189999,3406900
2021-02-05,50.799999,51.020000,48.669998,49.700001,49.700001,3851100
2021-02-08,50.189999,51.689999,49.560001,50.810001,50.810001,3623000
2021-02-09,51.540001,53.799999,51.000000,52.599998,52.599998,2719100
2021-02-10,53.330002,54.900002,49.900002,51.939999,51.939999,2801200
2021-02-11,51.200001,52.694000,49.880001,51.090000,51.090000,2736400
2021-02-12,51.389999,52.330002,49.970001,51.860001,51.860001,2163800
2021-02-16,52.799999,53.470001,49.070000,49.070000,49.070000,3242100
2021-02-17,50.000000,50.000000,46.455002,47.860001,47.860001,4195700
2021-02-18,49.369999,49.389999,45.950001,47.520000,47.520000,5306900
2021-02-19,48.730000,52.099998,48.200001,50.419998,50.419998,3945200
2021-02-22,49.150002,49.869999,44.570000,44.810001,44.810001,4396200
2021-02-23,42.009998,43.426998,38.000000,42.720001,42.720001,7671500
2021-02-24,42.549999,43.955002,40.876999,42.090000,42.090000,3853000
2021-02-25,41.599998,42.380001,38.150002,39.799999,39.799999,5687700
2021-02-26,40.110001,41.070000,37.700001,40.130001,40.130001,4863000
2021-03-01,41.639999,44.549999,41.160000,43.720001,43.720001,5045500
2021-03-02,43.720001,44.480000,41.869999,42.009998,42.009998,3126600
2021-03-03,41.410000,41.849998,37.709999,39.040001,39.040001,5311400
2021-03-04,37.810001,39.700001,35.000000,36.009998,36.009998,6305600
2021-03-05,36.490002,36.680000,30.787001,34.139999,34.139999,9195600
2021-03-08,33.849998,36.650002,31.059999,34.759998,34.759998,11196800
2021-03-09,39.180000,40.180000,37.345001,38.840000,38.840000,10769100
2021-03-10,40.119999,42.000000,38.619999,38.660000,38.660000,7067000
2021-03-11,40.700001,43.650002,40.540001,42.919998,42.919998,5096700
2021-03-12,41.509998,43.490002,40.209999,42.700001,42.700001,5975400
2021-03-15,43.270000,43.618999,41.974998,42.939999,42.939999,3357000
2021-03-16,43.450001,43.889999,40.060001,41.590000,41.590000,4091200
2021-03-17,39.759998,43.990002,38.750000,42.799999,42.799999,4611900
2021-03-18,41.500000,42.162998,39.314999,39.669998,39.669998,3612900
2021-03-19,39.970001,41.860001,39.259998,41.369999,41.369999,5301200
2021-03-22,41.410000,43.750000,41.110001,42.790001,42.790001,3247600
2021-03-23,42.450001,42.720001,40.419998,40.910000,40.910000,2861100
2021-03-24,41.330002,41.330002,35.459999,35.779999,35.779999,6065200
2021-03-25,34.490002,35.187000,32.691002,34.660000,34.660000,6493800
2021-03-26,34.520000,35.306000,31.950001,34.450001,34.450001,4480800
2021-03-29,34.200001,34.792000,32.360001,33.060001,33.060001,3686800
2021-03-30,32.750000,35.610001,31.760000,35.299999,35.299999,5734400
2021-03-31,35.750000,39.049999,35.750000,38.209999,38.209999,5199600
2021-04-01,39.290001,41.490002,39.099998,39.189999,39.189999,5392000
2021-04-05,42.180000,42.580002,40.259998,40.400002,40.400002,5159300
2021-04-06,40.108002,41.520000,39.411999,40.340000,40.340000,3101300
2021-04-07,40.130001,40.669998,37.112999,37.360001,37.360001,4129300
2021-04-08,37.970001,39.270000,37.759998,38.270000,38.270000,2590100
2021-04-09,38.070000,38.240002,37.099998,38.000000,38.000000,2836800
2021-04-12,37.790001,37.790001,35.900002,37.610001,37.610001,3393300
2021-04-13,37.669998,39.619999,37.639999,39.380001,39.380001,3302900
2021-04-14,39.380001,41.029999,38.939999,39.070000,39.070000,3451600
2021-04-15,39.389999,39.970001,38.849998,39.060001,39.060001,3052600
2021-04-16,39.060001,39.090000,36.860001,37.639999,37.639999,2359900
2021-04-19,36.959999,37.490002,34.650002,35.320000,35.320000,3028400
2021-04-20,34.919998,36.270000,33.820000,34.250000,34.250000,2839900
2021-04-21,33.750000,36.279999,33.180000,36.099998,36.099998,3514600
2021-04-22,36.130001,37.330002,35.500000,35.959999,35.959999,2502200
2021-04-23,36.060001,36.950001,35.340000,36.799999,36.799999,2002600
2021-04-26,36.680000,38.419998,36.414001,37.889999,37.889999,3238700
2021-04-27,37.980000,38.200001,36.889999,37.220001,37.220001,1552700
2021-04-28,36.529999,37.500000,35.880001,36.660000,36.660000,1720900
2021-04-29,36.799999,36.970001,34.540001,35.000000,35.000000,3205600
2021-04-30,34.599998,35.740002,34.209999,34.900002,34.900002,2318300
2021-05-03,35.090000,35.400002,32.779999,32.869999,32.869999,3222600
2021-05-04,32.500000,32.509998,30.615000,31.500000,31.500000,5980500
2021-05-05,30.250000,32.540001,28.700001,31.230000,31.230000,11914700
2021-05-06,31.070000,31.110001,28.290001,29.459999,29.459999,7127500
2021-05-07,30.559999,31.642000,29.770000,29.950001,29.950001,4478300
2021-05-10,28.780001,29.000000,26.931000,27.080000,27.080000,6713700
2021-05-11,26.090000,28.680000,25.870001,27.980000,27.980000,5573500
2021-05-12,27.000000,27.730000,26.584000,26.760000,26.760000,4133300
2021-05-13,27.280001,27.900000,25.240000,26.090000,26.090000,3859600
2021-05-14,26.280001,28.160000,26.280001,27.740000,27.740000,4167200
2021-05-17,27.320000,27.799999,26.510000,27.309999,27.309999,3062300
2021-05-18,27.500000,28.709999,26.700001,27.389999,27.389999,4174200
2021-05-19,26.500000,27.309999,26.010000,26.850000,26.850000,3232800
2021-05-20,27.230000,28.160000,26.900000,27.570000,27.570000,4057500
2021-05-21,27.980000,28.160000,27.120001,27.150000,27.150000,2251300
2021-05-24,27.580000,28.959999,27.100000,28.240000,28.240000,3559900
2021-05-25,27.980000,29.240000,27.910000,28.930000,28.930000,3513500
2021-05-26,29.059999,29.450001,28.790001,28.940001,28.940001,2468500
2021-05-27,28.820000,29.389999,28.510000,29.059999,29.059999,3019700
2021-05-28,29.250000,30.330000,28.535000,28.780001,28.780001,2549300
2021-06-01,28.980000,29.246000,27.556000,28.150000,28.150000,2897100
2021-06-02,28.000000,29.030001,27.900000,28.490000,28.490000,2629400
2021-06-03,28.160000,28.590000,26.950001,27.020000,27.020000,3053900
2021-06-04,27.230000,28.084999,27.219999,27.379999,27.379999,2154000
2021-06-07,27.350000,29.870001,27.250000,29.209999,29.209999,3584100
2021-06-08,29.950001,30.334999,28.340000,29.750000,29.750000,3230900
2021-06-09,30.129999,30.820000,29.770000,30.520000,30.520000,3535300
2021-06-10,30.490000,31.530001,29.969999,31.290001,31.290001,3554700
2021-06-11,31.400000,31.639999,30.559999,31.219999,31.219999,2051700
2021-06-14,31.340000,32.080002,31.160000,31.530001,31.530001,2938600
2021-06-15,31.639999,31.740000,30.170000,30.510000,30.510000,2507700
2021-06-16,30.299999,30.979000,29.030001,30.129999,30.129999,3045200
2021-06-17,29.809999,32.970001,29.750000,32.299999,32.299999,4375100
2021-06-18,31.950001,32.980000,31.900000,32.790001,32.790001,6646300
2021-06-21,32.540001,33.619999,31.740000,33.340000,33.340000,3079900
2021-06-22,33.310001,33.779999,32.455002,33.119999,33.119999,2373300
2021-06-23,33.180000,34.299999,33.180000,33.810001,33.810001,2471500
2021-06-24,34.040001,35.000000,33.900002,34.250000,34.250000,2632700
2021-06-25,34.310001,34.560001,33.189999,34.450001,34.450001,16074700
2021-06-28,35.509998,35.509998,34.020000,34.470001,34.470001,3333100
2021-06-29,34.389999,35.090000,33.840000,34.080002,34.080002,2149300
2021-06-30,33.900002,34.369999,33.200001,33.730000,33.730000,2654300
2021-07-01,33.619999,34.064999,32.430000,33.599998,33.599998,1874800
2021-07-02,33.779999,34.278000,32.660000,33.360001,33.360001,2031500
2021-07-06,33.060001,34.110001,32.700001,33.240002,33.240002,2239500
2021-07-07,33.669998,33.810001,31.660000,32.119999,32.119999,1858100
2021-07-08,30.990000,31.365000,29.900999,31.010000,31.010000,3717000
2021-07-09,31.209999,31.959999,30.530001,31.950001,31.950001,1745200
2021-07-12,32.080002,32.459999,31.250000,31.410000,31.410000,1471900
2021-07-13,31.000000,31.190001,29.804001,29.870001,29.870001,2314600
2021-07-14,29.730000,30.260000,28.120001,28.610001,28.610001,4002000
2021-07-15,28.330000,29.410000,27.709999,28.110001,28.110001,3847000
2021-07-16,28.379999,29.000000,27.940001,28.480000,28.480000,2111500
2021-07-19,27.799999,29.139999,27.520000,28.750000,28.750000,2348100
2021-07-20,28.910000,29.410000,27.920000,29.250000,29.250000,2365500
2021-07-21,29.290001,29.785000,28.559999,29.320000,29.320000,2595600
2021-07-22,29.389999,29.500000,28.190001,28.400000,28.400000,3882400
2021-07-23,27.590000,28.389999,27.530001,28.180000,28.180000,2405100
2021-07-26,28.000000,28.610001,27.299999,27.610001,27.610001,2321300
2021-07-27,27.600000,27.750000,26.020000,27.100000,27.100000,2802600
2021-07-28,27.400000,28.605000,27.320000,28.139999,28.139999,2039700
2021-07-29,28.440001,28.600000,27.910000,28.080000,28.080000,1288900
2021-07-30,27.690001,28.730000,27.690001,27.990000,27.990000,1894000
2021-08-02,28.190001,28.590000,27.650000,28.290001,28.290001,2425000
2021-08-03,28.250000,28.580000,27.809999,28.500000,28.500000,3239100
2021-08-04,31.150000,32.410000,30.520000,30.920000,30.920000,6975400
2021-08-05,30.620001,31.627001,30.379999,30.870001,30.870001,3570400
2021-08-06,30.910000,30.990000,29.290001,29.660000,29.660000,2969200
2021-08-09,31.639999,31.639999,28.879999,28.940001,28.940001,6234200
2021-08-10,28.940001,29.030001,26.700001,26.830000,26.830000,5108500
2021-08-11,26.850000,26.930000,25.844999,26.700001,26.700001,3492200
2021-08-12,26.760000,28.469999,26.650000,27.770000,27.770000,4493000
2021-08-13,27.719999,27.799999,25.969999,26.090000,26.090000,5060500
2021-08-16,25.820000,25.950001,24.600000,25.549999,25.549999,5591700
2021-08-17,25.110001,25.820000,24.889999,25.809999,25.809999,2939800
2021-08-18,26.030001,26.219000,25.039000,25.299999,25.299999,2658600
2021-08-19,25.000000,25.049999,24.170000,24.309999,24.309999,2845000
2021-08-20,24.219999,25.690001,24.160000,25.629999,25.629999,2786000
2021-08-23,25.930000,27.450001,25.770000,27.440001,27.440001,3820900
2021-08-24,27.610001,27.900000,27.219999,27.600000,27.600000,2317300
2021-08-25,27.700001,28.245001,27.209999,27.860001,27.860001,1916600
2021-08-26,27.900000,28.370001,27.309999,27.750000,27.750000,3420100
2021-08-27,28.000000,29.540001,27.770000,28.900000,28.900000,2805100
2021-08-30,28.950001,29.389999,28.540001,29.100000,29.100000,2049300