Date,Open,High,Low,Close,Adj Close,Volume
2021-01-04,58.320000,58.320000,56.740002,57.160000,56.049820,363100
2021-01-05,57.160000,57.500000,55.799999,56.750000,55.647785,250200
2021-01-06,57.080002,59.610001,57.080002,59.150002,58.001175,298800
2021-01-07,58.860001,59.169998,57.459999,57.529999,56.412636,250600
2021-01-08,57.709999,57.709999,56.480000,56.919998,55.814480,222400
2021-01-11,56.209999,57.099998,55.700001,56.720001,55.618366,275600
2021-01-12,57.349998,57.730000,56.299999,57.680000,56.559723,317200
2021-01-13,57.529999,58.650002,57.250000,58.599998,57.461853,265800
2021-01-14,58.900002,58.900002,57.889999,58.200001,57.069622,269700
2021-01-15,57.939999,59.459999,57.599998,59.130001,57.981564,167400
2021-01-19,59.139999,59.250000,57.009998,57.320000,56.206715,490500
2021-01-20,57.029999,57.599998,56.060001,56.320000,55.226135,339500
2021-01-21,56.230000,56.630001,55.430000,55.910000,54.824097,257600
2021-01-22,55.380001,55.500000,54.639999,55.430000,54.353424,425800
2021-01-25,54.930000,56.240002,54.930000,56.000000,54.912354,391600
2021-01-26,56.410000,56.410000,54.720001,54.919998,53.853325,390500
2021-01-27,54.169998,55.220001,53.160000,54.580002,53.519932,402700
2021-01-28,55.139999,55.660000,54.270000,54.900002,53.833717,262600
2021-01-29,54.900002,55.029999,53.680000,54.470001,53.412067,984700
2021-02-01,54.689999,55.230000,53.709999,54.950001,53.882748,344200
2021-02-02,55.340000,55.740002,54.779999,55.450001,54.373035,234400
2021-02-03,55.119999,55.250000,54.189999,54.799999,53.735657,262800
2021-02-04,54.799999,55.450001,54.590000,55.400002,54.324005,170200
2021-02-05,55.830002,56.490002,55.250000,56.439999,55.343803,185100
2021-02-08,56.549999,56.750000,55.549999,56.180000,55.088852,226200
2021-02-09,56.410000,57.150002,55.680000,57.110001,56.000793,233400
2021-02-10,57.110001,57.889999,56.830002,57.540001,56.422443,209200
2021-02-11,57.750000,57.860001,56.810001,57.470001,56.353802,311500
2021-02-12,56.919998,57.400002,55.799999,56.439999,55.343803,271300
2021-02-16,56.889999,57.259998,56.320000,56.900002,55.794872,213200
2021-02-17,56.709999,57.660000,56.380001,57.549999,56.432247,256300
2021-02-18,57.500000,58.250000,57.439999,58.189999,57.059814,297700
2021-02-19,58.220001,58.790001,57.669998,58.630001,57.491272,239000
2021-02-22,58.549999,58.720001,56.860001,57.240002,56.128269,214200
2021-02-23,57.509998,59.720001,57.500000,59.459999,58.305149,374800
2021-02-24,59.660000,60.560001,59.049999,60.299999,59.128834,393100
2021-02-25,60.470001,61.099998,59.630001,59.730000,58.569904,311900
2021-02-26,59.730000,60.580002,58.480000,58.480000,57.344181,477800
2021-03-01,59.279999,59.950001,58.810001,59.779999,58.618935,347200
2021-03-02,59.590000,60.000000,59.029999,59.529999,58.373787,327100
2021-03-03,59.389999,59.750000,58.049999,58.779999,57.638355,493800
2021-03-04,58.930000,60.849998,58.849998,59.200001,58.050201,320100
2021-03-05,60.009998,61.419998,59.520000,60.910000,59.726986,321500
2021-03-08,60.980000,62.009998,60.669998,61.610001,60.413391,301200
2021-03-09,61.750000,61.750000,60.520000,60.610001,59.432816,251200
2021-03-10,60.869999,62.790001,60.500000,62.200001,60.991932,331300
2021-03-11,61.919998,62.750000,61.580002,62.029999,60.825233,220200
2021-03-12,61.529999,63.450001,61.529999,63.119999,62.518951,258400
2021-03-15,63.000000,64.199997,62.740002,64.050003,63.440098,318200
2021-03-16,63.320000,64.489998,63.160000,64.349998,63.737236,222000
2021-03-17,64.309998,64.730003,63.480000,63.750000,63.142952,361400
2021-03-18,63.669998,64.220001,63.250000,63.560001,62.954762,209800
2021-03-19,63.310001,64.250000,62.290001,63.630001,63.024097,1166500
2021-03-22,63.119999,63.939999,62.169998,62.730000,62.132664,247800
2021-03-23,63.020000,64.110001,62.570000,63.299999,62.697235,252000
2021-03-24,63.060001,64.809998,62.720001,63.820000,63.212284,233000
2021-03-25,63.959999,65.010002,63.560001,64.589996,63.974949,315100
2021-03-26,65.000000,65.000000,63.700001,64.839996,64.222572,221500
2021-03-29,64.370003,66.269997,64.370003,65.559998,64.935715,236500
2021-03-30,65.260002,65.510002,64.459999,65.080002,64.460289,185900
2021-03-31,65.470001,65.639999,64.760002,65.199997,64.579140,317600
2021-04-01,65.440002,65.680000,64.300003,64.800003,64.182961,233200
2021-04-05,65.169998,66.349998,64.820000,66.040001,65.411148,224300
2021-04-06,65.930000,66.349998,65.440002,65.910004,65.282387,171900
2021-04-07,65.860001,66.269997,65.510002,65.790001,65.163528,143800
2021-04-08,65.779999,66.660004,65.260002,66.220001,65.589432,337600
2021-04-09,66.050003,67.239998,65.070000,66.970001,66.332291,338500
2021-04-12,67.190002,67.959999,66.930000,67.690002,67.045433,236000
2021-04-13,66.550003,67.440002,65.930000,67.349998,66.708672,279600
2021-04-14,67.089996,67.940002,66.849998,67.739998,67.094955,210200
2021-04-15,67.820000,68.360001,67.419998,68.180000,67.530769,280700
2021-04-16,68.709999,70.150002,68.540001,69.529999,68.867912,247000
2021-04-19,69.510002,69.790001,68.739998,69.239998,68.580673,250100
2021-04-20,69.400002,70.529999,69.370003,70.330002,69.660294,174000
2021-04-21,70.290001,70.750000,69.809998,70.269997,69.600861,207000
2021-04-22,70.480003,70.800003,68.790001,69.209999,68.550957,310600
2021-04-23,69.540001,69.540001,68.080002,68.239998,67.590195,261200
2021-04-26,68.269997,68.269997,67.160004,67.239998,66.599716,299000
2021-04-27,67.169998,67.330002,66.139999,66.279999,65.648857,225500
2021-04-28,66.220001,66.610001,65.620003,65.889999,65.262573,327200
2021-04-29,66.220001,67.209999,66.059998,67.040001,66.401627,277600
2021-04-30,67.209999,68.239998,66.709999,68.029999,67.382195,519400
2021-05-03,69.629997,69.629997,67.489998,67.820000,67.174194,258600
2021-05-04,68.220001,68.220001,67.599998,67.660004,67.015724,220600
2021-05-05,67.910004,67.910004,66.360001,67.779999,67.134575,369000
2021-05-06,68.099998,68.510002,67.269997,68.480003,67.827911,229600
2021-05-07,67.980003,68.930000,67.440002,67.739998,67.094955,331100
2021-05-10,68.250000,68.940002,68.209999,68.309998,67.659531,239200
2021-05-11,67.680000,67.779999,65.900002,66.070000,65.440857,322700
2021-05-12,65.940002,66.489998,64.059998,64.290001,63.677811,415100
2021-05-13,64.209999,66.309998,64.209999,65.199997,64.579140,422900
2021-05-14,65.669998,66.309998,65.010002,65.099998,64.480095,507100
2021-05-17,64.889999,65.690002,63.959999,64.000000,63.390572,404600
2021-05-18,63.880001,64.180000,63.270000,63.549999,62.944855,470600
2021-05-19,63.400002,63.490002,62.509998,62.959999,62.360474,452200
2021-05-20,62.889999,63.639999,62.889999,63.310001,62.707142,454400
2021-05-21,63.660000,64.000000,62.820000,63.130001,62.528858,1091900
2021-05-24,63.279999,64.010002,63.080002,63.790001,63.182571,277400
2021-05-25,63.639999,63.639999,62.500000,63.250000,62.647713,489700
2021-05-26,63.200001,63.509998,62.759998,63.150002,62.548668,295300
2021-05-27,63.349998,63.360001,63.000000,63.000000,62.400093,489000
2021-05-28,63.000000,63.450001,62.459999,63.349998,62.746761,258000
2021-06-01,63.580002,63.580002,63.049999,63.389999,62.786381,262700
2021-06-02,63.660000,63.709999,62.970001,63.259998,62.657616,162700
2021-06-03,63.240002,63.770000,62.990002,63.619999,63.014191,256800
2021-06-04,63.790001,63.880001,63.209999,63.639999,63.034000,154200
2021-06-07,63.840000,64.040001,63.520000,63.830002,63.222191,183800
2021-06-08,63.910000,64.010002,63.340000,63.709999,63.103333,248900
2021-06-09,64.050003,64.769997,63.599998,64.660004,64.044289,261900
2021-06-10,65.040001,65.040001,64.330002,64.849998,64.232475,215600
2021-06-11,65.029999,65.279999,64.709999,65.110001,64.490005,232000
2021-06-14,64.690002,64.949997,64.019997,64.250000,64.250000,190900
2021-06-15,64.459999,65.050003,64.059998,64.720001,64.720001,259500
2021-06-16,64.870003,64.870003,63.549999,63.900002,63.900002,268900
2021-06-17,63.720001,64.099998,63.590000,63.840000,63.840000,175400
2021-06-18,63.200001,63.400002,61.250000,61.290001,61.290001,433900
2021-06-21,61.570000,62.439999,61.270000,62.290001,62.290001,308200
2021-06-22,62.160000,62.349998,61.549999,61.630001,61.630001,157300
2021-06-23,61.459999,61.700001,60.509998,60.980000,60.980000,298500
2021-06-24,61.080002,61.099998,60.310001,60.919998,60.919998,234100
2021-06-25,61.080002,61.810001,60.740002,61.099998,61.099998,1237100
2021-06-28,61.330002,61.459999,60.619999,60.950001,60.950001,237300
2021-06-29,60.950001,61.130001,59.560001,59.700001,59.700001,205600
2021-06-30,59.599998,60.430000,59.290001,60.220001,60.220001,316200
2021-07-01,60.570000,61.160000,60.340000,60.959999,60.959999,217400
2021-07-02,60.750000,60.950001,60.200001,60.419998,60.419998,156900
2021-07-06,60.419998,60.419998,58.919998,60.189999,60.189999,205900
2021-07-07,59.950001,61.189999,59.830002,61.090000,61.090000,347500
2021-07-08,60.689999,60.889999,59.990002,60.279999,60.279999,184400
2021-07-09,60.610001,60.959999,60.189999,60.830002,60.830002,182800
2021-07-12,60.900002,61.779999,60.369999,61.419998,61.419998,213400
2021-07-13,61.299999,61.650002,60.939999,61.130001,61.130001,196900
2021-07-14,61.459999,61.880001,60.689999,61.560001,61.560001,139600
2021-07-15,61.380001,62.830002,61.180000,62.810001,62.810001,216400
2021-07-16,62.830002,63.639999,62.450001,62.830002,62.830002,272500
2021-07-19,62.360001,62.540001,60.540001,61.169998,61.169998,200700
2021-07-20,61.439999,63.080002,61.439999,62.270000,62.270000,303700
2021-07-21,62.639999,62.970001,61.580002,61.939999,61.939999,270500
2021-07-22,62.000000,62.169998,61.270000,61.480000,61.480000,275300
2021-07-23,61.700001,63.049999,61.599998,62.990002,62.990002,163400
2021-07-26,63.000000,63.209999,62.450001,62.639999,62.639999,155300
2021-07-27,62.290001,63.290001,61.930000,62.720001,62.720001,208000
2021-07-28,64.629997,64.629997,62.299999,63.540001,63.540001,290600
2021-07-29,63.820000,63.990002,61.490002,62.459999,62.459999,520400
2021-07-30,62.240002,63.200001,61.950001,61.990002,61.990002,227900
2021-08-02,62.250000,62.830002,61.730000,61.919998,61.919998,242800
2021-08-03,62.189999,62.849998,61.779999,62.470001,62.470001,179700
2021-08-04,62.070000,62.099998,61.150002,61.939999,61.939999,180500
2021-08-05,62.400002,63.130001,61.840000,62.910000,62.910000,211900
2021-08-06,63.119999,63.490002,62.549999,62.590000,62.590000,185300
2021-08-09,63.740002,63.740002,62.009998,62.349998,62.349998,214900
2021-08-10,62.490002,62.689999,61.930000,62.240002,62.240002,111400
2021-08-11,62.639999,62.849998,62.169998,62.730000,62.730000,142400
2021-08-12,62.849998,62.849998,62.320000,62.509998,62.509998,136000
2021-08-13,62.439999,63.240002,62.360001,63.150002,63.150002,161900
2021-08-16,63.240002,64.230003,62.910000,63.790001,63.790001,206600
2021-08-17,63.619999,65.050003,63.250000,64.940002,64.940002,325800
2021-08-18,64.949997,64.949997,63.090000,63.639999,63.639999,232400
2021-08-19,64.360001,64.360001,63.220001,63.799999,63.799999,299500
2021-08-20,63.480000,64.860001,63.080002,64.570000,64.570000,265800
2021-08-23,64.400002,64.930000,63.630001,64.010002,64.010002,203500
2021-08-24,64.070000,64.070000,62.950001,63.410000,63.410000,169100
2021-08-25,63.400002,63.910000,62.910000,63.520000,63.520000,279000
2021-08-26,63.340000,63.369999,62.720001,62.950001,62.950001,188800
2021-08-27,63.259998,64.209999,63.230000,63.980000,63.980000,225400
2021-08-30,64.120003,64.120003,63.369999,63.639999,63.639999,196100