Date,Open,High,Low,Close,Adj Close,Volume
2021-01-04,26.100000,26.110001,25.360001,25.370001,24.864294,650600
2021-01-05,25.350000,25.770000,25.090000,25.129999,24.629076,698800
2021-01-06,25.190001,25.420000,24.950001,25.270000,24.766287,1183000
2021-01-07,25.059999,25.240000,24.750000,24.799999,24.305655,752100
2021-01-08,24.889999,25.209999,24.730000,24.910000,24.413462,534600
2021-01-11,24.950001,25.230000,24.639999,24.930000,24.433064,539700
2021-01-12,24.809999,25.370001,24.799999,25.340000,24.834890,388000
2021-01-13,25.170000,25.799999,25.170000,25.469999,24.962299,600500
2021-01-14,25.570000,26.340000,25.420000,26.209999,25.687548,701600
2021-01-15,26.070000,26.299999,25.889999,26.200001,25.677750,515000
2021-01-19,26.330000,26.350000,25.969999,26.139999,25.618942,452200
2021-01-20,26.059999,26.559999,25.910000,26.280001,25.756153,578400
2021-01-21,26.110001,26.350000,25.680000,26.139999,25.618942,480500
2021-01-22,25.969999,26.340000,25.690001,26.250000,25.726751,839300
2021-01-25,26.190001,26.719999,25.959999,26.610001,26.079575,754500
2021-01-26,26.719999,26.959999,26.540001,26.610001,26.079575,521400
2021-01-27,26.200001,26.760000,26.150000,26.480000,25.952166,956600
2021-01-28,26.580000,26.770000,26.290001,26.580000,26.050173,706900
2021-01-29,26.559999,27.090000,26.180000,26.270000,25.746353,623300
2021-02-01,26.410000,26.809999,25.870001,26.719999,26.187382,740200
2021-02-02,26.870001,26.910000,26.480000,26.910000,26.373594,520300
2021-02-03,26.740000,26.910000,26.360001,26.709999,26.177580,657800
2021-02-04,26.840000,27.500000,26.750000,27.490000,26.942034,637100
2021-02-05,27.639999,27.719999,26.930000,26.959999,26.422598,1040300
2021-02-08,26.879999,27.059999,26.510000,27.030001,26.491205,760600
2021-02-09,27.240000,27.240000,26.870001,27.030001,26.491205,630900
2021-02-10,27.110001,27.469999,26.770000,26.809999,26.275587,852700
2021-02-11,26.870001,26.959999,26.330000,26.750000,26.216785,2096200
2021-02-12,26.629999,26.809999,26.160000,26.280001,25.756153,523000
2021-02-16,26.309999,26.389999,25.670000,25.959999,25.442532,1192200
2021-02-17,25.889999,26.309999,25.620001,26.200001,25.677750,721500
2021-02-18,26.150000,26.440001,26.070000,26.299999,25.775755,933100
2021-02-19,26.480000,26.670000,26.049999,26.129999,25.609142,790700
2021-02-22,26.160000,26.750000,26.120001,26.590000,26.059975,1106000
2021-02-23,26.719999,26.959999,26.530001,26.559999,26.030573,900000
2021-02-24,26.600000,26.690001,26.230000,26.580000,26.050173,1067800
2021-02-25,26.590000,27.160000,26.350000,26.450001,25.922766,636700
2021-02-26,26.420000,26.629999,26.000000,26.000000,25.481735,818800
2021-03-01,26.410000,26.639999,25.969999,26.000000,25.481735,789100
2021-03-02,25.920000,26.139999,25.459999,25.870001,25.354326,890700
2021-03-03,25.889999,26.200001,25.770000,25.910000,25.393528,576400
2021-03-04,26.010000,26.660000,25.889999,26.110001,25.589542,955700
2021-03-05,26.360001,26.500000,25.650000,26.180000,25.658146,648800
2021-03-08,26.299999,27.559999,26.139999,27.309999,26.765621,873200
2021-03-09,27.450001,27.610001,27.010000,27.049999,26.510803,811400
2021-03-10,27.030001,27.139999,26.320000,26.760000,26.226585,1155200
2021-03-11,26.760000,27.139999,26.500000,26.620001,26.089376,826800
2021-03-12,26.670000,27.040001,26.530001,27.010000,26.471601,901800
2021-03-15,27.680000,28.370001,26.959999,28.190001,27.628082,2460100
2021-03-16,28.139999,28.299999,27.820000,28.059999,27.500671,1024600
2021-03-17,28.110001,28.129999,27.809999,28.049999,27.490871,581600
2021-03-18,27.940001,28.320000,27.799999,27.920000,27.363462,629500
2021-03-19,27.959999,28.129999,27.190001,27.219999,26.677416,1178500
2021-03-22,27.000000,27.160000,26.490000,26.809999,26.275587,532600
2021-03-23,26.620001,26.910000,26.330000,26.540001,26.010971,649200
2021-03-24,26.700001,27.080000,26.450001,26.459999,25.932566,575900
2021-03-25,26.350000,27.180000,26.030001,26.879999,26.344193,1524700
2021-03-26,26.969999,27.280001,26.670000,27.280001,26.736221,1364000
2021-03-29,27.230000,27.690001,26.889999,27.049999,26.510803,965500
2021-03-30,26.719999,26.930000,26.540001,26.590000,26.327629,846900
2021-03-31,26.559999,26.809999,26.270000,26.330000,26.070196,1185700
2021-04-01,26.360001,27.260000,26.360001,27.240000,26.971216,709600
2021-04-05,27.420000,27.559999,26.610001,26.870001,26.604868,456700
2021-04-06,26.790001,27.170000,26.790001,27.030001,26.763288,1155700
2021-04-07,27.059999,27.230000,26.870001,27.040001,26.773190,660400
2021-04-08,27.070000,27.330000,26.830000,27.170000,26.901907,468700
2021-04-09,27.170000,27.309999,26.940001,27.049999,26.783091,478000
2021-04-12,27.010000,27.230000,26.870001,27.209999,26.941511,406500
2021-04-13,27.180000,27.190001,26.910000,27.110001,26.842499,616800
2021-04-14,27.080000,27.500000,27.080000,27.170000,26.901907,798500
2021-04-15,27.320000,27.440001,27.030001,27.299999,27.030622,582500
2021-04-16,27.440001,27.760000,27.370001,27.639999,27.367270,381000
2021-04-19,27.709999,27.809999,27.450001,27.790001,27.515791,528200
2021-04-20,27.700001,28.080000,27.700001,27.980000,27.703915,685000
2021-04-21,28.100000,28.370001,27.840000,28.180000,27.901941,606300
2021-04-22,28.200001,28.280001,27.770000,27.780001,27.505888,629300
2021-04-23,27.820000,28.100000,27.740000,27.950001,27.674212,633800
2021-04-26,28.170000,28.690001,28.139999,28.260000,27.981152,767600
2021-04-27,28.280001,28.420000,28.030001,28.070000,27.793026,585000
2021-04-28,28.090000,28.450001,28.090000,28.129999,27.852434,750700
2021-04-29,28.240000,28.930000,28.049999,28.139999,27.862335,811000
2021-04-30,28.000000,28.639999,27.690001,28.040001,27.763323,1237300
2021-05-03,28.240000,28.540001,27.870001,28.299999,28.020756,831700
2021-05-04,28.299999,28.680000,28.200001,28.540001,28.258390,710000
2021-05-05,28.299999,28.340000,27.170000,27.270000,27.000921,927400
2021-05-06,27.299999,27.830000,27.270000,27.809999,27.535591,800000
2021-05-07,27.709999,28.090000,27.530001,28.020000,27.743521,684600
2021-05-10,28.209999,28.420000,27.719999,27.740000,27.466282,698800
2021-05-11,27.580000,27.610001,26.870001,27.080000,26.812796,671100
2021-05-12,27.040001,27.209999,26.670000,26.730000,26.466248,912000
2021-05-13,26.700001,27.469999,26.639999,27.120001,26.852402,891800
2021-05-14,27.200001,27.320000,27.040001,27.170000,26.901907,751000
2021-05-17,27.059999,27.299999,26.940001,27.040001,26.773190,781300
2021-05-18,26.980000,27.280001,26.879999,27.090000,26.822697,602500
2021-05-19,26.830000,27.100000,26.520000,27.090000,26.822697,1473500
2021-05-20,27.049999,27.600000,26.940001,27.480000,27.208847,680600
2021-05-21,27.500000,27.629999,27.320000,27.340000,27.070229,2295800
2021-05-24,27.250000,27.889999,27.250000,27.670000,27.396973,875800
2021-05-25,27.770000,27.850000,27.250000,27.290001,27.020723,988100
2021-05-26,27.280001,27.520000,27.110001,27.280001,27.010822,1066600
2021-05-27,27.480000,27.750000,27.280001,27.590000,27.317762,1031600
2021-05-28,27.670000,27.709999,27.490000,27.600000,27.327663,590600
2021-06-01,27.590000,28.150000,27.520000,27.910000,27.634605,1083300
2021-06-02,28.070000,28.250000,27.840000,28.230000,27.951447,1102000
2021-06-03,28.320000,28.459999,27.840000,28.030001,27.753422,1050200
2021-06-04,28.070000,28.180000,27.790001,28.049999,27.773222,930300
2021-06-07,28.209999,29.059999,28.129999,28.990000,28.703949,1526700
2021-06-08,29.129999,29.879999,29.049999,29.790001,29.496056,1756500
2021-06-09,29.990000,30.170000,29.750000,29.780001,29.486155,1164200
2021-06-10,29.799999,30.280001,29.600000,30.180000,29.882206,725600
2021-06-11,30.240000,30.280001,30.040001,30.150000,29.852503,1086500
2021-06-14,30.230000,30.309999,29.740000,29.889999,29.595068,1047900
2021-06-15,29.790001,30.100000,29.620001,29.629999,29.337633,1063900
2021-06-16,29.650000,29.830000,29.270000,29.299999,29.010889,877400
2021-06-17,29.209999,29.309999,28.840000,29.059999,28.773256,1204800
2021-06-18,28.969999,29.030001,28.469999,28.549999,28.268290,1532000
2021-06-21,28.700001,29.360001,28.559999,29.200001,28.911877,967500
2021-06-22,29.170000,29.170000,28.400000,28.549999,28.268290,994200
2021-06-23,28.680000,28.740000,28.190001,28.209999,27.931644,958500
2021-06-24,28.219999,28.490000,27.950001,28.170000,27.892040,835400
2021-06-25,28.129999,28.559999,27.230000,27.639999,27.367270,13551500
2021-06-28,27.570000,28.070000,27.200001,27.870001,27.595001,2582900
2021-06-29,27.549999,27.690001,27.190001,27.230000,27.230000,960100
2021-06-30,27.139999,28.010000,27.049999,27.990000,27.990000,2489000
2021-07-01,27.930000,28.180000,27.590000,27.980000,27.980000,1472700
2021-07-02,28.180000,28.320000,27.969999,28.290001,28.290001,977300
2021-07-06,28.280001,28.730000,27.820000,28.690001,28.690001,1395000
2021-07-07,28.709999,28.870001,28.420000,28.850000,28.850000,1376900
2021-07-08,28.670000,28.830000,28.379999,28.570000,28.570000,1274200
2021-07-09,28.879999,29.350000,28.790001,29.330000,29.330000,1011700
2021-07-12,29.360001,29.740000,29.049999,29.709999,29.709999,783500
2021-07-13,29.540001,29.549999,29.030001,29.090000,29.090000,899600
2021-07-14,29.100000,29.500000,29.000000,29.320000,29.320000,1286200
2021-07-15,29.360001,29.570000,28.889999,29.480000,29.480000,673600
2021-07-16,29.700001,29.850000,29.480000,29.709999,29.709999,784000
2021-07-19,29.290001,29.430000,28.610001,28.809999,28.809999,904100
2021-07-20,28.809999,29.900000,28.740000,29.639999,29.639999,954800
2021-07-21,29.650000,30.309999,29.430000,29.969999,29.969999,869900
2021-07-22,29.790001,29.990000,29.450001,29.670000,29.670000,455800
2021-07-23,29.750000,29.940001,29.490000,29.850000,29.850000,465200
2021-07-26,29.910000,30.139999,29.580000,29.730000,29.730000,436300
2021-07-27,29.570000,29.900000,29.430000,29.570000,29.570000,831700
2021-07-28,29.709999,29.889999,29.209999,29.510000,29.510000,439300
2021-07-29,29.799999,30.100000,29.680000,29.780001,29.780001,929400
2021-07-30,29.650000,30.510000,29.389999,29.440001,29.440001,1140600
2021-08-02,29.629999,29.990000,28.910000,28.930000,28.930000,1183200
2021-08-03,29.010000,29.010000,28.200001,28.510000,28.510000,924300
2021-08-04,28.340000,28.500000,28.070000,28.160000,28.160000,514200
2021-08-05,28.400000,28.639999,28.170000,28.490000,28.490000,805600
2021-08-06,28.670000,28.930000,28.480000,28.680000,28.680000,611700
2021-08-09,28.719999,28.719999,28.430000,28.570000,28.570000,316300
2021-08-10,28.480000,28.480000,28.030001,28.110001,28.110001,377300
2021-08-11,28.180000,28.469999,28.010000,28.430000,28.430000,502300
2021-08-12,28.559999,28.610001,28.090000,28.290001,28.290001,756300
2021-08-13,28.209999,28.340000,28.139999,28.299999,28.299999,655800
2021-08-16,28.160000,28.580000,28.150000,28.370001,28.370001,850500
2021-08-17,28.129999,28.709999,28.040001,28.670000,28.670000,643600
2021-08-18,28.670000,28.750000,28.370001,28.500000,28.500000,812300
2021-08-19,28.200001,28.540001,28.020000,28.400000,28.400000,450700
2021-08-20,28.420000,28.660000,28.070000,28.480000,28.480000,623700
2021-08-23,28.520000,28.610001,28.299999,28.400000,28.400000,526100
2021-08-24,28.510000,28.510000,27.840000,28.230000,28.230000,574800
2021-08-25,28.160000,28.340000,27.930000,27.930000,27.930000,610600
2021-08-26,27.959999,28.240000,27.820000,28.080000,28.080000,677500
2021-08-27,28.320000,28.650000,28.280001,28.500000,28.500000,592000
2021-08-30,28.440001,28.440001,28.000000,28.190001,28.190001,566000