Date,Open,High,Low,Close,Adj Close,Volume
2021-01-04,77.000000,77.000000,75.160004,75.459999,73.714767,278400
2021-01-05,75.879997,76.199997,73.779999,74.879997,73.148178,231200
2021-01-06,75.639999,77.930000,75.620003,77.489998,75.697815,298200
2021-01-07,77.040001,77.300003,73.930000,74.410004,72.689056,399700
2021-01-08,74.940002,75.150002,71.959999,72.610001,70.930687,446900
2021-01-11,72.150002,72.930000,71.639999,71.919998,70.256638,153300
2021-01-12,71.839996,72.169998,70.900002,71.559998,69.904961,213200
2021-01-13,71.519997,72.000000,70.930000,71.489998,69.836586,269100
2021-01-14,72.089996,72.120003,70.750000,71.459999,69.807289,173400
2021-01-15,70.959999,72.160004,70.529999,71.989998,70.325027,279300
2021-01-19,72.260002,72.750000,71.209999,71.349998,69.699829,292900
2021-01-20,71.559998,71.650002,70.480003,71.000000,69.357918,357600
2021-01-21,70.599998,71.110001,70.209999,70.620003,68.986717,177700
2021-01-22,70.080002,70.809998,69.480003,70.790001,69.152779,190600
2021-01-25,70.250000,72.639999,70.190002,72.480003,70.803696,277800
2021-01-26,72.870003,73.089996,72.099998,72.309998,70.637627,266700
2021-01-27,71.470001,74.690002,71.239998,74.599998,72.874657,531100
2021-01-28,74.849998,78.010002,72.830002,73.050003,71.360512,434100
2021-01-29,72.769997,73.959999,72.449997,73.129997,71.438660,331400
2021-02-01,73.389999,74.099998,71.860001,73.830002,72.122467,232900
2021-02-02,74.160004,74.779999,73.279999,73.459999,71.761024,248700
2021-02-03,72.849998,73.239998,71.650002,71.910004,70.246880,352000
2021-02-04,72.050003,72.570000,71.230003,72.410004,70.735313,285800
2021-02-05,73.070000,73.089996,71.940002,72.900002,71.213974,220600
2021-02-08,72.970001,72.970001,71.839996,72.550003,70.872078,199800
2021-02-09,72.739998,72.839996,71.239998,72.540001,70.862305,164400
2021-02-10,73.279999,73.779999,72.300003,73.730003,72.024788,236000
2021-02-11,73.550003,74.150002,73.220001,73.349998,71.653572,229200
2021-02-12,73.529999,73.529999,72.080002,72.690002,71.008835,139300
2021-02-16,72.610001,72.860001,72.050003,72.230003,70.559479,155200
2021-02-17,72.050003,73.550003,72.050003,72.970001,71.282364,203500
2021-02-18,72.650002,74.220001,72.410004,73.580002,72.454147,221900
2021-02-19,73.410004,74.550003,73.300003,74.059998,72.926804,202100
2021-02-22,73.480003,73.480003,69.699997,70.019997,68.948616,474500
2021-02-23,70.470001,72.279999,70.000000,70.010002,68.938782,370700
2021-02-24,70.709999,70.709999,68.000000,69.849998,68.781227,446500
2021-02-25,69.959999,71.610001,68.839996,69.010002,67.954079,407700
2021-02-26,69.360001,71.250000,66.769997,66.970001,65.945290,530900
2021-03-01,68.230003,70.309998,67.290001,69.550003,68.485817,466100
2021-03-02,69.550003,69.550003,67.690002,68.779999,67.727592,305800
2021-03-03,68.730003,69.580002,67.650002,68.769997,67.717743,315900
2021-03-04,69.019997,71.180000,68.349998,68.790001,67.737442,490500
2021-03-05,69.349998,73.720001,69.349998,73.599998,72.473839,523500
2021-03-08,74.260002,75.339996,73.040001,75.019997,73.872116,280300
2021-03-09,74.099998,74.930000,73.360001,73.389999,72.267052,366200
2021-03-10,73.300003,75.000000,72.930000,74.440002,73.300995,221800
2021-03-11,73.930000,74.489998,73.370003,73.750000,72.621544,267900
2021-03-12,74.019997,75.370003,73.860001,75.129997,73.980431,244800
2021-03-15,75.349998,77.169998,75.169998,77.029999,75.851357,240300
2021-03-16,76.580002,77.699997,76.580002,77.529999,76.343712,207700
2021-03-17,77.449997,77.620003,74.370003,74.769997,73.625938,259700
2021-03-18,74.410004,75.000000,73.730003,74.709999,73.566864,254300
2021-03-19,74.629997,75.540001,73.389999,74.739998,73.596397,661500
2021-03-22,73.519997,74.699997,71.860001,73.110001,71.991341,475600
2021-03-23,72.589996,74.220001,72.570000,73.309998,72.188278,275000
2021-03-24,73.470001,75.769997,73.290001,74.470001,73.330536,457500
2021-03-25,74.660004,75.629997,73.730003,75.220001,74.069054,257100
2021-03-26,75.680000,76.010002,74.470001,74.989998,73.842575,293500
2021-03-29,74.650002,76.779999,74.650002,76.269997,75.102989,322800
2021-03-30,76.239998,76.239998,75.070000,76.059998,74.896202,174100
2021-03-31,75.849998,77.260002,75.279999,76.910004,75.733200,376700
2021-04-01,76.860001,77.050003,75.690002,76.809998,75.634727,299700
2021-04-05,77.150002,78.059998,76.739998,77.320000,76.136925,180600
2021-04-06,77.150002,77.599998,76.790001,77.320000,76.136925,199800
2021-04-07,77.550003,78.040001,76.940002,77.389999,76.205849,172700
2021-04-08,77.199997,78.160004,76.910004,77.849998,76.658813,156900
2021-04-09,77.769997,78.330002,77.489998,77.989998,76.796677,165000
2021-04-12,78.330002,78.739998,77.959999,78.379997,77.180702,152500
2021-04-13,77.900002,78.709999,77.550003,77.809998,76.619423,165300
2021-04-14,77.989998,78.849998,77.660004,78.209999,77.013306,143300
2021-04-15,78.489998,79.889999,77.959999,79.849998,78.628212,163400
2021-04-16,80.339996,81.059998,79.779999,80.620003,79.386436,177300
2021-04-19,81.019997,81.019997,80.070000,80.550003,79.317505,246500
2021-04-20,80.370003,81.629997,80.279999,81.370003,80.124954,228100
2021-04-21,80.910004,81.540001,80.230003,80.839996,79.603058,227300
2021-04-22,81.070000,81.209999,80.199997,81.160004,79.918167,203900
2021-04-23,81.269997,81.900002,80.910004,81.260002,80.016640,205700
2021-04-26,81.480003,81.480003,79.940002,80.050003,78.825157,126100
2021-04-27,79.900002,80.059998,78.629997,78.769997,77.564728,205400
2021-04-28,78.779999,79.419998,78.279999,78.949997,77.741982,256100
2021-04-29,79.449997,80.669998,79.349998,80.089996,78.864540,203400
2021-04-30,79.690002,80.559998,79.580002,80.470001,79.238724,272000
2021-05-03,80.989998,81.550003,80.089996,80.580002,79.347046,294900
2021-05-04,80.300003,80.620003,78.629997,79.779999,78.559280,411200
2021-05-05,79.650002,79.910004,77.070000,77.769997,76.580032,329000
2021-05-06,78.019997,78.800003,77.290001,78.099998,76.904991,290500
2021-05-07,78.029999,78.940002,77.760002,78.389999,77.190552,182600
2021-05-10,78.720001,79.639999,78.669998,79.150002,77.938927,192000
2021-05-11,79.019997,79.019997,77.389999,78.269997,77.072388,291300
2021-05-12,78.669998,78.669998,75.430000,75.669998,74.512169,372700
2021-05-13,75.480003,77.050003,75.209999,76.900002,75.723358,332600
2021-05-14,76.410004,76.830002,75.580002,75.800003,75.207420,218800
2021-05-17,75.370003,75.639999,74.129997,74.199997,73.619919,248500
2021-05-18,73.849998,74.550003,73.269997,73.849998,73.272659,303500
2021-05-19,73.400002,73.660004,72.500000,73.029999,72.459068,164600
2021-05-20,73.010002,73.779999,72.669998,73.610001,73.034538,275100
2021-05-21,73.989998,74.580002,73.300003,74.010002,73.431412,862200
2021-05-24,74.190002,74.769997,73.959999,74.300003,73.719147,220500
2021-05-25,74.199997,74.650002,73.430000,74.279999,73.699295,359800
2021-05-26,74.290001,75.169998,74.000000,74.940002,74.354141,398300
2021-05-27,75.239998,75.510002,74.550003,74.750000,74.165627,388600
2021-05-28,75.139999,75.230003,74.290001,74.320000,73.738983,213100
2021-06-01,74.190002,74.510002,73.900002,74.500000,73.917580,237900
2021-06-02,74.730003,75.389999,74.279999,74.839996,74.254913,267900
2021-06-03,74.629997,75.620003,74.370003,75.470001,74.879997,228300
2021-06-04,75.750000,75.750000,75.089996,75.209999,74.622025,185400
2021-06-07,75.279999,75.790001,74.980003,75.629997,75.038742,224200
2021-06-08,75.790001,75.849998,75.080002,75.589996,74.999054,204900
2021-06-09,75.830002,76.750000,75.430000,76.660004,76.060692,191700
2021-06-10,76.870003,77.660004,76.309998,77.620003,77.013191,240400
2021-06-11,77.809998,77.919998,77.150002,77.519997,76.913963,182700
2021-06-14,77.500000,77.680000,77.000000,77.220001,76.616318,172700
2021-06-15,77.349998,77.919998,77.010002,77.580002,76.973503,188500
2021-06-16,77.669998,77.970001,76.940002,77.849998,77.241386,325700
2021-06-17,77.839996,78.959999,77.430000,78.089996,77.479507,224100
2021-06-18,77.790001,77.790001,74.599998,74.639999,74.056480,408900
2021-06-21,74.900002,75.930000,74.559998,75.720001,75.128044,164800
2021-06-22,75.440002,75.440002,74.639999,74.739998,74.155701,228300
2021-06-23,74.629997,74.629997,73.389999,73.589996,73.014687,272300
2021-06-24,73.900002,73.919998,73.190002,73.860001,73.282585,215600
2021-06-25,73.540001,75.669998,73.230003,75.489998,74.899834,932800
2021-06-28,75.500000,75.989998,75.000000,75.949997,75.356239,262400
2021-06-29,75.900002,76.180000,74.750000,74.989998,74.403748,229700
2021-06-30,74.720001,75.019997,74.059998,74.120003,73.540550,230400
2021-07-01,74.440002,75.260002,74.080002,74.680000,74.096169,184900
2021-07-02,74.690002,74.970001,74.029999,74.500000,73.917580,114300
2021-07-06,74.339996,74.339996,72.510002,73.690002,73.113914,289300
2021-07-07,73.440002,74.129997,73.339996,74.000000,73.421486,384800
2021-07-08,73.320000,73.860001,72.809998,73.040001,72.468994,169700
2021-07-09,73.510002,73.879997,72.730003,72.940002,72.369774,414000
2021-07-12,72.459999,73.949997,72.300003,73.669998,73.094063,235000
2021-07-13,73.300003,73.959999,73.070000,73.260002,72.687271,180700
2021-07-14,73.519997,73.830002,72.779999,73.540001,72.965080,165000
2021-07-15,73.139999,74.290001,73.050003,74.199997,73.619919,157800
2021-07-16,74.510002,75.540001,74.290001,74.629997,74.046562,268000
2021-07-19,74.019997,74.610001,72.239998,73.029999,72.459068,355500
2021-07-20,72.800003,74.349998,72.610001,73.639999,73.064301,361300
2021-07-21,74.110001,74.570000,73.139999,73.370003,72.796417,203500
2021-07-22,73.110001,73.250000,72.010002,72.400002,71.834000,210000
2021-07-23,72.519997,73.959999,72.470001,73.930000,73.352036,130100
2021-07-26,74.120003,74.150002,73.580002,73.860001,73.282585,136100
2021-07-27,73.660004,75.760002,73.360001,75.709999,75.118118,204300
2021-07-28,75.900002,75.930000,74.269997,75.120003,74.532730,191300
2021-07-29,75.480003,75.599998,74.459999,74.580002,73.996956,154800
2021-07-30,74.839996,75.440002,73.580002,73.779999,73.203209,170700
2021-08-02,74.080002,75.010002,73.930000,74.309998,73.729057,179000
2021-08-03,74.309998,75.320000,73.500000,74.879997,74.294601,186500
2021-08-04,73.470001,73.949997,72.419998,73.820000,73.242897,197400
2021-08-05,73.639999,74.599998,73.480003,74.519997,73.937416,168100
2021-08-06,74.610001,75.309998,74.180000,74.250000,73.669533,233800
2021-08-09,74.360001,74.559998,73.639999,74.120003,73.540550,125700
2021-08-10,74.440002,74.440002,73.550003,73.900002,73.322273,98000
2021-08-11,74.029999,74.389999,73.849998,74.190002,73.610001,111800
2021-08-12,73.739998,73.739998,72.830002,72.879997,72.879997,85200
2021-08-13,72.720001,73.669998,72.669998,73.209999,73.209999,68900
2021-08-16,73.029999,73.980003,72.750000,72.940002,72.940002,168100
2021-08-17,72.529999,73.220001,72.309998,73.139999,73.139999,109000
2021-08-18,72.980003,72.980003,72.059998,72.150002,72.150002,137400
2021-08-19,71.730003,72.570000,71.510002,72.070000,72.070000,166300
2021-08-20,71.959999,72.720001,71.930000,72.570000,72.570000,166500
2021-08-23,72.589996,72.989998,72.000000,72.279999,72.279999,118600
2021-08-24,72.250000,72.699997,71.059998,72.639999,72.639999,266400
2021-08-25,72.669998,72.930000,72.160004,72.199997,72.199997,189800
2021-08-26,72.010002,72.010002,70.809998,70.820000,70.820000,149500
2021-08-27,70.830002,72.080002,70.830002,71.750000,71.750000,266300
2021-08-30,71.730003,71.940002,71.239998,71.709999,71.709999,139900