Date,Open,High,Low,Close,Adj Close,Volume
2021-01-04,119.620003,121.599998,115.779999,119.250000,119.250000,502600
2021-01-05,118.559998,120.779999,118.410004,119.050003,119.050003,578400
2021-01-06,119.550003,121.559998,117.879997,120.519997,120.519997,564700
2021-01-07,120.459999,123.360001,119.940002,122.779999,122.779999,294100
2021-01-08,123.730003,124.379997,120.389999,121.070000,121.070000,494900
2021-01-11,119.690002,122.940002,117.800003,118.860001,118.860001,315200
2021-01-12,118.980003,121.529999,118.739998,120.940002,120.940002,293000
2021-01-13,122.650002,124.309998,117.669998,117.779999,117.779999,645000
2021-01-14,119.199997,122.110001,118.790001,121.750000,121.750000,709200
2021-01-15,121.169998,121.809998,119.080002,120.669998,120.669998,238800
2021-01-19,121.500000,122.989998,120.129997,121.620003,121.620003,310500
2021-01-20,123.580002,124.989998,121.760002,122.720001,122.720001,275800
2021-01-21,123.269997,123.440002,120.410004,120.419998,120.419998,351100
2021-01-22,119.519997,123.349998,119.519997,123.230003,123.230003,272100
2021-01-25,123.050003,127.820000,122.139999,127.300003,127.300003,590500
2021-01-26,127.400002,128.410004,124.669998,126.230003,126.230003,227500
2021-01-27,123.849998,124.470001,118.680000,119.680000,119.680000,509800
2021-01-28,119.970001,124.489998,118.150002,118.980003,118.980003,475500
2021-01-29,118.360001,118.980003,116.070000,117.800003,117.800003,338200
2021-02-01,118.260002,122.370003,116.800003,122.040001,122.040001,505700
2021-02-02,129.070007,137.990005,125.000000,126.080002,126.080002,894700
2021-02-03,126.000000,127.779999,123.250000,126.349998,126.349998,380900
2021-02-04,125.059998,128.130005,122.849998,124.900002,124.900002,307300
2021-02-05,126.209999,128.919998,124.970001,128.240005,128.240005,324100
2021-02-08,128.300003,130.000000,127.650002,129.279999,129.279999,217400
2021-02-09,129.630005,133.570007,128.199997,132.160004,132.160004,387900
2021-02-10,132.580002,133.820007,131.110001,132.089996,132.089996,201200
2021-02-11,132.259995,133.289993,130.320007,132.139999,132.139999,237800
2021-02-12,131.449997,133.800003,131.020004,133.800003,133.800003,171000
2021-02-16,133.089996,134.979996,130.720001,132.949997,132.949997,295200
2021-02-17,131.720001,132.850006,129.679993,131.339996,131.339996,228500
2021-02-18,130.149994,132.039993,128.550003,129.759995,129.759995,215800
2021-02-19,129.839996,132.600006,128.050003,130.929993,130.929993,269800
2021-02-22,130.259995,131.619995,125.080002,128.470001,128.470001,188000
2021-02-23,127.580002,130.360001,125.029999,130.050003,130.050003,251300
2021-02-24,130.460007,131.979996,129.509995,130.869995,130.869995,212600
2021-02-25,130.889999,131.130005,126.330002,127.199997,127.199997,248100
2021-02-26,127.709999,129.000000,124.669998,126.900002,126.900002,229600
2021-03-01,128.720001,130.740005,127.510002,129.399994,129.399994,197700
2021-03-02,129.020004,129.059998,127.010002,127.019997,127.019997,189800
2021-03-03,127.690002,127.690002,123.790001,125.459999,125.459999,185400
2021-03-04,125.110001,125.779999,121.809998,122.019997,122.019997,392500
2021-03-05,122.839996,125.000000,119.760002,124.370003,124.370003,493400
2021-03-08,124.309998,125.129997,121.949997,123.599998,123.599998,282000
2021-03-09,125.260002,127.620003,123.470001,125.570000,125.570000,436200
2021-03-10,126.900002,129.240005,125.750000,126.930000,126.930000,578300
2021-03-11,127.470001,134.089996,126.580002,133.080002,133.080002,1205600
2021-03-12,131.910004,136.229996,128.009995,135.179993,135.179993,934500
2021-03-15,135.179993,141.000000,135.009995,140.210007,140.210007,584500
2021-03-16,139.309998,143.750000,139.309998,140.880005,140.880005,775100
2021-03-17,140.559998,144.330002,139.360001,143.899994,143.899994,577100
2021-03-18,143.139999,146.000000,140.690002,143.330002,143.330002,663300
2021-03-19,142.039993,144.789993,136.089996,138.929993,138.929993,1108700
2021-03-22,140.289993,142.529999,137.589996,138.880005,138.880005,710200
2021-03-23,138.449997,139.289993,134.330002,136.000000,136.000000,486800
2021-03-24,136.910004,140.630005,135.539993,136.990005,136.990005,334200
2021-03-25,136.550003,138.529999,135.660004,137.720001,137.720001,234500
2021-03-26,138.910004,140.449997,136.970001,140.169998,140.169998,378300
2021-03-29,140.039993,142.750000,138.339996,138.500000,138.500000,407500
2021-03-30,138.509995,139.679993,128.750000,129.119995,129.119995,1020300
2021-03-31,129.009995,133.899994,128.830002,129.869995,129.869995,621900
2021-04-01,130.649994,135.479996,130.460007,134.720001,134.720001,320600
2021-04-05,134.759995,137.179993,132.529999,133.089996,133.089996,183500
2021-04-06,133.589996,135.559998,132.610001,133.350006,133.350006,197000
2021-04-07,133.000000,134.990005,130.729996,131.740005,131.740005,271600
2021-04-08,133.289993,134.300003,131.820007,133.679993,133.679993,167100
2021-04-09,133.949997,135.660004,132.399994,134.690002,134.690002,308400
2021-04-12,135.000000,135.259995,132.619995,134.000000,134.000000,250200
2021-04-13,133.309998,135.429993,132.059998,134.380005,134.380005,255900
2021-04-14,134.520004,138.570007,134.520004,137.520004,137.520004,540200
2021-04-15,138.380005,138.380005,135.610001,136.869995,136.869995,196100
2021-04-16,137.860001,139.979996,136.029999,137.839996,137.839996,198500
2021-04-19,137.550003,137.949997,135.809998,137.869995,137.869995,209500
2021-04-20,138.070007,139.389999,136.380005,136.419998,136.419998,181400
2021-04-21,136.600006,137.960007,134.070007,136.039993,136.039993,376000
2021-04-22,136.850006,139.770004,134.809998,137.729996,137.729996,328400
2021-04-23,137.699997,140.679993,137.699997,139.619995,139.619995,296100
2021-04-26,140.080002,140.550003,138.250000,139.960007,139.960007,218800
2021-04-27,138.970001,142.850006,138.509995,142.199997,142.199997,273900
2021-04-28,142.259995,143.589996,139.320007,142.490005,142.490005,330100
2021-04-29,142.600006,145.820007,141.270004,143.860001,143.860001,519000
2021-04-30,143.949997,146.990005,141.589996,145.020004,145.020004,379100
2021-05-03,145.000000,145.000000,138.759995,138.929993,138.929993,419200
2021-05-04,137.869995,140.339996,135.350006,140.300003,140.300003,234100
2021-05-05,139.910004,141.029999,135.960007,139.800003,139.800003,156200
2021-05-06,139.669998,140.119995,136.660004,139.830002,139.830002,224500
2021-05-07,139.289993,142.500000,136.789993,141.509995,141.509995,186600
2021-05-10,140.630005,141.220001,129.789993,129.910004,129.910004,529400
2021-05-11,128.600006,135.899994,127.160004,133.740005,133.740005,298300
2021-05-12,132.679993,133.550003,129.860001,130.020004,130.020004,222100
2021-05-13,130.250000,133.630005,129.339996,131.009995,131.009995,211000
2021-05-14,131.740005,133.860001,130.779999,131.910004,131.910004,207000
2021-05-17,131.460007,132.850006,128.809998,131.990005,131.990005,234000
2021-05-18,131.690002,137.139999,131.220001,133.779999,133.779999,214400
2021-05-19,131.330002,135.100006,131.330002,134.899994,134.899994,162000
2021-05-20,134.880005,136.619995,134.149994,136.250000,136.250000,246200
2021-05-21,137.449997,139.529999,135.789993,135.789993,135.789993,163000
2021-05-24,137.520004,138.979996,136.160004,137.050003,137.050003,164800
2021-05-25,137.979996,138.429993,135.850006,135.860001,135.860001,137600
2021-05-26,137.360001,139.389999,135.729996,138.539993,138.539993,184300
2021-05-27,139.509995,140.750000,138.179993,139.240005,139.240005,221000
2021-05-28,139.600006,139.619995,137.250000,139.000000,139.000000,185200
2021-06-01,139.070007,139.990005,137.789993,138.339996,138.339996,224900
2021-06-02,138.050003,140.000000,137.520004,138.770004,138.770004,326600
2021-06-03,138.350006,138.729996,135.539993,136.179993,136.179993,318200
2021-06-04,136.080002,140.130005,135.720001,139.559998,139.559998,168900
2021-06-07,139.699997,141.470001,138.630005,140.229996,140.229996,317700
2021-06-08,140.500000,141.589996,139.339996,140.419998,140.419998,135300
2021-06-09,139.169998,141.020004,137.970001,139.009995,139.009995,146800
2021-06-10,139.600006,140.910004,138.350006,140.429993,140.429993,161400
2021-06-11,140.619995,141.699997,137.619995,139.029999,139.029999,230100
2021-06-14,139.080002,143.850006,139.080002,142.979996,142.979996,314700
2021-06-15,143.660004,145.119995,142.610001,144.960007,144.960007,340800
2021-06-16,144.520004,145.389999,143.089996,144.210007,144.210007,446200
2021-06-17,143.539993,146.580002,142.289993,145.289993,145.289993,213400
2021-06-18,144.250000,146.399994,142.779999,143.679993,143.679993,354700
2021-06-21,144.250000,148.190002,143.710007,146.960007,146.960007,265700
2021-06-22,146.250000,148.570007,144.839996,147.679993,147.679993,212500
2021-06-23,149.149994,150.539993,147.380005,148.919998,148.919998,220300
2021-06-24,149.550003,150.669998,148.690002,148.880005,148.880005,287800
2021-06-25,149.460007,151.000000,148.440002,150.020004,150.020004,447400
2021-06-28,150.389999,151.000000,148.910004,150.570007,150.570007,181400
2021-06-29,150.529999,152.710007,149.910004,151.210007,151.210007,117900
2021-06-30,151.059998,152.270004,149.029999,151.449997,151.449997,308900
2021-07-01,151.190002,151.899994,148.000000,148.690002,148.690002,191500
2021-07-02,149.869995,150.690002,147.110001,149.759995,149.759995,125600
2021-07-06,149.410004,151.229996,148.029999,151.210007,151.210007,188600
2021-07-07,151.580002,153.520004,149.490005,151.369995,151.369995,250600
2021-07-08,149.259995,152.130005,147.389999,151.500000,151.500000,105800
2021-07-09,152.429993,153.130005,150.029999,151.240005,151.240005,243500
2021-07-12,150.479996,154.279999,149.779999,154.000000,154.000000,132600
2021-07-13,153.940002,154.919998,150.979996,151.139999,151.139999,99100
2021-07-14,151.539993,153.850006,150.470001,152.130005,152.130005,163300
2021-07-15,151.649994,153.690002,148.429993,150.899994,150.899994,142800
2021-07-16,152.039993,154.029999,150.550003,150.869995,150.869995,125500
2021-07-19,149.220001,152.789993,148.649994,150.389999,150.389999,131500
2021-07-20,150.550003,152.729996,149.990005,150.550003,150.550003,298000
2021-07-21,151.119995,151.979996,149.509995,151.279999,151.279999,159300
2021-07-22,151.320007,154.779999,150.940002,152.100006,152.100006,242300
2021-07-23,152.270004,152.320007,150.320007,151.350006,151.350006,135500
2021-07-26,152.270004,153.139999,149.589996,151.679993,151.679993,169700
2021-07-27,151.679993,152.330002,148.149994,151.339996,151.339996,156100
2021-07-28,151.949997,153.360001,142.910004,148.169998,148.169998,441000
2021-07-29,148.979996,149.440002,138.619995,141.839996,141.839996,610000
2021-07-30,142.580002,147.330002,140.580002,146.500000,146.500000,307900
2021-08-02,146.440002,146.970001,145.199997,146.300003,146.300003,152400
2021-08-03,146.339996,149.520004,145.289993,148.789993,148.789993,466000
2021-08-04,148.020004,152.339996,147.990005,149.190002,149.190002,183000
2021-08-05,150.059998,155.649994,149.979996,153.009995,153.009995,382300
2021-08-06,152.440002,160.779999,152.440002,157.899994,157.899994,535800
2021-08-09,156.919998,158.259995,148.830002,152.080002,152.080002,328200
2021-08-10,152.240005,153.600006,150.070007,152.449997,152.449997,131800
2021-08-11,152.240005,152.970001,149.899994,152.479996,152.479996,167400
2021-08-12,153.119995,154.449997,152.130005,152.660004,152.660004,88000
2021-08-13,152.559998,152.559998,149.960007,151.179993,151.179993,95600
2021-08-16,150.009995,151.940002,148.119995,150.309998,150.309998,127600
2021-08-17,149.039993,150.990005,147.710007,150.369995,150.369995,272400
2021-08-18,150.869995,151.000000,148.750000,149.630005,149.630005,103000
2021-08-19,148.940002,150.369995,147.940002,149.839996,149.839996,191700
2021-08-20,151.929993,153.169998,148.639999,152.750000,152.750000,147400
2021-08-23,153.110001,153.639999,151.559998,153.160004,153.160004,252200
2021-08-24,152.589996,155.080002,151.399994,154.699997,154.699997,163900
2021-08-25,154.889999,156.710007,153.330002,156.070007,156.070007,148800
2021-08-26,155.539993,157.919998,154.000000,154.639999,154.639999,164400
2021-08-27,154.240005,160.000000,154.240005,158.710007,158.710007,308200
2021-08-30,157.990005,159.830002,154.869995,155.740005,155.740005,270400