Date,Open,High,Low,Close,Adj Close,Volume
2021-01-04,48.259998,49.180000,47.340000,47.770000,47.770000,273300
2021-01-05,47.450001,49.480000,47.450001,48.750000,48.750000,216300
2021-01-06,49.110001,51.959999,48.900002,51.070000,51.070000,432800
2021-01-07,51.250000,53.139999,51.250000,52.980000,52.980000,308800
2021-01-08,54.000000,54.000000,51.040001,51.869999,51.869999,361600
2021-01-11,50.639999,53.168999,50.520000,53.070000,53.070000,193300
2021-01-12,53.290001,54.470001,53.049999,54.180000,54.180000,158400
2021-01-13,54.270000,54.700001,53.380001,54.080002,54.080002,202100
2021-01-14,54.849998,57.639999,54.709999,57.049999,57.049999,567000
2021-01-15,56.070000,57.060001,55.375000,55.650002,55.650002,242900
2021-01-19,56.779999,58.939999,56.259998,58.209999,58.209999,412200
2021-01-20,58.730000,58.900002,56.810001,57.730000,57.730000,186300
2021-01-21,57.880001,57.990002,56.400002,57.110001,57.110001,330900
2021-01-22,56.570000,57.849998,56.570000,57.790001,57.790001,232500
2021-01-25,58.119999,59.869999,57.090000,57.930000,57.930000,234400
2021-01-26,58.259998,58.259998,55.900002,56.849998,56.849998,246000
2021-01-27,55.189999,56.439999,54.080002,54.830002,54.830002,258000
2021-01-28,55.939999,57.029999,54.930000,56.360001,56.360001,437200
2021-01-29,56.380001,56.380001,54.049999,54.049999,54.049999,333400
2021-02-01,54.970001,57.150002,54.750000,57.119999,57.119999,718200
2021-02-02,57.990002,59.779999,56.720001,59.770000,59.770000,644500
2021-02-03,59.950001,60.590000,57.910000,58.459999,58.459999,262600
2021-02-04,58.580002,60.439999,58.459999,60.119999,60.119999,408900
2021-02-05,63.279999,64.000000,59.070000,59.950001,59.950001,671000
2021-02-08,60.150002,61.005001,57.794998,60.400002,60.400002,495900
2021-02-09,60.240002,61.130001,58.849998,59.119999,59.119999,236900
2021-02-10,59.639999,60.799999,58.369999,58.709999,58.709999,256300
2021-02-11,59.389999,61.691002,59.230000,61.330002,61.330002,482500
2021-02-12,60.980000,63.549999,60.410000,62.410000,62.410000,321900
2021-02-16,63.639999,64.800003,62.029999,64.610001,64.610001,655800
2021-02-17,64.470001,65.845001,63.119999,64.750000,64.750000,385100
2021-02-18,63.639999,64.160004,62.259998,62.840000,62.840000,369800
2021-02-19,63.430000,66.349998,62.560001,66.269997,66.269997,483100
2021-02-22,65.430000,66.949997,63.880001,64.320000,64.320000,327500
2021-02-23,63.270000,63.529999,60.683998,62.259998,62.259998,458500
2021-02-24,62.180000,65.849998,61.779999,65.650002,65.650002,352600
2021-02-25,65.199997,65.779999,61.330002,61.619999,61.619999,283100
2021-02-26,62.160000,63.474998,59.750000,62.459999,62.459999,450400
2021-03-01,63.639999,66.169998,62.939999,66.089996,66.089996,316100
2021-03-02,65.750000,65.970001,63.910000,64.040001,64.040001,399100
2021-03-03,64.459999,65.190002,62.419998,63.570000,63.570000,281800
2021-03-04,62.939999,63.500000,57.430000,57.990002,57.990002,551700
2021-03-05,59.490002,59.490002,52.165001,56.000000,56.000000,807100
2021-03-08,56.160000,57.000000,54.735001,55.700001,55.700001,743800
2021-03-09,57.430000,61.660000,57.349998,60.509998,60.509998,344000
2021-03-10,61.000000,62.090000,59.900002,60.500000,60.500000,292100
2021-03-11,61.330002,64.439003,61.119999,64.110001,64.110001,363000
2021-03-12,63.299999,65.349998,61.740002,63.970001,63.970001,401300
2021-03-15,63.470001,65.809998,63.470001,64.940002,64.940002,403000
2021-03-16,65.589996,67.769997,64.449997,66.120003,66.120003,427600
2021-03-17,65.510002,67.570000,63.740002,66.480003,66.480003,523100
2021-03-18,65.389999,65.769997,60.220001,60.330002,60.330002,571400
2021-03-19,60.660000,61.630001,59.830002,60.220001,60.220001,852400
2021-03-22,60.650002,62.759998,60.410000,61.689999,61.689999,502000
2021-03-23,60.939999,61.639999,58.080002,58.799999,58.799999,490200
2021-03-24,60.180000,62.270000,60.180000,61.369999,61.369999,583300
2021-03-25,59.849998,60.740002,58.130001,59.139999,59.139999,516300
2021-03-26,59.220001,63.200001,58.529999,63.040001,63.040001,244100
2021-03-29,62.110001,63.070000,59.970001,60.689999,60.689999,288800
2021-03-30,60.369999,62.430000,60.189999,62.270000,62.270000,302500
2021-03-31,62.889999,66.470001,62.889999,65.709999,65.709999,462600
2021-04-01,67.470001,69.989998,67.000000,69.919998,69.919998,360900
2021-04-05,70.000000,72.081001,70.000000,71.620003,71.620003,435600
2021-04-06,71.209999,72.550003,70.699997,71.550003,71.550003,187400
2021-04-07,71.370003,72.333000,70.040001,71.040001,71.040001,159500
2021-04-08,72.110001,72.279999,70.940002,71.510002,71.510002,276100
2021-04-09,71.120003,71.209999,69.910004,70.690002,70.690002,332900
2021-04-12,70.169998,71.470001,69.224998,71.389999,71.389999,263300
2021-04-13,71.500000,71.625000,69.150002,69.989998,69.989998,404500
2021-04-14,70.000000,71.139999,69.629997,69.830002,69.830002,225100
2021-04-15,70.760002,71.300003,69.425003,71.059998,71.059998,157100
2021-04-16,71.750000,71.989998,70.290001,70.660004,70.660004,249400
2021-04-19,70.230003,71.000000,68.709999,69.269997,69.269997,327800
2021-04-20,69.040001,69.639999,67.839996,68.070000,68.070000,201600
2021-04-21,68.589996,70.150002,67.800003,69.570000,69.570000,509400
2021-04-22,69.660004,69.970001,67.620003,68.029999,68.029999,286700
2021-04-23,68.779999,70.599998,67.690002,69.980003,69.980003,368300
2021-04-26,70.519997,71.919998,70.300003,71.480003,71.480003,564900
2021-04-27,71.370003,71.459999,69.400002,69.879997,69.879997,247600
2021-04-28,69.419998,69.639999,68.199997,68.750000,68.750000,295900
2021-04-29,69.330002,69.425003,65.110001,65.570000,65.570000,523700
2021-04-30,66.989998,70.489998,66.239998,68.519997,68.519997,636900
2021-05-03,69.570000,70.449997,67.900002,68.500000,68.500000,414200
2021-05-04,67.540001,67.552002,63.430000,64.050003,64.050003,366000
2021-05-05,64.699997,64.900002,62.855000,63.820000,63.820000,293700
2021-05-06,63.540001,64.080002,62.070000,64.059998,64.059998,364400
2021-05-07,64.809998,66.629997,64.459999,66.410004,66.410004,265500
2021-05-10,65.470001,65.470001,61.560001,61.830002,61.830002,270200
2021-05-11,59.770000,61.855000,58.790001,61.450001,61.450001,586500
2021-05-12,60.189999,61.189999,56.590000,56.830002,56.830002,418700
2021-05-13,58.220001,59.430000,57.340000,58.209999,58.209999,416400
2021-05-14,59.299999,60.189999,58.169998,59.959999,59.959999,280200
2021-05-17,58.930000,59.110001,56.919998,58.299999,58.299999,379700
2021-05-18,58.790001,60.110001,58.419998,58.459999,58.459999,211200
2021-05-19,56.910000,61.560001,56.560001,61.110001,61.110001,365900
2021-05-20,61.180000,63.980000,61.115002,63.970001,63.970001,358700
2021-05-21,64.580002,64.580002,63.224998,64.050003,64.050003,293600
2021-05-24,64.239998,66.809998,63.500000,66.379997,66.379997,341200
2021-05-25,67.129997,68.419998,66.370003,67.889999,67.889999,392600
2021-05-26,67.889999,69.779999,67.739998,68.730003,68.730003,335500
2021-05-27,68.239998,71.000000,68.019997,70.059998,70.059998,370400
2021-05-28,70.400002,72.800003,70.110001,71.769997,71.769997,318900
2021-06-01,72.500000,74.040001,71.709999,72.059998,72.059998,413100
2021-06-02,71.690002,72.709999,70.449997,70.970001,70.970001,567100
2021-06-03,70.040001,70.150002,68.050003,69.610001,69.610001,254100
2021-06-04,70.070000,72.415001,69.919998,71.970001,71.970001,307100
2021-06-07,71.550003,72.580002,71.080002,71.449997,71.449997,286800
2021-06-08,72.290001,72.559998,70.580002,71.839996,71.839996,191400
2021-06-09,72.410004,74.239998,71.720001,72.629997,72.629997,461400
2021-06-10,72.779999,73.894997,72.059998,73.610001,73.610001,177000
2021-06-11,73.500000,75.000000,73.089996,74.980003,74.980003,229600
2021-06-14,75.000000,75.610001,74.639999,74.800003,74.800003,404800
2021-06-15,74.690002,75.410004,73.860001,74.260002,74.260002,244400
2021-06-16,74.199997,75.400002,72.839996,73.320000,73.320000,511900
2021-06-17,72.959999,73.959999,71.000000,71.870003,71.870003,586300
2021-06-18,70.519997,70.688004,68.139999,68.570000,68.570000,639700
2021-06-21,68.620003,69.930000,67.580002,69.309998,69.309998,497900
2021-06-22,68.629997,69.949997,68.209999,69.360001,69.360001,393500
2021-06-23,69.459999,70.349998,69.330002,69.510002,69.510002,274200
2021-06-24,70.349998,72.019997,70.150002,71.820000,71.820000,202600
2021-06-25,72.010002,72.769997,71.650002,72.120003,72.120003,579100
2021-06-28,72.320000,73.849998,72.269997,73.570000,73.570000,261900
2021-06-29,73.480003,74.620003,73.089996,73.459999,73.459999,185300
2021-06-30,73.209999,73.559998,72.430000,73.040001,73.040001,265700
2021-07-01,72.779999,73.400002,71.269997,72.000000,72.000000,284600
2021-07-02,72.669998,72.669998,70.559998,71.029999,71.029999,212200
2021-07-06,71.739998,71.739998,68.510002,70.040001,70.040001,177600
2021-07-07,70.480003,70.949997,68.089996,68.680000,68.680000,142200
2021-07-08,66.650002,68.464996,65.070000,67.989998,67.989998,212600
2021-07-09,68.830002,70.139999,67.839996,70.059998,70.059998,127500
2021-07-12,70.110001,71.360001,69.910004,71.239998,71.239998,175200
2021-07-13,70.910004,71.320000,70.019997,70.330002,70.330002,177800
2021-07-14,70.620003,71.739998,67.970001,68.150002,68.150002,204100
2021-07-15,67.639999,67.639999,65.680000,66.099998,66.099998,165000
2021-07-16,66.949997,67.620003,63.639999,63.689999,63.689999,167200
2021-07-19,62.169998,64.970001,62.150002,63.959999,63.959999,244000
2021-07-20,64.269997,65.809998,63.349998,64.900002,64.900002,379900
2021-07-21,65.540001,67.769997,65.540001,67.629997,67.629997,240100
2021-07-22,67.370003,67.953003,65.830002,66.180000,66.180000,169500
2021-07-23,66.610001,67.400002,65.629997,67.199997,67.199997,168700
2021-07-26,67.660004,68.209999,66.129997,66.669998,66.669998,159700
2021-07-27,65.839996,65.839996,62.310001,64.480003,64.480003,243000
2021-07-28,65.300003,67.730003,64.510002,67.040001,67.040001,189400
2021-07-29,66.940002,68.370003,66.279999,68.180000,68.180000,130700
2021-07-30,67.690002,70.389000,67.690002,70.080002,70.080002,248400
2021-08-02,70.750000,72.470001,69.769997,70.519997,70.519997,271200
2021-08-03,70.900002,70.989998,69.339996,70.970001,70.970001,458000
2021-08-04,70.720001,72.500000,70.720001,70.989998,70.989998,237100
2021-08-05,71.540001,73.070000,70.900002,71.120003,71.120003,319500
2021-08-06,74.370003,77.279999,73.019997,77.220001,77.220001,1152900
2021-08-09,77.540001,79.449997,75.589996,78.120003,78.120003,536800
2021-08-10,78.190002,78.360001,76.120003,76.980003,76.980003,212200
2021-08-11,77.080002,78.879997,75.250000,76.070000,76.070000,323600
2021-08-12,75.800003,75.875000,70.930000,72.760002,72.760002,465500
2021-08-13,72.699997,73.239998,71.709999,72.190002,72.190002,249900
2021-08-16,71.709999,72.769997,71.190002,71.540001,71.540001,286100
2021-08-17,70.500000,70.570000,66.739998,67.269997,67.269997,348300
2021-08-18,67.440002,68.870003,66.980003,66.980003,66.980003,195800
2021-08-19,66.129997,67.120003,65.629997,66.220001,66.220001,243000
2021-08-20,66.449997,67.497002,65.000000,65.800003,65.800003,199700
2021-08-23,66.830002,69.000000,66.830002,68.949997,68.949997,153600
2021-08-24,69.199997,70.750000,69.199997,70.000000,70.000000,194400
2021-08-25,70.029999,72.839996,70.029999,72.760002,72.760002,295000
2021-08-26,72.279999,73.930000,71.720001,72.440002,72.440002,208200
2021-08-27,72.870003,76.459999,72.870003,75.870003,75.870003,403100
2021-08-30,76.540001,77.000000,73.764999,75.290001,75.290001,183700