Date,Open,High,Low,Close,Adj Close,Volume
2021-01-04,15.640000,16.000000,15.370000,15.720000,15.720000,288400
2021-01-05,15.720000,16.200001,15.480000,15.810000,15.810000,288400
2021-01-06,15.800000,16.459999,15.800000,16.400000,16.400000,510700
2021-01-07,16.469999,17.160000,16.280001,16.920000,16.920000,414300
2021-01-08,17.000000,17.000000,16.570000,16.780001,16.780001,572400
2021-01-11,16.940001,17.520000,16.879999,17.430000,17.430000,1234800
2021-01-12,17.469999,17.500000,16.830000,17.010000,17.010000,642500
2021-01-13,16.980000,17.000000,16.510000,16.780001,16.780001,404800
2021-01-14,16.870001,17.000000,16.000000,16.600000,16.600000,344200
2021-01-15,16.469999,17.709999,16.120001,17.660000,17.660000,1389600
2021-01-19,17.870001,19.100000,17.799999,18.930000,18.930000,1382900
2021-01-20,19.000000,19.400000,18.610001,18.680000,18.680000,553600
2021-01-21,18.780001,19.590000,18.400000,19.330000,19.330000,993100
2021-01-22,19.500000,19.900000,18.920000,19.590000,19.590000,696500
2021-01-25,19.750000,19.770000,19.030001,19.639999,19.639999,540800
2021-01-26,19.500000,19.950001,19.040001,19.219999,19.219999,334100
2021-01-27,18.670000,19.020000,18.020000,18.150000,18.150000,852400
2021-01-28,18.240000,18.900000,18.160000,18.780001,18.780001,573900
2021-01-29,18.760000,19.030001,18.340000,18.480000,18.480000,1007800
2021-02-01,18.709999,19.540001,18.160000,19.459999,19.459999,518800
2021-02-02,19.620001,19.850000,18.969999,19.580000,19.580000,481200
2021-02-03,19.530001,20.730000,19.360001,19.809999,19.809999,2002000
2021-02-04,20.400000,20.879999,19.870001,19.900000,19.900000,532900
2021-02-05,20.049999,20.240000,19.389999,19.889999,19.889999,404700
2021-02-08,19.830000,20.080000,19.440001,19.959999,19.959999,620500
2021-02-09,18.309999,19.549999,18.230000,19.280001,19.280001,6362000
2021-02-10,19.260000,19.900000,18.590000,18.680000,18.680000,3616500
2021-02-11,18.870001,20.530001,18.809999,19.930000,19.930000,2868800
2021-02-12,20.000000,20.480000,19.299999,19.330000,19.330000,3460000
2021-02-16,19.260000,19.900000,19.139999,19.820000,19.820000,1148200
2021-02-17,19.709999,20.549999,19.389999,19.860001,19.860001,931900
2021-02-18,19.840000,19.860001,18.910000,19.010000,19.010000,809100
2021-02-19,18.959999,19.330000,18.809999,18.920000,18.920000,558100
2021-02-22,18.940001,19.090000,18.700001,18.860001,18.860001,1198500
2021-02-23,18.639999,19.240000,18.299999,18.969999,18.969999,774900
2021-02-24,18.910000,19.480000,18.830000,19.420000,19.420000,529800
2021-02-25,19.410000,19.629999,18.770000,18.830000,18.830000,963700
2021-02-26,19.150000,19.709999,18.530001,19.190001,19.190001,776800
2021-03-01,19.570000,20.070000,19.160000,19.770000,19.770000,605200
2021-03-02,19.660000,19.840000,19.290001,19.540001,19.540001,447800
2021-03-03,19.600000,19.670000,18.799999,19.120001,19.120001,440000
2021-03-04,19.030001,19.290001,18.260000,18.540001,18.540001,468600
2021-03-05,18.730000,19.030001,17.549999,18.940001,18.940001,776800
2021-03-08,18.760000,19.180000,18.600000,18.620001,18.620001,856000
2021-03-09,18.969999,19.549999,18.690001,18.809999,18.809999,1377000
2021-03-10,18.910000,20.170000,18.910000,19.580000,19.580000,1182600
2021-03-11,19.590000,20.889999,19.580000,20.719999,20.719999,1524800
2021-03-12,20.900000,20.990000,19.760000,20.020000,20.020000,876000
2021-03-15,20.080000,21.340000,19.940001,21.320000,21.320000,1147200
2021-03-16,19.930000,20.160000,19.360001,19.950001,19.950001,4499300
2021-03-17,19.830000,20.030001,19.209999,19.830000,19.830000,2102000
2021-03-18,19.559999,19.990000,18.809999,18.840000,18.840000,1567200
2021-03-19,19.190001,19.500000,18.379999,18.850000,18.850000,5493000
2021-03-22,18.650000,18.900000,18.240000,18.670000,18.670000,1291000
2021-03-23,18.500000,18.870001,18.209999,18.219999,18.219999,1806000
2021-03-24,18.410000,18.980000,17.709999,17.809999,17.809999,2088800
2021-03-25,18.000000,18.190001,17.250000,18.120001,18.120001,2129200
2021-03-26,18.129999,18.360001,17.799999,18.070000,18.070000,1583200
2021-03-29,17.930000,18.299999,17.320000,17.410000,17.410000,779100
2021-03-30,17.299999,17.680000,17.219999,17.559999,17.559999,785500
2021-03-31,17.540001,17.940001,17.250000,17.740000,17.740000,803500
2021-04-01,17.740000,18.290001,17.580000,18.260000,18.260000,1269600
2021-04-05,18.400000,18.610001,18.209999,18.530001,18.530001,705700
2021-04-06,18.620001,18.879999,18.450001,18.500000,18.500000,681200
2021-04-07,18.510000,18.760000,18.059999,18.219999,18.219999,537300
2021-04-08,18.400000,18.610001,18.280001,18.600000,18.600000,557600
2021-04-09,18.530001,18.860001,18.400000,18.850000,18.850000,429700
2021-04-12,18.870001,18.870001,18.500000,18.500000,18.500000,433500
2021-04-13,18.520000,19.040001,18.389999,18.870001,18.870001,1334700
2021-04-14,18.910000,19.440001,18.790001,18.930000,18.930000,1399300
2021-04-15,19.080000,19.410000,18.860001,19.320000,19.320000,490300
2021-04-16,19.340000,19.440001,19.000000,19.360001,19.360001,565500
2021-04-19,19.330000,19.360001,18.940001,19.340000,19.340000,483200
2021-04-20,19.290001,19.389999,18.889999,18.889999,18.889999,1129600
2021-04-21,18.969999,19.209999,18.629999,18.900000,18.900000,588000
2021-04-22,18.980000,19.639999,18.900000,19.450001,19.450001,645200
2021-04-23,19.580000,19.700001,19.090000,19.540001,19.540001,422600
2021-04-26,19.580000,19.650000,19.240000,19.280001,19.280001,547400
2021-04-27,19.280001,19.520000,18.190001,19.240000,19.240000,1459000
2021-04-28,19.290001,19.389999,18.889999,19.209999,19.209999,565000
2021-04-29,19.250000,19.520000,19.000000,19.389999,19.389999,489800
2021-04-30,19.280001,19.450001,18.990000,19.080000,19.080000,706100
2021-05-03,19.280001,19.330000,18.990000,19.219999,19.219999,469900
2021-05-04,19.010000,19.160000,18.799999,19.090000,19.090000,594000
2021-05-05,17.309999,18.850000,17.309999,18.450001,18.450001,1001100
2021-05-06,18.370001,18.500000,17.340000,17.620001,17.620001,1057600
2021-05-07,17.440001,17.920000,17.260000,17.580000,17.580000,600800
2021-05-10,17.530001,17.580000,16.629999,16.660000,16.660000,475800
2021-05-11,16.450001,16.930000,16.020000,16.820000,16.820000,818300
2021-05-12,16.780001,17.379999,16.180000,17.000000,17.000000,1369700
2021-05-13,17.120001,17.760000,16.879999,17.090000,17.090000,678000
2021-05-14,17.209999,17.459999,17.110001,17.290001,17.290001,411500
2021-05-17,17.190001,17.350000,16.930000,17.250000,17.250000,344300
2021-05-18,17.260000,17.799999,17.260000,17.540001,17.540001,388500
2021-05-19,17.190001,17.700001,17.059999,17.690001,17.690001,678200
2021-05-20,17.850000,17.950001,17.639999,17.900000,17.900000,395800
2021-05-21,18.430000,18.799999,18.360001,18.709999,18.709999,1145500
2021-05-24,18.780001,19.020000,18.650000,18.860001,18.860001,525400
2021-05-25,19.010000,19.430000,18.680000,18.690001,18.690001,1069600
2021-05-26,18.690001,19.209999,18.600000,19.200001,19.200001,965400
2021-05-27,19.320000,19.400000,18.709999,19.020000,19.020000,1397900
2021-05-28,19.160000,19.240000,18.240000,18.340000,18.340000,544200
2021-06-01,18.340000,18.650000,18.230000,18.559999,18.559999,428600
2021-06-02,18.629999,18.750000,17.969999,18.139999,18.139999,762300
2021-06-03,18.139999,18.670000,18.020000,18.510000,18.510000,613000
2021-06-04,18.549999,18.889999,18.370001,18.870001,18.870001,670800
2021-06-07,18.959999,21.209999,18.930000,20.900000,20.900000,4172000
2021-06-08,21.080000,21.379999,20.430000,20.820000,20.820000,1435300
2021-06-09,21.379999,22.690001,20.320000,21.000000,21.000000,5967100
2021-06-10,21.000000,21.690001,20.740000,21.370001,21.370001,2787100
2021-06-11,21.180000,21.469999,20.930000,21.010000,21.010000,3198400
2021-06-14,21.030001,21.120001,20.459999,20.530001,20.530001,1155500
2021-06-15,20.410000,20.790001,20.230000,20.629999,20.629999,1459900
2021-06-16,20.580000,20.930000,20.200001,20.620001,20.620001,982300
2021-06-17,20.709999,20.870001,20.510000,20.730000,20.730000,775600
2021-06-18,20.389999,20.760000,20.200001,20.559999,20.559999,1131800
2021-06-21,20.559999,21.450001,20.389999,21.430000,21.430000,1124200
2021-06-22,21.420000,21.870001,21.350000,21.480000,21.480000,1082700
2021-06-23,21.580000,21.700001,21.190001,21.270000,21.270000,870200
2021-06-24,21.350000,21.510000,21.190001,21.420000,21.420000,986800
2021-06-25,21.450001,22.650000,21.250000,22.450001,22.450001,8111600
2021-06-28,22.520000,22.520000,21.680000,21.900000,21.900000,3056500
2021-06-29,22.129999,22.350000,21.889999,21.990000,21.990000,1391200
2021-06-30,21.850000,22.040001,21.750000,21.870001,21.870001,547000
2021-07-01,22.059999,22.120001,21.700001,21.900000,21.900000,748800
2021-07-02,21.799999,22.010000,21.670000,21.889999,21.889999,779600
2021-07-06,21.969999,22.030001,21.440001,22.010000,22.010000,531100
2021-07-07,22.010000,22.500000,21.680000,22.250000,22.250000,1690000
2021-07-08,21.980000,22.180000,21.490000,21.660000,21.660000,689900
2021-07-09,21.820000,22.030001,21.490000,21.590000,21.590000,465100
2021-07-12,21.590000,21.590000,20.990000,21.420000,21.420000,1036500
2021-07-13,21.360001,21.360001,20.940001,21.040001,21.040001,309300
2021-07-14,21.170000,21.170000,20.250000,20.330000,20.330000,351500
2021-07-15,20.230000,20.549999,19.750000,19.990000,19.990000,534100
2021-07-16,20.139999,20.340000,19.740000,19.980000,19.980000,546100
2021-07-19,20.280001,20.580000,19.690001,20.090000,20.090000,863400
2021-07-20,20.070000,20.870001,20.070000,20.809999,20.809999,784000
2021-07-21,20.809999,21.520000,20.620001,21.290001,21.290001,1019900
2021-07-22,21.270000,21.389999,20.969999,21.230000,21.230000,584500
2021-07-23,21.370001,21.570000,21.160000,21.240000,21.240000,416100
2021-07-26,20.850000,21.280001,20.400000,20.530001,20.530001,723400
2021-07-27,20.559999,21.240000,20.260000,20.549999,20.549999,433000
2021-07-28,20.600000,20.940001,20.270000,20.690001,20.690001,473600
2021-07-29,20.809999,21.559999,20.500000,20.780001,20.780001,474500
2021-07-30,20.740000,21.030001,20.059999,20.719999,20.719999,320600
2021-08-02,20.660000,21.020000,20.320000,20.370001,20.370001,1445800
2021-08-03,21.010000,21.750000,20.639999,21.290001,21.290001,1939600
2021-08-04,21.000000,21.250000,20.200001,20.340000,20.340000,10228900
2021-08-05,20.580000,21.850000,20.340000,21.400000,21.400000,5729800
2021-08-06,21.680000,22.400000,21.420000,22.070000,22.070000,5701000
2021-08-09,22.010000,22.290001,21.650000,21.719999,21.719999,1296700
2021-08-10,21.620001,21.799999,21.240000,21.490000,21.490000,864300
2021-08-11,21.590000,21.760000,21.080000,21.490000,21.490000,654000
2021-08-12,21.260000,21.850000,20.910000,21.650000,21.650000,529500
2021-08-13,21.670000,21.790001,21.230000,21.240000,21.240000,435800
2021-08-16,21.110001,21.580000,20.879999,21.580000,21.580000,507500
2021-08-17,21.520000,21.820000,21.299999,21.790001,21.790001,657400
2021-08-18,21.780001,22.040001,21.430000,21.490000,21.490000,1010000
2021-08-19,21.500000,22.410000,21.480000,22.030001,22.030001,1385800
2021-08-20,22.150000,23.799999,21.870001,23.700001,23.700001,1574300
2021-08-23,23.879999,24.379999,23.670000,24.309999,24.309999,1770300
2021-08-24,24.240000,24.549999,23.820000,24.150000,24.150000,894600
2021-08-25,26.610001,26.900000,25.350000,25.809999,25.809999,8480800
2021-08-26,25.900000,26.280001,25.670000,25.990000,25.990000,3155500
2021-08-27,26.030001,26.120001,24.719999,25.049999,25.049999,28081500
2021-08-30,25.379999,26.570000,25.250000,26.270000,26.270000,2022300