Date,Open,High,Low,Close,Adj Close,Volume
2021-01-04,91.720001,93.419998,90.080002,91.610001,91.150627,517000
2021-01-05,91.699997,95.190002,91.400002,95.000000,94.523628,521300
2021-01-06,94.720001,109.500000,94.519997,104.730003,104.204842,1825200
2021-01-07,105.949997,117.360001,105.930000,112.370003,111.806526,1418400
2021-01-08,112.839996,117.930000,111.889999,115.430000,114.851181,1261700
2021-01-11,114.000000,115.940002,111.430000,112.500000,111.935867,884000
2021-01-12,111.349998,112.300003,106.080002,109.769997,109.219559,625200
2021-01-13,109.000000,113.309998,106.489998,110.449997,109.896149,836000
2021-01-14,110.500000,113.099998,109.919998,112.620003,112.055275,418700
2021-01-15,111.629997,112.430000,107.370003,108.029999,107.488281,604300
2021-01-19,108.449997,108.629997,106.459999,107.279999,106.742043,607500
2021-01-20,107.800003,107.879997,103.910004,104.339996,103.816788,595900
2021-01-21,104.860001,106.949997,103.489998,106.389999,105.856514,759200
2021-01-22,105.360001,107.889999,105.320000,106.550003,106.015717,483000
2021-01-25,106.290001,110.330002,105.970001,108.019997,107.478333,791800
2021-01-26,109.089996,114.510002,108.739998,113.599998,113.030350,806900
2021-01-27,110.370003,117.449997,107.809998,113.949997,113.378601,1187500
2021-01-28,115.870003,118.629997,112.150002,112.910004,112.343826,735100
2021-01-29,113.410004,118.269997,113.209999,114.160004,113.587555,798000
2021-02-01,116.449997,117.730003,112.589996,116.570000,115.985466,600100
2021-02-02,117.400002,117.669998,111.839996,113.180000,112.612465,443600
2021-02-03,113.360001,115.459999,112.330002,114.839996,114.264137,321400
2021-02-04,115.440002,116.830002,114.209999,116.669998,116.084961,245700
2021-02-05,117.410004,119.720001,115.089996,118.940002,118.343582,670400
2021-02-08,120.680000,124.989998,120.500000,122.849998,122.233978,453700
2021-02-09,123.000000,124.820000,121.300003,121.839996,121.229034,604200
2021-02-10,126.000000,128.869995,124.830002,126.019997,125.388069,519900
2021-02-11,125.919998,126.309998,123.559998,124.559998,123.935394,747100
2021-02-12,123.070000,124.809998,117.870003,118.779999,118.184380,649500
2021-02-16,118.849998,120.660004,116.010002,117.900002,117.308792,761300
2021-02-17,117.129997,117.400002,114.199997,116.180000,115.597420,694200
2021-02-18,115.230003,115.510002,108.510002,108.570000,108.025574,768800
2021-02-19,109.389999,113.830002,108.989998,112.720001,112.154770,668000
2021-02-22,111.500000,111.820000,104.910004,105.279999,104.752075,626600
2021-02-23,102.589996,104.000000,97.250000,103.389999,102.871559,921100
2021-02-24,104.070000,104.160004,102.559998,103.959999,103.438690,689500
2021-02-25,98.709999,98.760002,88.150002,90.349998,89.896942,1375100
2021-02-26,90.160004,90.470001,84.360001,85.669998,85.240410,1307300
2021-03-01,83.139999,87.650002,81.820000,84.669998,84.245422,2912400
2021-03-02,85.930000,87.529999,82.320000,82.989998,82.573845,1362300
2021-03-03,82.529999,83.599998,79.910004,81.239998,80.832626,999000
2021-03-04,81.230003,81.989998,76.410004,78.199997,77.807869,1040200
2021-03-05,79.440002,80.500000,73.349998,80.199997,79.797836,1054200
2021-03-08,79.959999,82.389999,78.139999,79.199997,78.802849,731900
2021-03-09,81.989998,85.230003,81.800003,84.320000,83.897186,825400
2021-03-10,86.500000,88.870003,84.209999,85.620003,85.312080,675300
2021-03-11,87.129997,88.480003,86.419998,87.230003,86.916283,524900
2021-03-12,86.160004,87.790001,85.529999,87.430000,87.115562,413300
2021-03-15,86.059998,86.699997,82.559998,84.190002,83.887215,671500
2021-03-16,84.199997,84.620003,81.370003,82.250000,81.954193,439100
2021-03-17,80.809998,81.199997,78.650002,79.480003,79.194153,711500
2021-03-18,78.730003,78.769997,76.610001,76.930000,76.653328,876800
2021-03-19,77.419998,78.190002,75.989998,76.019997,75.746590,1278300
2021-03-22,76.529999,80.730003,75.239998,79.980003,79.692352,863600
2021-03-23,79.250000,79.610001,76.820000,77.580002,77.300995,450200
2021-03-24,77.970001,78.050003,74.010002,74.160004,73.893288,829200
2021-03-25,72.830002,74.550003,71.239998,74.510002,74.242035,1338700
2021-03-26,75.230003,76.820000,73.300003,75.269997,74.999290,740000
2021-03-29,75.430000,76.250000,73.129997,75.120003,74.849838,787600
2021-03-30,75.650002,77.589996,74.139999,76.080002,75.806381,666100
2021-03-31,78.129997,79.300003,77.040001,78.529999,78.247566,769300
2021-04-01,79.370003,81.089996,78.040001,78.919998,78.636162,635600
2021-04-05,79.709999,81.970001,77.830002,78.400002,78.118042,1313700
2021-04-06,78.050003,79.500000,77.010002,77.690002,77.410591,642600
2021-04-07,77.389999,77.559998,74.239998,74.750000,74.481163,647600
2021-04-08,75.559998,76.639999,74.809998,75.529999,75.258354,1032700
2021-04-09,74.830002,76.430000,73.500000,76.419998,76.145157,618100
2021-04-12,75.629997,75.959999,73.580002,75.160004,74.889694,672000
2021-04-13,75.440002,77.160004,74.269997,76.660004,76.384300,861100
2021-04-14,77.059998,79.459999,77.019997,78.870003,78.586349,858300
2021-04-15,79.519997,79.959999,77.199997,79.059998,78.775665,802400
2021-04-16,79.830002,80.959999,77.620003,80.809998,80.519363,5988100
2021-04-19,80.129997,80.419998,74.279999,75.019997,74.750191,1227200
2021-04-20,75.260002,76.570000,74.480003,76.099998,75.826309,659300
2021-04-21,75.980003,76.330002,74.910004,76.029999,75.756561,585500
2021-04-22,77.849998,78.550003,75.500000,75.800003,75.527390,814100
2021-04-23,76.000000,77.900002,75.099998,76.690002,76.414192,534600
2021-04-26,77.160004,77.559998,75.349998,76.480003,76.204948,446100
2021-04-27,76.889999,77.230003,75.330002,75.519997,75.248390,590300
2021-04-28,75.000000,76.110001,74.080002,74.730003,74.461243,612800
2021-04-29,75.529999,76.410004,73.400002,74.209999,73.943108,517100
2021-04-30,73.470001,73.839996,71.550003,72.400002,72.139618,574700
2021-05-03,73.139999,74.019997,72.230003,73.129997,72.866989,735500
2021-05-04,72.230003,72.300003,68.650002,69.889999,69.638641,874000
2021-05-05,70.550003,70.839996,67.919998,68.570000,68.323395,576200
2021-05-06,68.610001,70.910004,67.150002,70.099998,69.847885,884500
2021-05-07,70.480003,71.010002,69.419998,69.529999,69.279938,542200
2021-05-10,69.410004,69.529999,65.830002,66.129997,65.892166,480700
2021-05-11,64.589996,68.050003,64.180000,67.010002,66.768997,560500
2021-05-12,66.070000,66.190002,64.150002,64.220001,63.989033,492600
2021-05-13,65.150002,66.099998,63.709999,64.849998,64.616768,330400
2021-05-14,65.379997,66.900002,65.379997,66.209999,65.971878,293400
2021-05-17,65.379997,65.930000,64.300003,65.339996,65.223213,309600
2021-05-18,65.459999,67.000000,64.629997,65.970001,65.852089,484200
2021-05-19,65.180000,67.080002,65.180000,67.040001,66.920181,507600
2021-05-20,68.650002,69.529999,66.900002,67.190002,67.069916,446900
2021-05-21,67.949997,67.949997,66.430000,67.300003,67.179718,593100
2021-05-24,71.239998,71.709999,68.680000,69.300003,69.176140,723600
2021-05-25,69.370003,70.250000,68.190002,68.370003,68.247803,446500
2021-05-26,68.459999,70.779999,68.419998,70.360001,70.234245,511600
2021-05-27,70.360001,70.919998,69.629997,70.019997,69.894852,509900
2021-05-28,70.190002,71.169998,68.639999,69.050003,68.926590,382000
2021-06-01,69.629997,70.139999,68.470001,69.349998,69.226051,320800
2021-06-02,68.690002,69.400002,67.930000,68.949997,68.826759,365300
2021-06-03,68.760002,69.650002,68.029999,68.699997,68.577209,379000
2021-06-04,68.690002,69.180000,68.000000,68.620003,68.497360,296600
2021-06-07,68.410004,69.449997,67.709999,69.010002,68.886658,357500
2021-06-08,69.959999,71.279999,69.199997,71.050003,70.923012,683400
2021-06-09,71.779999,72.040001,69.449997,70.250000,70.124443,327400
2021-06-10,70.480003,71.269997,69.750000,70.809998,70.683441,219900
2021-06-11,71.239998,71.900002,70.769997,71.040001,70.913033,222200
2021-06-14,71.610001,71.779999,69.589996,69.959999,69.834961,296600
2021-06-15,69.940002,69.959999,67.580002,67.760002,67.638893,384100
2021-06-16,67.949997,68.739998,67.239998,67.779999,67.658852,360400
2021-06-17,67.589996,68.620003,66.760002,68.190002,68.068123,517900
2021-06-18,67.349998,67.779999,64.940002,65.379997,65.263145,831100
2021-06-21,65.839996,67.900002,65.250000,67.669998,67.549049,328900
2021-06-22,67.360001,68.099998,66.339996,67.500000,67.379356,252600
2021-06-23,67.959999,68.699997,66.809998,67.550003,67.429268,342600
2021-06-24,68.370003,68.750000,67.849998,68.459999,68.337639,275900
2021-06-25,68.919998,69.449997,68.190002,68.970001,68.846733,1903700
2021-06-28,69.639999,70.330002,68.800003,70.209999,70.084511,448900
2021-06-29,70.940002,71.220001,69.120003,69.169998,69.046371,338000
2021-06-30,69.169998,69.849998,68.809998,69.529999,69.405731,427200
2021-07-01,70.269997,71.180000,69.699997,70.129997,70.004654,336400
2021-07-02,70.209999,71.080002,69.290001,69.690002,69.565445,222800
2021-07-06,69.400002,69.730003,68.430000,68.980003,68.856712,368600
2021-07-07,68.919998,69.879997,68.709999,69.860001,69.735138,314600
2021-07-08,68.400002,69.440002,67.320000,68.349998,68.227837,375700
2021-07-09,69.389999,69.690002,68.500000,69.669998,69.545479,216100
2021-07-12,69.830002,69.849998,68.639999,69.320000,69.196106,243400
2021-07-13,69.339996,70.180000,69.129997,69.849998,69.725159,315400
2021-07-14,70.320000,71.320000,69.879997,69.949997,69.824974,447100
2021-07-15,69.239998,70.089996,67.529999,68.570000,68.447441,516100
2021-07-16,68.870003,70.489998,68.559998,69.339996,69.216064,448800
2021-07-19,67.919998,67.919998,65.300003,65.730003,65.612526,475600
2021-07-20,65.190002,68.720001,65.180000,68.309998,68.187904,433600
2021-07-21,68.720001,69.980003,68.599998,69.269997,69.146187,258200
2021-07-22,69.519997,69.860001,67.879997,68.080002,67.958321,239700
2021-07-23,68.040001,68.879997,67.239998,68.820000,68.696999,304600
2021-07-26,68.300003,68.599998,67.220001,68.419998,68.297714,420300
2021-07-27,67.839996,69.830002,66.930000,69.599998,69.475601,414300
2021-07-28,70.330002,72.029999,70.019997,71.370003,71.242439,428000
2021-07-29,70.989998,71.389999,70.080002,70.379997,70.254204,301600
2021-07-30,69.949997,71.099998,69.400002,69.739998,69.615349,238700
2021-08-02,70.260002,71.339996,69.970001,71.050003,70.923012,382600
2021-08-03,71.559998,71.720001,70.739998,71.559998,71.432098,335200
2021-08-04,70.830002,71.089996,69.000000,70.349998,70.224258,441900
2021-08-05,70.250000,70.760002,67.370003,70.180000,70.054565,622700
2021-08-06,70.680000,70.860001,67.800003,67.879997,67.758675,323200
2021-08-09,67.419998,68.220001,66.180000,66.879997,66.760460,621700
2021-08-10,66.680000,68.900002,66.379997,67.589996,67.469193,363000
2021-08-11,68.300003,68.959999,67.550003,68.919998,68.796814,316600
2021-08-12,68.440002,68.900002,68.220001,68.570000,68.447441,190300
2021-08-13,68.260002,68.610001,67.279999,67.720001,67.598969,179400
2021-08-16,67.669998,68.489998,66.830002,67.139999,67.019997,328400
2021-08-17,66.559998,67.459999,65.720001,67.370003,67.370003,354700
2021-08-18,67.309998,68.000000,66.989998,67.070000,67.070000,472200
2021-08-19,66.730003,67.500000,65.949997,67.480003,67.480003,235400
2021-08-20,67.620003,68.250000,67.180000,67.199997,67.199997,210600
2021-08-23,67.160004,67.690002,66.440002,67.480003,67.480003,191400
2021-08-24,68.209999,68.209999,67.250000,67.940002,67.940002,181700
2021-08-25,68.209999,68.910004,67.849998,68.480003,68.480003,159500
2021-08-26,68.790001,69.160004,67.610001,67.870003,67.870003,143200
2021-08-27,68.019997,70.199997,68.019997,69.820000,69.820000,219700
2021-08-30,70.489998,70.580002,69.830002,70.290001,70.290001,235800