Date,Open,High,Low,Close,Adj Close,Volume
2021-01-04,48.500000,51.000000,46.750000,49.459999,49.459999,3229500
2021-01-05,49.389999,53.939999,49.259998,53.730000,53.730000,2994200
2021-01-06,52.669998,57.349998,52.049999,54.299999,54.299999,3642000
2021-01-07,55.700001,57.689999,55.330002,57.389999,57.389999,2554100
2021-01-08,58.919998,59.110001,53.220001,53.639999,53.639999,3483500
2021-01-11,51.340000,53.689999,50.759998,51.990002,51.990002,2558000
2021-01-12,52.860001,62.209999,51.799999,60.680000,60.680000,7454100
2021-01-13,60.310001,61.400002,57.200001,59.619999,59.619999,2722500
2021-01-14,60.509998,66.349998,60.290001,64.070000,64.070000,6359600
2021-01-15,63.130001,64.500000,58.880001,59.520000,59.520000,3513900
2021-01-19,60.419998,63.369999,59.799999,62.939999,62.939999,2552600
2021-01-20,63.189999,63.680000,60.020000,60.930000,60.930000,1839700
2021-01-21,60.840000,65.180000,60.009998,63.770000,63.770000,2649600
2021-01-22,63.009998,69.589996,62.880001,67.910004,67.910004,4358400
2021-01-25,68.839996,74.599998,65.279999,67.400002,67.400002,5250600
2021-01-26,76.000000,90.529999,73.440002,86.440002,86.440002,13347700
2021-01-27,81.010002,94.980003,80.500000,86.790001,86.790001,6568800
2021-01-28,85.290001,87.290001,78.279999,80.360001,80.360001,2999400
2021-01-29,83.300003,83.500000,76.400002,77.599998,77.599998,2666300
2021-02-01,78.089996,80.199997,73.010002,79.519997,79.519997,2324000
2021-02-02,79.930000,80.980003,75.160004,77.699997,77.699997,2043100
2021-02-03,80.970001,93.870003,80.169998,90.680000,90.680000,6013300
2021-02-04,91.550003,91.900002,84.239998,88.540001,88.540001,3211800
2021-02-05,88.529999,96.000000,86.180000,92.599998,92.599998,2921400
2021-02-08,96.250000,101.339996,93.400002,99.349998,99.349998,3139200
2021-02-09,98.220001,107.739998,98.180000,103.599998,103.599998,2951500
2021-02-10,104.620003,109.000000,96.599998,100.900002,100.900002,2671100
2021-02-11,103.000000,108.889999,101.510002,107.730003,107.730003,2401800
2021-02-12,107.400002,111.699997,104.589996,106.879997,106.879997,1938600
2021-02-16,109.010002,112.300003,103.660004,104.470001,104.470001,1835200
2021-02-17,102.870003,102.949997,96.059998,102.510002,102.510002,2529100
2021-02-18,98.010002,100.629997,95.300003,97.279999,97.279999,1677200
2021-02-19,98.250000,102.599998,97.360001,101.199997,101.199997,1770000
2021-02-22,99.760002,102.800003,93.239998,94.870003,94.870003,1984800
2021-02-23,85.309998,91.720001,79.529999,88.139999,88.139999,3152100
2021-02-24,80.080002,85.099998,71.050003,72.930000,72.930000,7993500
2021-02-25,76.120003,79.730003,69.120003,70.139999,70.139999,5271000
2021-02-26,70.000000,72.550003,66.610001,67.169998,67.169998,2950100
2021-03-01,70.309998,73.820000,68.169998,73.029999,73.029999,2498100
2021-03-02,72.309998,73.970001,67.230003,68.330002,68.330002,1796400
2021-03-03,68.489998,69.120003,62.889999,64.379997,64.379997,2170600
2021-03-04,62.689999,64.349998,57.650002,61.380001,61.380001,2614800
2021-03-05,62.599998,63.730000,54.700001,62.509998,62.509998,2494900
2021-03-08,63.259998,65.680000,59.549999,61.830002,61.830002,1880600
2021-03-09,63.240002,68.519997,63.130001,67.900002,67.900002,1974300
2021-03-10,71.660004,71.660004,64.800003,66.809998,66.809998,1950500
2021-03-11,70.000000,72.889999,68.300003,72.279999,72.279999,1936700
2021-03-12,69.919998,72.029999,68.059998,71.080002,71.080002,1525000
2021-03-15,71.089996,77.300003,70.610001,76.529999,76.529999,2174000
2021-03-16,76.660004,77.629997,72.839996,74.779999,74.779999,1621300
2021-03-17,71.730003,76.300003,69.279999,74.930000,74.930000,1909900
2021-03-18,74.000000,81.580002,72.809998,74.510002,74.510002,2691000
2021-03-19,74.790001,79.940002,73.570000,76.830002,76.830002,2158100
2021-03-22,77.510002,79.330002,72.629997,73.550003,73.550003,1763100
2021-03-23,72.190002,74.300003,67.349998,68.680000,68.680000,2077300
2021-03-24,69.550003,69.660004,61.709999,61.770000,61.770000,1726600
2021-03-25,60.919998,64.320000,60.009998,63.490002,63.490002,1629000
2021-03-26,64.570000,67.339996,62.560001,65.540001,65.540001,1480000
2021-03-29,65.669998,66.000000,61.509998,63.279999,63.279999,963100
2021-03-30,62.910000,65.550003,62.590000,65.120003,65.120003,946100
2021-03-31,66.339996,67.559998,64.900002,66.260002,66.260002,1234000
2021-04-01,68.389999,70.190002,66.889999,68.699997,68.699997,1249500
2021-04-05,70.449997,70.650002,65.510002,66.110001,66.110001,1084700
2021-04-06,65.389999,67.610001,64.370003,66.879997,66.879997,1083700
2021-04-07,67.500000,67.500000,62.599998,63.060001,63.060001,1378800
2021-04-08,63.090000,66.489998,62.369999,65.779999,65.779999,1551400
2021-04-09,67.879997,73.080002,66.540001,71.699997,71.699997,3068300
2021-04-12,70.809998,75.500000,70.230003,72.290001,72.290001,2610100
2021-04-13,74.599998,79.580002,73.110001,77.750000,77.750000,2884200
2021-04-14,78.750000,84.309998,76.580002,77.379997,77.379997,3784200
2021-04-15,77.000000,78.739998,71.449997,75.389999,75.389999,2263000
2021-04-16,75.639999,75.839996,72.150002,74.449997,74.449997,1017800
2021-04-19,72.750000,72.860001,67.559998,68.110001,68.110001,1810600
2021-04-20,68.589996,68.709999,64.849998,66.449997,66.449997,1533700
2021-04-21,66.660004,69.000000,65.160004,68.339996,68.339996,1335500
2021-04-22,68.779999,70.589996,66.510002,67.430000,67.430000,1523500
2021-04-23,67.550003,70.430000,66.269997,70.160004,70.160004,1191300
2021-04-26,72.000000,72.440002,69.050003,69.519997,69.519997,1555600
2021-04-27,70.209999,71.000000,67.110001,70.559998,70.559998,1573500
2021-04-28,69.300003,71.750000,67.720001,70.809998,70.809998,1774400
2021-04-29,81.820000,88.400002,73.800003,74.470001,74.470001,8687900
2021-04-30,73.879997,81.930000,73.250000,81.500000,81.500000,4384700
2021-05-03,82.720001,85.389999,80.250000,82.500000,82.500000,2778300
2021-05-04,79.830002,80.930000,75.610001,78.260002,78.260002,1955300
2021-05-05,79.199997,80.970001,74.250000,75.230003,75.230003,1651900
2021-05-06,74.889999,79.440002,74.120003,78.300003,78.300003,1940300
2021-05-07,78.000000,82.400002,77.550003,80.470001,80.470001,1465400
2021-05-10,80.000000,80.180000,74.930000,75.019997,75.019997,1410900
2021-05-11,72.230003,77.099998,71.010002,77.019997,77.019997,1597200
2021-05-12,75.250000,76.570000,68.839996,69.160004,69.160004,2014800
2021-05-13,71.300003,72.000000,65.059998,66.910004,66.910004,2177100
2021-05-14,68.529999,71.550003,68.099998,71.139999,71.139999,1428200
2021-05-17,69.720001,73.959999,69.220001,73.720001,73.720001,1414000
2021-05-18,75.000000,79.650002,74.150002,76.970001,76.970001,2372500
2021-05-19,72.129997,75.750000,71.529999,75.169998,75.169998,2211700
2021-05-20,75.849998,78.540001,75.680000,77.519997,77.519997,1558200
2021-05-21,78.720001,79.239998,76.019997,76.190002,76.190002,983800
2021-05-24,78.400002,82.070000,77.019997,80.930000,80.930000,1677500
2021-05-25,81.849998,83.199997,78.099998,78.529999,78.529999,1350200
2021-05-26,79.120003,86.050003,79.120003,85.129997,85.129997,2063700
2021-05-27,85.949997,90.250000,85.000000,89.540001,89.540001,2024300
2021-05-28,88.940002,92.470001,85.180000,85.430000,85.430000,1806100
2021-06-01,86.080002,88.309998,83.830002,85.660004,85.660004,1319400
2021-06-02,87.660004,93.849998,85.480003,93.449997,93.449997,2064800
2021-06-03,90.360001,92.330002,88.610001,90.930000,90.930000,1508100
2021-06-04,92.000000,92.680000,89.290001,90.449997,90.449997,805300
2021-06-07,91.290001,95.070000,89.500000,93.750000,93.750000,1135500
2021-06-08,95.000000,95.309998,89.529999,92.180000,92.180000,1275800
2021-06-09,92.949997,94.379997,90.739998,91.269997,91.269997,1040600
2021-06-10,92.279999,92.660004,88.750000,88.889999,88.889999,885700
2021-06-11,89.449997,92.500000,89.250000,90.160004,90.160004,785200
2021-06-14,91.099998,91.779999,88.360001,89.419998,89.419998,1024700
2021-06-15,89.519997,89.550003,86.199997,88.540001,88.540001,824900
2021-06-16,88.339996,89.650002,86.739998,88.709999,88.709999,902900
2021-06-17,87.269997,91.080002,87.040001,89.139999,89.139999,962000
2021-06-18,89.489998,89.800003,85.419998,86.809998,86.809998,921800
2021-06-21,87.480003,87.480003,83.629997,84.900002,84.900002,913400
2021-06-22,84.519997,87.769997,82.360001,87.029999,87.029999,1025500
2021-06-23,87.449997,93.400002,87.070000,91.300003,91.300003,1868000
2021-06-24,91.500000,94.559998,90.809998,93.160004,93.160004,1182400
2021-06-25,94.099998,101.000000,93.000000,93.430000,93.430000,2973900
2021-06-28,93.690002,99.180000,93.620003,96.660004,96.660004,1153100
2021-06-29,95.870003,98.889999,95.349998,97.540001,97.540001,989900
2021-06-30,96.900002,97.220001,92.000000,92.199997,92.199997,1444600
2021-07-01,93.320000,93.889999,89.129997,90.279999,90.279999,948600
2021-07-02,90.650002,90.910004,87.220001,87.940002,87.940002,909400
2021-07-06,88.540001,89.400002,85.360001,88.660004,88.660004,878100
2021-07-07,89.470001,89.650002,85.059998,85.989998,85.989998,1037900
2021-07-08,87.849998,92.199997,86.660004,89.900002,89.900002,1941000
2021-07-09,89.070000,97.400002,89.000000,97.370003,97.370003,2120600
2021-07-12,97.129997,98.139999,92.099998,96.050003,96.050003,1539500
2021-07-13,95.500000,102.750000,94.500000,96.699997,96.699997,2158200
2021-07-14,96.849998,97.349998,86.629997,87.070000,87.070000,2531400
2021-07-15,87.019997,88.050003,82.650002,86.330002,86.330002,2188600
2021-07-16,86.879997,86.879997,81.459999,81.629997,81.629997,1595200
2021-07-19,80.050003,82.870003,76.839996,81.410004,81.410004,1683000
2021-07-20,82.320000,83.959999,79.360001,82.500000,82.500000,1225000
2021-07-21,83.680000,85.639999,82.809998,84.510002,84.510002,1281400
2021-07-22,84.050003,84.489998,80.900002,83.110001,83.110001,824700
2021-07-23,82.930000,83.250000,80.750000,82.629997,82.629997,693100
2021-07-26,84.160004,86.599998,82.150002,82.680000,82.680000,1243700
2021-07-27,82.500000,82.949997,75.709999,78.150002,78.150002,1849700
2021-07-28,78.889999,79.360001,74.800003,75.349998,75.349998,2102300
2021-07-29,70.650002,77.449997,67.769997,72.769997,72.769997,4266100
2021-07-30,70.639999,72.769997,69.540001,69.639999,69.639999,1958700
2021-08-02,70.000000,71.139999,67.500000,67.750000,67.750000,2161600
2021-08-03,67.779999,68.470001,66.190002,68.059998,68.059998,1852400
2021-08-04,67.760002,68.669998,65.029999,66.000000,66.000000,1899000
2021-08-05,66.269997,70.250000,65.940002,69.000000,69.000000,1756700
2021-08-06,69.120003,70.620003,67.360001,68.050003,68.050003,1041700
2021-08-09,68.629997,71.290001,67.419998,70.820000,70.820000,1345000
2021-08-10,70.650002,71.190002,69.050003,69.239998,69.239998,1027600
2021-08-11,70.099998,70.750000,67.750000,70.260002,70.260002,1006600
2021-08-12,69.349998,73.320000,69.250000,73.129997,73.129997,1509700
2021-08-13,72.919998,74.419998,71.099998,72.660004,72.660004,1185600
2021-08-16,72.000000,72.000000,68.120003,69.599998,69.599998,1147900
2021-08-17,68.419998,73.650002,68.419998,69.459999,69.459999,1663000
2021-08-18,69.849998,70.580002,67.860001,68.910004,68.910004,1012700
2021-08-19,68.250000,69.360001,66.769997,67.360001,67.360001,1189600
2021-08-20,67.570000,70.239998,67.269997,69.580002,69.580002,901300
2021-08-23,69.750000,71.809998,69.459999,70.900002,70.900002,1408900
2021-08-24,71.970001,72.970001,70.550003,72.650002,72.650002,957700
2021-08-25,72.739998,75.139999,71.820000,73.260002,73.260002,883400
2021-08-26,72.500000,75.510002,71.239998,71.820000,71.820000,977800
2021-08-27,71.669998,73.500000,71.379997,73.480003,73.480003,495600
2021-08-30,74.339996,75.199997,71.809998,72.849998,72.849998,756300