Date,Open,High,Low,Close,Adj Close,Volume
2021-01-04,19.670000,19.780001,18.490000,18.549999,18.549999,1420900
2021-01-05,18.549999,19.250000,18.549999,19.070000,19.070000,496600
2021-01-06,19.280001,20.360001,19.280001,20.219999,20.219999,1576400
2021-01-07,20.110001,20.219999,19.190001,19.670000,19.670000,1833800
2021-01-08,19.930000,20.129999,19.389999,19.690001,19.690001,1724600
2021-01-11,19.360001,19.840000,19.049999,19.129999,19.129999,2318300
2021-01-12,19.139999,19.469999,18.980000,19.059999,19.059999,1382200
2021-01-13,19.200001,19.200001,18.490000,18.610001,18.610001,2149900
2021-01-14,18.799999,19.170000,18.639999,18.930000,18.930000,1096800
2021-01-15,18.889999,19.410000,18.350000,19.280001,19.280001,1263200
2021-01-19,19.400000,19.570000,18.889999,19.100000,19.100000,1282400
2021-01-20,19.129999,19.150000,18.610001,18.650000,18.650000,2551400
2021-01-21,18.510000,18.809999,18.100000,18.170000,18.170000,2272200
2021-01-22,18.000000,18.230000,17.709999,17.900000,17.900000,2899400
2021-01-25,17.760000,18.590000,17.500000,18.180000,18.180000,2476500
2021-01-26,18.309999,18.459999,17.709999,17.750000,17.750000,861800
2021-01-27,17.370001,17.790001,16.990000,17.160000,17.160000,2615700
2021-01-28,17.280001,18.620001,17.250000,18.559999,18.559999,4116900
2021-01-29,18.209999,18.530001,17.879999,18.230000,18.230000,2870000
2021-02-01,18.270000,18.490000,17.950001,18.360001,18.360001,1661700
2021-02-02,18.530001,18.840000,18.320000,18.639999,18.639999,1451400
2021-02-03,18.610001,18.969999,18.420000,18.920000,18.920000,1017600
2021-02-04,18.980000,19.059999,18.770000,18.860001,18.860001,1079000
2021-02-05,19.129999,20.200001,18.879999,20.110001,20.110001,1653300
2021-02-08,20.219999,21.820000,20.170000,21.500000,21.500000,2452900
2021-02-09,21.490000,21.510000,20.760000,21.049999,21.049999,1535700
2021-02-10,21.180000,21.900000,20.860001,21.790001,21.790001,1458800
2021-02-11,21.889999,22.240000,21.629999,21.809999,21.809999,1408800
2021-02-12,21.600000,21.780001,21.180000,21.299999,21.299999,823800
2021-02-16,21.580000,21.639999,21.100000,21.520000,21.520000,1461100
2021-02-17,21.360001,21.480000,21.049999,21.340000,21.340000,833000
2021-02-18,21.110001,21.549999,21.020000,21.020000,21.020000,843500
2021-02-19,21.049999,21.750000,21.049999,21.480000,21.480000,710500
2021-02-22,21.469999,22.700001,21.469999,22.440001,22.440001,2029100
2021-02-23,22.590000,22.750000,21.719999,22.020000,22.020000,6633200
2021-02-24,22.200001,22.500000,21.700001,21.780001,21.780001,2117200
2021-02-25,21.879999,22.040001,20.570000,20.580000,20.580000,1813300
2021-02-26,20.920000,21.049999,19.930000,20.280001,20.280001,3438800
2021-03-01,20.639999,21.840000,20.639999,21.480000,21.480000,2130800
2021-03-02,21.430000,21.430000,20.719999,20.840000,20.840000,1513300
2021-03-03,20.860001,22.120001,20.629999,21.750000,21.750000,2588500
2021-03-04,21.790001,22.100000,20.990000,21.459999,21.459999,1431300
2021-03-05,21.830000,22.139999,21.110001,21.990000,21.990000,1846200
2021-03-08,22.230000,23.010000,21.850000,22.850000,22.850000,1720200
2021-03-09,23.000000,23.900000,22.709999,22.750000,22.750000,1450100
2021-03-10,22.799999,22.900000,22.190001,22.209999,22.209999,1648400
2021-03-11,22.280001,22.299999,21.809999,22.139999,22.139999,1714200
2021-03-12,22.250000,23.240000,22.180000,23.170000,23.170000,2215900
2021-03-15,23.290001,24.559999,23.290001,24.480000,24.480000,2764000
2021-03-16,24.540001,24.600000,23.559999,23.580000,23.580000,2165700
2021-03-17,23.750000,23.910000,22.980000,23.469999,23.469999,1916300
2021-03-18,23.459999,23.680000,22.780001,22.930000,22.930000,1335000
2021-03-19,22.820000,23.340000,22.490000,23.010000,23.010000,2834500
2021-03-22,22.920000,22.920000,22.080000,22.549999,22.549999,1074500
2021-03-23,22.320000,22.490000,21.480000,21.540001,21.540001,2387500
2021-03-24,21.850000,22.270000,21.030001,21.040001,21.040001,1325800
2021-03-25,20.740000,22.120001,20.490000,21.969999,21.969999,2049700
2021-03-26,22.190001,22.379999,21.500000,22.110001,22.110001,1471700
2021-03-29,21.930000,22.160000,21.410000,21.469999,21.469999,2191000
2021-03-30,21.540001,21.930000,21.420000,21.740000,21.740000,831200
2021-03-31,21.650000,22.139999,21.629999,21.830000,21.830000,1039700
2021-04-01,21.910000,22.180000,21.650000,22.059999,22.059999,966200
2021-04-05,22.309999,22.309999,21.809999,22.090000,22.090000,1183500
2021-04-06,22.059999,22.240000,21.830000,21.959999,21.959999,915000
2021-04-07,22.000000,22.280001,21.870001,22.219999,22.219999,1044700
2021-04-08,22.270000,22.530001,22.150000,22.230000,22.230000,1438600
2021-04-09,22.170000,22.290001,21.860001,22.090000,22.090000,742200
2021-04-12,22.010000,22.209999,21.799999,22.090000,22.090000,1091900
2021-04-13,22.000000,23.000000,21.889999,22.840000,22.840000,2127800
2021-04-14,22.920000,23.620001,22.820000,22.950001,22.950001,1506600
2021-04-15,23.010000,23.580000,22.969999,23.370001,23.370001,1233300
2021-04-16,23.490000,23.500000,23.090000,23.110001,23.110001,743200
2021-04-19,22.860001,22.990000,22.690001,22.940001,22.940001,864200
2021-04-20,22.840000,23.040001,22.150000,22.559999,22.559999,1010600
2021-04-21,22.530001,22.940001,22.330000,22.809999,22.809999,735400
2021-04-22,22.930000,23.370001,22.780001,23.299999,23.299999,828400
2021-04-23,23.459999,23.580000,23.299999,23.400000,23.400000,1206700
2021-04-26,23.620001,24.270000,23.410000,24.059999,24.059999,1373600
2021-04-27,24.020000,24.320000,23.940001,24.049999,24.049999,820300
2021-04-28,24.030001,24.180000,23.940001,24.080000,24.080000,1372700
2021-04-29,24.270000,24.780001,24.270000,24.540001,24.540001,1454000
2021-04-30,24.540001,24.590000,24.160000,24.370001,24.370001,1603600
2021-05-03,24.600000,24.709999,24.260000,24.549999,24.549999,2510700
2021-05-04,24.530001,24.980000,24.030001,24.799999,24.799999,2160100
2021-05-05,24.559999,24.900000,23.000000,23.240000,23.240000,4166100
2021-05-06,23.250000,24.260000,23.180000,24.150000,24.150000,3514800
2021-05-07,24.209999,24.709999,24.040001,24.440001,24.440001,2459100
2021-05-10,24.500000,24.559999,23.070000,23.629999,23.629999,2280500
2021-05-11,23.110001,23.709999,22.770000,23.680000,23.680000,1653700
2021-05-12,23.500000,23.540001,22.690001,22.930000,22.930000,2097800
2021-05-13,23.059999,23.490000,22.820000,22.870001,22.870001,2035200
2021-05-14,23.230000,23.260000,22.900000,23.120001,23.120001,1389700
2021-05-17,23.090000,23.129999,22.719999,23.090000,23.090000,1457800
2021-05-18,23.200001,23.500000,22.799999,22.830000,22.830000,2027000
2021-05-19,22.510000,22.719999,22.120001,22.670000,22.670000,2076900
2021-05-20,22.610001,23.180000,22.480000,23.110001,23.110001,1525300
2021-05-21,23.340000,23.410000,23.049999,23.090000,23.090000,905200
2021-05-24,23.230000,23.559999,22.900000,23.520000,23.520000,1039800
2021-05-25,23.629999,23.840000,23.450001,23.700001,23.700001,1494400
2021-05-26,23.820000,24.110001,23.670000,24.030001,24.030001,968500
2021-05-27,24.080000,24.180000,23.840000,23.860001,23.860001,1475800
2021-05-28,24.100000,24.100000,23.540001,23.940001,23.940001,1874800
2021-06-01,24.120001,24.209999,23.740000,24.209999,24.209999,2217600
2021-06-02,24.309999,24.309999,23.879999,24.000000,24.000000,1665400
2021-06-03,23.860001,23.870001,23.410000,23.559999,23.559999,1084600
2021-06-04,23.639999,23.780001,23.070000,23.270000,23.270000,1004000
2021-06-07,23.340000,24.459999,23.340000,24.250000,24.250000,4293300
2021-06-08,24.320000,24.820000,24.209999,24.450001,24.450001,2877600
2021-06-09,24.580000,24.969999,24.430000,24.830000,24.830000,2094900
2021-06-10,24.920000,25.059999,24.110001,24.139999,24.139999,1446600
2021-06-11,24.290001,24.740000,24.280001,24.719999,24.719999,901200
2021-06-14,24.910000,24.969999,24.389999,24.420000,24.420000,909100
2021-06-15,24.129999,24.500000,23.930000,24.290001,24.290001,914700
2021-06-16,24.270000,24.690001,24.049999,24.360001,24.360001,1837600
2021-06-17,24.139999,24.549999,23.870001,23.889999,23.889999,1014700
2021-06-18,23.540001,23.950001,23.400000,23.580000,23.580000,2859900
2021-06-21,23.830000,24.190001,23.510000,24.030001,24.030001,1362100
2021-06-22,24.000000,24.010000,23.540001,23.850000,23.850000,1015100
2021-06-23,24.010000,24.160000,23.690001,23.700001,23.700001,1086800
2021-06-24,23.809999,24.000000,23.549999,23.719999,23.719999,2319700
2021-06-25,23.719999,25.070000,23.719999,24.580000,24.580000,18940900
2021-06-28,24.480000,24.500000,23.270000,23.600000,23.600000,2273700
2021-06-29,23.610001,23.879999,23.459999,23.790001,23.790001,1155900
2021-06-30,23.709999,24.100000,23.559999,24.030001,24.030001,930000
2021-07-01,24.100000,24.320000,23.950001,24.219999,24.219999,1538000
2021-07-02,24.370001,24.420000,24.209999,24.400000,24.400000,625200
2021-07-06,24.410000,24.700001,24.020000,24.629999,24.629999,1522800
2021-07-07,24.620001,24.780001,24.129999,24.379999,24.379999,1154400
2021-07-08,23.969999,24.330000,23.420000,23.719999,23.719999,1616500
2021-07-09,23.920000,24.660000,23.840000,24.600000,24.600000,841600
2021-07-12,24.370001,25.040001,24.219999,25.030001,25.030001,1886600
2021-07-13,24.889999,24.980000,23.990000,24.040001,24.040001,1261000
2021-07-14,24.020000,24.299999,23.340000,23.510000,23.510000,1778400
2021-07-15,23.379999,23.559999,23.190001,23.350000,23.350000,1451800
2021-07-16,23.580000,23.670000,22.480000,22.510000,22.510000,1476100
2021-07-19,22.010000,22.230000,20.760000,21.600000,21.600000,3173200
2021-07-20,21.620001,22.629999,21.549999,22.459999,22.459999,1377600
2021-07-21,22.629999,23.860001,22.520000,23.459999,23.459999,1849700
2021-07-22,23.100000,23.350000,22.660000,23.020000,23.020000,817900
2021-07-23,23.200001,24.209999,22.969999,23.260000,23.260000,845200
2021-07-26,23.490000,23.750000,23.389999,23.719999,23.719999,1367800
2021-07-27,23.549999,23.840000,23.379999,23.610001,23.610001,815200
2021-07-28,23.879999,23.990000,23.360001,23.639999,23.639999,843400
2021-07-29,23.770000,24.410000,23.770000,24.129999,24.129999,965000
2021-07-30,23.969999,24.360001,23.780001,23.889999,23.889999,1577800
2021-08-02,24.030001,24.549999,23.430000,23.500000,23.500000,1858400
2021-08-03,23.459999,23.490000,22.660000,23.190001,23.190001,1490200
2021-08-04,23.000000,23.309999,22.820000,23.030001,23.030001,1225800
2021-08-05,23.370001,24.440001,23.370001,24.000000,24.000000,1789800
2021-08-06,25.000000,26.139999,24.469999,24.959999,24.959999,2942700
2021-08-09,24.559999,24.900000,24.090000,24.440001,24.440001,1224400
2021-08-10,24.469999,24.820000,24.129999,24.490000,24.490000,1477900
2021-08-11,24.480000,25.000000,24.150000,24.940001,24.940001,1025400
2021-08-12,25.080000,25.180000,24.740000,24.920000,24.920000,1142500
2021-08-13,25.040001,25.270000,24.549999,24.870001,24.870001,1057600
2021-08-16,24.770000,24.820000,24.330000,24.540001,24.540001,1150100
2021-08-17,24.170000,24.350000,23.879999,24.330000,24.330000,1158700
2021-08-18,24.250000,24.340000,23.799999,23.809999,23.809999,739400
2021-08-19,23.379999,23.750000,23.000000,23.250000,23.250000,896400
2021-08-20,23.200001,23.590000,22.760000,23.570000,23.570000,1273000
2021-08-23,23.690001,24.090000,23.580000,23.680000,23.680000,715000
2021-08-24,23.690001,23.940001,23.639999,23.930000,23.930000,831400
2021-08-25,23.930000,24.650000,23.820000,24.510000,24.510000,589000
2021-08-26,24.520000,24.700001,24.340000,24.490000,24.490000,700400
2021-08-27,24.510000,25.200001,24.510000,25.040001,25.040001,622200
2021-08-30,25.209999,25.209999,24.680000,24.910000,24.910000,556500