Date,Open,High,Low,Close,Adj Close,Volume
2021-01-04,14.750000,15.330000,14.660000,15.020000,14.924669,5898100
2021-01-05,15.270000,17.120001,15.180000,16.690001,16.584070,5229200
2021-01-06,16.930000,17.570000,16.660000,17.280001,17.170324,4822400
2021-01-07,17.469999,17.969999,17.340000,17.360001,17.249817,3236500
2021-01-08,17.570000,17.670000,16.799999,17.059999,16.951719,4349400
2021-01-11,16.610001,17.190001,16.290001,17.120001,17.011341,3509200
2021-01-12,17.410000,17.980000,17.360001,17.940001,17.826136,6867700
2021-01-13,17.920000,18.010000,17.309999,17.389999,17.279625,3021600
2021-01-14,17.580000,18.000000,17.469999,17.840000,17.726770,3888300
2021-01-15,17.500000,17.639999,17.070000,17.350000,17.239882,3391100
2021-01-19,17.350000,17.700001,17.170000,17.540001,17.428677,3144000
2021-01-20,17.830000,18.070000,17.410000,17.549999,17.438610,2665400
2021-01-21,17.500000,17.680000,16.170000,17.049999,16.941784,4008300
2021-01-22,16.350000,17.150000,16.070000,17.150000,17.041151,3326700
2021-01-25,16.709999,17.250000,16.500000,17.230000,17.120642,3184600
2021-01-26,17.290001,17.620001,16.430000,16.480000,16.375401,2726000
2021-01-27,16.080000,17.030001,15.760000,16.150000,16.047495,4309700
2021-01-28,16.670000,16.709999,15.840000,16.480000,16.375401,3027600
2021-01-29,16.230000,16.740000,15.510000,15.760000,15.659973,3004800
2021-02-01,16.020000,16.639999,15.870000,16.510000,16.405210,2956200
2021-02-02,17.049999,17.200001,16.639999,16.760000,16.653625,2444100
2021-02-03,16.879999,18.250000,16.879999,18.250000,18.134169,3498800
2021-02-04,18.270000,18.440001,17.740000,18.320000,18.203724,2063600
2021-02-05,18.730000,18.980000,18.440001,18.660000,18.541565,1623400
2021-02-08,18.840000,20.160000,18.840000,20.100000,19.972427,3327200
2021-02-09,19.750000,20.440001,19.530001,19.980000,19.853188,3521800
2021-02-10,20.190001,20.520000,19.719999,20.090000,19.962490,2739100
2021-02-11,20.530001,21.090000,20.080000,20.549999,20.419569,4517400
2021-02-12,20.180000,21.850000,20.090000,21.690001,21.552336,3140000
2021-02-16,22.290001,22.920000,22.020000,22.700001,22.555925,3335800
2021-02-17,22.650000,22.969999,22.139999,22.930000,22.784464,2970900
2021-02-18,22.570000,23.190001,20.940001,20.950001,20.817032,4010100
2021-02-19,21.180000,21.889999,20.990000,21.360001,21.224430,2480600
2021-02-22,21.490000,23.200001,21.379999,22.620001,22.476433,3723600
2021-02-23,22.719999,23.500000,21.830000,23.350000,23.201799,3817500
2021-02-24,23.520000,24.530001,23.150000,23.650000,23.499893,3555700
2021-02-25,23.660000,23.920000,22.500000,22.799999,22.655289,2981800
2021-02-26,22.309999,23.450001,21.700001,23.070000,22.923574,3420700
2021-03-01,23.750000,24.650000,23.540001,24.520000,24.364374,3242600
2021-03-02,24.340000,24.969999,24.240000,24.750000,24.592913,3349300
2021-03-03,24.830000,26.350000,24.709999,25.629999,25.467327,4585300
2021-03-04,26.030001,27.889999,25.889999,27.299999,27.126728,4495700
2021-03-05,28.219999,28.690001,27.080000,27.820000,27.643427,4254500
2021-03-08,27.959999,28.580000,26.260000,26.629999,26.460979,3152100
2021-03-09,26.309999,26.790001,25.600000,25.719999,25.556755,2747600
2021-03-10,25.920000,27.410000,25.740000,27.320000,27.146601,2410700
2021-03-11,27.500000,27.969999,27.129999,27.940001,27.762667,2394200
2021-03-12,27.969999,28.049999,27.190001,27.990000,27.906235,2698100
2021-03-15,27.730000,28.320000,27.500000,27.820000,27.736744,1808300
2021-03-16,26.950001,27.459999,26.000000,26.709999,26.630064,5407600
2021-03-17,26.700001,27.020000,25.870001,26.469999,26.390783,2599800
2021-03-18,26.100000,26.100000,24.010000,24.270000,24.197369,3732800
2021-03-19,24.320000,25.730000,24.129999,25.290001,25.214315,7038500
2021-03-22,24.920000,25.309999,24.260000,24.700001,24.626081,2827700
2021-03-23,23.730000,24.799999,23.320000,23.709999,23.639042,2873800
2021-03-24,24.840000,25.270000,23.780001,23.809999,23.738743,3507000
2021-03-25,23.280001,24.070000,22.389999,23.959999,23.888294,3026600
2021-03-26,24.700001,24.920000,23.730000,24.250000,24.177427,2908700
2021-03-29,24.860001,25.070000,23.469999,23.559999,23.489492,2221500
2021-03-30,23.400000,24.540001,23.330000,24.170000,24.097668,1625800
2021-03-31,24.059999,24.530001,23.700001,23.820000,23.748714,2265200
2021-04-01,24.240000,25.020000,24.100000,24.879999,24.805542,2763800
2021-04-05,24.440001,24.629999,23.580000,23.900000,23.828474,2523900
2021-04-06,24.440001,25.430000,24.230000,24.650000,24.576229,4925200
2021-04-07,24.650000,24.840000,23.889999,24.510000,24.436649,2816600
2021-04-08,24.160000,24.600000,23.660000,24.540001,24.466560,2297600
2021-04-09,24.500000,24.850000,23.840000,23.870001,23.798565,1443600
2021-04-12,24.080000,24.639999,23.450001,23.469999,23.399761,2559900
2021-04-13,23.580000,23.690001,23.120001,23.290001,23.220301,2504500
2021-04-14,23.580000,24.990000,23.520000,24.469999,24.396769,2160900
2021-04-15,24.639999,24.639999,23.870001,24.209999,24.137547,1345300
2021-04-16,24.290001,24.440001,23.360001,23.540001,23.469553,3156100
2021-04-19,23.799999,24.110001,23.290001,23.370001,23.300062,2234500
2021-04-20,23.030001,23.280001,21.530001,21.799999,21.734758,2609100
2021-04-21,21.340000,22.540001,21.070000,22.120001,22.053802,2507900
2021-04-22,22.240000,22.389999,21.680000,21.959999,21.894279,1462400
2021-04-23,22.370001,22.680000,21.980000,22.570000,22.502455,1403600
2021-04-26,22.540001,23.040001,22.400000,22.680000,22.612125,1241000
2021-04-27,22.719999,23.150000,22.299999,23.000000,22.931168,1694500
2021-04-28,23.190001,24.540001,23.170000,24.350000,24.277128,2298400
2021-04-29,25.799999,26.660000,24.809999,24.950001,24.875334,4176200
2021-04-30,24.200001,25.290001,23.750000,23.930000,23.858385,3261500
2021-05-03,24.280001,25.000000,24.190001,24.940001,24.865362,2529300
2021-05-04,25.110001,25.750000,24.480000,25.580000,25.503447,2509400
2021-05-05,25.910000,26.910000,25.459999,26.010000,25.932159,2853600
2021-05-06,26.049999,26.190001,25.129999,26.010000,25.932159,1872200
2021-05-07,25.600000,26.959999,25.320000,26.930000,26.849407,2592200
2021-05-10,27.070000,27.530001,25.940001,25.969999,25.892279,2718100
2021-05-11,25.040001,25.969999,24.700001,25.570000,25.493477,2633300
2021-05-12,25.809999,26.840000,25.240000,25.360001,25.284105,2156200
2021-05-13,24.850000,25.480000,24.200001,24.969999,24.895271,2355500
2021-05-14,25.540001,26.330000,25.540001,26.160000,26.081711,2023300
2021-05-17,26.420000,26.879999,25.940001,26.870001,26.789587,2141700
2021-05-18,26.760000,26.950001,25.959999,25.969999,25.892279,2200200
2021-05-19,25.230000,25.600000,24.660000,25.250000,25.174435,2446300
2021-05-20,25.370001,25.480000,24.469999,25.180000,25.104645,1742100
2021-05-21,25.700001,25.840000,24.850000,24.850000,24.775633,2992900
2021-05-24,25.350000,25.980000,24.650000,25.889999,25.812519,2074200
2021-05-25,25.790001,26.110001,24.990000,25.170000,25.094673,1930700
2021-05-26,25.570000,26.709999,25.500000,26.559999,26.480515,3991600
2021-05-27,26.700001,26.990000,26.459999,26.570000,26.490484,3067000
2021-05-28,26.740000,26.799999,26.320000,26.629999,26.550304,1591900
2021-06-01,27.440001,29.200001,27.370001,29.110001,29.022882,4978400
2021-06-02,29.260000,30.020000,28.600000,29.610001,29.521387,3677300
2021-06-03,29.730000,30.950001,29.410000,30.629999,30.538334,2751800
2021-06-04,31.000000,31.139999,29.940001,30.920000,30.827467,2652600
2021-06-07,31.010000,31.700001,30.910000,31.600000,31.505432,2372700
2021-06-08,31.100000,31.930000,30.129999,31.760000,31.664953,2433400
2021-06-09,31.530001,31.850000,30.860001,30.950001,30.857376,1995200
2021-06-10,31.670000,31.790001,30.059999,30.549999,30.458572,1899300
2021-06-11,31.020000,31.459999,30.650000,31.410000,31.316000,1519900
2021-06-14,31.299999,31.770000,30.400000,30.480000,30.480000,1476800
2021-06-15,30.700001,31.600000,30.700001,31.570000,31.570000,1899800
2021-06-16,31.059999,32.049999,31.000000,31.740000,31.740000,2316900
2021-06-17,31.600000,31.709999,28.770000,29.490000,29.490000,3616200
2021-06-18,28.969999,29.430000,28.350000,28.719999,28.719999,3302300
2021-06-21,29.280001,30.440001,29.049999,30.379999,30.379999,2254300
2021-06-22,30.000000,30.790001,29.580000,30.680000,30.680000,1287200
2021-06-23,31.250000,32.029999,31.040001,31.320000,31.320000,1977600
2021-06-24,31.170000,31.760000,30.850000,31.750000,31.750000,1228900
2021-06-25,32.000000,33.340000,32.000000,32.869999,32.869999,6227200
2021-06-28,32.900002,32.900002,31.280001,31.620001,31.620001,2449800
2021-06-29,31.950001,32.299999,31.280001,31.410000,31.410000,1861400
2021-06-30,31.750000,32.040001,31.280001,31.469999,31.469999,3120300
2021-07-01,32.500000,33.459999,32.270000,32.939999,32.939999,2323700
2021-07-02,32.599998,32.619999,31.840000,32.209999,32.209999,2349800
2021-07-06,32.160000,32.189999,30.129999,30.190001,30.190001,2879800
2021-07-07,30.200001,30.790001,28.959999,29.580000,29.580000,1924600
2021-07-08,28.799999,30.389999,28.690001,29.760000,29.760000,1863600
2021-07-09,30.190001,30.850000,29.730000,30.549999,30.549999,1604200
2021-07-12,29.900000,30.790001,29.670000,30.480000,30.480000,1525300
2021-07-13,30.370001,30.530001,29.650000,30.110001,30.110001,1767400
2021-07-14,30.440001,30.760000,28.370001,28.469999,28.469999,2416800
2021-07-15,28.190001,28.660000,27.280001,27.700001,27.700001,2156100
2021-07-16,28.110001,28.240000,25.969999,26.090000,26.090000,2239500
2021-07-19,25.049999,25.750000,24.230000,24.809999,24.809999,3965800
2021-07-20,24.799999,25.629999,24.379999,25.480000,25.480000,4346800
2021-07-21,26.180000,27.590000,26.150000,27.290001,27.290001,2795400
2021-07-22,27.299999,27.870001,26.780001,27.549999,27.549999,2819100
2021-07-23,27.500000,27.650000,26.740000,27.350000,27.350000,1754400
2021-07-26,27.510000,28.330000,27.490000,28.230000,28.230000,2291900
2021-07-27,28.209999,28.209999,26.590000,27.180000,27.180000,2585300
2021-07-28,26.360001,27.030001,25.430000,26.020000,26.020000,7563700
2021-07-29,26.340000,26.490000,25.340000,26.070000,26.070000,3525100
2021-07-30,25.879999,26.030001,25.250000,25.660000,25.660000,2674100
2021-08-02,25.900000,27.030001,25.170000,25.270000,25.270000,3213200
2021-08-03,25.000000,25.980000,24.280001,25.639999,25.639999,4098000
2021-08-04,24.820000,25.340000,24.360001,24.559999,24.559999,3052600
2021-08-05,24.820000,25.830000,24.680000,25.459999,25.459999,3156500
2021-08-06,25.930000,26.150000,25.340000,25.420000,25.420000,1874000
2021-08-09,24.809999,25.120001,24.180000,24.209999,24.209999,2674000
2021-08-10,24.320000,25.549999,24.320000,25.320000,25.320000,2217100
2021-08-11,25.010000,25.559999,24.700001,25.520000,25.520000,1683500
2021-08-12,25.400000,25.730000,24.600000,24.730000,24.730000,1971500
2021-08-13,24.620001,24.860001,24.240000,24.260000,24.260000,1070900
2021-08-16,23.969999,23.969999,23.290001,23.490000,23.490000,1725200
2021-08-17,23.379999,24.440001,23.309999,23.750000,23.750000,2861000
2021-08-18,23.750000,24.360001,22.940001,23.010000,23.010000,2587400
2021-08-19,22.469999,22.900000,21.920000,22.639999,22.639999,3871800
2021-08-20,22.389999,23.170000,22.100000,23.129999,23.129999,3241400
2021-08-23,24.100000,24.709999,23.990000,24.469999,24.469999,2559300
2021-08-24,25.379999,25.750000,25.020000,25.510000,25.510000,2386300
2021-08-25,25.530001,26.510000,25.260000,26.280001,26.280001,1922900
2021-08-26,26.139999,26.180000,25.309999,25.570000,25.570000,1640900
2021-08-27,26.010000,27.350000,26.010000,27.180000,27.180000,2494600
2021-08-30,27.389999,27.400000,26.610001,26.750000,26.750000,2147400