Date,Open,High,Low,Close,Adj Close,Volume
2021-01-04,26.049999,26.540001,24.469999,26.379999,26.379999,6916700
2021-01-05,25.930000,28.280001,25.870001,28.010000,28.010000,3738700
2021-01-06,27.920000,30.490000,26.799999,28.299999,28.299999,4787900
2021-01-07,29.629999,33.980000,29.209999,32.889999,32.889999,6540200
2021-01-08,33.480000,39.560001,33.049999,36.700001,36.700001,12216400
2021-01-11,37.549999,37.570000,33.720001,34.259998,34.259998,7261900
2021-01-12,34.599998,35.400002,32.470001,33.240002,33.240002,5000100
2021-01-13,34.169998,36.540001,33.799999,34.349998,34.349998,4959900
2021-01-14,34.279999,38.529999,34.279999,37.720001,37.720001,6286100
2021-01-15,37.990002,40.770000,36.680000,36.919998,36.919998,6510400
2021-01-19,39.150002,40.529999,37.099998,40.200001,40.200001,6191800
2021-01-20,40.340000,41.650002,38.020000,38.590000,38.590000,5044000
2021-01-21,39.230000,39.299999,34.759998,36.310001,36.310001,4864800
2021-01-22,35.689999,37.759998,35.099998,37.419998,37.419998,3505200
2021-01-25,36.950001,38.200001,34.520000,35.950001,35.950001,3824000
2021-01-26,35.299999,36.110001,32.549999,32.880001,32.880001,5483600
2021-01-27,30.910000,32.990002,28.750000,31.059999,31.059999,5653400
2021-01-28,31.400000,35.700001,31.150000,34.279999,34.279999,4097300
2021-01-29,34.389999,34.869999,32.000000,32.349998,32.349998,3199500
2021-02-01,33.230000,34.680000,32.509998,34.180000,34.180000,3321100
2021-02-02,34.980000,36.930000,34.820000,35.240002,35.240002,3731200
2021-02-03,36.119999,36.430000,33.959999,34.820000,34.820000,2855500
2021-02-04,34.869999,35.700001,34.160000,35.009998,35.009998,2150900
2021-02-05,35.470001,37.099998,35.029999,36.220001,36.220001,2706800
2021-02-08,37.369999,39.099998,37.250000,38.650002,38.650002,3613400
2021-02-09,38.540001,40.529999,37.669998,39.540001,39.540001,2935600
2021-02-10,48.500000,51.880001,45.389999,45.900002,45.900002,12880800
2021-02-11,51.000000,53.689999,48.639999,51.150002,51.150002,9224000
2021-02-12,49.029999,51.270000,45.750000,50.320000,50.320000,5930900
2021-02-16,51.110001,51.250000,46.360001,46.369999,46.369999,5246800
2021-02-17,45.459999,45.880001,42.299999,44.169998,44.169998,4642600
2021-02-18,41.730000,43.959999,41.560001,42.740002,42.740002,3993600
2021-02-19,43.669998,44.299999,42.040001,43.029999,43.029999,4078100
2021-02-22,41.459999,41.619999,36.610001,37.439999,37.439999,5017800
2021-02-23,34.590000,37.230000,30.219999,37.119999,37.119999,8983500
2021-02-24,35.790001,38.880001,34.980000,35.750000,35.750000,5672500
2021-02-25,35.680000,35.680000,30.520000,31.180000,31.180000,7095600
2021-02-26,31.590000,33.490002,30.150000,30.570000,30.570000,6521400
2021-03-01,32.410000,35.689999,31.840000,35.220001,35.220001,6066800
2021-03-02,35.500000,35.980000,34.020000,34.340000,34.340000,3901300
2021-03-03,33.490002,34.070000,30.559999,30.969999,30.969999,4470500
2021-03-04,29.670000,31.590000,27.770000,28.780001,28.780001,7898000
2021-03-05,29.459999,29.520000,24.760000,29.270000,29.270000,11285900
2021-03-08,30.490000,31.370001,26.250000,27.370001,27.370001,4979600
2021-03-09,30.000000,32.419998,29.950001,31.379999,31.379999,5071100
2021-03-10,32.700001,35.180000,32.029999,32.080002,32.080002,4827200
2021-03-11,33.889999,35.560001,33.560001,35.500000,35.500000,3774000
2021-03-12,33.759998,34.360001,32.080002,33.889999,33.889999,3444800
2021-03-15,34.000000,35.750000,32.639999,35.270000,35.270000,2612700
2021-03-16,36.099998,36.250000,32.230000,33.439999,33.439999,3103200
2021-03-17,31.740000,35.990002,31.000000,34.830002,34.830002,4224200
2021-03-18,34.000000,34.330002,31.770000,31.870001,31.870001,3405200
2021-03-19,31.629999,34.020000,30.600000,33.430000,33.430000,4903700
2021-03-22,33.740002,35.380001,32.720001,34.790001,34.790001,3325200
2021-03-23,34.650002,35.549999,32.220001,32.660000,32.660000,3432900
2021-03-24,33.160000,33.160000,29.299999,29.629999,29.629999,3143700
2021-03-25,27.059999,30.680000,26.450001,30.540001,30.540001,3648600
2021-03-26,30.500000,30.790001,28.790001,30.730000,30.730000,2587000
2021-03-29,30.340000,30.340000,28.209999,28.629999,28.629999,2672000
2021-03-30,28.059999,30.490000,27.500000,29.950001,29.950001,3056500
2021-03-31,30.629999,34.029999,30.440001,33.310001,33.310001,5884900
2021-04-01,34.470001,36.299999,33.770000,33.820000,33.820000,3436900
2021-04-05,35.490002,36.099998,34.230000,34.529999,34.529999,1900400
2021-04-06,35.279999,37.419998,34.150002,35.500000,35.500000,4828100
2021-04-07,34.930000,35.860001,32.330002,32.549999,32.549999,2866700
2021-04-08,32.730000,33.849998,32.730000,33.490002,33.490002,1941800
2021-04-09,33.400002,33.560001,31.740000,32.160000,32.160000,2719100
2021-04-12,31.670000,31.750000,30.320000,30.740000,30.740000,2686200
2021-04-13,31.120001,33.770000,30.790001,33.330002,33.330002,3463100
2021-04-14,33.330002,34.869999,32.349998,32.549999,32.549999,2613600
2021-04-15,33.369999,34.099998,32.549999,32.849998,32.849998,2892700
2021-04-16,32.490002,32.630001,30.600000,31.530001,31.530001,2201600
2021-04-19,30.350000,31.260000,28.559999,29.610001,29.610001,3152700
2021-04-20,29.760000,30.459999,27.940001,29.100000,29.100000,2300300
2021-04-21,28.910000,30.379999,27.809999,30.230000,30.230000,1890300
2021-04-22,30.670000,31.920000,30.070000,30.480000,30.480000,2403400
2021-04-23,30.610001,31.360001,30.040001,30.959999,30.959999,1730500
2021-04-26,31.360001,32.970001,30.559999,32.630001,32.630001,2233700
2021-04-27,32.880001,33.970001,32.459999,33.639999,33.639999,3314200
2021-04-28,32.869999,34.049999,32.150002,33.630001,33.630001,1587300
2021-04-29,33.639999,33.990002,32.020000,33.480000,33.480000,4097900
2021-04-30,30.120001,31.799999,29.020000,29.850000,29.850000,6280500
2021-05-03,29.500000,30.139999,26.930000,27.270000,27.270000,4880900
2021-05-04,26.420000,26.590000,24.700001,25.459999,25.459999,4897700
2021-05-05,25.879999,26.260000,24.740000,24.940001,24.940001,3413000
2021-05-06,24.590000,24.680000,22.950001,24.360001,24.360001,3452700
2021-05-07,24.830000,26.340000,24.600000,24.889999,24.889999,2483100
2021-05-10,24.559999,24.559999,22.830000,23.040001,23.040001,3178100
2021-05-11,20.330000,24.790001,20.219999,24.090000,24.090000,3916000
2021-05-12,23.510000,24.129999,22.770000,22.930000,22.930000,3275400
2021-05-13,23.290001,24.129999,21.480000,22.299999,22.299999,4783100
2021-05-14,22.610001,23.910000,22.600000,23.559999,23.559999,3319000
2021-05-17,23.320000,23.820000,22.639999,23.389999,23.389999,2057600
2021-05-18,23.469999,25.209999,22.959999,24.389999,24.389999,2811400
2021-05-19,23.010000,24.480000,22.809999,24.459999,24.459999,2646200
2021-05-20,24.809999,26.059999,24.360001,25.920000,25.920000,2080800
2021-05-21,26.490000,26.500000,25.299999,25.570000,25.570000,2252200
2021-05-24,26.200001,26.700001,25.639999,25.790001,25.790001,1854200
2021-05-25,25.969999,26.430000,24.969999,25.690001,25.690001,2313800
2021-05-26,25.950001,26.360001,25.480000,26.080000,26.080000,2075300
2021-05-27,26.340000,27.209999,25.790001,27.070000,27.070000,2182900
2021-05-28,27.299999,28.110001,26.889999,27.049999,27.049999,1757100
2021-06-01,27.299999,27.430000,25.629999,26.420000,26.420000,2036400
2021-06-02,26.330000,26.860001,25.920000,26.740000,26.740000,1971700
2021-06-03,26.420000,26.639999,25.160000,25.469999,25.469999,2115900
2021-06-04,25.790001,26.420000,25.700001,26.120001,26.120001,1189600
2021-06-07,26.309999,28.379999,26.270000,27.940001,27.940001,2002200
2021-06-08,28.910000,29.480000,27.540001,28.600000,28.600000,2181700
2021-06-09,29.000000,29.629999,28.459999,29.049999,29.049999,1969400
2021-06-10,29.010000,30.020000,28.660000,29.760000,29.760000,2043300
2021-06-11,30.000000,30.139999,28.870001,29.219999,29.219999,1396500
2021-06-14,29.450001,30.320000,29.240000,29.510000,29.510000,1074500
2021-06-15,29.309999,29.450001,27.809999,28.020000,28.020000,1367900
2021-06-16,27.860001,28.440001,26.680000,27.900000,27.900000,1727100
2021-06-17,27.879999,29.959999,27.750000,29.549999,29.549999,1806600
2021-06-18,28.930000,29.530001,28.750000,29.150000,29.150000,2768200
2021-06-21,29.150000,29.879999,28.230000,29.740000,29.740000,1887100
2021-06-22,29.990000,30.559999,29.340000,30.250000,30.250000,1189700
2021-06-23,30.500000,32.099998,30.370001,31.400000,31.400000,2197800
2021-06-24,31.600000,32.880001,31.570000,32.480000,32.480000,1685100
2021-06-25,32.669998,34.750000,32.150002,33.810001,33.810001,7364400
2021-06-28,35.360001,35.799999,34.279999,35.340000,35.340000,2343800
2021-06-29,35.299999,36.360001,34.820000,36.020000,36.020000,1406200
2021-06-30,35.919998,36.000000,34.299999,34.970001,34.970001,2884200
2021-07-01,35.000000,35.099998,33.130001,34.360001,34.360001,1803400
2021-07-02,34.560001,34.880001,33.169998,33.480000,33.480000,1392400
2021-07-06,33.279999,33.560001,32.470001,33.029999,33.029999,1550900
2021-07-07,33.209999,33.230000,31.020000,32.110001,32.110001,1437800
2021-07-08,29.870001,32.020000,29.580000,31.330000,31.330000,1418500
2021-07-09,31.559999,32.060001,30.740000,31.959999,31.959999,1218300
2021-07-12,32.119999,32.630001,31.709999,31.959999,31.959999,1508000
2021-07-13,31.629999,31.900000,29.500000,29.670000,29.670000,1685900
2021-07-14,29.780001,29.879999,27.139999,27.559999,27.559999,2212400
2021-07-15,27.549999,28.090000,26.020000,27.000000,27.000000,1992500
2021-07-16,27.200001,27.450001,26.299999,26.480000,26.480000,1682200
2021-07-19,25.959999,28.090000,25.240000,27.230000,27.230000,2297300
2021-07-20,27.250000,29.590000,26.410000,29.200001,29.200001,4695900
2021-07-21,29.500000,31.580000,28.400000,31.389999,31.389999,3692800
2021-07-22,31.459999,32.139999,30.770000,31.350000,31.350000,2639200
2021-07-23,31.350000,31.410000,29.830000,30.350000,30.350000,1582600
2021-07-26,30.400000,30.950001,29.879999,30.370001,30.370001,2103700
2021-07-27,30.260000,30.660000,28.350000,30.010000,30.010000,2997700
2021-07-28,30.200001,31.920000,30.160000,31.510000,31.510000,1508500
2021-07-29,31.530001,32.369999,31.040001,31.670000,31.670000,1539300
2021-07-30,31.200001,32.490002,31.080000,32.150002,32.150002,2066200
2021-08-02,32.270000,32.310001,30.910000,31.240000,31.240000,3696100
2021-08-03,31.540001,31.709999,30.020000,30.209999,30.209999,2072200
2021-08-04,29.360001,32.160000,27.730000,32.130001,32.130001,3261900
2021-08-05,32.130001,35.580002,31.530001,35.020000,35.020000,3247000
2021-08-06,34.740002,34.950001,31.950001,32.310001,32.310001,2288500
2021-08-09,32.110001,33.570000,31.740000,33.099998,33.099998,1269300
2021-08-10,33.160000,33.250000,30.410000,30.700001,30.700001,1871900
2021-08-11,30.959999,31.540001,28.959999,29.860001,29.860001,2179500
2021-08-12,29.809999,30.770000,29.680000,30.590000,30.590000,945000
2021-08-13,30.700001,30.850000,28.900000,29.469999,29.469999,1342000
2021-08-16,29.209999,29.379999,27.889999,28.410000,28.410000,1731900
2021-08-17,28.000000,28.100000,26.299999,27.400000,27.400000,2126700
2021-08-18,27.580000,27.840000,26.740000,26.770000,26.770000,2670900
2021-08-19,26.330000,26.530001,25.530001,25.820000,25.820000,1969500
2021-08-20,25.809999,28.139999,25.680000,28.000000,28.000000,2032300
2021-08-23,28.450001,29.750000,27.799999,28.959999,28.959999,1614700
2021-08-24,28.900000,29.740000,28.400000,29.600000,29.600000,1157800
2021-08-25,29.549999,30.129999,29.030001,29.090000,29.090000,873900
2021-08-26,28.780001,29.330000,28.129999,28.610001,28.610001,1873400
2021-08-27,28.930000,30.480000,28.620001,30.080000,30.080000,1917400
2021-08-30,30.209999,30.870001,29.540001,30.459999,30.459999,1490600