Date,Open,High,Low,Close,Adj Close,Volume
2021-01-04,34.980000,36.310001,34.740002,36.160000,36.160000,401600
2021-01-05,36.169998,37.439999,36.049999,36.509998,36.509998,468500
2021-01-06,36.720001,38.200001,36.369999,37.470001,37.470001,392500
2021-01-07,37.480000,37.840000,36.680000,37.470001,37.470001,266500
2021-01-08,37.450001,37.580002,36.669998,37.110001,37.110001,344200
2021-01-11,36.919998,37.799999,36.919998,37.110001,37.110001,228400
2021-01-12,37.230000,37.660000,37.119999,37.509998,37.509998,288000
2021-01-13,37.610001,37.720001,37.299999,37.700001,37.700001,314200
2021-01-14,38.009998,38.240002,37.730000,37.779999,37.779999,290300
2021-01-15,37.580002,38.020000,37.070000,37.520000,37.520000,334400
2021-01-19,37.990002,38.250000,37.189999,38.049999,38.049999,464200
2021-01-20,37.910000,38.669998,37.759998,38.099998,38.099998,466900
2021-01-21,38.230000,38.669998,37.889999,37.950001,37.950001,255600
2021-01-22,37.599998,38.130001,37.349998,38.080002,38.080002,249300
2021-01-25,37.889999,39.290001,37.779999,39.270000,39.270000,280800
2021-01-26,42.610001,44.630001,41.770000,42.500000,42.500000,2569000
2021-01-27,42.099998,43.490002,41.430000,41.970001,41.970001,1627300
2021-01-28,42.119999,42.810001,40.349998,40.619999,40.619999,10069200
2021-01-29,40.590000,40.930000,39.560001,40.000000,40.000000,781500
2021-02-01,40.110001,41.750000,39.759998,40.889999,40.889999,712600
2021-02-02,41.259998,41.680000,40.200001,40.259998,40.259998,508800
2021-02-03,40.029999,41.259998,39.439999,40.950001,40.950001,834800
2021-02-04,40.590000,42.369999,40.320000,41.730000,41.730000,522300
2021-02-05,41.970001,42.369999,41.110001,42.270000,42.270000,385300
2021-02-08,42.500000,43.000000,42.130001,42.799999,42.799999,505900
2021-02-09,42.980000,43.400002,42.639999,43.209999,43.209999,372900
2021-02-10,43.549999,44.139999,43.169998,44.080002,44.080002,455200
2021-02-11,44.209999,45.290001,43.950001,44.669998,44.669998,469800
2021-02-12,44.480000,44.669998,43.400002,43.660000,43.660000,438700
2021-02-16,43.779999,44.090000,42.250000,42.410000,42.410000,438400
2021-02-17,42.240002,43.000000,42.049999,42.430000,42.430000,393700
2021-02-18,42.189999,42.619999,41.799999,42.130001,42.130001,489300
2021-02-19,42.139999,42.419998,41.299999,41.330002,41.330002,727200
2021-02-22,40.939999,41.599998,40.490002,41.560001,41.560001,273400
2021-02-23,41.459999,41.919998,41.240002,41.480000,41.480000,459100
2021-02-24,41.619999,42.360001,41.450001,42.070000,42.070000,318900
2021-02-25,41.970001,42.779999,41.540001,41.770000,41.770000,235600
2021-02-26,42.000000,42.529999,41.310001,41.709999,41.709999,444600
2021-03-01,42.130001,42.889999,42.130001,42.279999,42.279999,251200
2021-03-02,42.169998,42.700001,41.840000,42.009998,42.009998,384800
2021-03-03,41.970001,42.919998,41.750000,42.310001,42.310001,410700
2021-03-04,42.189999,43.060001,42.000000,42.450001,42.450001,498300
2021-03-05,42.799999,43.549999,42.529999,43.529999,43.529999,469100
2021-03-08,43.799999,45.930000,43.750000,45.770000,45.770000,412300
2021-03-09,45.669998,46.910000,45.610001,45.970001,45.970001,447100
2021-03-10,46.380001,46.619999,45.970001,46.270000,46.270000,238500
2021-03-11,46.259998,46.450001,45.299999,45.860001,45.860001,304700
2021-03-12,46.060001,46.660000,45.740002,46.480000,46.480000,221500
2021-03-15,46.419998,47.669998,46.330002,47.630001,47.630001,266400
2021-03-16,47.599998,47.980000,46.730000,46.880001,46.880001,198600
2021-03-17,47.060001,47.070000,46.240002,46.650002,46.650002,227100
2021-03-18,46.380001,46.750000,45.820000,45.959999,45.959999,274300
2021-03-19,45.959999,46.660000,45.619999,45.830002,45.830002,892800
2021-03-22,45.720001,46.169998,45.189999,45.650002,45.650002,224500
2021-03-23,45.250000,45.660000,44.680000,44.840000,44.840000,249600
2021-03-24,44.889999,45.450001,44.200001,44.200001,44.200001,307200
2021-03-25,44.000000,44.450001,43.389999,44.290001,44.290001,338000
2021-03-26,44.669998,45.259998,44.040001,45.049999,45.049999,298300
2021-03-29,44.919998,46.150002,44.790001,44.939999,44.939999,283700
2021-03-30,44.910000,45.230000,43.500000,43.700001,43.700001,394000
2021-03-31,43.669998,44.580002,43.349998,44.080002,44.080002,463000
2021-04-01,44.070000,44.070000,42.720001,43.070000,43.070000,395000
2021-04-05,43.189999,43.669998,42.740002,42.919998,42.919998,419100
2021-04-06,43.060001,43.799999,42.700001,43.320000,43.320000,488100
2021-04-07,43.290001,44.060001,43.259998,43.480000,43.480000,238800
2021-04-08,43.529999,44.730000,43.139999,43.950001,43.950001,256400
2021-04-09,43.880001,44.340000,43.570000,43.750000,43.750000,267700
2021-04-12,43.799999,44.340000,43.529999,44.299999,44.299999,228000
2021-04-13,44.090000,44.330002,43.490002,44.040001,44.040001,301500
2021-04-14,44.060001,44.549999,43.570000,43.810001,43.810001,207400
2021-04-15,44.130001,45.090000,44.110001,45.029999,45.029999,251700
2021-04-16,45.389999,45.730000,44.880001,45.220001,45.220001,270900
2021-04-19,45.389999,45.580002,44.860001,45.180000,45.180000,187700
2021-04-20,45.110001,45.470001,44.810001,45.160000,45.160000,189500
2021-04-21,45.389999,45.889999,45.119999,45.799999,45.799999,208500
2021-04-22,45.700001,45.810001,45.020000,45.810001,45.810001,306000
2021-04-23,45.959999,45.959999,44.810001,44.810001,44.810001,202500
2021-04-26,44.830002,45.029999,43.720001,44.060001,44.060001,224500
2021-04-27,43.919998,44.419998,43.700001,43.820000,43.820000,229200
2021-04-28,43.810001,44.349998,43.380001,43.419998,43.419998,205500
2021-04-29,43.459999,44.180000,43.209999,44.090000,44.090000,162500
2021-04-30,44.009998,44.139999,43.400002,43.560001,43.560001,244100
2021-05-03,43.830002,44.500000,43.459999,44.330002,44.330002,308400
2021-05-04,44.330002,44.349998,43.759998,44.320000,44.320000,193900
2021-05-05,44.259998,44.369999,43.480000,44.340000,44.340000,354500
2021-05-06,44.509998,47.150002,44.369999,47.099998,47.099998,322200
2021-05-07,46.930000,47.330002,45.930000,46.099998,46.099998,212700
2021-05-10,46.750000,47.930000,46.439999,46.830002,46.830002,259600
2021-05-11,46.509998,47.369999,46.119999,47.110001,47.110001,236500
2021-05-12,47.070000,47.500000,46.310001,46.610001,46.610001,246000
2021-05-13,46.360001,48.669998,46.360001,48.599998,48.599998,262200
2021-05-14,48.950001,48.950001,47.810001,48.500000,48.500000,218700
2021-05-17,48.439999,49.619999,48.139999,49.419998,49.419998,221600
2021-05-18,49.360001,49.660000,48.970001,49.299999,49.299999,241400
2021-05-19,49.230000,49.959999,48.770000,49.529999,49.529999,230800
2021-05-20,49.369999,50.000000,49.200001,49.939999,49.939999,229600
2021-05-21,50.110001,50.150002,49.139999,49.389999,49.389999,236700
2021-05-24,49.520000,50.020000,49.299999,49.799999,49.799999,153200
2021-05-25,49.970001,50.040001,49.090000,49.209999,49.209999,288000
2021-05-26,49.380001,50.080002,49.150002,49.639999,49.639999,222700
2021-05-27,50.320000,51.009998,50.130001,50.299999,50.299999,299600
2021-05-28,50.720001,50.980000,49.810001,49.869999,49.869999,155300
2021-06-01,50.040001,50.480000,49.610001,49.930000,49.930000,196100
2021-06-02,50.070000,50.709999,49.619999,49.950001,49.950001,383200
2021-06-03,49.770000,50.630001,49.439999,50.369999,50.369999,348900
2021-06-04,50.450001,50.529999,49.709999,50.000000,50.000000,157800
2021-06-07,49.990002,49.990002,49.450001,49.900002,49.900002,204000
2021-06-08,49.970001,50.669998,49.630001,50.580002,50.580002,146300
2021-06-09,50.650002,50.910000,50.310001,50.799999,50.799999,181600
2021-06-10,50.900002,51.650002,50.799999,51.639999,51.639999,248400
2021-06-11,51.509998,51.770000,51.070000,51.750000,51.750000,123100
2021-06-14,51.840000,51.950001,51.450001,51.950001,51.950001,175500
2021-06-15,52.000000,52.439999,51.529999,52.400002,52.400002,191600
2021-06-16,52.430000,52.849998,52.029999,52.820000,52.820000,220700
2021-06-17,52.950001,52.950001,51.860001,52.720001,52.720001,241800
2021-06-18,52.709999,52.709999,51.610001,52.000000,52.000000,460100
2021-06-21,52.070000,53.169998,52.060001,53.029999,53.029999,274700
2021-06-22,53.009998,53.009998,52.400002,52.770000,52.770000,159200
2021-06-23,52.980000,53.040001,52.150002,52.189999,52.189999,202000
2021-06-24,52.320000,53.150002,52.130001,52.810001,52.810001,149200
2021-06-25,52.689999,53.130001,52.299999,52.840000,52.840000,1058400
2021-06-28,52.860001,53.130001,51.560001,52.310001,52.310001,194200
2021-06-29,52.389999,52.529999,52.009998,52.150002,52.150002,144600
2021-06-30,52.250000,52.790001,52.000000,52.099998,52.099998,264800
2021-07-01,52.230000,53.330002,52.029999,52.810001,52.810001,215600
2021-07-02,52.939999,53.180000,52.049999,52.200001,52.200001,147600
2021-07-06,51.919998,51.950001,50.820000,51.790001,51.790001,174400
2021-07-07,51.590000,52.360001,51.119999,51.419998,51.419998,222600
2021-07-08,50.830002,51.520000,50.400002,51.000000,51.000000,246400
2021-07-09,51.310001,52.160000,51.310001,51.720001,51.720001,119800
2021-07-12,51.509998,52.029999,51.230000,51.959999,51.959999,101200
2021-07-13,51.650002,52.099998,51.560001,51.900002,51.900002,180000
2021-07-14,52.029999,52.230000,51.709999,51.860001,51.860001,127400
2021-07-15,51.700001,51.820000,51.240002,51.650002,51.650002,150500
2021-07-16,51.959999,52.200001,51.349998,51.459999,51.459999,146700
2021-07-19,51.020000,52.090000,50.950001,51.959999,51.959999,291200
2021-07-20,52.150002,53.880001,52.099998,52.700001,52.700001,460700
2021-07-21,52.910000,53.150002,52.169998,52.900002,52.900002,215200
2021-07-22,52.750000,52.849998,51.840000,52.549999,52.549999,168900
2021-07-23,52.599998,52.820000,51.849998,52.580002,52.580002,268600
2021-07-26,52.689999,53.060001,52.139999,52.950001,52.950001,154300
2021-07-27,52.810001,52.980000,52.250000,52.669998,52.669998,116200
2021-07-28,52.830002,53.259998,52.540001,52.810001,52.810001,134000
2021-07-29,53.230000,53.230000,52.520000,52.529999,52.529999,138100
2021-07-30,52.369999,52.860001,52.290001,52.549999,52.549999,188900
2021-08-02,52.830002,53.169998,52.500000,52.750000,52.750000,164700
2021-08-03,52.720001,53.549999,52.389999,53.419998,53.419998,210700
2021-08-04,52.959999,53.750000,52.880001,53.180000,53.180000,247900
2021-08-05,54.580002,58.709999,53.410000,56.470001,56.470001,424000
2021-08-06,57.000000,59.540001,56.980000,58.759998,58.759998,411700
2021-08-09,58.380001,58.869999,58.000000,58.400002,58.400002,451900
2021-08-10,58.750000,60.200001,58.509998,59.709999,59.709999,351600
2021-08-11,59.810001,60.549999,59.450001,60.540001,60.540001,171200
2021-08-12,60.509998,60.509998,59.330002,59.400002,59.400002,190200
2021-08-13,59.439999,59.959999,58.790001,59.810001,59.810001,212900
2021-08-16,59.759998,60.570000,59.340000,59.840000,59.840000,195100
2021-08-17,59.360001,59.860001,59.070000,59.410000,59.410000,194000
2021-08-18,59.259998,59.849998,58.700001,58.790001,58.790001,175900
2021-08-19,58.470001,58.750000,57.700001,57.980000,57.980000,240400
2021-08-20,58.040001,59.220001,58.040001,58.220001,58.220001,320100
2021-08-23,58.419998,58.759998,57.849998,57.869999,57.869999,178400
2021-08-24,58.169998,58.290001,57.259998,57.290001,57.290001,187400
2021-08-25,57.709999,57.709999,56.770000,56.980000,56.980000,163900
2021-08-26,56.799999,57.299999,56.090000,56.099998,56.099998,239700
2021-08-27,55.930000,56.849998,55.840000,56.790001,56.790001,278800
2021-08-30,56.720001,57.529999,56.720001,57.180000,57.180000,163100