Date,Open,High,Low,Close,Adj Close,Volume
2021-01-04,50.610001,50.830002,49.689999,49.779999,49.040783,539200
2021-01-05,49.790001,50.660000,49.509998,50.119999,49.375736,556900
2021-01-06,50.639999,51.430000,50.119999,50.740002,49.986530,457800
2021-01-07,50.470001,52.299999,50.310001,52.020000,51.247520,305800
2021-01-08,52.090000,52.599998,50.740002,51.000000,50.242668,241800
2021-01-11,50.290001,50.660000,49.759998,50.090000,49.346184,253100
2021-01-12,50.220001,50.900002,49.570000,50.299999,49.553066,458600
2021-01-13,50.009998,51.380001,49.730000,50.029999,49.287075,295700
2021-01-14,50.480000,51.990002,50.060001,50.250000,49.503807,195000
2021-01-15,49.910000,51.970001,49.500000,50.529999,49.779648,352500
2021-01-19,51.240002,51.360001,50.250000,50.779999,50.025936,335900
2021-01-20,50.889999,51.799999,50.330002,51.630001,50.863316,283100
2021-01-21,51.730000,52.240002,50.970001,52.060001,51.286930,226000
2021-01-22,51.470001,52.799999,50.840000,52.770000,51.986389,255200
2021-01-25,52.849998,53.820000,52.080002,52.369999,51.592323,358100
2021-01-26,52.189999,52.759998,50.639999,50.840000,50.085045,297500
2021-01-27,49.779999,50.009998,47.820000,47.950001,47.237965,426100
2021-01-28,48.580002,50.209999,47.450001,49.820000,49.080193,498200
2021-01-29,49.360001,49.360001,47.720001,47.759998,47.050781,328000
2021-02-01,47.189999,49.639999,46.939999,49.540001,48.804352,437800
2021-02-02,51.160000,51.160000,47.279999,48.549999,47.829052,660700
2021-02-03,48.380001,50.560001,48.299999,49.980000,49.237816,486000
2021-02-04,50.009998,51.180000,49.750000,50.820000,50.065342,513500
2021-02-05,51.320000,51.320000,49.439999,49.939999,49.198410,373300
2021-02-08,50.029999,51.770000,50.009998,51.759998,50.991383,1016800
2021-02-09,52.000000,52.560001,51.279999,51.570000,50.804203,349400
2021-02-10,51.630001,52.750000,51.630001,52.529999,51.749950,417700
2021-02-11,52.250000,53.880001,52.209999,53.529999,52.735100,965200
2021-02-12,53.160000,54.299999,53.000000,53.869999,53.070053,307100
2021-02-16,54.290001,54.570000,53.000000,53.660000,52.863171,478700
2021-02-17,53.150002,53.799999,51.779999,51.900002,51.129307,387700
2021-02-18,51.520000,52.189999,51.520000,51.790001,51.020939,263400
2021-02-19,51.980000,53.340000,51.900002,53.189999,52.400150,339100
2021-02-22,53.189999,54.490002,52.720001,54.000000,53.198120,710300
2021-02-23,54.009998,54.189999,52.540001,53.439999,52.646435,380800
2021-02-24,53.529999,54.389999,53.029999,53.220001,52.429707,861200
2021-02-25,52.910000,53.650002,51.049999,51.369999,50.607178,394600
2021-02-26,51.490002,51.689999,50.259998,50.750000,49.996384,829500
2021-03-01,52.139999,53.580002,51.810001,52.869999,52.084900,432300
2021-03-02,52.619999,52.720001,51.009998,51.570000,50.804203,448000
2021-03-03,51.910000,52.580002,51.400002,51.650002,50.883018,399900
2021-03-04,51.080002,52.340000,50.000000,50.650002,50.297127,509800
2021-03-05,51.439999,52.410000,49.590000,52.150002,51.786678,405800
2021-03-08,52.310001,53.200001,51.900002,52.139999,51.776745,384600
2021-03-09,53.070000,53.689999,52.380001,52.590000,52.223610,292200
2021-03-10,53.150002,54.320000,52.820000,54.000000,53.623787,636400
2021-03-11,54.380001,54.849998,53.630001,54.060001,53.683372,451000
2021-03-12,54.200001,54.570000,53.250000,53.990002,53.613861,372400
2021-03-15,54.029999,54.389999,53.259998,54.160000,53.782673,797600
2021-03-16,54.070000,54.700001,53.560001,53.990002,53.613861,723200
2021-03-17,52.660000,53.590000,51.720001,53.430000,53.057758,591600
2021-03-18,53.119999,53.240002,51.549999,51.639999,51.280228,565600
2021-03-19,51.369999,52.000000,50.639999,51.020000,50.664551,1048700
2021-03-22,51.150002,51.400002,50.509998,51.070000,50.714199,434900
2021-03-23,51.049999,51.529999,49.259998,49.349998,49.006184,576000
2021-03-24,49.930000,50.259998,49.240002,49.500000,49.155140,510300
2021-03-25,51.220001,51.830002,49.099998,51.630001,51.270302,622900
2021-03-26,51.980000,52.730000,51.150002,52.369999,52.005142,490700
2021-03-29,52.369999,53.669998,52.139999,52.369999,52.005142,546900
2021-03-30,52.290001,53.049999,52.040001,52.779999,52.412285,267400
2021-03-31,52.680000,53.480000,52.410000,52.919998,52.551311,486600
2021-04-01,53.459999,54.740002,52.970001,54.540001,54.160027,635800
2021-04-05,55.160000,55.869999,54.820000,55.610001,55.222572,447500
2021-04-06,55.610001,56.900002,55.610001,56.650002,56.255329,439400
2021-04-07,56.630001,56.849998,55.919998,56.509998,56.116299,395500
2021-04-08,56.830002,57.590000,56.639999,57.500000,57.099403,439700
2021-04-09,57.610001,58.000000,57.380001,57.830002,57.427105,212500
2021-04-12,57.709999,58.099998,57.029999,57.680000,57.278149,246400
2021-04-13,57.669998,58.250000,57.220001,58.180000,57.774666,378400
2021-04-14,58.200001,59.330002,57.910000,59.080002,58.668400,327600
2021-04-15,59.619999,59.680000,58.830002,59.330002,58.916656,241700
2021-04-16,59.950001,61.689999,59.560001,61.490002,61.061607,555100
2021-04-19,61.410000,62.490002,61.000000,61.619999,61.190701,517200
2021-04-20,61.660000,62.020000,60.320000,60.970001,60.545231,438400
2021-04-21,61.270000,61.549999,59.490002,59.630001,59.214565,820200
2021-04-22,59.709999,60.160000,59.200001,59.630001,59.214565,442200
2021-04-23,59.840000,60.299999,59.259998,59.389999,58.976234,340500
2021-04-26,62.700001,63.990002,60.700001,61.459999,61.031815,647000
2021-04-27,61.650002,63.730000,61.360001,61.369999,60.942440,753900
2021-04-28,60.730000,61.939999,60.270000,60.450001,60.028851,664900
2021-04-29,61.230000,62.230000,60.459999,60.770000,60.346622,597300
2021-04-30,60.380001,60.639999,58.740002,59.360001,58.946445,794900
2021-05-03,59.610001,60.799999,59.029999,59.970001,59.552197,513500
2021-05-04,60.130001,60.549999,59.660000,59.970001,59.552197,647200
2021-05-05,60.250000,60.549999,59.290001,60.040001,59.621708,628100
2021-05-06,60.099998,60.990002,59.290001,60.980000,60.555161,521300
2021-05-07,61.139999,63.590000,60.950001,63.439999,62.998020,579300
2021-05-10,63.770000,65.669998,62.919998,63.320000,62.878857,616500
2021-05-11,62.820000,63.119999,60.889999,61.439999,61.011951,610300
2021-05-12,61.369999,61.910000,57.570000,57.709999,57.307941,537400
2021-05-13,58.150002,59.880001,57.919998,59.619999,59.204632,617600
2021-05-14,59.880001,60.709999,59.340000,60.080002,59.661430,345900
2021-05-17,60.040001,60.200001,59.009998,59.740002,59.323799,390900
2021-05-18,59.669998,60.009998,58.680000,59.009998,58.598881,509000
2021-05-19,58.270000,58.669998,56.639999,58.599998,58.191738,875700
2021-05-20,58.840000,59.090000,57.799999,58.590000,58.181808,477100
2021-05-21,59.099998,59.200001,58.209999,58.619999,58.211601,693500
2021-05-24,59.029999,59.570000,58.750000,59.180000,58.767700,321300
2021-05-25,59.259998,59.590000,58.849998,59.029999,58.618744,421300
2021-05-26,59.540001,60.209999,59.299999,60.110001,59.691219,347000
2021-05-27,60.570000,60.740002,60.290001,60.389999,59.969269,312900
2021-05-28,60.700001,60.990002,59.700001,60.200001,59.780594,351700
2021-06-01,61.000000,61.490002,60.540001,61.419998,60.992092,335500
2021-06-02,61.770000,61.770000,58.549999,58.849998,58.439999,644900
2021-06-03,58.090000,58.430000,56.450001,56.869999,56.869999,737200
2021-06-04,57.060001,57.700001,56.049999,56.290001,56.290001,472000
2021-06-07,56.419998,56.910000,55.689999,55.880001,55.880001,548700
2021-06-08,55.950001,56.250000,55.029999,55.090000,55.090000,676400
2021-06-09,55.500000,56.650002,54.700001,55.360001,55.360001,551000
2021-06-10,55.470001,55.529999,54.389999,54.509998,54.509998,608600
2021-06-11,54.669998,55.470001,54.110001,54.529999,54.529999,351600
2021-06-14,54.419998,54.490002,52.480000,53.049999,53.049999,523400
2021-06-15,53.240002,53.509998,52.290001,53.080002,53.080002,629500
2021-06-16,52.970001,53.500000,52.480000,52.669998,52.669998,414900
2021-06-17,52.410000,52.709999,51.230000,52.459999,52.459999,569100
2021-06-18,51.259998,52.419998,51.259998,51.580002,51.580002,711100
2021-06-21,51.900002,52.900002,51.599998,52.599998,52.599998,418300
2021-06-22,52.430000,52.740002,51.820000,52.490002,52.490002,368300
2021-06-23,52.709999,52.770000,52.099998,52.139999,52.139999,361100
2021-06-24,52.230000,52.439999,51.610001,52.419998,52.419998,307600
2021-06-25,52.720001,53.330002,52.349998,52.750000,52.750000,895300
2021-06-28,52.549999,53.230000,51.849998,52.169998,52.169998,285400
2021-06-29,52.360001,52.900002,52.090000,52.180000,52.180000,238800
2021-06-30,52.259998,53.270000,52.020000,53.150002,53.150002,486800
2021-07-01,53.310001,53.669998,52.549999,53.400002,53.400002,500400
2021-07-02,53.669998,54.549999,53.369999,53.980000,53.980000,605200
2021-07-06,53.700001,53.910000,52.450001,53.119999,53.119999,643900
2021-07-07,53.040001,55.049999,52.799999,54.500000,54.500000,637900
2021-07-08,53.980000,54.950001,53.150002,54.060001,54.060001,456000
2021-07-09,54.570000,55.119999,54.310001,55.070000,55.070000,325800
2021-07-12,55.169998,55.459999,54.700001,55.029999,55.029999,325600
2021-07-13,55.119999,55.119999,53.189999,53.220001,53.220001,608200
2021-07-14,53.500000,53.919998,52.959999,53.570000,53.570000,661400
2021-07-15,53.290001,53.720001,52.709999,53.180000,53.180000,749400
2021-07-16,53.520000,53.580002,51.990002,52.049999,52.049999,585000
2021-07-19,51.169998,51.209999,49.860001,50.660000,50.660000,776200
2021-07-20,50.869999,51.599998,50.590000,51.029999,51.029999,435700
2021-07-21,51.250000,52.139999,51.250000,51.720001,51.720001,411200
2021-07-22,51.410000,51.820000,50.689999,51.750000,51.750000,308300
2021-07-23,51.820000,52.630001,51.490002,52.590000,52.590000,306900
2021-07-26,52.770000,53.169998,51.790001,52.230000,52.230000,328400
2021-07-27,51.639999,53.430000,51.410000,53.090000,53.090000,502700
2021-07-28,53.139999,53.470001,51.570000,51.770000,51.770000,429100
2021-07-29,52.410000,53.230000,52.180000,52.900002,52.900002,434700
2021-07-30,52.730000,53.330002,51.799999,51.939999,51.939999,368200
2021-08-02,52.130001,52.939999,51.310001,51.490002,51.490002,284300
2021-08-03,51.599998,52.189999,50.889999,52.180000,52.180000,327500
2021-08-04,51.770000,52.250000,50.900002,50.990002,50.990002,352800
2021-08-05,51.130001,52.040001,51.049999,51.259998,51.259998,234600
2021-08-06,51.570000,51.779999,50.860001,51.180000,51.180000,325600
2021-08-09,51.000000,51.180000,50.419998,50.529999,50.529999,382500
2021-08-10,50.470001,51.369999,50.250000,50.779999,50.779999,256900
2021-08-11,50.810001,51.880001,50.700001,51.810001,51.810001,275300
2021-08-12,52.009998,52.470001,51.119999,51.810001,51.810001,357900
2021-08-13,52.029999,52.259998,51.220001,51.459999,51.459999,199200
2021-08-16,51.200001,51.200001,50.630001,50.889999,50.889999,293900
2021-08-17,50.430000,50.430000,49.450001,49.950001,49.950001,246600
2021-08-18,49.939999,50.500000,49.480000,49.549999,49.549999,378800
2021-08-19,49.130001,49.549999,48.910000,49.189999,49.189999,284000
2021-08-20,49.020000,49.889999,48.820000,49.380001,49.380001,241000
2021-08-23,49.759998,50.310001,49.400002,50.230000,50.230000,221800
2021-08-24,50.290001,50.910000,50.130001,50.770000,50.770000,255400
2021-08-25,51.029999,51.619999,50.599998,51.310001,51.310001,314800
2021-08-26,51.220001,51.660000,50.880001,51.180000,51.180000,235300
2021-08-27,51.090000,53.000000,51.090000,52.759998,52.759998,377800
2021-08-30,52.830002,53.000000,52.299999,52.470001,52.470001,259500