Date,Open,High,Low,Close,Adj Close,Volume
2021-01-04,20.850000,21.059999,20.160000,20.379999,20.327942,1055800
2021-01-05,20.920000,22.610001,20.549999,22.400000,22.342783,1125400
2021-01-06,22.900000,24.280001,22.510000,23.760000,23.699310,1738500
2021-01-07,24.139999,25.070000,23.940001,24.719999,24.656857,1022500
2021-01-08,25.000000,25.150000,23.500000,23.889999,23.828978,823000
2021-01-11,23.209999,24.650000,23.000000,24.530001,24.467344,863900
2021-01-12,25.100000,25.629999,24.790001,25.170000,25.105709,1231000
2021-01-13,25.290001,25.620001,24.299999,24.400000,24.337675,604700
2021-01-14,24.520000,25.840000,24.520000,25.690001,25.624380,1332600
2021-01-15,25.209999,25.430000,24.110001,24.230000,24.168108,761200
2021-01-19,24.820000,24.850000,24.040001,24.530001,24.467344,1014900
2021-01-20,24.889999,25.660000,24.620001,25.340000,25.275274,900300
2021-01-21,25.840000,25.840000,24.160000,24.340000,24.277828,1019700
2021-01-22,23.240000,25.129999,23.129999,25.120001,25.055838,707900
2021-01-25,24.650000,25.180000,23.879999,25.090000,25.025913,1073400
2021-01-26,25.540001,25.600000,23.250000,23.340000,23.280382,842700
2021-01-27,22.459999,24.600000,22.250000,22.799999,22.741762,1135300
2021-01-28,23.370001,23.900000,22.420000,22.830000,22.771685,1264500
2021-01-29,22.660000,23.280001,21.530001,21.709999,21.654545,902900
2021-02-01,22.490000,23.680000,22.030001,23.290001,23.230511,921400
2021-02-02,24.180000,24.219999,23.000000,23.200001,23.140741,779500
2021-02-03,23.330000,24.600000,23.290001,24.590000,24.527189,821500
2021-02-04,24.680000,25.000000,23.690001,24.620001,24.557114,498800
2021-02-05,24.990000,25.500000,24.850000,25.350000,25.285250,619100
2021-02-08,26.139999,27.610001,26.049999,26.950001,26.881163,1450500
2021-02-09,26.719999,27.830000,26.270000,27.160000,27.090626,990700
2021-02-10,27.510000,28.219999,26.889999,28.090000,28.018250,1188200
2021-02-11,27.889999,28.290001,26.690001,27.820000,27.748940,968300
2021-02-12,28.030001,28.610001,27.430000,28.600000,28.526947,600200
2021-02-16,29.799999,30.250000,29.129999,29.250000,29.175287,910600
2021-02-17,29.650000,29.780001,28.590000,29.190001,29.115440,755400
2021-02-18,28.990000,29.240000,27.850000,28.000000,27.928480,742800
2021-02-19,28.010000,28.799999,27.990000,28.690001,28.616718,648900
2021-02-22,28.790001,31.440001,28.790001,30.660000,30.581686,1211100
2021-02-23,30.840000,31.660000,29.030001,31.320000,31.240000,1170300
2021-02-24,31.580000,34.180000,31.340000,33.580002,33.494228,1724300
2021-02-25,35.500000,39.080002,34.660000,35.810001,35.718533,2556900
2021-02-26,35.000000,36.009998,34.090000,34.950001,34.860729,1650200
2021-03-01,36.270000,37.480000,35.360001,36.549999,36.456638,1517200
2021-03-02,36.330002,37.000000,35.049999,35.189999,35.100113,1223000
2021-03-03,35.840000,37.360001,35.049999,35.430000,35.339500,1522800
2021-03-04,35.730000,40.619999,35.730000,39.200001,39.099873,3020300
2021-03-05,40.470001,41.910000,38.410000,38.740002,38.641048,2298200
2021-03-08,39.139999,39.480000,36.889999,37.849998,37.753319,1045900
2021-03-09,37.259998,38.630001,36.730000,37.849998,37.753319,927000
2021-03-10,37.910000,39.970001,37.520000,39.570000,39.468925,1603100
2021-03-11,39.919998,42.790001,39.169998,42.020000,41.912670,1435500
2021-03-12,42.130001,42.290001,41.000000,41.209999,41.104736,914700
2021-03-15,40.040001,40.500000,39.119999,40.060001,39.957676,841700
2021-03-16,39.150002,39.389999,37.400002,37.759998,37.663548,1291400
2021-03-17,37.529999,38.810001,37.209999,38.290001,38.192196,990000
2021-03-18,37.959999,38.139999,33.080002,33.369999,33.284763,1871900
2021-03-19,33.509998,35.810001,33.509998,35.230000,35.140011,2599500
2021-03-22,35.230000,35.230000,33.470001,33.830002,33.743591,907800
2021-03-23,32.549999,33.419998,31.670000,31.980000,31.898314,1262300
2021-03-24,33.299999,33.919998,32.080002,32.160000,32.077854,1043600
2021-03-25,31.230000,32.840000,30.250000,32.560001,32.476833,1586600
2021-03-26,33.639999,35.240002,33.599998,35.160000,35.070190,1363700
2021-03-29,34.770000,35.459999,33.939999,34.430000,34.342056,1744300
2021-03-30,33.849998,34.680000,33.259998,34.220001,34.132595,753700
2021-03-31,34.090000,35.090000,33.849998,34.400002,34.312134,1018000
2021-04-01,34.799999,36.259998,34.560001,35.970001,35.878124,657500
2021-04-05,35.869999,35.869999,33.779999,34.439999,34.352028,684700
2021-04-06,35.080002,36.380001,34.869999,35.180000,35.090141,912500
2021-04-07,34.970001,35.939999,34.650002,35.259998,35.169933,647800
2021-04-08,34.720001,35.549999,34.119999,35.389999,35.299603,751000
2021-04-09,35.570000,36.279999,34.459999,34.820000,34.731060,920100
2021-04-12,35.380001,35.919998,34.560001,34.799999,34.711109,651900
2021-04-13,34.689999,35.349998,34.439999,34.750000,34.661240,476600
2021-04-14,35.259998,37.520000,35.259998,36.599998,36.506512,826800
2021-04-15,36.529999,36.529999,35.320000,35.889999,35.798325,503800
2021-04-16,35.950001,37.090000,34.750000,34.980000,34.890652,588800
2021-04-19,34.990002,35.959999,34.830002,35.419998,35.329525,457300
2021-04-20,35.310001,35.320000,32.709999,33.220001,33.135147,1109800
2021-04-21,32.860001,33.619999,32.169998,33.099998,33.015450,1233800
2021-04-22,33.220001,34.419998,32.610001,34.000000,33.913155,763800
2021-04-23,34.380001,35.080002,33.720001,34.310001,34.222363,625100
2021-04-26,34.169998,35.950001,34.009998,35.689999,35.598835,809800
2021-04-27,36.020000,36.500000,35.250000,36.220001,36.127483,615000
2021-04-28,36.610001,38.160000,36.549999,37.279999,37.184776,748100
2021-04-29,38.389999,38.799999,36.959999,37.230000,37.134903,600500
2021-04-30,36.959999,37.320000,36.299999,36.509998,36.416740,632400
2021-05-03,37.049999,37.470001,36.549999,37.150002,37.055111,877900
2021-05-04,37.360001,37.980000,36.020000,36.990002,36.895519,541300
2021-05-05,37.380001,38.369999,37.000000,37.950001,37.853065,883800
2021-05-06,38.000000,38.439999,36.080002,38.150002,38.052555,1083600
2021-05-07,37.459999,41.119999,37.150002,41.080002,40.975071,1463000
2021-05-10,41.230000,41.860001,40.790001,40.830002,40.725708,1639800
2021-05-11,39.250000,41.560001,38.310001,41.410000,41.304226,1124300
2021-05-12,41.549999,42.849998,39.730000,40.270000,40.167137,976500
2021-05-13,39.439999,40.750000,37.900002,39.119999,39.020073,816500
2021-05-14,39.869999,41.520000,39.869999,41.389999,41.284279,664700
2021-05-17,40.959999,42.639999,40.720001,42.540001,42.431339,742200
2021-05-18,42.689999,43.380001,41.209999,41.360001,41.254356,524200
2021-05-19,39.360001,41.209999,39.209999,41.029999,40.925198,528100
2021-05-20,40.939999,41.230000,39.869999,40.610001,40.506271,572500
2021-05-21,41.560001,41.619999,40.279999,40.340000,40.236961,542100
2021-05-24,41.090000,41.090000,39.930000,40.380001,40.276859,513700
2021-05-25,40.459999,40.799999,39.389999,39.549999,39.448978,716600
2021-05-26,39.549999,41.439999,39.349998,41.349998,41.244377,948500
2021-05-27,41.860001,42.310001,41.360001,41.369999,41.264328,846900
2021-05-28,41.840000,42.509998,41.279999,42.220001,42.112160,745200
2021-06-01,43.700001,45.880001,43.669998,45.410000,45.294010,1523000
2021-06-02,45.410000,46.430000,43.619999,44.990002,44.875084,891600
2021-06-03,44.779999,46.709999,44.029999,46.330002,46.211662,1095000
2021-06-04,47.060001,47.380001,45.270000,47.189999,47.069462,727200
2021-06-07,47.470001,47.990002,46.720001,47.660000,47.538261,738300
2021-06-08,46.889999,47.470001,45.279999,46.980000,46.859997,641200
2021-06-09,47.160000,47.250000,46.029999,46.349998,46.349998,594000
2021-06-10,47.270000,47.480000,45.380001,47.180000,47.180000,1092900
2021-06-11,47.570000,47.959999,46.959999,47.830002,47.830002,804400
2021-06-14,48.700001,49.919998,47.310001,47.490002,47.490002,763500
2021-06-15,47.459999,48.970001,47.340000,48.959999,48.959999,581000
2021-06-16,48.779999,49.470001,48.080002,48.910000,48.910000,739500
2021-06-17,49.040001,49.689999,45.240002,45.560001,45.560001,1157400
2021-06-18,44.040001,45.939999,43.540001,45.209999,45.209999,2187000
2021-06-21,45.799999,46.290001,44.090000,46.220001,46.220001,1378600
2021-06-22,46.240002,46.880001,45.150002,46.340000,46.340000,802300
2021-06-23,46.810001,48.290001,46.279999,46.320000,46.320000,665300
2021-06-24,46.150002,47.520000,45.580002,47.490002,47.490002,798700
2021-06-25,47.840000,49.700001,47.080002,49.349998,49.349998,2055900
2021-06-28,49.470001,49.470001,45.209999,45.490002,45.490002,984800
2021-06-29,45.560001,46.610001,44.270000,44.320000,44.320000,1328100
2021-06-30,44.959999,46.599998,44.669998,45.790001,45.790001,1100400
2021-07-01,47.200001,47.950001,46.750000,47.330002,47.330002,995000
2021-07-02,47.549999,47.820000,46.610001,46.669998,46.669998,513600
2021-07-06,46.560001,46.610001,44.869999,45.360001,45.360001,848800
2021-07-07,45.169998,46.119999,43.369999,43.610001,43.610001,1112000
2021-07-08,42.480000,44.770000,42.240002,43.919998,43.919998,929100
2021-07-09,44.750000,45.250000,43.990002,44.889999,44.889999,417200
2021-07-12,44.259998,45.139999,43.570000,44.500000,44.500000,553300
2021-07-13,44.369999,44.669998,43.599998,43.970001,43.970001,710700
2021-07-14,44.660000,45.259998,42.200001,42.360001,42.360001,933700
2021-07-15,41.820000,42.650002,40.919998,41.630001,41.630001,1071000
2021-07-16,41.990002,42.410000,38.900002,39.049999,39.049999,838800
2021-07-19,37.090000,38.200001,35.759998,36.020000,36.020000,1503700
2021-07-20,35.919998,37.610001,35.220001,37.290001,37.290001,1107100
2021-07-21,38.660000,39.310001,38.240002,38.889999,38.889999,757000
2021-07-22,39.009998,39.380001,37.810001,38.720001,38.720001,709700
2021-07-23,39.060001,39.369999,38.029999,38.759998,38.759998,507500
2021-07-26,38.930000,40.950001,38.930000,40.750000,40.750000,648700
2021-07-27,40.150002,40.150002,38.750000,39.419998,39.419998,574000
2021-07-28,39.720001,40.580002,38.869999,40.020000,40.020000,411800
2021-07-29,40.720001,41.000000,39.639999,39.709999,39.709999,668500
2021-07-30,39.480000,39.590000,38.340000,39.549999,39.549999,648500
2021-08-02,39.590000,41.130001,38.290001,38.730000,38.730000,920100
2021-08-03,38.299999,40.529999,38.160000,40.119999,40.119999,900200
2021-08-04,39.130001,39.590000,37.840000,38.500000,38.500000,797700
2021-08-05,36.759998,39.040001,36.759998,37.919998,37.919998,1213700
2021-08-06,38.650002,39.250000,37.919998,38.560001,38.560001,518800
2021-08-09,37.910000,38.230000,37.160000,37.520000,37.520000,498200
2021-08-10,37.990002,40.139999,37.709999,39.980000,39.980000,913000
2021-08-11,39.570000,40.790001,38.810001,40.669998,40.669998,625900
2021-08-12,40.759998,41.439999,40.090000,41.270000,41.270000,634600
2021-08-13,41.400002,41.520000,39.810001,39.820000,39.820000,590300
2021-08-16,39.200001,39.709999,38.150002,39.000000,39.000000,741200
2021-08-17,38.750000,40.139999,38.560001,39.080002,39.080002,569600
2021-08-18,39.020000,40.220001,37.290001,37.349998,37.349998,813100
2021-08-19,36.330002,37.610001,35.730000,36.590000,36.590000,909900
2021-08-20,35.950001,36.230000,34.520000,36.000000,36.000000,1542800
2021-08-23,37.299999,38.889999,37.299999,38.709999,38.709999,786000
2021-08-24,39.020000,39.759998,38.549999,39.520000,39.520000,692100
2021-08-25,39.410000,41.000000,38.790001,40.619999,40.619999,606600
2021-08-26,40.299999,40.450001,39.090000,39.270000,39.270000,580100
2021-08-27,40.080002,41.680000,40.080002,41.610001,41.610001,956200
2021-08-30,42.029999,42.200001,40.380001,40.400002,40.400002,647400