Date,Open,High,Low,Close,Adj Close,Volume
2021-01-04,47.779999,47.799999,45.930000,46.470001,46.470001,918900
2021-01-05,46.400002,47.560001,46.080002,47.250000,47.250000,729400
2021-01-06,48.950001,51.340000,48.599998,50.000000,50.000000,1539500
2021-01-07,50.099998,50.439999,48.685001,48.799999,48.799999,879000
2021-01-08,48.910000,49.439999,47.340000,47.990002,47.990002,962000
2021-01-11,47.240002,48.299999,46.855000,47.590000,47.590000,1118900
2021-01-12,47.630001,51.270000,47.630001,50.259998,50.259998,1523100
2021-01-13,50.150002,50.900002,49.210999,50.290001,50.290001,729400
2021-01-14,50.430000,51.419998,50.084999,51.080002,51.080002,630100
2021-01-15,50.340000,51.790001,50.279999,51.180000,51.180000,830600
2021-01-19,51.889999,52.297001,50.230000,50.310001,50.310001,663400
2021-01-20,50.369999,52.040001,50.369999,52.000000,52.000000,525900
2021-01-21,51.770000,52.174999,50.930000,51.459999,51.459999,432300
2021-01-22,50.770000,51.570000,50.580002,51.540001,51.540001,615400
2021-01-25,50.410000,51.560001,49.830002,50.779999,50.779999,852000
2021-01-26,51.500000,51.580002,48.980000,49.090000,49.090000,565200
2021-01-27,47.910000,48.529999,44.820000,46.360001,46.360001,1822100
2021-01-28,46.980000,48.994999,46.000000,48.160000,48.160000,705300
2021-01-29,48.000000,48.270000,46.169998,46.880001,46.880001,938000
2021-02-01,47.220001,48.619999,46.750000,48.189999,48.189999,737500
2021-02-02,48.840000,50.720001,48.509998,50.459999,50.459999,727800
2021-02-03,51.250000,53.849998,50.750000,52.549999,52.549999,906700
2021-02-04,53.310001,54.180000,52.240002,52.980000,52.980000,595600
2021-02-05,53.130001,54.020000,51.880001,52.759998,52.759998,587500
2021-02-08,53.090000,53.770000,52.599998,53.759998,53.759998,660800
2021-02-09,53.290001,53.450001,52.180000,53.060001,53.060001,556700
2021-02-10,53.419998,54.250000,51.919998,52.290001,52.290001,765300
2021-02-11,52.250000,52.509998,50.619999,51.310001,51.310001,601100
2021-02-12,50.720001,51.630001,50.070000,50.450001,50.450001,638700
2021-02-16,50.310001,51.580002,49.455002,51.470001,51.470001,766700
2021-02-17,51.070000,51.169998,49.410000,49.900002,49.900002,840300
2021-02-18,49.330002,50.349998,48.860001,49.880001,49.880001,893400
2021-02-19,49.939999,53.220001,49.939999,52.630001,52.630001,607300
2021-02-22,52.340000,55.330002,52.340000,55.080002,55.080002,1136300
2021-02-23,54.540001,55.430000,53.580002,54.700001,54.700001,806000
2021-02-24,55.020000,55.910000,54.455002,55.520000,55.520000,810300
2021-02-25,55.310001,55.799999,53.110001,53.299999,53.299999,539700
2021-02-26,53.599998,56.169998,52.939999,54.240002,54.240002,936000
2021-03-01,55.580002,56.770000,54.580002,56.040001,56.040001,541400
2021-03-02,55.740002,56.400002,54.810001,54.860001,54.860001,633200
2021-03-03,55.230000,57.470001,55.080002,56.689999,56.689999,758000
2021-03-04,56.639999,56.990002,52.820000,53.950001,53.950001,951900
2021-03-05,55.330002,55.939999,53.389999,55.919998,55.919998,776700
2021-03-08,56.220001,56.950001,55.500000,55.930000,55.930000,522900
2021-03-09,56.580002,56.580002,54.500000,55.389999,55.389999,520400
2021-03-10,55.650002,57.840000,55.200001,57.549999,57.549999,658100
2021-03-11,57.919998,58.439999,57.139999,57.689999,57.689999,759100
2021-03-12,57.930000,59.849998,57.930000,59.759998,59.759998,708900
2021-03-15,59.090000,59.889999,58.599998,58.709999,58.709999,677600
2021-03-16,58.799999,58.799999,55.060001,55.080002,55.080002,937100
2021-03-17,55.169998,55.910000,54.560001,55.830002,55.830002,793500
2021-03-18,55.459999,57.180000,54.169998,54.400002,54.400002,1348500
2021-03-19,54.389999,56.570000,53.360001,55.820000,55.820000,1754500
2021-03-22,55.529999,55.855000,53.450001,54.700001,54.700001,648700
2021-03-23,53.509998,54.810001,53.270000,54.240002,54.240002,820900
2021-03-24,55.139999,56.380001,53.660000,53.680000,53.680000,1306000
2021-03-25,53.139999,55.070000,51.880001,54.610001,54.610001,1345400
2021-03-26,55.849998,58.090000,55.200001,57.410000,57.410000,810200
2021-03-29,56.889999,58.480000,54.669998,55.040001,55.040001,837900
2021-03-30,55.580002,57.910000,55.500000,57.119999,57.119999,897000
2021-03-31,57.380001,58.759998,57.320000,57.610001,57.610001,1170500
2021-04-01,58.320000,58.320000,56.910000,57.570000,57.570000,544400
2021-04-05,58.450001,59.060001,57.240002,57.650002,57.650002,746200
2021-04-06,57.509998,59.264999,57.509998,58.380001,58.380001,934300
2021-04-07,58.189999,58.900002,57.180000,57.619999,57.619999,492400
2021-04-08,57.250000,57.810001,56.400002,57.490002,57.490002,774200
2021-04-09,58.180000,58.970001,57.570000,58.029999,58.029999,699100
2021-04-12,57.660000,58.770000,57.230000,58.200001,58.200001,685300
2021-04-13,57.669998,58.438999,56.439999,57.200001,57.200001,664300
2021-04-14,57.230000,58.529999,56.369999,56.410000,56.410000,734000
2021-04-15,56.889999,56.930000,55.779999,56.200001,56.200001,898900
2021-04-16,56.950001,57.910000,56.580002,57.240002,57.240002,1045000
2021-04-19,57.189999,57.570000,56.119999,56.619999,56.619999,780300
2021-04-20,56.009998,56.631001,54.070000,54.619999,54.619999,953300
2021-04-21,54.709999,56.700001,54.320000,56.570000,56.570000,1121000
2021-04-22,56.610001,56.830002,55.389999,55.730000,55.730000,822900
2021-04-23,55.939999,56.580002,55.509998,56.259998,56.259998,548000
2021-04-26,56.650002,57.790001,55.820000,57.590000,57.590000,856500
2021-04-27,57.919998,59.090000,57.419998,57.650002,57.650002,795000
2021-04-28,57.570000,58.490002,57.220001,57.419998,57.419998,752000
2021-04-29,57.750000,58.230000,56.810001,57.930000,57.930000,715400
2021-04-30,57.490002,59.209999,57.490002,58.700001,58.700001,869500
2021-05-03,59.130001,59.340000,57.470001,57.520000,57.520000,795400
2021-05-04,57.090000,57.480000,55.919998,55.959999,55.959999,1080100
2021-05-05,55.639999,56.020000,53.500000,54.290001,54.290001,2222300
2021-05-06,54.000000,54.880001,53.389999,53.900002,53.900002,1730300
2021-05-07,53.959999,55.029999,53.680000,54.639999,54.639999,1535300
2021-05-10,54.529999,55.740002,53.740002,53.939999,53.939999,1028600
2021-05-11,52.779999,52.939999,50.650002,52.250000,52.250000,1655400
2021-05-12,51.889999,52.189999,49.610001,49.759998,49.759998,1272700
2021-05-13,50.090000,51.529999,49.400002,50.700001,50.700001,1243500
2021-05-14,51.090000,53.270000,50.959999,52.810001,52.810001,1099800
2021-05-17,52.410000,52.730000,51.000000,51.740002,51.740002,918000
2021-05-18,50.910000,51.000000,47.759998,48.520000,48.520000,6051600
2021-05-19,47.869999,48.759998,47.380001,47.799999,47.799999,2425400
2021-05-20,47.700001,49.959999,47.200001,49.869999,49.869999,2663700
2021-05-21,50.349998,50.459999,49.240002,49.560001,49.560001,1474900
2021-05-24,49.950001,50.095001,49.240002,49.619999,49.619999,1256900
2021-05-25,49.599998,50.740002,49.349998,49.590000,49.590000,1438200
2021-05-26,49.740002,50.230000,49.250000,50.000000,50.000000,863200
2021-05-27,50.500000,50.500000,49.029999,49.049999,49.049999,1615700
2021-05-28,49.240002,50.349998,49.150002,50.130001,50.130001,1376000
2021-06-01,50.500000,51.250000,49.990002,51.160000,51.160000,1838700
2021-06-02,51.480000,51.500000,50.299999,50.689999,50.689999,1608800
2021-06-03,50.299999,50.549999,49.139999,49.790001,49.790001,1688100
2021-06-04,50.000000,50.189999,49.029999,49.299999,49.299999,951900
2021-06-07,49.169998,51.465000,49.169998,51.209999,51.209999,1418000
2021-06-08,51.389999,53.110001,51.140999,52.560001,52.560001,1198700
2021-06-09,52.560001,52.665001,51.459999,51.590000,51.590000,1404300
2021-06-10,51.799999,52.259998,51.400002,51.900002,51.900002,1384200
2021-06-11,52.200001,52.849998,51.904999,52.520000,52.520000,679200
2021-06-14,52.610001,53.139999,50.910000,51.439999,51.439999,876800
2021-06-15,51.400002,51.509998,49.910000,49.950001,49.950001,1520800
2021-06-16,49.709999,49.720001,48.040001,48.490002,48.490002,1627200
2021-06-17,48.799999,49.000000,47.029999,47.090000,47.090000,1028300
2021-06-18,46.570000,47.220001,46.130001,47.110001,47.110001,1809000
2021-06-21,47.500000,48.980000,47.250000,48.830002,48.830002,1046000
2021-06-22,48.445000,49.490002,46.730000,49.220001,49.220001,2337200
2021-06-23,49.180000,50.480000,48.880001,49.750000,49.750000,1025100
2021-06-24,50.110001,50.110001,49.000000,49.459999,49.459999,1144600
2021-06-25,49.630001,49.900002,48.889999,48.900002,48.900002,8051300
2021-06-28,48.900002,48.990002,47.200001,47.590000,47.590000,930800
2021-06-29,47.660000,48.009998,47.259998,47.459999,47.459999,873300
2021-06-30,47.560001,48.779999,47.049999,48.490002,48.490002,1681700
2021-07-01,48.770000,49.360001,48.020000,48.209999,48.209999,849600
2021-07-02,48.480000,48.509998,47.689999,47.990002,47.990002,754200
2021-07-06,47.669998,47.900002,46.639999,46.860001,46.860001,1148400
2021-07-07,46.689999,47.119999,45.889999,46.509998,46.509998,1580200
2021-07-08,45.570000,47.029999,45.305000,46.020000,46.020000,917300
2021-07-09,46.500000,49.020000,46.340000,48.619999,48.619999,1490300
2021-07-12,48.090000,48.880001,47.810001,48.820000,48.820000,3889400
2021-07-13,48.290001,48.360001,47.430000,47.650002,47.650002,1506000
2021-07-14,47.880001,48.709999,47.240002,47.650002,47.650002,1278500
2021-07-15,47.330002,47.480000,46.169998,46.770000,46.770000,1170000
2021-07-16,47.389999,47.389999,45.305000,45.360001,45.360001,1031600
2021-07-19,43.810001,44.180000,42.630001,43.610001,43.610001,1694500
2021-07-20,43.490002,46.509998,43.283001,46.119999,46.119999,1667300
2021-07-21,46.529999,47.330002,45.630001,45.730000,45.730000,1028700
2021-07-22,45.650002,45.650002,44.279999,44.610001,44.610001,1268700
2021-07-23,45.009998,45.299999,44.400002,44.900002,44.900002,737900
2021-07-26,45.020000,45.840000,44.599998,45.470001,45.470001,1388400
2021-07-27,45.060001,45.540001,44.590000,45.290001,45.290001,704900
2021-07-28,45.570000,46.270000,44.590000,45.480000,45.480000,1014200
2021-07-29,46.299999,47.389999,45.869999,45.959999,45.959999,1329200
2021-07-30,45.610001,46.450001,44.855000,45.820000,45.820000,1398900
2021-08-02,45.750000,47.029999,44.290001,44.380001,44.380001,1175800
2021-08-03,44.669998,44.669998,41.950001,42.599998,42.599998,1913200
2021-08-04,41.860001,42.810001,41.200001,42.779999,42.779999,2318200
2021-08-05,43.209999,44.064999,43.000000,43.610001,43.610001,1192800
2021-08-06,44.459999,45.009998,43.730000,44.220001,44.220001,1795700
2021-08-09,44.830002,45.369999,43.740002,44.090000,44.090000,1679400
2021-08-10,44.419998,46.330002,44.419998,46.200001,46.200001,1264100
2021-08-11,46.150002,46.599998,45.310001,46.270000,46.270000,1351300
2021-08-12,46.224998,47.480000,45.860001,46.369999,46.369999,2212000
2021-08-13,46.060001,46.575001,45.689999,46.520000,46.520000,1383300
2021-08-16,45.930000,45.980000,43.345001,45.369999,45.369999,1464100
2021-08-17,44.790001,45.540001,44.529999,45.250000,45.250000,1234400
2021-08-18,45.029999,45.380001,44.674999,44.799999,44.799999,1454700
2021-08-19,44.480000,46.375000,42.680000,42.919998,42.919998,2798300
2021-08-20,41.799999,43.910000,41.119999,43.130001,43.130001,2560900
2021-08-23,43.080002,45.160000,42.830002,44.930000,44.930000,1641100
2021-08-24,45.180000,46.290001,45.119999,46.080002,46.080002,2204000
2021-08-25,45.490002,46.509998,44.705002,45.680000,45.680000,2193600
2021-08-26,45.500000,46.950001,45.290001,46.459999,46.459999,2208500
2021-08-27,46.700001,49.430000,46.610001,49.090000,49.090000,2754200
2021-08-30,49.270000,49.270000,47.349998,47.860001,47.860001,2503500