Date,Open,High,Low,Close,Adj Close,Volume
2021-01-04,42.000000,43.240002,41.310001,42.939999,42.939999,1011200
2021-01-05,42.790001,43.500000,41.919998,42.610001,42.610001,601200
2021-01-06,42.650002,44.240002,42.160000,43.400002,43.400002,672400
2021-01-07,43.799999,45.310001,43.169998,45.259998,45.259998,528700
2021-01-08,45.000000,45.349998,43.230000,44.290001,44.290001,1190900
2021-01-11,43.540001,45.090000,43.349998,44.910000,44.910000,541400
2021-01-12,45.000000,45.500000,44.630001,45.020000,45.020000,416900
2021-01-13,45.009998,45.369999,44.540001,44.799999,44.799999,417500
2021-01-14,45.000000,45.680000,44.799999,44.950001,44.950001,466900
2021-01-15,44.200001,48.520000,43.150002,47.889999,47.889999,1474200
2021-01-19,48.599998,50.299999,47.970001,48.919998,48.919998,1039300
2021-01-20,50.000000,50.200001,47.800999,48.580002,48.580002,812100
2021-01-21,48.930000,48.930000,47.200001,47.279999,47.279999,838800
2021-01-22,47.000000,50.450001,46.639999,50.240002,50.240002,755100
2021-01-25,50.000000,50.000000,45.799999,48.000000,48.000000,1239700
2021-01-26,48.200001,48.259998,44.570000,44.959999,44.959999,687800
2021-01-27,43.500000,46.619999,41.180000,44.299999,44.299999,1097900
2021-01-28,43.560001,47.599998,43.509998,46.520000,46.520000,736700
2021-01-29,46.369999,48.500000,46.125999,46.770000,46.770000,492200
2021-02-01,47.279999,48.879002,46.779999,48.279999,48.279999,672900
2021-02-02,49.130001,49.639999,47.099998,48.669998,48.669998,705800
2021-02-03,48.849998,49.570000,47.200001,47.520000,47.520000,739600
2021-02-04,47.490002,49.939999,47.195000,49.430000,49.430000,634600
2021-02-05,49.730000,50.240002,48.860001,49.919998,49.919998,582600
2021-02-08,50.240002,50.689999,49.439999,50.650002,50.650002,589300
2021-02-09,50.869999,51.099998,49.810001,50.439999,50.439999,710100
2021-02-10,51.049999,51.880001,48.360001,48.820000,48.820000,658900
2021-02-11,49.200001,51.240002,48.228001,49.889999,49.889999,640300
2021-02-12,50.060001,51.080002,49.290001,50.400002,50.400002,523500
2021-02-16,51.290001,51.290001,48.700001,49.360001,49.360001,467100
2021-02-17,49.000000,49.950001,48.500000,49.389999,49.389999,533100
2021-02-18,49.099998,49.680000,47.834999,49.029999,49.029999,412100
2021-02-19,50.778999,51.450001,49.459999,50.680000,50.680000,501400
2021-02-22,50.209999,51.349998,49.919998,51.250000,51.250000,607800
2021-02-23,50.000000,51.680000,49.119999,51.279999,51.279999,750600
2021-02-24,51.750000,53.480000,51.650002,53.340000,53.340000,1080100
2021-02-25,48.500000,50.470001,43.130001,43.310001,43.310001,2765000
2021-02-26,43.450001,44.000000,40.619999,42.090000,42.090000,1402400
2021-03-01,44.380001,44.540001,42.270000,43.639999,43.639999,1047300
2021-03-02,43.700001,44.639999,42.900002,43.959999,43.959999,1015800
2021-03-03,44.189999,44.380001,42.279999,42.779999,42.779999,920400
2021-03-04,42.009998,43.250000,39.509998,40.660000,40.660000,1033400
2021-03-05,41.430000,43.860001,38.610001,43.529999,43.529999,1249700
2021-03-08,43.500000,44.759998,42.130001,42.169998,42.169998,672100
2021-03-09,43.099998,45.200001,43.099998,43.869999,43.869999,399200
2021-03-10,46.080002,47.959999,45.610001,46.029999,46.029999,608900
2021-03-11,47.099998,47.700001,46.945999,47.320000,47.320000,552200
2021-03-12,46.880001,48.727001,46.209999,48.590000,48.590000,541500
2021-03-15,48.650002,49.220001,47.549999,47.820000,47.820000,385200
2021-03-16,48.320000,48.580002,47.139999,48.020000,48.020000,417100
2021-03-17,47.810001,49.029999,46.529999,48.730000,48.730000,572600
2021-03-18,48.290001,48.930000,45.779999,46.029999,46.029999,655600
2021-03-19,45.750000,47.570000,45.009998,47.130001,47.130001,862500
2021-03-22,47.119999,48.980000,46.950001,48.560001,48.560001,496100
2021-03-23,48.580002,50.250000,48.259998,49.130001,49.130001,974700
2021-03-24,49.439999,50.180000,47.090000,47.250000,47.250000,695100
2021-03-25,46.419998,46.700001,43.825001,44.389999,44.389999,1060200
2021-03-26,44.720001,45.580002,42.514999,43.889999,43.889999,743500
2021-03-29,44.009998,44.939999,42.189999,43.139999,43.139999,637800
2021-03-30,43.380001,44.520000,42.369999,43.340000,43.340000,595400
2021-03-31,43.369999,44.880001,42.860001,44.509998,44.509998,776400
2021-04-01,45.240002,46.380001,45.000000,45.650002,45.650002,521900
2021-04-05,46.349998,46.349998,45.169998,46.110001,46.110001,539500
2021-04-06,45.919998,46.320000,45.250000,45.860001,45.860001,681600
2021-04-07,45.689999,45.869999,44.349998,44.869999,44.869999,322000
2021-04-08,45.330002,45.840000,44.770000,45.759998,45.759998,507500
2021-04-09,46.000000,47.770000,45.160000,47.500000,47.500000,510300
2021-04-12,47.400002,48.360001,46.950001,47.730000,47.730000,725500
2021-04-13,47.840000,48.430000,47.020000,48.029999,48.029999,576900
2021-04-14,48.020000,50.183998,48.000000,49.849998,49.849998,608900
2021-04-15,50.790001,51.205002,49.720001,50.320000,50.320000,676500
2021-04-16,54.400002,55.000000,52.880001,52.970001,52.970001,4557000
2021-04-19,53.459999,53.470001,49.009998,49.349998,49.349998,7302000
2021-04-20,48.650002,50.362000,47.660000,48.470001,48.470001,995900
2021-04-21,48.180000,50.549999,48.180000,50.419998,50.419998,773700
2021-04-22,50.430000,52.389999,50.134998,51.049999,51.049999,652000
2021-04-23,51.419998,53.450001,50.709999,53.189999,53.189999,493100
2021-04-26,53.570000,57.290001,53.230000,55.900002,55.900002,1370300
2021-04-27,56.430000,57.990002,55.439999,57.560001,57.560001,716000
2021-04-28,57.169998,58.841999,56.830002,58.599998,58.599998,477500
2021-04-29,59.560001,59.560001,56.799999,58.480000,58.480000,680100
2021-04-30,57.549999,58.450001,56.450001,56.910000,56.910000,885000
2021-05-03,57.450001,57.509998,55.060001,55.529999,55.529999,638400
2021-05-04,54.770000,55.000000,53.279999,54.150002,54.150002,846400
2021-05-05,54.139999,54.919998,52.380001,53.410000,53.410000,742800
2021-05-06,54.299999,54.349998,50.500000,52.099998,52.099998,860500
2021-05-07,52.000000,55.759998,50.630001,51.709999,51.709999,1664500
2021-05-10,52.490002,52.750000,50.509998,50.950001,50.950001,986400
2021-05-11,49.090000,49.759998,47.310001,48.759998,48.759998,733600
2021-05-12,47.889999,48.730000,47.419998,47.860001,47.860001,1002900
2021-05-13,48.230000,49.849998,47.110001,48.090000,48.090000,902600
2021-05-14,48.490002,50.700001,48.340000,50.459999,50.459999,844400
2021-05-17,50.330002,52.834999,49.340000,52.500000,52.500000,1080500
2021-05-18,52.810001,56.400002,51.520000,55.959999,55.959999,1353700
2021-05-19,54.860001,56.200001,54.009998,55.419998,55.419998,801600
2021-05-20,56.779999,57.529999,55.470001,56.610001,56.610001,908600
2021-05-21,57.560001,58.014999,56.525002,57.419998,57.419998,941300
2021-05-24,57.770000,59.860001,57.599998,58.950001,58.950001,995400
2021-05-25,59.009998,61.334999,58.840000,59.349998,59.349998,845600
2021-05-26,59.419998,61.270000,58.849998,61.000000,61.000000,963100
2021-05-27,60.980000,61.209999,59.330002,60.990002,60.990002,1295800
2021-05-28,63.109001,65.449997,62.355000,64.040001,64.040001,1127600
2021-06-01,64.129997,64.760002,63.080002,64.339996,64.339996,1052500
2021-06-02,63.529999,65.650002,62.119999,63.110001,63.110001,856400
2021-06-03,63.299999,63.595001,61.630001,61.990002,61.990002,841400
2021-06-04,62.270000,63.360001,61.404999,63.230000,63.230000,659800
2021-06-07,63.700001,65.132004,63.650002,64.949997,64.949997,733800
2021-06-08,64.489998,65.540001,64.169998,64.919998,64.919998,721700
2021-06-09,65.070000,65.279999,62.810001,62.919998,62.919998,745300
2021-06-10,63.189999,64.570000,62.660000,64.000000,64.000000,795500
2021-06-11,64.000000,64.237999,62.959999,63.980000,63.980000,713000
2021-06-14,64.099998,64.699997,63.169998,64.470001,64.470001,852200
2021-06-15,64.480003,64.584000,62.709999,63.820000,63.820000,716600
2021-06-16,63.750000,66.610001,61.410000,63.880001,63.880001,1728100
2021-06-17,63.389999,65.209999,62.130001,62.880001,62.880001,1247600
2021-06-18,62.180000,65.419998,61.571999,64.470001,64.470001,1348500
2021-06-21,64.769997,64.989998,61.529999,63.799999,63.799999,1458200
2021-06-22,62.930000,63.020000,60.270000,61.230000,61.230000,1613500
2021-06-23,60.590000,60.590000,58.040001,59.740002,59.740002,2010200
2021-06-24,59.950001,60.580002,58.669998,59.369999,59.369999,1331300
2021-06-25,59.650002,60.320000,58.959999,59.549999,59.549999,5516700
2021-06-28,59.849998,61.959999,59.250000,61.930000,61.930000,1079700
2021-06-29,61.930000,62.500000,60.000000,61.189999,61.189999,1636700
2021-06-30,61.340000,61.490002,58.720001,59.000000,59.000000,1356300
2021-07-01,59.310001,60.965000,58.740002,60.430000,60.430000,1020100
2021-07-02,61.080002,61.271000,58.549999,59.840000,59.840000,810400
2021-07-06,60.220001,61.959999,58.910000,61.529999,61.529999,931500
2021-07-07,62.000000,62.139999,60.049999,60.919998,60.919998,714000
2021-07-08,59.340000,60.669998,57.590000,60.049999,60.049999,984100
2021-07-09,60.110001,60.369999,58.650002,58.840000,58.840000,548200
2021-07-12,58.799999,59.509998,57.674999,59.470001,59.470001,619000
2021-07-13,59.119999,59.709999,55.340000,56.970001,56.970001,1288800
2021-07-14,57.500000,57.900002,55.389999,56.040001,56.040001,873900
2021-07-15,55.509998,56.119999,54.490002,55.169998,55.169998,838600
2021-07-16,55.540001,56.070000,53.330002,53.639999,53.639999,825500
2021-07-19,52.860001,56.169998,52.060001,56.020000,56.020000,1304400
2021-07-20,56.349998,56.759998,55.270000,56.230000,56.230000,927800
2021-07-21,56.180000,57.090000,55.560001,56.820000,56.820000,606000
2021-07-22,56.939999,57.537998,55.459999,56.110001,56.110001,563800
2021-07-23,56.220001,56.888000,55.259998,56.599998,56.599998,560100
2021-07-26,56.790001,56.790001,54.310001,54.509998,54.509998,681600
2021-07-27,54.320000,54.549999,52.511002,53.360001,53.360001,859400
2021-07-28,53.360001,55.000000,52.700001,54.439999,54.439999,703400
2021-07-29,54.470001,56.480000,54.470001,55.509998,55.509998,485000
2021-07-30,55.009998,56.389999,55.000000,55.689999,55.689999,495900
2021-08-02,55.750000,56.880001,55.619999,56.070000,56.070000,569500
2021-08-03,56.430000,56.430000,54.500000,55.720001,55.720001,401600
2021-08-04,55.869999,56.419998,55.123001,55.369999,55.369999,363500
2021-08-05,55.290001,56.020000,53.419998,55.360001,55.360001,790200
2021-08-06,48.820000,49.250000,46.410000,48.259998,48.259998,2988600
2021-08-09,47.060001,48.720001,45.310001,48.220001,48.220001,1565500
2021-08-10,48.590000,48.590000,45.599998,45.889999,45.889999,955700
2021-08-11,45.849998,46.570000,44.750000,45.919998,45.919998,770000
2021-08-12,46.470001,47.330002,45.985001,46.959999,46.959999,1013900
2021-08-13,46.959999,47.055000,45.580002,46.130001,46.130001,770000
2021-08-16,46.070000,46.610001,45.250000,45.880001,45.880001,1007100
2021-08-17,45.009998,45.160000,42.660000,43.430000,43.430000,678400
2021-08-18,43.599998,44.810001,42.900002,44.509998,44.509998,804400
2021-08-19,43.848999,45.889999,43.590000,45.619999,45.619999,1248100
2021-08-20,45.450001,47.500000,45.320000,46.439999,46.439999,872200
2021-08-23,46.529999,48.419998,46.360001,48.299999,48.299999,713100
2021-08-24,48.500000,50.375000,48.389999,50.250000,50.250000,1219600
2021-08-25,50.860001,52.689999,50.060001,51.549999,51.549999,1192800
2021-08-26,51.549999,52.250000,50.680000,51.820000,51.820000,678500
2021-08-27,51.799999,55.590000,51.570000,55.220001,55.220001,852300
2021-08-30,54.990002,56.119999,54.630001,55.090000,55.090000,585200