Date,Open,High,Low,Close,Adj Close,Volume
2021-01-04,48.549999,48.590000,48.220001,48.439999,47.472603,1930200
2021-01-05,48.520000,48.520000,48.160000,48.200001,47.237396,1053300
2021-01-06,48.349998,48.560001,48.180000,48.529999,47.560806,1604500
2021-01-07,48.480000,48.680000,48.330002,48.650002,47.678410,646100
2021-01-08,48.650002,48.650002,48.380001,48.439999,47.472603,863400
2021-01-11,48.410000,48.599998,48.360001,48.520000,47.551003,635300
2021-01-12,48.430000,48.770000,48.430000,48.610001,47.639210,722100
2021-01-13,48.630001,48.779999,48.560001,48.630001,47.658810,1259000
2021-01-14,48.700001,48.700001,48.480000,48.509998,47.541203,700700
2021-01-15,48.419998,48.910000,48.320000,48.700001,47.727409,802200
2021-01-19,48.740002,48.849998,48.570000,48.599998,47.629402,903700
2021-01-20,48.630001,48.660000,48.490002,48.580002,47.609810,622000
2021-01-21,48.540001,48.669998,48.509998,48.599998,47.629402,420800
2021-01-22,48.529999,48.650002,48.520000,48.639999,47.668606,645700
2021-01-25,48.779999,48.810001,48.570000,48.700001,47.727409,1090500
2021-01-26,48.730000,48.869999,48.669998,48.750000,47.776413,636000
2021-01-27,48.610001,48.820000,48.450001,48.470001,47.502007,1571700
2021-01-28,48.520000,48.740002,48.509998,48.560001,47.590206,816400
2021-01-29,48.549999,48.730000,48.480000,48.520000,47.551003,781900
2021-02-01,48.560001,48.939999,48.549999,48.849998,47.874413,957300
2021-02-02,48.650002,48.980000,48.639999,48.700001,48.050037,759700
2021-02-03,48.700001,48.880001,48.669998,48.770000,48.119102,977000
2021-02-04,48.840000,48.910000,48.750000,48.880001,48.227634,356100
2021-02-05,48.959999,48.980000,48.860001,48.900002,48.247372,611500
2021-02-08,48.840000,48.930000,48.820000,48.930000,48.276970,1027700
2021-02-09,48.750000,48.950001,48.750000,48.810001,48.158573,768600
2021-02-10,48.880001,48.959999,48.750000,48.750000,48.099369,615700
2021-02-11,48.799999,48.869999,48.689999,48.750000,48.099369,1546000
2021-02-12,48.720001,48.790001,48.500000,48.599998,47.951370,1381100
2021-02-16,48.770000,48.770000,48.490002,48.549999,47.902035,677400
2021-02-17,48.570000,48.709999,48.529999,48.610001,47.961239,738900
2021-02-18,48.639999,48.750000,48.590000,48.689999,48.040169,602200
2021-02-19,48.689999,48.720001,48.410000,48.599998,47.951370,1757500
2021-02-22,48.599998,48.599998,48.430000,48.580002,47.931641,1548900
2021-02-23,48.599998,48.639999,48.410000,48.590000,47.941505,1110300
2021-02-24,48.590000,48.590000,48.419998,48.459999,47.813236,1272100
2021-02-25,48.439999,48.480000,48.029999,48.150002,47.507378,1804800
2021-02-26,48.209999,48.419998,47.290001,48.009998,47.369247,1636600
2021-03-01,48.259998,48.340000,47.970001,48.040001,47.398846,739200
2021-03-02,48.020000,48.110001,47.650002,47.700001,47.063381,1363200
2021-03-03,47.480000,47.610001,46.930000,47.099998,46.471390,2077800
2021-03-04,47.110001,47.820000,47.070000,47.360001,46.727921,1317500
2021-03-05,47.500000,47.520000,47.160000,47.419998,46.787121,1088600
2021-03-08,47.480000,48.360001,47.400002,47.990002,47.349514,1677100
2021-03-09,48.130001,48.410000,48.040001,48.090000,47.448181,1065100
2021-03-10,48.090000,48.459999,48.090000,48.360001,47.714577,1060400
2021-03-11,48.369999,48.490002,48.240002,48.400002,47.754044,672500
2021-03-12,48.389999,48.490002,48.209999,48.209999,47.566574,761900
2021-03-15,48.389999,48.740002,48.320000,48.680000,48.030308,854200
2021-03-16,48.650002,48.840000,48.580002,48.779999,48.128967,1081600
2021-03-17,48.799999,48.810001,48.549999,48.590000,47.941505,1106600
2021-03-18,48.599998,48.669998,48.520000,48.669998,48.020435,610200
2021-03-19,48.590000,49.070000,48.250000,48.930000,48.276970,4216000
2021-03-22,48.720001,49.139999,48.720001,48.959999,48.306564,780800
2021-03-23,48.880001,49.080002,48.790001,49.049999,48.395363,1355500
2021-03-24,49.000000,49.189999,48.950001,49.020000,48.365768,810500
2021-03-25,49.040001,49.139999,48.880001,49.099998,48.444698,1094600
2021-03-26,49.099998,49.130001,49.029999,49.099998,48.444698,933400
2021-03-29,49.000000,49.110001,48.980000,49.040001,48.385498,858900
2021-03-30,49.009998,49.139999,48.820000,49.139999,48.484165,991700
2021-03-31,49.130001,49.150002,48.950001,49.049999,48.395363,516900
2021-04-01,49.049999,49.189999,48.959999,49.189999,48.533497,733500
2021-04-05,49.180000,49.240002,49.060001,49.240002,48.582832,930200
2021-04-06,49.240002,49.310001,49.130001,49.279999,48.622295,974300
2021-04-07,49.360001,49.470001,49.279999,49.439999,48.780159,471200
2021-04-08,49.439999,49.439999,49.330002,49.389999,48.730827,258700
2021-04-09,49.389999,49.419998,49.330002,49.349998,48.691360,351800
2021-04-12,49.400002,49.410000,49.340000,49.340000,48.681496,629200
2021-04-13,49.360001,49.509998,49.220001,49.439999,48.780159,469000
2021-04-14,49.419998,49.450001,49.360001,49.450001,48.790028,467500
2021-04-15,49.470001,49.540001,49.450001,49.529999,48.868958,767000
2021-04-16,49.630001,49.799999,49.540001,49.570000,48.908428,600700
2021-04-19,49.570000,49.599998,49.450001,49.599998,48.938023,842600
2021-04-20,49.560001,49.669998,49.470001,49.669998,49.007088,1416100
2021-04-21,49.650002,49.970001,49.599998,49.970001,49.303089,901400
2021-04-22,49.939999,49.939999,49.730000,49.759998,49.095886,579700
2021-04-23,49.799999,49.799999,49.680000,49.680000,49.016956,805700
2021-04-26,49.759998,49.830002,49.599998,49.770000,49.105755,559000
2021-04-27,49.849998,49.880001,49.709999,49.790001,49.125492,787500
2021-04-28,49.849998,49.919998,49.639999,49.919998,49.253754,2180300
2021-04-29,49.650002,49.730000,49.490002,49.580002,49.241840,745200
2021-04-30,49.540001,49.630001,49.180000,49.360001,49.023338,1724600
2021-05-03,49.380001,49.599998,49.320000,49.540001,49.202110,592200
2021-05-04,49.470001,49.630001,49.400002,49.529999,49.192177,673200
2021-05-05,49.490002,49.590000,49.340000,49.450001,49.112724,609800
2021-05-06,49.450001,49.660000,49.360001,49.650002,49.311359,611100
2021-05-07,49.650002,49.650002,49.430000,49.549999,49.212040,404600
2021-05-10,49.549999,49.549999,49.430000,49.450001,49.112724,925200
2021-05-11,49.389999,49.450001,49.169998,49.380001,49.043201,962400
2021-05-12,49.349998,49.380001,48.830002,48.970001,48.635998,1631400
2021-05-13,49.099998,49.270000,49.099998,49.150002,48.814770,1545200
2021-05-14,49.299999,49.310001,49.130001,49.209999,48.874359,664200
2021-05-17,49.200001,49.259998,48.970001,49.049999,48.715450,778900
2021-05-18,49.060001,49.150002,48.810001,48.840000,48.506886,558900
2021-05-19,48.700001,49.020000,48.610001,48.959999,48.626064,418200
2021-05-20,48.849998,49.119999,48.849998,49.009998,48.675724,468900
2021-05-21,48.980000,49.150002,48.919998,49.119999,48.784973,416700
2021-05-24,49.099998,49.119999,48.950001,49.020000,48.685658,433900
2021-05-25,49.070000,49.099998,49.000000,49.000000,48.665794,710400
2021-05-26,49.000000,49.110001,48.990002,49.049999,48.715450,889700
2021-05-27,49.080002,49.099998,48.880001,48.959999,48.626064,837900
2021-05-28,49.070000,49.119999,48.889999,49.119999,48.784973,949900
2021-06-01,49.099998,49.139999,48.980000,49.070000,48.735313,688200
2021-06-02,49.029999,49.049999,48.830002,48.860001,48.526749,1458200
2021-06-03,48.849998,48.950001,48.849998,48.900002,48.566475,911900
2021-06-04,48.950001,48.990002,48.919998,48.970001,48.635998,1530000
2021-06-07,49.000000,49.049999,48.959999,48.970001,48.635998,870100
2021-06-08,48.980000,48.980000,48.939999,48.959999,48.626064,798300
2021-06-09,48.980000,49.040001,48.919998,48.959999,48.626064,522200
2021-06-10,48.980000,49.150002,48.959999,49.150002,48.814770,451400
2021-06-11,49.080002,49.259998,49.060001,49.180000,48.844566,495300
2021-06-14,49.169998,49.240002,48.970001,49.000000,48.665794,767400
2021-06-15,49.070000,49.119999,48.959999,49.020000,48.685658,421100
2021-06-16,49.020000,49.130001,48.959999,49.009998,48.675724,732000
2021-06-17,49.009998,49.080002,48.900002,48.900002,48.566475,380900
2021-06-18,48.900002,48.959999,48.759998,48.799999,48.467155,1139600
2021-06-21,48.799999,48.950001,48.799999,48.910000,48.576405,498400
2021-06-22,48.900002,48.980000,48.779999,48.779999,48.447292,767500
2021-06-23,48.799999,48.860001,48.360001,48.410000,48.079815,906400
2021-06-24,48.419998,48.500000,48.360001,48.500000,48.169205,478700
2021-06-25,48.470001,48.580002,48.400002,48.419998,48.089748,1086300
2021-06-28,48.500000,48.689999,48.419998,48.689999,48.357906,401400
2021-06-29,48.619999,48.810001,48.619999,48.759998,48.427429,764600
2021-06-30,48.790001,48.860001,48.750000,48.770000,48.437363,666200
2021-07-01,48.770000,48.880001,48.770000,48.810001,48.477089,504400
2021-07-02,48.810001,48.869999,48.810001,48.849998,48.516815,343300
2021-07-06,48.810001,48.950001,48.689999,48.950001,48.616135,627700
2021-07-07,48.810001,48.939999,48.750000,48.880001,48.546612,291300
2021-07-08,48.720001,48.889999,48.680000,48.779999,48.447292,486200
2021-07-09,48.730000,48.790001,48.669998,48.700001,48.367840,466200
2021-07-12,48.660000,48.759998,48.639999,48.700001,48.367840,341400
2021-07-13,48.610001,48.759998,48.549999,48.560001,48.228794,384300
2021-07-14,48.700001,48.700001,48.480000,48.540001,48.208931,355700
2021-07-15,48.540001,48.660000,48.389999,48.630001,48.298317,456300
2021-07-16,48.540001,48.799999,48.470001,48.700001,48.367840,420000
2021-07-19,48.580002,48.799999,48.500000,48.730000,48.397633,468000
2021-07-20,48.650002,48.799999,48.570000,48.720001,48.387703,652600
2021-07-21,48.689999,48.830002,48.610001,48.619999,48.288383,284900
2021-07-22,48.650002,48.720001,48.549999,48.560001,48.228794,194200
2021-07-23,48.660000,48.799999,48.630001,48.669998,48.338043,296000
2021-07-26,48.770000,48.810001,48.540001,48.599998,48.268520,216100
2021-07-27,48.570000,48.610001,48.299999,48.369999,48.040089,536200
2021-07-28,48.419998,48.540001,48.180000,48.369999,48.040089,311200
2021-07-29,48.360001,48.520000,48.209999,48.320000,47.990429,296700
2021-07-30,48.320000,48.500000,48.290001,48.330002,48.000362,552200
2021-08-02,48.369999,48.549999,48.299999,48.330002,48.000362,936100
2021-08-03,48.389999,48.599998,48.180000,48.290001,47.960636,500200
2021-08-04,48.169998,48.330002,47.820000,48.090000,47.762001,1200400
2021-08-05,47.810001,47.980000,47.810001,47.939999,47.939999,536000
2021-08-06,47.950001,47.950001,47.709999,47.709999,47.709999,543600
2021-08-09,47.740002,47.830002,47.630001,47.720001,47.720001,575800
2021-08-10,47.700001,47.860001,47.500000,47.549999,47.549999,402900
2021-08-11,47.540001,47.810001,47.540001,47.790001,47.790001,405800
2021-08-12,47.750000,47.970001,47.669998,47.900002,47.900002,605500
2021-08-13,48.000000,48.320000,47.919998,48.270000,48.270000,589100
2021-08-16,48.400002,48.459999,48.110001,48.400002,48.400002,430900
2021-08-17,48.299999,48.650002,48.220001,48.619999,48.619999,522600
2021-08-18,48.660000,48.720001,48.410000,48.570000,48.570000,353400
2021-08-19,48.540001,48.610001,48.279999,48.580002,48.580002,393800
2021-08-20,48.509998,48.990002,48.369999,48.980000,48.980000,488400
2021-08-23,48.919998,48.919998,48.680000,48.759998,48.759998,498900
2021-08-24,49.299999,49.709999,49.299999,49.560001,49.560001,1781900
2021-08-25,49.660000,49.660000,49.509998,49.590000,49.590000,1139500
2021-08-26,49.650002,49.669998,49.540001,49.650002,49.650002,1017800
2021-08-27,49.660000,49.700001,49.570000,49.660000,49.660000,1132700
2021-08-30,49.669998,49.680000,49.360001,49.599998,49.599998,817900