Date,Open,High,Low,Close,Adj Close,Volume
2021-01-04,42.740002,42.799999,41.009998,41.270000,40.542328,631900
2021-01-05,41.369999,41.720001,40.830002,41.270000,40.542328,507700
2021-01-06,41.680000,43.049999,41.500000,42.290001,41.544346,1040500
2021-01-07,42.290001,42.290001,41.549999,41.779999,41.043335,549900
2021-01-08,41.779999,41.880001,41.150002,41.799999,41.062984,666000
2021-01-11,41.799999,42.110001,41.099998,41.900002,41.161221,815700
2021-01-12,42.150002,42.230000,41.529999,42.130001,41.387165,765000
2021-01-13,42.029999,42.250000,41.740002,41.919998,41.180866,730800
2021-01-14,42.029999,42.560001,41.619999,42.450001,41.701523,673900
2021-01-15,42.029999,43.680000,42.000000,43.320000,42.556179,646100
2021-01-19,43.529999,43.529999,42.090000,42.459999,41.711346,863900
2021-01-20,42.459999,42.669998,41.400002,41.970001,41.229984,654500
2021-01-21,41.970001,42.060001,41.200001,41.860001,41.121925,628200
2021-01-22,41.860001,41.860001,41.180000,41.790001,41.053158,454300
2021-01-25,41.790001,42.470001,41.169998,42.270000,41.524696,668600
2021-01-26,42.480000,42.590000,41.509998,42.200001,41.455933,510500
2021-01-27,41.840000,42.200001,41.139999,41.549999,40.817390,670100
2021-01-28,41.750000,42.630001,41.400002,42.189999,41.446106,568800
2021-01-29,41.910000,42.700001,41.459999,42.290001,41.544346,866000
2021-02-01,42.290001,43.320000,41.770000,43.209999,42.448124,706600
2021-02-02,43.480000,44.189999,43.200001,43.570000,42.801777,817800
2021-02-03,43.160000,43.369999,42.290001,42.470001,41.721172,653800
2021-02-04,42.330002,42.630001,41.950001,42.590000,41.839054,753100
2021-02-05,42.849998,43.200001,42.630001,43.049999,42.290939,525800
2021-02-08,43.049999,43.250000,42.380001,42.669998,41.917641,468100
2021-02-09,42.820000,42.950001,42.180000,42.799999,42.045349,362900
2021-02-10,43.000000,43.270000,42.669998,42.849998,42.094467,467800
2021-02-11,42.849998,42.930000,42.220001,42.450001,41.701523,599600
2021-02-12,42.450001,42.520000,41.959999,42.099998,41.357693,501800
2021-02-16,42.169998,42.230000,41.599998,41.639999,40.905804,665400
2021-02-17,41.639999,42.009998,41.380001,41.869999,41.131748,565600
2021-02-18,41.990002,42.369999,41.860001,41.860001,41.121925,575900
2021-02-19,41.930000,42.389999,41.630001,41.880001,41.141571,764400
2021-02-22,41.880001,42.130001,41.290001,42.119999,41.377338,828400
2021-02-23,42.340000,43.740002,42.250000,42.990002,42.232002,1076900
2021-02-24,42.990002,43.330002,42.560001,43.200001,42.438297,1285300
2021-02-25,43.200001,43.910000,42.830002,42.830002,42.074825,939400
2021-02-26,43.060001,43.389999,42.160000,42.160000,41.416637,763000
2021-03-01,42.500000,42.599998,41.709999,41.820000,41.082630,1381800
2021-03-02,41.820000,42.000000,41.009998,41.430000,40.699505,775100
2021-03-03,41.430000,42.090000,41.020000,42.049999,41.308575,726100
2021-03-04,42.080002,43.439999,41.889999,42.549999,41.799759,740300
2021-03-05,42.880001,43.599998,42.580002,43.330002,42.566010,1046900
2021-03-08,43.369999,45.029999,43.240002,44.790001,44.000267,852400
2021-03-09,44.950001,44.950001,44.180000,44.450001,43.666260,622100
2021-03-10,44.290001,46.450001,44.070000,46.200001,45.385406,926900
2021-03-11,46.130001,46.880001,45.779999,45.880001,45.071045,863500
2021-03-12,46.130001,47.560001,46.130001,47.480000,46.642834,641500
2021-03-15,47.369999,48.419998,47.270000,48.419998,47.566257,993500
2021-03-16,48.540001,48.650002,47.549999,47.799999,46.957191,790700
2021-03-17,47.840000,47.860001,46.639999,46.900002,46.073063,723600
2021-03-18,47.090000,47.459999,46.509998,47.189999,46.357948,862400
2021-03-19,47.220001,47.759998,46.689999,47.599998,46.760715,2285200
2021-03-22,47.459999,47.520000,46.799999,46.810001,45.984650,455700
2021-03-23,46.799999,47.930000,46.590000,47.419998,46.583889,745900
2021-03-24,46.750000,47.380001,46.389999,46.799999,46.373821,602700
2021-03-25,46.919998,47.520000,46.400002,47.419998,46.988174,622200
2021-03-26,47.290001,47.490002,46.619999,47.459999,47.027813,711100
2021-03-29,47.410000,48.090000,47.259998,47.799999,47.364716,594600
2021-03-30,47.750000,47.889999,46.939999,47.240002,46.809818,400600
2021-03-31,47.180000,47.570000,46.880001,47.470001,47.037724,641600
2021-04-01,47.540001,47.540001,46.599998,47.240002,46.809818,411200
2021-04-05,47.360001,48.250000,47.349998,48.220001,47.780895,509200
2021-04-06,48.130001,48.580002,47.869999,48.419998,47.979069,430300
2021-04-07,48.419998,48.599998,48.099998,48.520000,48.078159,362000
2021-04-08,48.650002,48.750000,48.020000,48.630001,48.187160,365000
2021-04-09,48.950001,49.000000,48.650002,48.820000,48.375427,480800
2021-04-12,48.820000,49.250000,48.799999,49.020000,48.573608,281500
2021-04-13,48.560001,49.630001,48.400002,49.400002,48.950150,660500
2021-04-14,49.410000,49.500000,49.009998,49.470001,49.019512,400800
2021-04-15,49.650002,50.150002,49.490002,50.139999,49.683407,305400
2021-04-16,50.310001,50.730000,50.169998,50.520000,50.059948,313800
2021-04-19,50.709999,50.770000,50.060001,50.689999,50.228397,460600
2021-04-20,50.740002,51.500000,50.599998,51.459999,50.991386,479900
2021-04-21,51.509998,51.599998,50.580002,51.180000,50.713940,582800
2021-04-22,51.200001,51.340000,50.650002,50.669998,50.208580,383600
2021-04-23,50.709999,50.869999,50.220001,50.660000,50.198673,419600
2021-04-26,50.970001,50.970001,50.000000,50.020000,49.564503,365200
2021-04-27,50.200001,50.200001,49.180000,49.330002,48.880787,453400
2021-04-28,49.340000,49.790001,49.040001,49.610001,49.158234,465100
2021-04-29,49.759998,50.340000,49.650002,50.259998,49.802315,513000
2021-04-30,49.830002,50.980000,49.830002,50.860001,50.396851,544800
2021-05-03,50.880001,50.950001,50.330002,50.480000,50.020313,450800
2021-05-04,50.400002,50.709999,50.250000,50.410000,49.950951,446600
2021-05-05,50.349998,50.349998,49.330002,49.720001,49.267235,552700
2021-05-06,49.869999,50.310001,49.570000,50.310001,49.851860,531000
2021-05-07,50.169998,50.500000,49.919998,50.230000,49.772587,581000
2021-05-10,50.490002,50.919998,50.360001,50.380001,49.921223,515800
2021-05-11,50.330002,50.380001,49.369999,49.630001,49.178055,445400
2021-05-12,49.610001,49.910000,48.560001,48.720001,48.276340,580200
2021-05-13,48.790001,50.110001,48.750000,49.720001,49.267235,810800
2021-05-14,49.779999,50.259998,49.560001,49.730000,49.277142,591100
2021-05-17,49.540001,49.709999,49.090000,49.410000,48.960056,640000
2021-05-18,49.360001,49.669998,49.160000,49.330002,48.880787,622600
2021-05-19,48.950001,49.130001,48.470001,48.790001,48.345703,494600
2021-05-20,48.730000,49.340000,48.599998,48.889999,48.444790,646100
2021-05-21,49.220001,49.549999,48.779999,49.200001,48.751968,382100
2021-05-24,49.180000,49.389999,48.950001,49.189999,48.742058,305600
2021-05-25,48.810001,48.860001,48.029999,48.080002,47.642170,551500
2021-05-26,48.110001,48.529999,47.810001,48.150002,47.711533,471100
2021-05-27,48.529999,48.529999,47.650002,47.709999,47.275536,532500
2021-05-28,47.939999,48.150002,47.650002,47.939999,47.503441,334600
2021-06-01,48.150002,48.230000,47.630001,47.810001,47.374626,568900
2021-06-02,47.910000,48.320000,47.619999,48.110001,47.671894,499200
2021-06-03,48.169998,49.080002,48.000000,48.919998,48.474518,587200
2021-06-04,49.040001,49.139999,48.860001,48.950001,48.504246,413700
2021-06-07,49.000000,49.189999,48.840000,48.869999,48.424973,450900
2021-06-08,48.869999,49.169998,48.410000,49.070000,48.623150,436500
2021-06-09,49.099998,49.669998,48.980000,49.610001,49.158234,360500
2021-06-10,49.680000,50.020000,49.509998,49.880001,49.425777,404700
2021-06-11,50.000000,50.000000,49.570000,49.849998,49.396046,424700
2021-06-14,49.959999,50.279999,49.720001,50.009998,49.554592,525500
2021-06-15,50.290001,50.480000,50.049999,50.209999,49.752769,355700
2021-06-16,50.389999,50.430000,49.470001,49.480000,49.029419,405200
2021-06-17,49.480000,49.549999,48.820000,49.169998,48.722240,702800
2021-06-18,49.049999,49.119999,47.320000,47.340000,46.908905,803200
2021-06-21,47.709999,48.349998,47.459999,48.169998,47.731346,527500
2021-06-22,48.180000,48.419998,47.830002,47.939999,47.503441,549100
2021-06-23,47.810001,47.810001,47.080002,47.220001,46.790001,591700
2021-06-24,46.849998,46.849998,46.189999,46.759998,46.759998,542100
2021-06-25,46.680000,47.990002,46.520000,47.919998,47.919998,1422400
2021-06-28,47.919998,48.119999,47.380001,47.560001,47.560001,537000
2021-06-29,47.450001,47.570000,46.340000,46.439999,46.439999,331900
2021-06-30,46.360001,46.720001,45.919998,46.080002,46.080002,972500
2021-07-01,46.349998,47.099998,46.020000,46.549999,46.549999,695800
2021-07-02,46.700001,46.700001,46.110001,46.279999,46.279999,371500
2021-07-06,46.049999,46.310001,45.400002,46.209999,46.209999,480500
2021-07-07,46.020000,46.540001,45.750000,46.459999,46.459999,517900
2021-07-08,46.110001,46.270000,45.580002,45.700001,45.700001,430900
2021-07-09,45.919998,46.439999,45.770000,46.419998,46.419998,340100
2021-07-12,46.160000,46.709999,46.000000,46.299999,46.299999,598500
2021-07-13,46.209999,46.369999,45.860001,46.130001,46.130001,380400
2021-07-14,46.150002,46.910000,45.930000,46.639999,46.639999,438600
2021-07-15,46.410000,47.480000,46.410000,47.470001,47.470001,398700
2021-07-16,47.709999,48.290001,47.419998,47.860001,47.860001,537700
2021-07-19,47.590000,47.830002,46.790001,47.349998,47.349998,786500
2021-07-20,47.400002,48.520000,47.270000,47.840000,47.840000,888600
2021-07-21,48.090000,48.480000,47.490002,47.520000,47.520000,667600
2021-07-22,47.360001,47.779999,46.980000,47.209999,47.209999,602100
2021-07-23,47.509998,48.480000,47.160000,48.470001,48.470001,638900
2021-07-26,48.410000,48.700001,48.049999,48.340000,48.340000,406200
2021-07-27,48.180000,48.939999,47.810001,48.880001,48.880001,456600
2021-07-28,48.939999,49.279999,48.419998,49.209999,49.209999,445100
2021-07-29,49.259998,49.580002,48.889999,49.150002,49.150002,451100
2021-07-30,48.900002,49.970001,48.720001,48.900002,48.900002,935900
2021-08-02,49.330002,50.230000,48.919998,49.900002,49.900002,638700
2021-08-03,50.000000,50.470001,49.770000,50.220001,50.220001,623600
2021-08-04,49.750000,49.950001,48.919998,49.529999,49.529999,582500
2021-08-05,49.459999,49.959999,49.330002,49.779999,49.779999,541000
2021-08-06,50.220001,50.740002,49.959999,50.349998,50.349998,579200
2021-08-09,50.200001,50.389999,49.730000,50.080002,50.080002,309800
2021-08-10,49.910000,49.930000,49.410000,49.490002,49.490002,692300
2021-08-11,49.480000,50.439999,49.400002,50.330002,50.330002,466200
2021-08-12,50.450001,50.529999,50.020000,50.220001,50.220001,226900
2021-08-13,50.299999,50.669998,50.070000,50.650002,50.650002,234900
2021-08-16,50.799999,51.259998,50.520000,50.939999,50.939999,465500
2021-08-17,50.689999,51.360001,50.500000,51.360001,51.360001,542200
2021-08-18,51.299999,51.310001,50.439999,50.959999,50.959999,560600
2021-08-19,50.810001,51.810001,50.810001,51.209999,51.209999,537500
2021-08-20,51.130001,51.820000,51.000000,51.650002,51.650002,460600
2021-08-23,51.599998,51.639999,50.849998,51.419998,51.419998,492500
2021-08-24,51.610001,51.610001,50.799999,50.990002,50.990002,364700
2021-08-25,50.980000,50.980000,50.500000,50.520000,50.520000,448200
2021-08-26,50.470001,50.470001,50.029999,50.320000,50.320000,287800
2021-08-27,50.450001,50.900002,50.400002,50.720001,50.720001,345600
2021-08-30,50.570000,51.049999,50.349998,50.889999,50.889999,426000