Date,Open,High,Low,Close,Adj Close,Volume
2021-01-04,82.519997,84.599998,80.330002,82.279999,81.936340,551400
2021-01-05,81.739998,84.019997,81.739998,82.879997,82.533829,381600
2021-01-06,83.070000,87.010002,82.300003,85.309998,84.953674,483500
2021-01-07,86.400002,91.599998,86.349998,91.330002,90.948540,476300
2021-01-08,92.919998,93.849998,90.529999,92.709999,92.322769,459400
2021-01-11,91.570000,93.919998,91.570000,93.800003,93.408218,275200
2021-01-12,94.529999,97.089996,94.089996,96.760002,96.355858,347100
2021-01-13,97.129997,97.300003,94.279999,94.830002,94.433914,514000
2021-01-14,95.959999,99.050003,95.529999,96.239998,95.838020,288600
2021-01-15,95.830002,95.830002,91.800003,92.019997,91.635643,406300
2021-01-19,93.839996,94.919998,89.709999,93.110001,92.721100,754600
2021-01-20,93.989998,94.800003,91.000000,92.239998,91.854736,381500
2021-01-21,93.800003,93.800003,92.330002,93.059998,92.671303,276400
2021-01-22,91.660004,94.669998,91.570000,94.370003,93.975845,265500
2021-01-25,94.669998,95.730003,90.480003,92.940002,92.551811,199400
2021-01-26,92.699997,94.489998,90.300003,90.500000,90.122002,372900
2021-01-27,88.080002,89.120003,83.180000,84.080002,83.728813,544700
2021-01-28,85.839996,85.980003,83.370003,84.180000,83.828400,417300
2021-01-29,84.150002,85.730003,80.510002,80.550003,80.213562,613100
2021-02-01,82.550003,85.010002,81.309998,84.570000,84.216766,449000
2021-02-02,86.599998,89.440002,84.699997,88.900002,88.528687,933900
2021-02-03,86.230003,88.940002,80.269997,82.809998,82.464111,1025000
2021-02-04,82.169998,86.349998,82.010002,86.339996,85.979378,543300
2021-02-05,87.720001,88.000000,82.889999,86.190002,85.830009,420400
2021-02-08,83.739998,87.730003,83.739998,87.570000,87.204239,374300
2021-02-09,87.160004,89.639999,86.620003,89.400002,89.026588,388800
2021-02-10,90.639999,91.000000,88.129997,88.680000,88.309593,284700
2021-02-11,89.809998,92.680000,89.330002,92.099998,91.715317,502800
2021-02-12,92.099998,93.660004,91.510002,92.550003,92.163445,293900
2021-02-16,92.940002,94.389999,91.019997,91.239998,90.858910,432700
2021-02-17,89.629997,92.809998,88.559998,92.449997,92.063850,406800
2021-02-18,91.720001,91.980003,89.050003,91.389999,91.008286,341200
2021-02-19,92.550003,95.959999,92.550003,95.190002,94.792412,566200
2021-02-22,93.580002,95.339996,91.709999,92.760002,92.372559,397000
2021-02-23,91.459999,92.480003,88.440002,91.760002,91.376740,558000
2021-02-24,90.980003,94.000000,89.750000,92.790001,92.402443,478600
2021-02-25,91.839996,92.379997,85.260002,85.430000,85.192528,386700
2021-02-26,85.480003,89.360001,84.540001,88.370003,88.124367,382500
2021-03-01,90.349998,91.370003,88.669998,91.349998,91.096069,334500
2021-03-02,91.529999,91.529999,87.300003,87.349998,87.107193,470700
2021-03-03,88.480003,88.480003,85.910004,86.620003,86.379234,329900
2021-03-04,86.529999,87.290001,81.800003,82.949997,82.719421,442900
2021-03-05,85.250000,85.449997,80.440002,83.120003,82.888954,848500
2021-03-08,82.550003,82.889999,77.410004,77.820000,77.603683,405000
2021-03-09,80.320000,82.910004,80.000000,81.699997,81.472900,522200
2021-03-10,83.190002,83.709999,80.589996,80.820000,80.595345,387200
2021-03-11,83.589996,84.529999,83.019997,84.339996,84.105560,327700
2021-03-12,82.690002,83.500000,81.220001,82.529999,82.300591,489700
2021-03-15,82.330002,83.339996,81.370003,83.309998,83.078423,273100
2021-03-16,84.430000,85.000000,83.080002,83.519997,83.287842,338500
2021-03-17,82.879997,85.000000,81.370003,84.720001,84.484505,260800
2021-03-18,83.379997,83.699997,80.029999,80.300003,80.076790,287700
2021-03-19,80.050003,82.599998,79.500000,82.309998,82.081207,1005600
2021-03-22,83.860001,84.129997,81.440002,82.730003,82.500046,236700
2021-03-23,82.400002,82.480003,79.440002,79.989998,79.767647,340500
2021-03-24,81.389999,82.669998,78.760002,78.849998,78.630821,500500
2021-03-25,77.860001,79.570000,75.800003,78.730003,78.511162,285900
2021-03-26,78.849998,83.180000,78.570000,83.120003,82.888954,303900
2021-03-29,82.290001,83.180000,78.830002,79.169998,78.949928,249000
2021-03-30,78.680000,79.639999,77.260002,79.129997,78.910042,205600
2021-03-31,80.290001,82.250000,79.410004,81.480003,81.253517,324400
2021-04-01,82.930000,85.519997,82.540001,85.400002,85.162613,237200
2021-04-05,86.680000,86.680000,83.739998,84.800003,84.564285,366300
2021-04-06,84.449997,85.500000,83.199997,84.339996,84.105560,235200
2021-04-07,84.559998,84.940002,81.050003,81.360001,81.133850,388500
2021-04-08,82.510002,83.110001,81.029999,81.720001,81.492844,323400
2021-04-09,80.919998,81.510002,79.669998,81.059998,80.834679,303900
2021-04-12,80.309998,81.320000,79.559998,80.809998,80.585373,204400
2021-04-13,81.570000,82.000000,79.699997,80.870003,80.645210,235500
2021-04-14,80.389999,82.209999,80.349998,80.870003,80.645210,204300
2021-04-15,82.150002,83.000000,81.269997,82.550003,82.320541,165100
2021-04-16,82.959999,83.089996,81.970001,82.709999,82.480095,323300
2021-04-19,81.790001,82.239998,79.779999,80.400002,80.176521,336400
2021-04-20,79.669998,80.160004,77.120003,78.290001,78.072380,331600
2021-04-21,78.050003,82.089996,76.410004,82.019997,81.792007,380900
2021-04-22,82.370003,83.370003,81.150002,81.910004,81.682327,254000
2021-04-23,83.070000,85.769997,83.070000,85.410004,85.172592,291800
2021-04-26,85.989998,88.070000,84.150002,84.510002,84.275093,681900
2021-04-27,85.250000,85.250000,82.720001,83.389999,83.158203,273700
2021-04-28,82.720001,83.870003,81.599998,83.769997,83.537140,243800
2021-04-29,82.809998,85.059998,81.919998,84.099998,83.866226,359200
2021-04-30,81.489998,86.940002,81.250000,82.809998,82.579811,607000
2021-05-03,84.110001,84.370003,80.480003,80.540001,80.316124,421900
2021-05-04,79.669998,81.000000,77.300003,78.209999,77.992599,503300
2021-05-05,79.279999,80.930000,78.010002,80.610001,80.385933,343000
2021-05-06,80.080002,81.699997,79.050003,80.839996,80.615288,631400
2021-05-07,81.989998,82.599998,80.839996,82.480003,82.250732,212800
2021-05-10,81.669998,81.739998,77.919998,78.050003,77.833046,424600
2021-05-11,74.889999,77.620003,74.510002,77.080002,76.865738,284000
2021-05-12,75.910004,76.900002,73.360001,73.650002,73.445274,321600
2021-05-13,74.739998,76.150002,73.370003,74.680000,74.472412,484500
2021-05-14,75.870003,77.790001,75.059998,77.029999,76.815880,240200
2021-05-17,75.930000,76.629997,74.410004,76.139999,75.928352,488500
2021-05-18,76.860001,77.720001,74.750000,74.769997,74.562157,328300
2021-05-19,73.040001,77.309998,73.040001,76.940002,76.726128,288800
2021-05-20,77.489998,79.300003,76.349998,79.089996,78.870155,281600
2021-05-21,79.809998,79.809998,78.059998,78.230003,78.012550,356100
2021-05-24,79.559998,80.470001,78.940002,79.989998,79.767647,224900
2021-05-25,80.580002,81.650002,80.320000,80.610001,80.385933,260100
2021-05-26,81.010002,82.559998,80.830002,82.129997,81.901703,268900
2021-05-27,81.639999,82.959999,81.010002,81.750000,81.652008,433100
2021-05-28,81.720001,82.769997,81.309998,82.190002,82.091484,191700
2021-06-01,82.419998,82.750000,79.279999,80.239998,80.143814,534000
2021-06-02,80.300003,81.279999,80.099998,80.910004,80.813019,202400
2021-06-03,79.900002,80.110001,78.879997,79.320000,79.224915,167100
2021-06-04,80.000000,81.570000,80.000000,81.199997,81.102661,131900
2021-06-07,80.599998,81.070000,80.199997,80.330002,80.233711,180600
2021-06-08,81.070000,81.120003,78.910004,80.480003,80.383530,167800
2021-06-09,80.980003,81.129997,79.300003,79.489998,79.394714,189100
2021-06-10,79.720001,80.269997,79.019997,80.089996,79.993988,203000
2021-06-11,80.180000,80.790001,79.559998,80.720001,80.623245,199000
2021-06-14,80.989998,84.120003,80.720001,84.040001,83.939262,352600
2021-06-15,83.830002,84.900002,82.120003,82.620003,82.520966,211100
2021-06-16,83.010002,83.809998,81.769997,82.199997,82.101463,190200
2021-06-17,81.720001,83.769997,81.709999,82.529999,82.431068,134900
2021-06-18,81.300003,81.930000,78.610001,78.820000,78.725517,462400
2021-06-21,79.610001,79.970001,78.010002,79.000000,78.905304,236800
2021-06-22,78.919998,78.919998,77.330002,78.529999,78.435867,290600
2021-06-23,78.449997,79.769997,78.339996,79.180000,79.085083,314100
2021-06-24,80.040001,81.849998,80.040001,81.260002,81.162598,133000
2021-06-25,81.410004,82.120003,80.519997,80.669998,80.573296,454500
2021-06-28,80.940002,82.089996,80.790001,81.650002,81.552124,196900
2021-06-29,81.279999,83.139999,80.860001,83.029999,82.930473,189400
2021-06-30,82.489998,82.839996,81.370003,82.059998,81.961632,223500
2021-07-01,82.070000,83.150002,81.900002,82.540001,82.441063,260300
2021-07-02,81.809998,83.900002,81.809998,83.529999,83.429871,400800
2021-07-06,83.690002,83.690002,80.580002,83.279999,83.180168,382500
2021-07-07,83.980003,84.550003,81.980003,82.589996,82.490997,346500
2021-07-08,80.629997,82.080002,78.730003,81.099998,81.002785,265300
2021-07-09,81.680000,83.510002,81.349998,82.430000,82.331192,172700
2021-07-12,82.830002,82.830002,81.370003,82.489998,82.391113,208300
2021-07-13,82.000000,82.419998,80.940002,81.930000,81.831787,126300
2021-07-14,83.139999,83.720001,81.949997,81.980003,81.881737,247400
2021-07-15,80.940002,81.360001,79.059998,79.949997,79.854156,295600
2021-07-16,80.620003,81.089996,78.209999,78.269997,78.176170,268800
2021-07-19,76.830002,79.070000,76.309998,78.230003,78.136230,279900
2021-07-20,77.790001,80.930000,77.790001,79.980003,79.884132,295100
2021-07-21,80.199997,84.720001,80.080002,84.500000,84.398712,377900
2021-07-22,83.709999,83.730003,81.639999,82.300003,82.201347,222900
2021-07-23,82.760002,84.660004,82.260002,84.440002,84.338783,224600
2021-07-26,84.220001,84.660004,83.860001,84.430000,84.328796,217300
2021-07-27,84.000000,84.059998,79.129997,81.129997,81.032745,229000
2021-07-28,81.709999,83.000000,81.410004,82.470001,82.371147,416000
2021-07-29,83.070000,85.389999,82.309998,85.010002,84.908096,506700
2021-07-30,90.000000,97.430000,88.500000,96.989998,96.873734,1273700
2021-08-02,98.250000,99.980003,96.019997,96.419998,96.304420,559600
2021-08-03,96.760002,98.190002,95.529999,97.230003,97.113449,460700
2021-08-04,97.379997,99.900002,97.379997,99.169998,99.051125,262100
2021-08-05,99.750000,99.930000,97.730003,99.339996,99.220917,267200
2021-08-06,99.050003,99.970001,98.879997,99.620003,99.500587,174200
2021-08-09,99.839996,99.949997,98.519997,98.870003,98.751488,164700
2021-08-10,99.220001,99.360001,97.650002,99.099998,98.981209,152800
2021-08-11,96.449997,99.410004,96.449997,98.800003,98.681572,177200
2021-08-12,98.570000,98.769997,96.720001,97.820000,97.702744,190000
2021-08-13,98.010002,98.500000,97.360001,98.500000,98.381927,142800
2021-08-16,98.510002,99.300003,97.449997,98.620003,98.501785,210600
2021-08-17,98.029999,98.029999,95.279999,96.800003,96.683968,238200
2021-08-18,96.000000,99.320000,96.000000,98.089996,97.972412,278400
2021-08-19,98.089996,99.410004,96.900002,98.739998,98.621635,580700
2021-08-20,98.750000,102.320000,98.540001,100.000000,99.880127,358800
2021-08-23,101.430000,103.580002,101.349998,101.769997,101.648003,334300
2021-08-24,102.089996,104.040001,101.889999,103.720001,103.595673,591300
2021-08-25,104.489998,105.970001,103.910004,104.510002,104.384727,342200
2021-08-26,104.839996,107.599998,104.209999,105.309998,105.183762,306700
2021-08-27,105.290001,108.459999,105.290001,108.449997,108.320000,405000
2021-08-30,109.550003,110.610001,108.040001,109.760002,109.760002,301800