Date,Open,High,Low,Close,Adj Close,Volume
2021-01-04,31.709999,31.860001,30.540001,31.110001,30.367495,565800
2021-01-05,31.010000,31.780001,30.940001,31.459999,30.709139,516400
2021-01-06,32.250000,34.900002,31.620001,33.919998,33.110424,907500
2021-01-07,34.139999,34.930000,33.930000,34.230000,33.413025,580100
2021-01-08,34.200001,34.230000,33.040001,33.680000,32.876156,384400
2021-01-11,33.029999,34.070000,32.970001,33.950001,33.139713,335300
2021-01-12,35.230000,35.490002,34.279999,34.340000,33.520405,525900
2021-01-13,34.099998,34.779999,33.720001,34.060001,33.247089,354200
2021-01-14,34.459999,35.419998,34.250000,34.889999,34.057274,609800
2021-01-15,34.220001,34.959999,34.000000,34.549999,33.725391,446400
2021-01-19,34.750000,35.430000,34.110001,35.259998,34.418442,489100
2021-01-20,35.240002,37.869999,34.709999,36.470001,35.599567,1234200
2021-01-21,36.349998,36.389999,34.919998,35.209999,34.369637,769900
2021-01-22,34.880001,36.360001,34.389999,36.189999,35.326248,582400
2021-01-25,35.630001,36.049999,34.990002,35.360001,34.516060,351100
2021-01-26,35.250000,36.650002,35.250000,35.549999,34.701523,423600
2021-01-27,35.250000,35.400002,33.759998,34.590000,33.764435,753100
2021-01-28,34.779999,35.330002,34.230000,34.560001,33.735149,593600
2021-01-29,34.509998,34.549999,32.770000,33.250000,32.456417,952500
2021-02-01,33.310001,34.830002,32.700001,34.619999,33.793716,536100
2021-02-02,34.860001,35.470001,34.340000,35.220001,34.379398,693300
2021-02-03,34.889999,35.880001,34.790001,35.779999,34.926033,365600
2021-02-04,35.419998,36.540001,35.330002,36.040001,35.477291,412200
2021-02-05,36.400002,36.549999,35.580002,35.930000,35.369007,353300
2021-02-08,36.200001,36.650002,35.939999,36.619999,36.048237,276100
2021-02-09,36.320000,37.369999,35.980000,37.310001,36.727463,256800
2021-02-10,37.639999,38.480000,36.590000,37.849998,37.259029,546200
2021-02-11,37.959999,38.029999,36.740002,37.759998,37.170433,502900
2021-02-12,37.480000,38.360001,37.259998,38.150002,37.554348,372200
2021-02-16,38.570000,38.639999,37.959999,38.419998,37.820129,365500
2021-02-17,38.119999,38.720001,38.110001,38.180000,37.583878,319400
2021-02-18,37.990002,38.340000,37.310001,37.730000,37.140903,290400
2021-02-19,38.060001,38.740002,37.750000,38.650002,38.046539,595800
2021-02-22,38.880001,40.000000,38.430000,39.669998,39.050610,682300
2021-02-23,39.880001,40.270000,39.139999,39.450001,38.834049,453600
2021-02-24,39.770000,41.830002,39.770000,41.259998,40.615788,626800
2021-02-25,41.439999,41.970001,40.290001,40.439999,39.808590,336800
2021-02-26,40.230000,41.209999,39.709999,40.299999,39.670776,452100
2021-03-01,40.959999,41.779999,40.639999,41.750000,41.098137,693300
2021-03-02,41.740002,41.880001,40.610001,40.689999,40.054684,421200
2021-03-03,40.980000,42.509998,40.630001,41.279999,40.635475,429700
2021-03-04,41.849998,42.570000,40.509998,41.389999,40.743759,555100
2021-03-05,42.389999,42.389999,40.610001,41.869999,41.216263,533500
2021-03-08,42.599998,43.709999,42.009998,43.049999,42.377842,551400
2021-03-09,42.880001,44.279999,41.599998,43.439999,42.761749,568000
2021-03-10,43.770000,45.130001,43.490002,44.810001,44.110363,529600
2021-03-11,44.630001,45.990002,44.549999,45.919998,45.203030,401500
2021-03-12,46.580002,47.150002,45.650002,46.650002,45.921635,401700
2021-03-15,46.259998,46.630001,44.730000,45.680000,44.966778,434100
2021-03-16,45.340000,45.549999,44.580002,45.459999,44.750214,384300
2021-03-17,45.590000,45.950001,44.820000,45.290001,44.582867,424900
2021-03-18,45.439999,46.889999,45.360001,45.770000,45.055370,428300
2021-03-19,44.080002,45.939999,43.720001,45.700001,44.986465,1324700
2021-03-22,45.389999,45.400002,43.439999,43.990002,43.303165,481300
2021-03-23,43.610001,43.970001,41.990002,42.290001,41.629707,383400
2021-03-24,42.889999,43.959999,41.930000,42.020000,41.363922,257000
2021-03-25,41.820000,43.500000,41.139999,43.209999,42.535339,303500
2021-03-26,44.000000,44.930000,43.500000,44.790001,44.090675,382000
2021-03-29,43.720001,44.810001,42.709999,43.029999,42.358154,348200
2021-03-30,43.450001,44.369999,42.990002,44.130001,43.440979,280000
2021-03-31,44.209999,44.610001,43.349998,43.439999,42.761749,606400
2021-04-01,43.330002,43.830002,42.730000,43.520000,42.840504,431800
2021-04-05,44.130001,44.490002,42.919998,43.619999,42.938938,382900
2021-04-06,43.610001,43.790001,42.849998,43.349998,42.673157,309800
2021-04-07,43.570000,43.700001,42.689999,42.939999,42.269558,269800
2021-04-08,43.060001,44.040001,42.080002,42.980000,42.308933,191200
2021-04-09,43.470001,43.470001,42.740002,43.220001,42.545189,255200
2021-04-12,43.209999,43.619999,43.130001,43.189999,42.515652,252100
2021-04-13,42.970001,42.970001,41.700001,42.080002,41.422985,321300
2021-04-14,41.910000,43.380001,41.910000,42.919998,42.249870,199900
2021-04-15,42.980000,42.980000,41.500000,42.560001,41.895493,163700
2021-04-16,43.400002,43.400002,42.650002,42.980000,42.308933,244600
2021-04-19,42.970001,43.389999,42.250000,42.639999,41.974243,275800
2021-04-20,42.400002,42.549999,40.380001,40.779999,40.143280,376800
2021-04-21,40.590000,42.169998,40.470001,42.060001,41.403297,299900
2021-04-22,42.090000,42.639999,41.480000,41.650002,40.999699,299600
2021-04-23,41.799999,44.209999,41.799999,43.889999,43.204723,322300
2021-04-26,44.130001,45.000000,43.639999,43.720001,43.037380,207400
2021-04-27,44.160000,44.450001,43.380001,44.330002,43.637859,380400
2021-04-28,44.919998,45.080002,44.419998,44.810001,44.110363,459400
2021-04-29,45.340000,46.549999,44.709999,44.990002,44.287552,244100
2021-04-30,44.520000,45.439999,43.939999,44.029999,43.342541,380000
2021-05-03,44.630001,44.959999,43.880001,44.599998,43.903637,530700
2021-05-04,44.410000,45.310001,43.689999,45.310001,44.602558,277600
2021-05-05,45.259998,46.660000,44.490002,46.459999,45.734600,544600
2021-05-06,45.980000,46.630001,45.490002,46.580002,46.180744,352600
2021-05-07,45.790001,46.619999,44.709999,46.400002,46.002285,275000
2021-05-10,46.669998,47.430000,45.380001,45.439999,45.050510,366400
2021-05-11,44.750000,45.980000,44.750000,44.880001,44.495316,268600
2021-05-12,45.709999,45.709999,43.340000,43.459999,43.087482,234300
2021-05-13,43.400002,45.770000,43.400002,45.410000,45.020771,329500
2021-05-14,45.570000,46.060001,45.139999,46.009998,45.615627,257200
2021-05-17,45.720001,46.169998,45.230000,45.970001,45.575974,198400
2021-05-18,45.740002,46.209999,44.880001,45.009998,44.624199,274300
2021-05-19,44.389999,45.049999,43.349998,44.939999,44.554798,385300
2021-05-20,44.830002,45.450001,44.110001,45.310001,44.921631,227900
2021-05-21,45.810001,46.459999,45.320000,45.799999,45.407429,264900
2021-05-24,45.860001,45.860001,44.910000,45.259998,44.872055,208800
2021-05-25,45.490002,46.189999,43.840000,43.910000,43.533627,352500
2021-05-26,44.230000,45.230000,44.070000,45.000000,44.614285,254300
2021-05-27,45.759998,46.000000,45.240002,45.619999,45.228970,288500
2021-05-28,45.599998,46.759998,45.090000,45.970001,45.575974,181600
2021-06-01,46.279999,46.830002,45.970001,46.459999,46.061771,457800
2021-06-02,46.570000,46.570000,45.939999,46.150002,45.754429,343100
2021-06-03,46.150002,46.560001,45.650002,45.980000,45.585884,206300
2021-06-04,45.880001,46.209999,45.540001,46.110001,45.714771,186900
2021-06-07,46.290001,47.189999,46.189999,46.889999,46.488083,266400
2021-06-08,46.599998,47.459999,45.470001,47.070000,46.666542,298700
2021-06-09,46.660000,46.770000,46.209999,46.480000,46.081600,262800
2021-06-10,47.080002,47.080002,45.209999,45.220001,44.832401,212300
2021-06-11,45.509998,45.959999,45.290001,45.639999,45.248798,155200
2021-06-14,45.889999,46.240002,44.849998,45.139999,44.753086,369900
2021-06-15,45.160000,46.090000,44.900002,45.529999,45.139740,495300
2021-06-16,45.220001,46.480000,44.580002,46.090000,45.694942,475100
2021-06-17,46.400002,46.400002,43.509998,43.740002,43.365086,414700
2021-06-18,42.500000,43.560001,42.200001,42.290001,41.927513,857400
2021-06-21,42.830002,44.209999,42.830002,44.000000,43.622856,437400
2021-06-22,43.950001,44.029999,43.169998,43.580002,43.206459,324000
2021-06-23,43.630001,43.939999,43.180000,43.189999,42.819798,554800
2021-06-24,43.610001,44.090000,43.029999,44.040001,43.662514,590400
2021-06-25,44.400002,44.520000,42.320000,43.000000,42.631428,1978300
2021-06-28,42.660000,43.080002,42.060001,42.320000,41.957256,493400
2021-06-29,42.790001,43.160000,41.950001,42.070000,41.709400,286800
2021-06-30,41.759998,42.610001,41.759998,42.290001,41.927513,415800
2021-07-01,42.730000,42.880001,42.200001,42.720001,42.353828,262400
2021-07-02,42.570000,42.660000,41.799999,42.009998,41.649914,202800
2021-07-06,41.820000,41.820000,40.279999,40.660000,40.311485,256900
2021-07-07,40.250000,40.799999,39.799999,40.119999,39.776112,628200
2021-07-08,39.340000,39.959999,38.459999,38.830002,38.497173,621200
2021-07-09,39.810001,40.500000,39.419998,40.439999,40.093369,378400
2021-07-12,40.009998,40.750000,39.419998,40.689999,40.341225,459000
2021-07-13,40.669998,40.669998,39.430000,39.450001,39.111858,325900
2021-07-14,39.400002,40.049999,38.630001,38.990002,38.655800,405100
2021-07-15,38.650002,39.570000,38.650002,39.509998,39.171341,384500
2021-07-16,39.730000,40.119999,38.110001,38.189999,37.862656,277200
2021-07-19,37.150002,37.320000,36.020000,36.419998,36.107826,502700
2021-07-20,36.860001,38.540001,36.459999,37.430000,37.109173,557600
2021-07-21,38.000000,39.580002,37.990002,38.400002,38.070858,235300
2021-07-22,38.099998,38.500000,36.790001,37.139999,36.821655,207300
2021-07-23,37.549999,39.369999,36.919998,37.279999,36.960457,229400
2021-07-26,37.400002,38.020000,37.320000,37.570000,37.247971,182000
2021-07-27,36.990002,38.209999,36.580002,37.689999,37.366940,321300
2021-07-28,38.369999,38.650002,37.279999,38.330002,38.001457,265700
2021-07-29,38.630001,38.889999,38.209999,38.380001,38.051029,225900
2021-07-30,38.330002,39.060001,37.849998,37.980000,37.654457,298900
2021-08-02,38.200001,39.310001,37.529999,37.680000,37.357029,377100
2021-08-03,37.790001,38.810001,37.279999,38.599998,38.269142,549100
2021-08-04,37.900002,38.860001,37.830002,38.500000,38.169998,582900
2021-08-05,38.490002,39.020000,37.900002,38.590000,38.590000,301900
2021-08-06,39.310001,40.250000,38.619999,39.950001,39.950001,254200
2021-08-09,39.660000,40.150002,38.930000,39.380001,39.380001,300800
2021-08-10,39.450001,40.049999,39.320000,39.880001,39.880001,167000
2021-08-11,39.580002,41.110001,39.580002,41.110001,41.110001,296800
2021-08-12,41.040001,41.099998,40.470001,40.639999,40.639999,314900
2021-08-13,40.740002,40.740002,39.639999,39.709999,39.709999,178300
2021-08-16,39.380001,39.750000,38.779999,39.540001,39.540001,235900
2021-08-17,39.110001,39.869999,38.730000,39.180000,39.180000,234700
2021-08-18,38.959999,39.599998,38.840000,39.000000,39.000000,284800
2021-08-19,38.480000,38.930000,37.639999,37.939999,37.939999,327900
2021-08-20,37.849998,39.299999,36.820000,39.189999,39.189999,383600
2021-08-23,39.380001,39.939999,39.240002,39.720001,39.720001,276600
2021-08-24,39.700001,39.980000,38.919998,39.740002,39.740002,252900
2021-08-25,39.730000,40.869999,39.730000,40.099998,40.099998,376100
2021-08-26,40.349998,40.349998,39.240002,39.509998,39.509998,305000
2021-08-27,39.529999,41.020000,39.430000,40.919998,40.919998,337800
2021-08-30,41.049999,41.049999,39.560001,39.599998,39.599998,328100