Date,Open,High,Low,Close,Adj Close,Volume
2021-01-04,54.220001,54.439999,50.950001,51.860001,51.860001,861500
2021-01-05,52.110001,52.689999,51.490002,52.459999,52.459999,588600
2021-01-06,53.459999,55.430000,53.200001,55.000000,55.000000,681200
2021-01-07,54.660000,55.130001,53.020000,53.099998,53.099998,401200
2021-01-08,52.980000,54.939999,52.410000,52.630001,52.630001,538600
2021-01-11,51.660000,53.700001,51.529999,53.200001,53.200001,396500
2021-01-12,53.320000,55.099998,53.070000,54.509998,54.509998,624800
2021-01-13,55.060001,56.799999,54.790001,55.820000,55.820000,727300
2021-01-14,56.070000,59.240002,55.820000,58.250000,58.250000,772200
2021-01-15,57.630001,60.500000,57.279999,58.619999,58.619999,694700
2021-01-19,59.700001,59.820000,54.950001,55.090000,55.090000,1013000
2021-01-20,55.000000,55.330002,54.299999,54.840000,54.840000,645100
2021-01-21,54.970001,54.970001,52.860001,52.900002,52.900002,718100
2021-01-22,52.139999,52.910000,50.560001,50.820000,50.820000,658600
2021-01-25,50.200001,51.270000,48.980000,49.599998,49.599998,631300
2021-01-26,49.599998,50.500000,49.000000,49.470001,49.470001,504600
2021-01-27,48.299999,49.209999,46.200001,48.590000,48.590000,712500
2021-01-28,49.000000,49.320000,48.060001,48.520000,48.520000,613400
2021-01-29,48.340000,49.509998,47.000000,47.180000,47.180000,609200
2021-02-01,47.570000,48.580002,47.060001,47.910000,47.910000,675400
2021-02-02,48.560001,50.910000,47.750000,50.049999,50.049999,798300
2021-02-03,49.799999,50.360001,48.939999,49.720001,49.720001,598800
2021-02-04,49.590000,50.750000,49.189999,50.299999,50.299999,454200
2021-02-05,50.880001,53.340000,49.660000,53.330002,53.330002,622300
2021-02-08,52.889999,55.840000,52.889999,55.480000,55.480000,561500
2021-02-09,55.480000,57.650002,55.320000,56.230000,56.230000,491200
2021-02-10,56.139999,56.520000,54.590000,55.220001,55.220001,373100
2021-02-11,55.439999,56.150002,54.049999,54.360001,54.360001,459000
2021-02-12,53.910000,55.180000,52.910000,53.110001,53.110001,213700
2021-02-16,53.290001,53.740002,51.299999,51.720001,51.720001,394900
2021-02-17,51.610001,51.799999,50.040001,50.080002,50.080002,407300
2021-02-18,50.040001,50.310001,48.000000,50.000000,50.000000,587000
2021-02-19,50.189999,50.860001,48.139999,48.509998,48.509998,517800
2021-02-22,48.490002,49.029999,47.630001,47.669998,47.669998,540000
2021-02-23,47.450001,48.270000,46.520000,47.410000,47.410000,460100
2021-02-24,48.099998,49.740002,47.520000,49.590000,49.590000,514900
2021-02-25,48.450001,52.500000,47.770000,51.090000,51.090000,912600
2021-02-26,51.040001,52.130001,49.639999,50.000000,50.000000,1062800
2021-03-01,51.410000,51.660000,48.630001,48.650002,48.650002,1008300
2021-03-02,48.549999,50.080002,48.259998,48.509998,48.509998,973300
2021-03-03,48.970001,49.529999,46.919998,46.939999,46.939999,732300
2021-03-04,46.740002,47.259998,44.830002,45.270000,45.270000,753400
2021-03-05,46.000000,46.740002,44.250000,45.830002,45.830002,1163400
2021-03-08,46.070000,47.820000,45.840000,46.849998,46.849998,799300
2021-03-09,47.580002,48.750000,46.880001,48.000000,48.000000,899600
2021-03-10,47.959999,48.959999,47.900002,48.000000,48.000000,767000
2021-03-11,48.419998,49.540001,47.689999,48.840000,48.840000,604400
2021-03-12,48.799999,51.290001,48.529999,49.580002,49.580002,588100
2021-03-15,49.330002,50.400002,48.380001,50.360001,50.360001,394600
2021-03-16,50.110001,51.180000,48.049999,48.860001,48.860001,496800
2021-03-17,48.389999,48.840000,47.930000,48.700001,48.700001,509200
2021-03-18,48.980000,49.240002,46.189999,46.439999,46.439999,627100
2021-03-19,46.320000,47.720001,46.139999,46.779999,46.779999,1523600
2021-03-22,46.669998,46.950001,45.150002,45.189999,45.189999,397200
2021-03-23,44.740002,45.540001,43.259998,43.470001,43.470001,345700
2021-03-24,43.950001,44.820000,43.330002,43.459999,43.459999,503000
2021-03-25,43.250000,45.439999,42.520000,45.080002,45.080002,386400
2021-03-26,45.639999,45.919998,44.090000,44.959999,44.959999,494700
2021-03-29,44.650002,44.779999,42.880001,43.169998,43.169998,471100
2021-03-30,42.959999,44.220001,42.790001,44.080002,44.080002,444200
2021-03-31,44.150002,44.630001,43.270000,43.290001,43.290001,878100
2021-04-01,43.619999,45.630001,43.250000,45.400002,45.400002,477600
2021-04-05,45.040001,45.480000,42.939999,43.610001,43.610001,499300
2021-04-06,26.530001,27.180000,25.889999,26.010000,26.010000,239000
2021-04-07,43.470001,44.110001,42.599998,43.360001,43.360001,673400
2021-04-08,43.790001,43.790001,42.779999,43.279999,43.279999,604200
2021-04-09,43.160000,44.080002,42.980000,43.930000,43.930000,520500
2021-04-12,43.709999,44.099998,43.029999,43.490002,43.490002,387000
2021-04-13,43.279999,43.680000,42.900002,43.380001,43.380001,657000
2021-04-14,43.250000,44.320000,43.029999,43.490002,43.490002,392700
2021-04-15,44.000000,44.000000,43.099998,43.680000,43.680000,283400
2021-04-16,44.110001,44.450001,43.369999,44.250000,44.250000,309100
2021-04-19,43.770000,44.139999,43.220001,43.509998,43.509998,431400
2021-04-20,43.349998,43.680000,42.570000,43.189999,43.189999,497300
2021-04-21,43.119999,44.119999,42.849998,43.150002,43.150002,581900
2021-04-22,43.290001,43.759998,42.310001,42.709999,42.709999,564400
2021-04-23,42.590000,43.490002,42.299999,43.049999,43.049999,386700
2021-04-26,43.580002,43.849998,42.930000,43.459999,43.459999,407700
2021-04-27,43.919998,46.939999,43.759998,46.900002,46.900002,1456400
2021-04-28,47.279999,49.490002,46.830002,49.419998,49.419998,876300
2021-04-29,50.580002,54.000000,50.290001,50.869999,50.869999,1392100
2021-04-30,50.759998,51.320000,50.049999,50.939999,50.939999,902000
2021-05-03,51.080002,52.680000,51.049999,52.080002,52.080002,605300
2021-05-04,51.450001,53.860001,51.450001,53.549999,53.549999,570600
2021-05-05,53.580002,54.810001,53.380001,53.889999,53.889999,665200
2021-05-06,54.430000,54.900002,53.290001,54.750000,54.750000,648100
2021-05-07,54.200001,56.150002,53.990002,55.810001,55.810001,602800
2021-05-10,55.869999,56.730000,54.000000,54.180000,54.180000,820400
2021-05-11,53.230000,54.200001,52.709999,53.529999,53.529999,707100
2021-05-12,52.980000,53.959999,52.000000,52.020000,52.020000,501600
2021-05-13,51.980000,54.200001,51.980000,53.880001,53.880001,580300
2021-05-14,54.619999,55.259998,54.169998,55.189999,55.189999,367900
2021-05-17,54.669998,55.189999,54.209999,54.939999,54.939999,265200
2021-05-18,54.919998,55.500000,54.150002,54.240002,54.240002,412000
2021-05-19,53.209999,53.540001,52.259998,53.160000,53.160000,553000
2021-05-20,53.169998,53.689999,52.389999,53.549999,53.549999,375700
2021-05-21,54.070000,54.869999,52.900002,52.919998,52.919998,274800
2021-05-24,53.080002,53.099998,52.360001,52.919998,52.919998,307100
2021-05-25,53.009998,53.400002,51.730000,51.820000,51.820000,328900
2021-05-26,52.400002,53.680000,51.980000,53.000000,53.000000,338200
2021-05-27,53.619999,54.500000,53.189999,53.820000,53.820000,346800
2021-05-28,54.369999,54.369999,52.480000,52.720001,52.720001,284500
2021-06-01,52.910000,53.119999,52.150002,52.259998,52.259998,344800
2021-06-02,52.799999,52.799999,51.880001,52.180000,52.180000,344700
2021-06-03,51.930000,52.450001,51.450001,52.000000,52.000000,362600
2021-06-04,51.959999,52.369999,51.189999,52.139999,52.139999,338100
2021-06-07,52.529999,53.310001,52.180000,53.299999,53.299999,329300
2021-06-08,53.169998,55.040001,53.000000,54.970001,54.970001,388800
2021-06-09,56.099998,56.410000,55.310001,55.959999,55.959999,537600
2021-06-10,55.959999,56.119999,53.840000,54.650002,54.650002,318400
2021-06-11,54.730000,55.099998,54.000000,55.080002,55.080002,226300
2021-06-14,54.820000,54.990002,53.049999,53.180000,53.180000,359400
2021-06-15,53.290001,53.369999,51.810001,52.080002,52.080002,321100
2021-06-16,51.790001,52.060001,50.790001,50.970001,50.970001,300100
2021-06-17,50.860001,51.049999,49.529999,49.900002,49.900002,405300
2021-06-18,49.419998,49.669998,47.060001,47.330002,47.330002,905900
2021-06-21,47.750000,48.830002,47.480000,48.730000,48.730000,382500
2021-06-22,48.330002,48.610001,47.180000,48.189999,48.189999,370900
2021-06-23,48.349998,48.660000,47.310001,48.250000,48.250000,419700
2021-06-24,48.639999,48.900002,47.380001,48.520000,48.520000,333800
2021-06-25,48.610001,50.169998,48.369999,49.340000,49.340000,1481300
2021-06-28,49.130001,49.750000,47.950001,48.529999,48.529999,377300
2021-06-29,48.560001,48.630001,47.939999,48.020000,48.020000,364400
2021-06-30,48.070000,48.540001,47.369999,48.130001,48.130001,424400
2021-07-01,48.419998,48.910000,47.830002,47.840000,47.840000,505100
2021-07-02,48.000000,48.970001,47.630001,48.009998,48.009998,310700
2021-07-06,47.709999,47.950001,45.590000,46.340000,46.340000,304500
2021-07-07,46.000000,46.720001,45.270000,45.470001,45.470001,321500
2021-07-08,44.439999,45.310001,43.349998,44.380001,44.380001,458900
2021-07-09,45.049999,46.139999,44.669998,46.070000,46.070000,371900
2021-07-12,45.599998,46.020000,45.230000,45.330002,45.330002,277900
2021-07-13,45.020000,45.410000,44.439999,45.240002,45.240002,539500
2021-07-14,45.730000,46.360001,44.150002,44.910000,44.910000,461800
2021-07-15,44.290001,44.910000,43.830002,44.250000,44.250000,393400
2021-07-16,44.810001,44.939999,43.080002,43.139999,43.139999,311800
2021-07-19,42.040001,42.820000,41.270000,42.410000,42.410000,392500
2021-07-20,42.410000,44.009998,42.220001,43.520000,43.520000,400200
2021-07-21,43.680000,44.570000,43.270000,44.169998,44.169998,647400
2021-07-22,44.310001,44.389999,42.330002,43.270000,43.270000,464100
2021-07-23,43.709999,44.490002,43.160000,44.150002,44.150002,544000
2021-07-26,44.389999,44.980000,44.040001,44.619999,44.619999,345500
2021-07-27,44.430000,45.630001,44.430000,45.599998,45.599998,349600
2021-07-28,45.930000,46.279999,44.400002,45.430000,45.430000,605000
2021-07-29,47.490002,48.110001,44.299999,44.380001,44.380001,587500
2021-07-30,44.410000,45.130001,43.320000,43.770000,43.770000,539200
2021-08-02,43.549999,44.820000,43.430000,43.529999,43.529999,547600
2021-08-03,43.630001,43.630001,42.320000,42.709999,42.709999,586400
2021-08-04,42.200001,43.259998,42.029999,42.950001,42.950001,614500
2021-08-05,44.279999,45.480000,44.090000,44.549999,44.549999,572400
2021-08-06,45.240002,45.810001,43.840000,44.340000,44.340000,409900
2021-08-09,43.939999,44.369999,42.790001,43.490002,43.490002,567200
2021-08-10,43.450001,44.180000,43.080002,44.090000,44.090000,445500
2021-08-11,44.250000,45.980000,43.849998,45.720001,45.720001,510700
2021-08-12,45.639999,46.330002,45.400002,45.759998,45.759998,481800
2021-08-13,45.759998,45.849998,45.130001,45.610001,45.610001,292500
2021-08-16,45.340000,45.500000,44.560001,44.759998,44.759998,358700
2021-08-17,44.180000,44.599998,43.369999,44.540001,44.540001,451000
2021-08-18,44.689999,45.240002,43.660000,43.689999,43.689999,395100
2021-08-19,43.029999,44.119999,43.029999,43.830002,43.830002,439700
2021-08-20,43.439999,44.990002,43.439999,44.880001,44.880001,313300
2021-08-23,45.330002,45.650002,44.349998,44.919998,44.919998,353600
2021-08-24,45.160000,46.540001,45.090000,46.040001,46.040001,266000
2021-08-25,45.810001,46.869999,45.730000,46.560001,46.560001,378800
2021-08-26,46.419998,46.500000,45.639999,45.730000,45.730000,267000
2021-08-27,45.529999,47.959999,45.480000,47.750000,47.750000,414200
2021-08-30,47.919998,48.360001,47.180000,48.000000,48.000000,449700