Date,Open,High,Low,Close,Adj Close,Volume
2021-01-04,133.779999,133.970001,128.929993,129.669998,127.957306,141900
2021-01-05,129.649994,131.729996,129.389999,129.770004,128.055984,132000
2021-01-06,130.149994,133.029999,129.740005,131.470001,129.733536,120600
2021-01-07,131.029999,132.009995,130.009995,131.509995,129.772995,93700
2021-01-08,131.679993,132.679993,130.500000,130.949997,129.220398,73900
2021-01-11,129.830002,130.990005,129.139999,130.110001,128.391510,77200
2021-01-12,130.110001,131.110001,129.300003,130.350006,128.628342,109800
2021-01-13,130.610001,133.550003,130.309998,133.210007,131.450562,63000
2021-01-14,134.410004,135.130005,132.860001,133.119995,131.361725,96400
2021-01-15,132.600006,137.720001,132.199997,137.179993,135.368118,126900
2021-01-19,138.110001,138.110001,135.020004,136.160004,134.361603,82100
2021-01-20,136.029999,138.580002,135.009995,137.529999,135.713501,68000
2021-01-21,137.449997,137.449997,134.759995,136.869995,135.062195,52500
2021-01-22,136.029999,137.470001,135.470001,137.139999,135.328644,58000
2021-01-25,136.369995,138.440002,135.179993,137.910004,136.088486,64000
2021-01-26,138.990005,139.990005,137.110001,138.149994,136.325302,53200
2021-01-27,136.639999,138.309998,133.789993,134.710007,132.930756,93100
2021-01-28,135.320007,138.300003,134.710007,136.339996,134.539200,89600
2021-01-29,135.610001,138.619995,134.119995,136.119995,134.322113,91200
2021-02-01,136.360001,138.839996,134.800003,138.690002,136.858185,71100
2021-02-02,139.660004,141.759995,136.759995,140.880005,139.019257,130300
2021-02-03,139.679993,139.679993,136.070007,137.850006,136.029282,78300
2021-02-04,137.389999,141.520004,137.389999,140.970001,139.108047,105600
2021-02-05,141.679993,141.809998,139.320007,141.809998,139.936966,37000
2021-02-08,142.020004,143.089996,141.210007,142.839996,140.953369,51000
2021-02-09,143.520004,143.520004,140.970001,141.880005,140.006042,44200
2021-02-10,142.880005,144.750000,141.240005,142.529999,140.647446,64300
2021-02-11,142.889999,143.960007,142.389999,143.800003,141.900681,104200
2021-02-12,143.580002,145.080002,141.210007,145.080002,143.163773,87700
2021-02-16,145.630005,145.630005,143.000000,144.919998,143.005890,79400
2021-02-17,144.309998,145.470001,142.669998,144.929993,143.015762,68900
2021-02-18,144.990005,145.830002,141.830002,143.160004,141.269150,77400
2021-02-19,143.199997,144.380005,142.350006,143.419998,141.525696,79900
2021-02-22,142.729996,144.809998,141.300003,143.389999,141.496094,96900
2021-02-23,143.869995,151.270004,143.419998,148.139999,146.183365,92700
2021-02-24,148.300003,148.490005,146.110001,146.809998,144.870911,60900
2021-02-25,145.990005,149.399994,145.550003,146.220001,144.288712,72400
2021-02-26,147.250000,147.479996,144.020004,144.860001,142.946671,97700
2021-03-01,146.740005,146.740005,143.690002,143.869995,141.969742,100000
2021-03-02,144.279999,144.279999,141.110001,142.460007,140.578384,82700
2021-03-03,143.330002,146.300003,140.960007,145.009995,143.094696,91400
2021-03-04,145.509995,147.610001,143.020004,143.539993,141.644104,76800
2021-03-05,145.509995,147.470001,143.880005,146.929993,144.989334,73800
2021-03-08,147.669998,152.309998,147.410004,149.779999,147.801697,108000
2021-03-09,150.070007,150.910004,147.869995,148.259995,146.301758,89500
2021-03-10,148.619995,150.600006,147.050003,150.320007,148.334564,60800
2021-03-11,150.699997,151.830002,149.610001,151.529999,149.528580,80100
2021-03-12,152.240005,157.470001,151.529999,157.350006,155.271713,141100
2021-03-15,156.039993,159.649994,154.600006,157.649994,156.612823,94800
2021-03-16,156.789993,158.289993,154.910004,157.020004,155.986984,48900
2021-03-17,157.050003,157.050003,154.360001,155.710007,154.685608,63300
2021-03-18,155.380005,155.600006,153.080002,154.199997,153.185532,70300
2021-03-19,154.289993,154.289993,151.020004,151.190002,150.195328,254100
2021-03-22,151.320007,152.389999,149.860001,151.279999,150.284744,84500
2021-03-23,150.570007,153.360001,150.570007,151.910004,150.910599,70800
2021-03-24,152.949997,156.009995,151.720001,152.169998,151.168884,81300
2021-03-25,152.380005,152.979996,148.919998,151.759995,150.761581,82700
2021-03-26,153.050003,158.009995,151.740005,157.839996,156.801575,79800
2021-03-29,158.220001,161.169998,156.690002,157.539993,156.503555,85500
2021-03-30,156.899994,158.720001,156.490005,157.279999,156.245270,60800
2021-03-31,157.210007,159.229996,154.470001,154.580002,153.563034,154100
2021-04-01,154.740005,159.380005,154.350006,159.199997,158.152634,84500
2021-04-05,159.710007,160.470001,157.899994,159.869995,158.818222,71200
2021-04-06,159.919998,160.330002,157.880005,158.169998,157.129410,105200
2021-04-07,158.630005,158.830002,156.199997,158.320007,157.278427,69900
2021-04-08,158.449997,159.789993,157.619995,158.250000,157.208893,64000
2021-04-09,157.929993,159.270004,156.820007,158.000000,156.960526,78800
2021-04-12,157.750000,160.830002,156.720001,160.369995,159.314926,89900
2021-04-13,159.789993,161.580002,159.789993,160.880005,159.821594,43500
2021-04-14,161.149994,162.279999,159.570007,160.020004,158.967239,48800
2021-04-15,161.929993,162.240005,160.679993,161.399994,160.338150,61400
2021-04-16,162.589996,162.589996,160.160004,160.360001,159.305008,86300
2021-04-19,160.000000,160.750000,158.479996,160.750000,159.692444,114900
2021-04-20,160.699997,165.190002,160.699997,163.490005,162.414413,113200
2021-04-21,164.660004,165.250000,162.080002,162.460007,161.391190,99200
2021-04-22,162.759995,164.539993,162.320007,163.440002,162.364746,87400
2021-04-23,164.259995,164.619995,162.690002,163.839996,162.762100,57400
2021-04-26,164.880005,165.850006,162.979996,163.559998,162.483948,61300
2021-04-27,163.389999,163.789993,160.369995,163.520004,162.444214,90800
2021-04-28,164.000000,164.000000,159.110001,159.979996,158.927505,101500
2021-04-29,160.809998,163.899994,158.410004,162.369995,161.301773,53000
2021-04-30,161.589996,164.330002,161.589996,162.369995,161.301773,96800
2021-05-03,163.039993,164.119995,162.190002,163.020004,161.947510,69700
2021-05-04,162.699997,163.009995,159.600006,160.279999,159.225525,70000
2021-05-05,159.660004,159.660004,155.630005,156.979996,155.947235,82200
2021-05-06,157.899994,158.820007,156.410004,157.000000,155.967102,79600
2021-05-07,156.570007,157.970001,156.440002,157.000000,155.967102,124900
2021-05-10,156.820007,159.509995,156.070007,156.070007,155.043228,102500
2021-05-11,155.039993,155.039993,152.679993,153.240005,152.231857,98800
2021-05-12,152.679993,153.919998,150.029999,150.110001,149.122437,100700
2021-05-13,150.830002,156.690002,150.190002,154.479996,153.463684,124900
2021-05-14,154.660004,154.740005,152.990005,153.429993,152.420593,89400
2021-05-17,153.139999,154.880005,152.050003,153.839996,152.827896,85700
2021-05-18,153.270004,154.600006,153.050003,153.139999,152.132507,54800
2021-05-19,151.720001,154.130005,150.649994,154.050003,153.036514,67500
2021-05-20,153.580002,154.919998,153.539993,154.580002,153.563034,47500
2021-05-21,155.039993,155.970001,153.860001,154.979996,153.960388,390400
2021-05-24,154.779999,158.250000,154.779999,157.610001,156.573090,89500
2021-05-25,157.669998,157.669998,153.679993,154.289993,153.274933,101100
2021-05-26,153.899994,155.850006,153.649994,154.940002,153.920670,101300
2021-05-27,156.199997,157.800003,155.070007,155.190002,154.169022,135900
2021-05-28,155.690002,155.940002,154.149994,154.960007,153.940536,90700
2021-06-01,155.570007,157.470001,154.869995,157.350006,156.314819,112100
2021-06-02,157.500000,159.289993,156.699997,159.199997,158.152634,108000
2021-06-03,158.750000,159.350006,156.369995,159.119995,158.073151,132000
2021-06-04,159.800003,159.800003,157.339996,158.199997,157.159210,86900
2021-06-07,158.190002,159.830002,156.860001,159.039993,157.993683,73500
2021-06-08,159.899994,160.710007,157.929993,159.759995,158.708939,62600
2021-06-09,160.750000,160.750000,159.449997,159.869995,158.818222,97400
2021-06-10,159.889999,161.740005,159.429993,160.990005,159.930862,76300
2021-06-11,161.440002,161.440002,158.429993,159.600006,158.550003,102700
2021-06-14,158.619995,159.220001,157.679993,158.990005,158.990005,81500
2021-06-15,158.250000,159.690002,157.360001,157.600006,157.600006,68500
2021-06-16,157.649994,157.970001,153.990005,154.210007,154.210007,104300
2021-06-17,154.380005,155.220001,153.110001,154.839996,154.839996,138900
2021-06-18,153.330002,153.699997,149.770004,150.190002,150.190002,247100
2021-06-21,151.259995,153.610001,150.570007,152.899994,152.899994,120900
2021-06-22,152.360001,152.360001,150.990005,151.250000,151.250000,68500
2021-06-23,150.690002,151.179993,149.839996,150.070007,150.070007,103800
2021-06-24,151.020004,151.869995,149.320007,151.550003,151.550003,114600
2021-06-25,151.220001,151.809998,149.910004,150.619995,150.619995,357400
2021-06-28,150.410004,150.580002,148.149994,149.690002,149.690002,93900
2021-06-29,149.770004,150.820007,147.500000,147.660004,147.660004,110100
2021-06-30,147.320007,149.500000,147.029999,148.080002,148.080002,126200
2021-07-01,148.300003,150.039993,147.369995,148.289993,148.289993,95200
2021-07-02,149.000000,149.740005,147.949997,148.630005,148.630005,58500
2021-07-06,148.649994,151.229996,147.320007,150.699997,150.699997,103400
2021-07-07,150.940002,152.399994,150.539993,152.029999,152.029999,73800
2021-07-08,151.440002,152.500000,150.479996,151.350006,151.350006,80700
2021-07-09,152.669998,153.570007,151.199997,153.369995,153.369995,57200
2021-07-12,153.669998,155.360001,153.369995,154.410004,154.410004,48100
2021-07-13,153.860001,154.160004,151.820007,152.350006,152.350006,52900
2021-07-14,152.750000,156.470001,152.619995,155.630005,155.630005,83900
2021-07-15,155.149994,155.580002,153.880005,154.860001,154.860001,103500
2021-07-16,156.059998,157.460007,154.539993,154.779999,154.779999,60000
2021-07-19,154.070007,154.789993,150.220001,151.369995,151.369995,75000
2021-07-20,152.899994,157.970001,151.660004,156.369995,156.369995,107400
2021-07-21,157.520004,157.850006,154.229996,154.720001,154.720001,61300
2021-07-22,153.630005,155.160004,152.210007,152.839996,152.839996,50900
2021-07-23,153.990005,155.699997,152.580002,155.520004,155.520004,44900
2021-07-26,155.979996,155.979996,154.270004,154.419998,154.419998,40300
2021-07-27,152.789993,155.539993,152.789993,154.029999,154.029999,77700
2021-07-28,154.630005,155.630005,152.119995,153.830002,153.830002,62100
2021-07-29,154.779999,156.740005,154.669998,154.869995,154.869995,45500
2021-07-30,154.880005,156.630005,153.479996,153.669998,153.669998,83000
2021-08-02,154.720001,155.199997,151.990005,152.460007,152.460007,49300
2021-08-03,152.720001,155.869995,150.740005,154.020004,154.020004,124900
2021-08-04,153.639999,154.119995,150.429993,150.960007,150.960007,58200
2021-08-05,151.559998,154.020004,150.770004,153.979996,153.979996,52100
2021-08-06,154.759995,156.020004,152.929993,153.130005,153.130005,51700
2021-08-09,152.880005,153.039993,151.570007,152.070007,152.070007,35500
2021-08-10,152.690002,153.389999,150.509995,150.600006,150.600006,61800
2021-08-11,151.500000,151.639999,150.240005,151.190002,151.190002,52400
2021-08-12,152.149994,152.570007,150.850006,151.830002,151.830002,51900
2021-08-13,151.449997,153.660004,150.889999,152.500000,152.500000,53300
2021-08-16,152.020004,154.259995,151.309998,152.869995,152.869995,48200
2021-08-17,151.699997,153.809998,151.449997,153.600006,153.600006,92500
2021-08-18,153.490005,154.009995,150.850006,151.320007,151.320007,59700
2021-08-19,150.520004,152.199997,149.580002,152.149994,152.149994,44500
2021-08-20,151.399994,153.830002,151.070007,153.729996,153.729996,106000
2021-08-23,153.830002,155.050003,151.589996,152.399994,152.399994,68400
2021-08-24,152.990005,152.990005,150.080002,150.449997,150.449997,67100
2021-08-25,150.070007,152.279999,149.910004,151.360001,151.360001,61100
2021-08-26,151.300003,152.000000,150.139999,151.169998,151.169998,48200
2021-08-27,152.119995,155.000000,151.949997,154.630005,154.630005,81000
2021-08-30,155.179993,155.970001,152.910004,155.960007,155.960007,98700