Date,Open,High,Low,Close,Adj Close,Volume
2021-01-04,60.650002,61.360001,59.709999,60.500000,60.500000,1046600
2021-01-05,61.520000,65.040001,61.139999,64.790001,64.790001,648400
2021-01-06,64.919998,67.279999,64.235001,66.489998,66.489998,482000
2021-01-07,66.510002,68.980003,66.510002,68.919998,68.919998,497000
2021-01-08,68.250000,70.820000,65.580002,67.580002,67.580002,611100
2021-01-11,66.360001,67.809998,66.190002,66.269997,66.269997,336900
2021-01-12,66.330002,68.514999,66.330002,67.050003,67.050003,314000
2021-01-13,66.570000,67.584999,65.889999,66.639999,66.639999,280500
2021-01-14,67.129997,68.879997,66.580002,68.720001,68.720001,309600
2021-01-15,68.320000,69.480003,67.589996,68.489998,68.489998,247300
2021-01-19,68.550003,68.849998,65.300003,65.620003,65.620003,673000
2021-01-20,65.639999,66.639999,63.380001,63.794998,63.794998,686200
2021-01-21,63.480000,65.059998,62.259998,63.049999,63.049999,248800
2021-01-22,62.340000,64.129997,62.250000,63.360001,63.360001,405000
2021-01-25,63.250000,63.610001,60.689999,63.520000,63.520000,340900
2021-01-26,63.520000,63.520000,60.820000,61.180000,61.180000,248500
2021-01-27,60.029999,60.439999,55.680000,56.669998,56.669998,912600
2021-01-28,56.730000,58.450001,56.000000,56.369999,56.369999,502300
2021-01-29,56.090000,59.080002,55.470001,57.820000,57.820000,928800
2021-02-01,58.980000,59.360001,55.910000,56.790001,56.790001,674200
2021-02-02,57.639999,61.619999,57.250000,60.240002,60.240002,769900
2021-02-03,59.959999,61.889999,59.959999,60.770000,60.770000,421000
2021-02-04,60.930000,63.849998,60.009998,63.080002,63.080002,583500
2021-02-05,60.000000,64.675003,59.450001,63.549999,63.549999,954700
2021-02-08,63.590000,66.010002,61.150002,63.939999,63.939999,396700
2021-02-09,64.160004,64.430000,63.104000,63.750000,63.750000,286500
2021-02-10,64.580002,65.489998,63.349998,63.740002,63.740002,365500
2021-02-11,64.470001,64.629997,63.070000,63.275002,63.275002,599400
2021-02-12,61.810001,62.889999,61.380001,61.430000,61.430000,779400
2021-02-16,61.430000,61.660000,59.980000,60.410000,60.410000,500500
2021-02-17,60.950001,60.950001,58.930000,59.480000,59.480000,536500
2021-02-18,58.560001,59.904999,58.009998,58.840000,58.840000,378300
2021-02-19,59.110001,60.430000,57.900002,58.080002,58.080002,534700
2021-02-22,57.349998,58.950001,57.000000,57.400002,57.400002,526100
2021-02-23,56.849998,58.724998,56.000000,57.290001,57.290001,541000
2021-02-24,57.060001,58.990002,56.270000,57.630001,57.630001,588700
2021-02-25,57.639999,58.529999,55.090000,55.189999,55.189999,515500
2021-02-26,54.410000,57.680000,54.000000,57.099998,57.099998,972400
2021-03-01,57.860001,58.439999,56.910000,58.160000,58.160000,635400
2021-03-02,58.180000,58.750000,57.090000,57.320000,57.320000,407100
2021-03-03,57.419998,58.014999,56.360001,57.000000,57.000000,398900
2021-03-04,56.889999,58.709999,55.669998,57.869999,57.869999,920300
2021-03-05,58.610001,60.240002,56.373001,60.139999,60.139999,926800
2021-03-08,60.480000,60.570000,58.299999,58.410000,58.410000,444500
2021-03-09,59.599998,60.610001,58.639999,59.160000,59.160000,363800
2021-03-10,59.580002,60.134998,55.770000,56.549999,56.549999,638300
2021-03-11,57.529999,58.439999,56.820000,57.230000,57.230000,401200
2021-03-12,56.279999,59.188999,55.814999,58.450001,58.450001,429400
2021-03-15,58.049999,58.880001,57.529999,58.070000,58.070000,229600
2021-03-16,58.000000,59.480000,56.349998,57.700001,57.700001,582000
2021-03-17,57.639999,57.639999,55.095001,55.750000,55.750000,596900
2021-03-18,55.279999,58.580002,55.150002,55.509998,55.509998,381100
2021-03-19,55.689999,57.189999,55.360001,56.180000,56.180000,1123700
2021-03-22,56.099998,57.814999,55.779999,57.020000,57.020000,362900
2021-03-23,55.209999,55.250000,51.580002,52.029999,52.029999,1437500
2021-03-24,52.560001,52.990002,49.330002,49.529999,49.529999,608700
2021-03-25,49.560001,50.439999,48.139999,50.080002,50.080002,506600
2021-03-26,50.250000,51.590000,48.410000,49.209999,49.209999,281000
2021-03-29,49.840000,50.264999,48.020000,48.060001,48.060001,426900
2021-03-30,47.720001,48.110001,46.509998,46.799999,46.799999,773500
2021-03-31,46.970001,47.978001,46.639999,47.349998,47.349998,1123000
2021-04-01,47.790001,50.080002,47.680000,49.189999,49.189999,537700
2021-04-05,49.410000,49.799999,48.799999,49.369999,49.369999,342100
2021-04-06,49.430000,49.855000,48.580002,48.860001,48.860001,336200
2021-04-07,48.869999,49.174999,48.029999,48.279999,48.279999,336500
2021-04-08,48.689999,49.389999,47.930000,48.259998,48.259998,419400
2021-04-09,48.150002,48.180000,46.849998,47.599998,47.599998,309600
2021-04-12,47.630001,47.720001,46.400002,47.130001,47.130001,588700
2021-04-13,47.400002,47.669998,46.009998,47.310001,47.310001,238100
2021-04-14,47.380001,49.415001,47.380001,47.900002,47.900002,621200
2021-04-15,48.230000,50.259998,47.220001,48.189999,48.189999,535300
2021-04-16,49.049999,49.450001,48.250000,48.590000,48.590000,431500
2021-04-19,47.930000,48.720001,47.209999,47.540001,47.540001,461200
2021-04-20,47.150002,48.369999,46.150002,46.310001,46.310001,816700
2021-04-21,46.169998,46.990002,45.070000,45.959999,45.959999,635800
2021-04-22,45.540001,47.134998,45.009998,46.820000,46.820000,581300
2021-04-23,46.740002,47.720001,44.849998,45.750000,45.750000,465500
2021-04-26,46.160000,47.200001,44.860001,46.599998,46.599998,583900
2021-04-27,47.099998,47.099998,45.860001,46.080002,46.080002,726600
2021-04-28,45.730000,45.910000,43.330002,43.349998,43.349998,817400
2021-04-29,43.700001,43.705002,41.349998,42.500000,42.500000,1017900
2021-04-30,41.919998,42.400002,40.723999,41.209999,41.209999,887500
2021-05-03,41.270000,41.389999,39.680000,40.770000,40.770000,1483700
2021-05-04,40.889999,40.964001,38.009998,38.470001,38.470001,1406400
2021-05-05,38.259998,41.209999,38.259998,40.880001,40.880001,1175200
2021-05-06,41.029999,41.349998,39.500000,40.330002,40.330002,754400
2021-05-07,41.424999,41.735001,40.180000,40.240002,40.240002,636500
2021-05-10,39.939999,40.029999,38.700001,38.900002,38.900002,419200
2021-05-11,37.869999,39.970001,37.790001,38.750000,38.750000,367900
2021-05-12,38.310001,39.509998,38.049999,38.290001,38.290001,570800
2021-05-13,38.410000,39.110001,37.419998,38.389999,38.389999,496200
2021-05-14,38.220001,38.250000,37.122002,37.990002,37.990002,695500
2021-05-17,37.959999,38.924999,37.380001,38.000000,38.000000,442600
2021-05-18,38.180000,39.209999,38.139999,38.250000,38.250000,502700
2021-05-19,37.860001,38.215000,37.220001,37.950001,37.950001,356900
2021-05-20,38.099998,39.349998,38.099998,39.189999,39.189999,441500
2021-05-21,39.549999,39.750000,38.860001,39.430000,39.430000,518100
2021-05-24,39.689999,40.360001,39.119999,39.160000,39.160000,451900
2021-05-25,39.090000,39.830002,39.090000,39.650002,39.650002,406100
2021-05-26,39.630001,40.500000,39.185001,39.820000,39.820000,442000
2021-05-27,39.779999,39.994999,38.740002,39.160000,39.160000,420200
2021-05-28,39.419998,40.380001,38.910000,39.270000,39.270000,423100
2021-06-01,39.290001,39.290001,38.105000,38.860001,38.860001,352900
2021-06-02,38.759998,39.360001,37.919998,38.740002,38.740002,314900
2021-06-03,38.570000,39.189999,37.720001,38.490002,38.490002,401900
2021-06-04,38.639999,39.459999,38.560001,39.180000,39.180000,278900
2021-06-07,39.369999,42.250000,38.480000,41.810001,41.810001,792000
2021-06-08,41.980000,42.540001,40.720001,41.799999,41.799999,471800
2021-06-09,42.130001,42.630001,41.520000,41.799999,41.799999,277400
2021-06-10,41.930000,43.320000,41.534000,43.169998,43.169998,536000
2021-06-11,43.070000,43.400002,42.459999,42.950001,42.950001,217600
2021-06-14,42.860001,44.299999,42.860001,43.919998,43.919998,481900
2021-06-15,43.919998,44.164001,42.770000,43.810001,43.810001,390500
2021-06-16,43.799999,44.320000,43.240002,44.200001,44.200001,463700
2021-06-17,44.209999,45.154999,43.360001,44.220001,44.220001,364900
2021-06-18,43.529999,44.860001,43.320000,44.639999,44.639999,834700
2021-06-21,44.549999,44.750000,43.374001,43.639999,43.639999,438000
2021-06-22,43.509998,43.509998,42.209999,43.270000,43.270000,420500
2021-06-23,43.639999,44.160000,42.875000,43.419998,43.419998,245400
2021-06-24,43.310001,44.230000,43.310001,44.139999,44.139999,326800
2021-06-25,44.369999,44.689999,43.610001,43.860001,43.860001,1214800
2021-06-28,43.959999,44.209999,43.200001,43.529999,43.529999,305100
2021-06-29,43.570000,43.570000,41.959999,42.020000,42.020000,369300
2021-06-30,42.020000,42.500000,41.450001,42.270000,42.270000,496400
2021-07-01,42.490002,43.939999,41.959999,43.759998,43.759998,476800
2021-07-02,43.779999,43.930000,42.910000,43.090000,43.090000,254500
2021-07-06,43.240002,43.529999,42.419998,43.349998,43.349998,211000
2021-07-07,43.490002,44.080002,42.509998,44.040001,44.040001,370100
2021-07-08,43.400002,45.459999,42.669998,44.740002,44.740002,396100
2021-07-09,44.709999,45.430000,44.160000,44.470001,44.470001,318200
2021-07-12,44.369999,44.849998,43.119999,43.490002,43.490002,295700
2021-07-13,43.090000,44.189999,42.759998,43.419998,43.419998,424900
2021-07-14,43.799999,43.799999,42.160000,42.360001,42.360001,296100
2021-07-15,42.529999,43.160000,41.820000,42.980000,42.980000,205700
2021-07-16,43.389999,43.990002,43.025002,43.169998,43.169998,252200
2021-07-19,42.599998,43.320000,41.189999,41.889999,41.889999,409000
2021-07-20,42.020000,43.680000,41.689999,43.470001,43.470001,424400
2021-07-21,43.419998,43.419998,42.419998,42.500000,42.500000,248400
2021-07-22,42.599998,43.139999,41.560001,42.080002,42.080002,315000
2021-07-23,42.500000,42.500000,41.080002,41.220001,41.220001,236500
2021-07-26,41.009998,41.840000,40.029999,40.139999,40.139999,332800
2021-07-27,40.000000,40.389999,38.930000,39.029999,39.029999,486600
2021-07-28,39.090000,39.709999,38.139999,39.459999,39.459999,907600
2021-07-29,39.720001,40.930000,38.230000,38.240002,38.240002,450300
2021-07-30,39.860001,39.860001,37.660000,38.330002,38.330002,442500
2021-08-02,38.259998,39.500000,38.150002,38.680000,38.680000,290900
2021-08-03,38.590000,38.860001,37.855000,38.540001,38.540001,224300
2021-08-04,38.169998,39.580002,38.169998,38.480000,38.480000,326500
2021-08-05,38.540001,40.020000,38.430000,39.889999,39.889999,277700
2021-08-06,39.799999,40.139999,39.209999,39.919998,39.919998,496700
2021-08-09,40.889999,40.889999,39.490002,39.750000,39.750000,261900
2021-08-10,39.880001,40.509998,39.355000,40.070000,40.070000,345000
2021-08-11,40.080002,40.680000,39.599998,40.220001,40.220001,229400
2021-08-12,40.220001,40.314999,39.575001,39.970001,39.970001,366900
2021-08-13,39.980000,40.240002,39.763000,40.009998,40.009998,296100
2021-08-16,39.759998,40.009998,38.349998,38.439999,38.439999,311400
2021-08-17,38.000000,39.250000,37.570000,39.230000,39.230000,286000
2021-08-18,38.970001,39.349998,37.700001,37.820000,37.820000,1597400
2021-08-19,37.610001,38.654999,36.830002,37.009998,37.009998,492800
2021-08-20,36.900002,38.400002,36.380001,38.200001,38.200001,464000
2021-08-23,38.840000,39.849998,38.840000,39.529999,39.529999,278900
2021-08-24,39.700001,40.049999,39.189999,40.029999,40.029999,286700
2021-08-25,40.200001,40.610001,39.410000,40.509998,40.509998,220900
2021-08-26,40.389999,40.994999,39.494999,40.220001,40.220001,309100
2021-08-27,40.419998,42.740002,40.297001,42.330002,42.330002,589100
2021-08-30,42.310001,42.740002,41.939999,42.139999,42.139999,417400