Date,Open,High,Low,Close,Adj Close,Volume
2021-01-04,61.970001,62.259998,60.799999,61.169998,60.291866,588700
2021-01-05,61.060001,61.299999,60.110001,60.160000,59.296364,636500
2021-01-06,60.009998,60.250000,58.139999,58.389999,57.551773,536700
2021-01-07,58.299999,58.619999,57.779999,58.380001,57.541916,1175200
2021-01-08,58.560001,59.869999,58.430000,59.080002,58.231873,396200
2021-01-11,58.990002,59.669998,58.020000,58.740002,57.896751,404300
2021-01-12,58.709999,59.669998,58.090000,59.369999,58.517704,542000
2021-01-13,59.700001,60.799999,59.619999,60.340000,59.473782,471000
2021-01-14,60.340000,60.340000,59.610001,60.049999,59.187943,649500
2021-01-15,60.020000,61.619999,59.950001,61.590000,60.705833,741900
2021-01-19,62.759998,62.810001,61.910000,62.689999,61.790043,785800
2021-01-20,62.570000,65.440002,62.209999,64.309998,63.386787,578900
2021-01-21,64.059998,64.360001,63.389999,64.239998,63.317795,388900
2021-01-22,64.050003,64.510002,63.790001,64.070000,63.150230,322900
2021-01-25,64.300003,66.190002,63.880001,66.000000,65.052528,582300
2021-01-26,66.120003,67.250000,65.809998,66.989998,66.028313,609100
2021-01-27,66.440002,67.209999,65.230003,65.580002,64.638557,608800
2021-01-28,65.639999,65.769997,64.379997,64.849998,63.919033,807300
2021-01-29,64.519997,65.629997,64.110001,65.099998,64.165451,687800
2021-02-01,65.330002,66.830002,64.900002,66.610001,65.653770,580400
2021-02-02,66.949997,67.000000,66.139999,66.769997,65.811478,372300
2021-02-03,66.800003,67.000000,66.269997,66.500000,65.545349,273800
2021-02-04,66.239998,66.470001,65.070000,65.230003,64.293587,400500
2021-02-05,65.339996,65.940002,64.980003,65.769997,64.825821,583300
2021-02-08,66.029999,66.269997,65.120003,65.910004,64.963829,361600
2021-02-09,66.290001,66.550003,66.029999,66.370003,65.417213,627900
2021-02-10,67.010002,67.019997,65.339996,65.559998,64.618843,491100
2021-02-11,65.559998,66.110001,63.770000,63.970001,63.051670,493400
2021-02-12,63.810001,64.400002,62.779999,63.689999,62.775688,406700
2021-02-16,63.750000,64.110001,61.250000,61.720001,60.833969,557700
2021-02-17,62.400002,64.160004,61.919998,62.799999,61.898464,1022600
2021-02-18,62.689999,64.879997,62.400002,64.120003,63.199520,787700
2021-02-19,64.209999,64.449997,63.130001,63.189999,62.282867,685500
2021-02-22,62.840000,62.840000,61.189999,61.980000,61.090237,507600
2021-02-23,61.970001,62.130001,60.680000,62.009998,61.119804,524900
2021-02-24,62.000000,62.480000,61.400002,61.779999,60.893108,850200
2021-02-25,61.279999,63.450001,61.279999,62.330002,61.435215,1016800
2021-02-26,62.680000,63.360001,61.990002,62.119999,61.228226,880600
2021-03-01,62.400002,62.930000,60.169998,60.619999,59.749760,605500
2021-03-02,60.500000,60.700001,58.160000,59.090000,58.241726,1329500
2021-03-03,58.720001,59.099998,56.959999,57.200001,56.378860,1308700
2021-03-04,57.180000,58.639999,56.169998,57.119999,56.300003,1052000
2021-03-05,57.439999,59.060001,55.910000,59.060001,58.212158,822800
2021-03-08,59.119999,60.169998,58.419998,59.250000,58.399429,804800
2021-03-09,59.750000,61.000000,59.060001,59.230000,58.379715,712400
2021-03-10,59.540001,60.320000,59.240002,59.730000,58.872536,646000
2021-03-11,60.090000,60.639999,59.169998,60.070000,59.207657,1062100
2021-03-12,60.430000,61.590000,59.680000,61.400002,60.518566,446300
2021-03-15,61.320000,63.459999,61.180000,63.459999,62.548988,383400
2021-03-16,63.470001,63.470001,62.680000,63.360001,62.450428,407800
2021-03-17,63.439999,63.439999,62.009998,62.610001,61.711193,351400
2021-03-18,61.459999,61.869999,60.500000,61.169998,60.777229,414900
2021-03-19,61.369999,62.270000,61.049999,61.520000,61.124981,1314600
2021-03-22,61.660000,63.060001,61.240002,62.740002,62.337151,605300
2021-03-23,62.619999,63.080002,62.200001,62.779999,62.376892,553700
2021-03-24,62.650002,62.910000,61.599998,62.189999,61.790680,362600
2021-03-25,62.220001,62.400002,61.299999,61.660000,61.264084,500800
2021-03-26,61.759998,63.459999,61.299999,63.419998,63.012779,281200
2021-03-29,63.480000,64.550003,63.230000,63.250000,62.843872,543700
2021-03-30,63.009998,63.750000,62.930000,63.110001,62.704773,344100
2021-03-31,62.990002,63.099998,62.040001,62.040001,61.641644,1038100
2021-04-01,62.439999,64.209999,61.959999,64.199997,63.787769,1064900
2021-04-05,64.430000,64.430000,63.290001,63.970001,63.559250,401000
2021-04-06,63.860001,64.400002,63.490002,64.190002,63.777840,467300
2021-04-07,64.269997,64.769997,63.939999,64.160004,63.748035,254400
2021-04-08,64.279999,65.120003,63.340000,63.599998,63.191624,1056100
2021-04-09,63.590000,63.709999,62.580002,63.220001,62.814068,326500
2021-04-12,63.310001,63.689999,62.389999,63.540001,63.132011,399200
2021-04-13,63.919998,64.599998,63.720001,64.379997,63.966614,306600
2021-04-14,64.430000,64.800003,63.840000,63.840000,63.430084,421100
2021-04-15,64.300003,65.580002,64.279999,65.500000,65.079430,244200
2021-04-16,65.800003,65.930000,64.970001,65.470001,65.049622,250800
2021-04-19,65.459999,66.059998,65.330002,65.760002,65.337761,713400
2021-04-20,65.720001,67.199997,65.410004,66.830002,66.400887,1015600
2021-04-21,67.220001,67.239998,66.480003,66.889999,66.460503,939400
2021-04-22,66.889999,67.360001,66.059998,66.489998,66.063065,720800
2021-04-23,66.449997,67.089996,65.989998,66.419998,65.993515,913700
2021-04-26,66.870003,66.870003,65.720001,65.989998,65.566277,857300
2021-04-27,66.059998,66.379997,64.750000,65.040001,64.622383,1035600
2021-04-28,64.620003,65.830002,63.189999,64.980003,64.562767,1401400
2021-04-29,65.459999,66.080002,63.799999,65.389999,64.970131,632900
2021-04-30,65.309998,66.650002,65.169998,66.489998,66.063065,530200
2021-05-03,66.529999,66.529999,64.690002,64.730003,64.314377,434000
2021-05-04,64.730003,65.019997,63.900002,64.269997,63.857323,333200
2021-05-05,64.000000,64.250000,62.889999,63.650002,63.241306,422600
2021-05-06,63.570000,63.840000,62.919998,63.099998,62.694836,701000
2021-05-07,63.290001,63.660000,62.730000,63.580002,63.171757,559500
2021-05-10,63.720001,64.000000,62.400002,62.639999,62.237789,385300
2021-05-11,62.169998,62.790001,61.730000,62.240002,61.840359,510000
2021-05-12,62.060001,62.849998,61.810001,62.090000,61.691322,418300
2021-05-13,62.299999,62.709999,61.220001,61.950001,61.552223,512100
2021-05-14,62.189999,62.980000,62.099998,62.639999,62.237789,357800
2021-05-17,62.520000,62.540001,61.369999,62.220001,61.820488,413100
2021-05-18,62.049999,62.869999,61.500000,62.400002,61.999332,563000
2021-05-19,62.029999,62.869999,61.599998,62.270000,61.870167,570900
2021-05-20,62.259998,63.169998,62.189999,62.939999,62.535862,565400
2021-05-21,63.029999,63.560001,62.660000,62.740002,62.337151,281700
2021-05-24,63.020000,63.570000,62.910000,63.230000,62.824001,479100
2021-05-25,63.560001,63.639999,62.939999,63.040001,62.635223,637600
2021-05-26,63.169998,63.470001,62.849998,63.110001,62.704773,463000
2021-05-27,63.389999,63.470001,62.689999,62.689999,62.287468,509000
2021-05-28,62.950001,63.540001,62.950001,63.380001,62.973042,348200
2021-06-01,63.119999,63.650002,62.320000,63.610001,63.201561,553900
2021-06-02,63.869999,64.360001,63.820000,64.190002,63.777840,615200
2021-06-03,64.279999,65.599998,63.980000,65.080002,64.662125,691600
2021-06-04,65.279999,65.820000,64.300003,64.489998,64.075912,502700
2021-06-07,78.529999,78.650002,77.970001,78.150002,77.648201,26231600
2021-06-08,78.180000,78.500000,78.150002,78.349998,77.846916,5814500
2021-06-09,78.300003,78.440002,78.199997,78.230003,77.727692,3437300
2021-06-10,78.110001,78.290001,78.070000,78.169998,77.668068,2660400
2021-06-11,78.150002,78.230003,78.000000,78.050003,77.548843,2381900
2021-06-14,78.099998,78.309998,78.029999,78.050003,77.548843,3321100
2021-06-15,78.080002,78.150002,77.760002,77.889999,77.389870,3283200
2021-06-16,78.000000,78.099998,77.800003,77.870003,77.370003,2304000
2021-06-17,77.500000,77.830002,77.220001,77.239998,77.239998,3328100
2021-06-18,77.250000,77.480003,77.150002,77.190002,77.190002,5989700
2021-06-21,77.220001,77.580002,77.099998,77.199997,77.199997,2159700
2021-06-22,77.209999,77.449997,77.160004,77.199997,77.199997,1984200
2021-06-23,77.099998,77.300003,77.089996,77.269997,77.269997,1765100
2021-06-24,77.290001,77.489998,77.169998,77.209999,77.209999,1855200
2021-06-25,77.220001,77.300003,77.150002,77.199997,77.199997,3997800
2021-06-28,77.290001,77.449997,77.209999,77.320000,77.320000,1981200
2021-06-29,77.260002,77.419998,77.180000,77.400002,77.400002,2409000
2021-06-30,77.250000,77.449997,77.250000,77.300003,77.300003,1858000
2021-07-01,77.309998,77.589996,77.230003,77.230003,77.230003,1969300
2021-07-02,77.489998,77.529999,77.309998,77.489998,77.489998,1283400
2021-07-06,77.500000,77.959999,77.330002,77.900002,77.900002,1842700
2021-07-07,77.610001,77.839996,77.309998,77.400002,77.400002,2327400
2021-07-08,77.400002,77.529999,77.300003,77.519997,77.519997,1112300
2021-07-09,77.519997,77.620003,77.449997,77.620003,77.620003,891500
2021-07-12,77.550003,77.690002,77.449997,77.550003,77.550003,1572600
2021-07-13,77.500000,77.599998,77.440002,77.480003,77.480003,1256100
2021-07-14,77.510002,77.540001,77.449997,77.449997,77.449997,1510000
2021-07-15,77.510002,77.550003,77.400002,77.550003,77.550003,1067200
2021-07-16,77.550003,77.760002,77.500000,77.559998,77.559998,1135600
2021-07-19,77.589996,77.750000,77.320000,77.389999,77.389999,2102700
2021-07-20,77.300003,77.610001,77.300003,77.410004,77.410004,5538600
2021-07-21,77.500000,77.779999,77.500000,77.750000,77.750000,2073100
2021-07-22,77.570000,77.699997,77.570000,77.599998,77.599998,2857300
2021-07-23,77.510002,77.709999,77.510002,77.690002,77.690002,925800
2021-07-26,77.570000,77.699997,77.519997,77.650002,77.650002,1949700
2021-07-27,77.550003,77.690002,77.540001,77.570000,77.570000,2760500
2021-07-28,77.589996,77.650002,77.449997,77.459999,77.459999,1782300
2021-07-29,77.500000,77.610001,77.459999,77.550003,77.550003,1399200
2021-07-30,77.580002,77.730003,77.519997,77.709999,77.709999,1383800
2021-08-02,77.699997,77.699997,77.610001,77.650002,77.650002,1156100
2021-08-03,77.660004,77.739998,77.589996,77.660004,77.660004,895000
2021-08-04,77.660004,77.739998,77.449997,77.580002,77.580002,2023500
2021-08-05,77.599998,77.690002,77.589996,77.669998,77.669998,878900
2021-08-06,77.739998,77.739998,77.629997,77.650002,77.650002,865000
2021-08-09,77.650002,77.690002,77.650002,77.669998,77.669998,872200
2021-08-10,77.680000,77.709999,77.570000,77.620003,77.620003,1830700
2021-08-11,77.680000,77.699997,77.440002,77.580002,77.580002,2613500
2021-08-12,77.629997,77.680000,77.349998,77.639999,77.639999,1619300
2021-08-13,77.660004,77.750000,77.620003,77.730003,77.730003,754100
2021-08-16,77.699997,77.760002,77.669998,77.680000,77.680000,723000
2021-08-17,77.690002,77.739998,77.680000,77.720001,77.720001,609800
2021-08-18,77.709999,77.769997,77.709999,77.720001,77.720001,874800
2021-08-19,77.750000,77.800003,77.699997,77.699997,77.699997,1432100
2021-08-20,77.519997,77.800003,77.519997,77.790001,77.790001,1309500
2021-08-23,77.790001,77.860001,77.790001,77.849998,77.849998,1202400
2021-08-24,77.849998,77.860001,77.820000,77.820000,77.820000,1178200
2021-08-25,77.820000,77.870003,77.800003,77.800003,77.800003,1608100
2021-08-26,77.879997,77.959999,77.839996,77.910004,77.910004,3700200
2021-08-27,77.930000,77.949997,77.879997,77.919998,77.919998,3099900
2021-08-30,77.940002,77.970001,77.930000,77.949997,77.949997,5799400