Date,Open,High,Low,Close,Adj Close,Volume
2021-01-04,126.900002,127.000000,121.169998,123.930000,123.930000,322900
2021-01-05,123.519997,126.300003,123.050003,124.300003,124.300003,287700
2021-01-06,123.089996,123.629997,118.239998,120.889999,120.889999,512600
2021-01-07,121.480003,124.860001,121.480003,124.180000,124.180000,267000
2021-01-08,125.430000,127.239998,124.199997,126.269997,126.269997,279700
2021-01-11,125.339996,128.350006,124.540001,127.160004,127.160004,234200
2021-01-12,127.510002,128.919998,126.050003,128.000000,128.000000,1621700
2021-01-13,128.000000,128.940002,127.160004,128.009995,128.009995,270100
2021-01-14,128.389999,130.960007,128.330002,130.149994,130.149994,337100
2021-01-15,129.500000,132.080002,128.500000,129.110001,129.110001,932100
2021-01-19,130.770004,133.250000,130.630005,132.179993,132.179993,455900
2021-01-20,133.470001,135.320007,132.990005,135.190002,135.190002,596900
2021-01-21,136.009995,136.910004,133.809998,136.559998,136.559998,460000
2021-01-22,136.020004,139.809998,135.550003,139.690002,139.690002,408100
2021-01-25,141.460007,142.759995,137.009995,138.619995,138.619995,608700
2021-01-26,139.070007,140.750000,137.360001,139.320007,139.320007,481400
2021-01-27,137.380005,139.240005,128.509995,136.199997,136.199997,778100
2021-01-28,137.199997,138.190002,131.199997,131.419998,131.419998,647400
2021-01-29,131.100006,131.529999,127.980003,127.989998,127.989998,558300
2021-02-01,128.820007,132.100006,126.519997,131.050003,131.050003,860900
2021-02-02,132.460007,138.820007,132.220001,137.020004,137.020004,708200
2021-02-03,136.970001,137.809998,133.500000,134.789993,134.789993,294800
2021-02-04,135.380005,138.639999,134.910004,138.240005,138.240005,251100
2021-02-05,139.669998,142.759995,138.880005,142.570007,142.570007,629500
2021-02-08,143.429993,143.750000,141.479996,143.550003,143.550003,437400
2021-02-09,143.550003,144.860001,140.830002,144.119995,144.119995,408900
2021-02-10,145.199997,148.559998,144.770004,145.740005,145.740005,627900
2021-02-11,146.800003,147.380005,143.779999,144.729996,144.729996,298500
2021-02-12,144.210007,145.899994,143.580002,145.740005,145.740005,259600
2021-02-16,146.320007,147.589996,145.809998,146.699997,146.699997,328200
2021-02-17,145.070007,145.839996,142.619995,144.559998,144.559998,454000
2021-02-18,142.940002,144.100006,135.009995,137.229996,137.229996,868600
2021-02-19,138.300003,140.910004,136.259995,137.500000,137.500000,789000
2021-02-22,135.449997,136.839996,133.199997,135.350006,135.350006,568000
2021-02-23,131.970001,132.029999,127.330002,129.899994,129.899994,652300
2021-02-24,129.520004,132.940002,126.949997,130.660004,130.660004,393700
2021-02-25,129.839996,130.429993,121.510002,122.309998,122.309998,730000
2021-02-26,123.110001,125.019997,119.680000,121.879997,121.879997,841000
2021-03-01,124.160004,126.589996,123.809998,125.000000,125.000000,376200
2021-03-02,125.870003,126.339996,121.300003,121.430000,121.430000,495000
2021-03-03,121.330002,121.820000,113.500000,113.779999,113.779999,706500
2021-03-04,113.050003,114.309998,107.900002,109.300003,109.300003,1031100
2021-03-05,110.709999,111.389999,104.379997,109.260002,109.260002,1093500
2021-03-08,109.260002,113.059998,105.849998,106.239998,106.239998,772300
2021-03-09,110.320000,113.510002,108.970001,109.400002,109.400002,871200
2021-03-10,111.019997,112.580002,108.290001,108.389999,108.389999,672500
2021-03-11,111.320000,113.550003,111.080002,112.699997,112.699997,678700
2021-03-12,111.089996,113.279999,109.150002,111.839996,111.839996,469000
2021-03-15,111.019997,113.720001,110.830002,113.160004,113.160004,431100
2021-03-16,114.019997,116.010002,111.040001,112.019997,112.019997,366600
2021-03-17,110.500000,111.529999,107.589996,110.629997,110.629997,562300
2021-03-18,108.559998,108.720001,105.169998,105.540001,105.540001,626400
2021-03-19,106.379997,109.169998,105.000000,106.889999,106.889999,767600
2021-03-22,107.400002,110.160004,106.690002,107.820000,107.820000,645400
2021-03-23,107.190002,107.830002,105.070000,105.529999,105.529999,736300
2021-03-24,105.720001,107.089996,101.459999,101.599998,101.599998,659700
2021-03-25,100.500000,101.650002,98.459999,101.019997,101.019997,476400
2021-03-26,101.459999,102.959999,100.500000,102.650002,102.650002,479800
2021-03-29,102.489998,102.720001,97.779999,99.129997,99.129997,753000
2021-03-30,98.459999,99.419998,96.300003,98.480003,98.480003,607000
2021-03-31,99.660004,103.220001,99.370003,100.199997,100.199997,937900
2021-04-01,102.339996,103.769997,102.199997,103.099998,103.099998,515100
2021-04-05,105.220001,106.919998,102.910004,103.680000,103.680000,730800
2021-04-06,103.199997,104.739998,101.900002,103.699997,103.699997,411400
2021-04-07,103.000000,103.930000,101.070000,101.820000,101.820000,582100
2021-04-08,102.889999,105.459999,102.620003,103.059998,103.059998,443700
2021-04-09,102.440002,103.080002,100.260002,102.900002,102.900002,496400
2021-04-12,102.769997,103.010002,100.930000,101.989998,101.989998,626200
2021-04-13,102.430000,103.430000,100.959999,102.559998,102.559998,616000
2021-04-14,103.410004,105.400002,102.389999,104.690002,104.690002,790900
2021-04-15,106.120003,106.150002,104.269997,105.239998,105.239998,463900
2021-04-16,105.279999,106.120003,104.459999,105.440002,105.440002,427300
2021-04-19,104.720001,105.820000,101.449997,102.089996,102.089996,420100
2021-04-20,101.550003,103.120003,99.489998,100.169998,100.169998,439600
2021-04-21,99.559998,102.480003,99.559998,102.419998,102.419998,206400
2021-04-22,102.709999,104.760002,101.980003,103.370003,103.370003,350500
2021-04-23,104.300003,104.970001,103.330002,103.830002,103.830002,317800
2021-04-26,104.529999,106.400002,103.809998,106.190002,106.190002,193200
2021-04-27,106.500000,106.860001,105.540001,106.389999,106.389999,320700
2021-04-28,106.199997,107.970001,105.169998,107.570000,107.570000,324400
2021-04-29,108.239998,108.260002,104.760002,105.290001,105.290001,381100
2021-04-30,103.910004,106.959999,103.550003,104.019997,104.019997,451400
2021-05-03,104.169998,105.059998,102.580002,103.000000,103.000000,608600
2021-05-04,101.870003,102.379997,97.449997,98.400002,98.400002,536600
2021-05-05,99.449997,100.239998,95.489998,95.510002,95.510002,442400
2021-05-06,95.019997,97.550003,92.820000,94.930000,94.930000,989500
2021-05-07,96.120003,98.660004,95.379997,97.440002,97.440002,702400
2021-05-10,96.370003,96.500000,92.220001,92.300003,92.300003,663900
2021-05-11,89.839996,93.919998,88.610001,92.470001,92.470001,459400
2021-05-12,90.720001,93.080002,89.849998,90.779999,90.779999,870500
2021-05-13,93.070000,94.199997,89.860001,91.389999,91.389999,728200
2021-05-14,92.139999,95.459999,91.860001,93.989998,93.989998,710900
2021-05-17,92.900002,93.699997,90.989998,92.900002,92.900002,564300
2021-05-18,93.320000,96.220001,92.860001,94.940002,94.940002,677800
2021-05-19,93.169998,94.980003,92.699997,93.849998,93.849998,523400
2021-05-20,94.489998,95.779999,93.800003,94.389999,94.389999,453200
2021-05-21,95.449997,96.000000,94.080002,94.230003,94.230003,331300
2021-05-24,95.400002,96.110001,95.070000,95.260002,95.260002,279600
2021-05-25,95.839996,96.660004,94.970001,95.099998,95.099998,378100
2021-05-26,95.839996,96.730003,94.769997,96.699997,96.699997,486800
2021-05-27,96.320000,96.849998,94.949997,95.900002,95.900002,318200
2021-05-28,96.500000,97.400002,94.900002,94.930000,94.930000,416500
2021-06-01,95.199997,95.589996,93.269997,95.370003,95.370003,403900
2021-06-02,95.400002,96.300003,94.599998,95.389999,95.389999,311300
2021-06-03,94.610001,95.660004,93.669998,95.089996,95.089996,433100
2021-06-04,95.760002,96.800003,94.849998,95.230003,95.230003,374400
2021-06-07,94.930000,96.440002,94.750000,96.010002,96.010002,321800
2021-06-08,96.830002,97.180000,94.570000,95.470001,95.470001,529200
2021-06-09,95.809998,96.820000,94.430000,94.949997,94.949997,507700
2021-06-10,94.940002,97.720001,94.699997,97.620003,97.620003,450600
2021-06-11,97.660004,101.339996,97.620003,101.309998,101.309998,468800
2021-06-14,101.870003,102.330002,100.070000,102.089996,102.089996,582800
2021-06-15,101.690002,102.400002,100.910004,102.010002,102.010002,534200
2021-06-16,101.790001,103.029999,99.699997,101.070000,101.070000,492500
2021-06-17,100.260002,104.820000,100.260002,104.040001,104.040001,396700
2021-06-18,103.989998,104.849998,102.820000,103.900002,103.900002,633400
2021-06-21,103.809998,105.639999,101.769997,105.459999,105.459999,405000
2021-06-22,105.209999,107.160004,104.790001,106.599998,106.599998,520200
2021-06-23,106.629997,107.910004,106.139999,107.349998,107.349998,396100
2021-06-24,108.269997,108.769997,107.279999,108.099998,108.099998,221100
2021-06-25,108.459999,108.889999,105.449997,105.750000,105.750000,640500
2021-06-28,106.279999,106.760002,104.940002,106.529999,106.529999,269500
2021-06-29,106.400002,106.730003,105.239998,106.010002,106.010002,222800
2021-06-30,105.300003,106.500000,102.580002,102.580002,102.580002,290400
2021-07-01,102.589996,104.029999,102.570000,103.570000,103.570000,303500
2021-07-02,104.500000,104.849998,103.279999,103.830002,103.830002,179000
2021-07-06,104.000000,104.750000,102.839996,103.919998,103.919998,293000
2021-07-07,104.800003,105.330002,102.940002,104.099998,104.099998,448600
2021-07-08,102.190002,103.230003,100.010002,102.279999,102.279999,330400
2021-07-09,102.150002,103.169998,101.290001,103.000000,103.000000,195400
2021-07-12,103.389999,103.820000,101.660004,102.160004,102.160004,198900
2021-07-13,101.419998,103.160004,101.419998,102.180000,102.180000,268300
2021-07-14,102.230003,102.650002,99.570000,99.680000,99.680000,459500
2021-07-15,99.040001,99.940002,96.800003,97.580002,97.580002,226400
2021-07-16,98.419998,99.779999,98.019997,99.019997,99.019997,175700
2021-07-19,97.400002,100.150002,96.379997,99.480003,99.480003,335900
2021-07-20,100.349998,104.269997,99.260002,103.209999,103.209999,493300
2021-07-21,103.620003,105.739998,103.209999,104.839996,104.839996,284800
2021-07-22,104.830002,105.529999,103.949997,104.870003,104.870003,121800
2021-07-23,105.209999,105.620003,104.500000,104.870003,104.870003,118100
2021-07-26,105.050003,105.050003,103.510002,104.620003,104.620003,205000
2021-07-27,104.750000,105.610001,101.800003,103.839996,103.839996,347500
2021-07-28,104.300003,105.430000,104.129997,104.500000,104.500000,213300
2021-07-29,105.139999,105.559998,104.400002,104.459999,104.459999,167800
2021-07-30,103.910004,105.199997,103.300003,103.309998,103.309998,202900
2021-08-02,103.849998,105.169998,100.379997,100.599998,100.599998,494300
2021-08-03,100.320000,100.559998,97.209999,98.410004,98.410004,368600
2021-08-04,98.209999,100.300003,97.349998,98.820000,98.820000,310300
2021-08-05,95.459999,96.150002,92.309998,92.440002,92.440002,898200
2021-08-06,92.440002,92.889999,89.750000,89.959999,89.959999,600000
2021-08-09,89.500000,89.510002,87.000000,87.349998,87.349998,644300
2021-08-10,87.699997,88.169998,83.680000,83.750000,83.750000,470900
2021-08-11,83.980003,84.050003,82.040001,83.489998,83.489998,407100
2021-08-12,83.190002,83.489998,81.199997,81.260002,81.260002,319600
2021-08-13,80.660004,81.239998,79.779999,80.309998,80.309998,481900
2021-08-16,79.669998,79.849998,78.099998,78.730003,78.730003,345900
2021-08-17,77.949997,79.040001,76.900002,78.980003,78.980003,443800
2021-08-18,79.160004,81.269997,78.760002,80.930000,80.930000,648300
2021-08-19,80.400002,81.739998,79.919998,80.500000,80.500000,607500
2021-08-20,80.480003,81.839996,80.430000,80.919998,80.919998,553600
2021-08-23,80.930000,82.459999,80.930000,82.430000,82.430000,303200
2021-08-24,83.000000,84.330002,82.589996,84.010002,84.010002,408300
2021-08-25,84.000000,85.099998,83.639999,84.510002,84.510002,356700
2021-08-26,83.970001,85.010002,83.089996,83.680000,83.680000,345300
2021-08-27,83.709999,88.470001,83.709999,87.690002,87.690002,439400
2021-08-30,87.980003,88.129997,86.879997,87.199997,87.199997,350400