Date,Open,High,Low,Close,Adj Close,Volume
2021-01-04,73.419998,73.699997,70.180000,71.750000,71.750000,417900
2021-01-05,71.639999,73.800003,71.639999,73.570000,73.570000,361800
2021-01-06,73.760002,77.849998,73.720001,75.940002,75.940002,614300
2021-01-07,76.459999,81.220001,76.129997,80.620003,80.620003,624300
2021-01-08,81.440002,83.209999,80.489998,82.089996,82.089996,653400
2021-01-11,80.570000,84.360001,79.889999,83.559998,83.559998,680200
2021-01-12,83.169998,84.589996,82.230003,83.680000,83.680000,723600
2021-01-13,84.360001,84.360001,80.940002,81.150002,81.150002,501000
2021-01-14,81.489998,85.430000,81.279999,84.919998,84.919998,1045000
2021-01-15,84.120003,87.379997,84.029999,85.959999,85.959999,893000
2021-01-19,86.919998,87.000000,81.769997,82.839996,82.839996,642700
2021-01-20,83.500000,84.379997,81.099998,81.889999,81.889999,400000
2021-01-21,82.099998,82.720001,80.860001,82.400002,82.400002,268900
2021-01-22,81.480003,83.480003,81.480003,83.290001,83.290001,385500
2021-01-25,83.570000,85.120003,80.750000,82.269997,82.269997,471700
2021-01-26,82.790001,83.309998,80.779999,81.070000,81.070000,460200
2021-01-27,79.129997,82.820000,76.669998,77.339996,77.339996,794900
2021-01-28,78.339996,79.300003,76.489998,78.709999,78.709999,324900
2021-01-29,78.300003,79.239998,75.650002,75.709999,75.709999,450800
2021-02-01,76.279999,79.250000,75.830002,78.629997,78.629997,836700
2021-02-02,80.360001,81.160004,79.309998,80.910004,80.910004,581600
2021-02-03,80.690002,81.370003,78.779999,78.839996,78.839996,326700
2021-02-04,79.080002,80.339996,78.919998,79.839996,79.839996,740700
2021-02-05,80.989998,83.699997,79.809998,82.010002,82.010002,953800
2021-02-08,82.500000,84.330002,79.000000,79.540001,79.540001,1152200
2021-02-09,76.680000,77.029999,70.930000,73.230003,73.230003,2392500
2021-02-10,71.250000,72.580002,70.660004,71.139999,71.139999,1191900
2021-02-11,73.110001,74.199997,70.500000,71.120003,71.120003,1092600
2021-02-12,70.290001,72.290001,69.360001,70.930000,70.930000,756800
2021-02-16,71.410004,71.940002,69.389999,70.889999,70.889999,732600
2021-02-17,69.919998,70.389999,67.680000,69.910004,69.910004,965800
2021-02-18,69.879997,70.230003,68.000000,68.970001,68.970001,473600
2021-02-19,69.269997,71.190002,68.720001,70.629997,70.629997,465200
2021-02-22,69.500000,70.669998,67.449997,67.589996,67.589996,695000
2021-02-23,63.889999,66.190002,62.990002,65.860001,65.860001,869500
2021-02-24,66.180000,67.680000,65.190002,66.879997,66.879997,406000
2021-02-25,66.540001,67.910004,62.439999,62.830002,62.830002,724200
2021-02-26,63.209999,64.669998,61.570000,63.160000,63.160000,857800
2021-03-01,64.500000,66.860001,64.190002,66.040001,66.040001,585800
2021-03-02,66.339996,66.389999,64.470001,64.559998,64.559998,527500
2021-03-03,64.820000,65.589996,59.040001,59.119999,59.119999,1110200
2021-03-04,55.650002,58.130001,53.840000,54.959999,54.959999,2693700
2021-03-05,55.770000,55.990002,50.770000,52.560001,52.560001,1534400
2021-03-08,52.189999,52.730000,48.700001,48.849998,48.849998,1455000
2021-03-09,50.480000,52.730000,50.240002,51.470001,51.470001,1916100
2021-03-10,52.529999,54.520000,52.529999,54.180000,54.180000,882900
2021-03-11,55.650002,57.209999,55.230000,57.110001,57.110001,1037900
2021-03-12,56.160000,57.080002,55.000000,55.959999,55.959999,667400
2021-03-15,55.910000,57.619999,54.980000,56.450001,56.450001,662000
2021-03-16,57.000000,57.049999,55.340000,55.799999,55.799999,385300
2021-03-17,54.560001,55.869999,53.070000,55.630001,55.630001,1250600
2021-03-18,55.000000,56.110001,54.049999,54.619999,54.619999,696700
2021-03-19,57.349998,57.349998,53.700001,53.950001,53.950001,2002100
2021-03-22,53.599998,54.000000,52.099998,52.930000,52.930000,798900
2021-03-23,52.480000,52.930000,51.230000,51.500000,51.500000,695300
2021-03-24,51.520000,51.950001,49.830002,49.880001,49.880001,622600
2021-03-25,49.220001,52.090000,49.200001,51.750000,51.750000,672700
2021-03-26,51.849998,53.060001,50.919998,53.000000,53.000000,445900
2021-03-29,52.580002,53.610001,50.639999,50.650002,50.650002,666200
2021-03-30,50.770000,51.689999,49.869999,50.709999,50.709999,430600
2021-03-31,51.000000,52.750000,51.000000,51.880001,51.880001,510500
2021-04-01,52.560001,53.700001,52.220001,53.060001,53.060001,625300
2021-04-05,53.779999,53.889999,52.189999,53.599998,53.599998,496200
2021-04-06,53.070000,53.349998,52.070000,52.130001,52.130001,507700
2021-04-07,53.270000,53.270000,51.490002,51.700001,51.700001,352800
2021-04-08,52.430000,53.619999,52.070000,52.970001,52.970001,569100
2021-04-09,52.980000,52.980000,50.840000,51.090000,51.090000,460300
2021-04-12,50.660000,51.080002,49.689999,50.570000,50.570000,519100
2021-04-13,50.840000,51.320000,49.639999,50.200001,50.200001,841000
2021-04-14,50.450001,51.860001,49.790001,50.000000,50.000000,762500
2021-04-15,51.020000,51.200001,50.000000,50.889999,50.889999,508800
2021-04-16,51.169998,51.220001,49.340000,49.349998,49.349998,510600
2021-04-19,48.990002,49.450001,47.500000,48.439999,48.439999,612000
2021-04-20,48.200001,48.709999,46.160000,46.650002,46.650002,957900
2021-04-21,46.480000,47.410000,46.389999,47.290001,47.290001,794800
2021-04-22,47.930000,49.419998,47.430000,48.130001,48.130001,635000
2021-04-23,48.080002,49.310001,47.959999,49.169998,49.169998,537600
2021-04-26,49.290001,50.380001,48.880001,50.150002,50.150002,887300
2021-04-27,49.660000,50.220001,49.250000,49.630001,49.630001,510100
2021-04-28,49.130001,50.250000,48.630001,50.240002,50.240002,471000
2021-04-29,50.500000,50.790001,49.580002,50.169998,50.169998,469400
2021-04-30,49.290001,49.720001,48.520000,48.980000,48.980000,622700
2021-05-03,49.560001,49.869999,48.299999,48.889999,48.889999,501100
2021-05-04,48.619999,48.740002,46.910000,48.250000,48.250000,634900
2021-05-05,48.650002,49.169998,47.270000,47.830002,47.830002,659000
2021-05-06,47.900002,48.130001,46.200001,48.080002,48.080002,779500
2021-05-07,48.470001,49.740002,48.470001,49.549999,49.549999,928900
2021-05-10,49.029999,49.290001,46.509998,46.750000,46.750000,1093400
2021-05-11,45.049999,47.330002,45.000000,47.029999,47.029999,475600
2021-05-12,46.119999,46.590000,44.990002,45.490002,45.490002,1284500
2021-05-13,46.240002,48.740002,46.200001,48.450001,48.450001,1211800
2021-05-14,49.180000,50.570000,48.849998,50.060001,50.060001,736400
2021-05-17,49.130001,49.200001,46.369999,46.610001,46.610001,492700
2021-05-18,46.720001,47.790001,46.720001,46.990002,46.990002,384700
2021-05-19,45.970001,47.009998,45.680000,46.470001,46.470001,341900
2021-05-20,46.810001,47.410000,46.680000,47.130001,47.130001,278300
2021-05-21,47.779999,47.849998,47.169998,47.480000,47.480000,373400
2021-05-24,47.439999,48.119999,47.160000,47.490002,47.490002,360100
2021-05-25,47.580002,48.240002,47.110001,47.189999,47.189999,377500
2021-05-26,48.020000,50.070000,47.810001,48.459999,48.459999,787200
2021-05-27,48.009998,49.939999,47.500000,49.660000,49.660000,745200
2021-05-28,49.770000,50.900002,49.060001,50.240002,50.240002,735100
2021-06-01,49.970001,50.270000,48.759998,49.470001,49.470001,588000
2021-06-02,49.509998,50.240002,48.529999,48.970001,48.970001,1273800
2021-06-03,48.430000,49.580002,48.139999,49.049999,49.049999,578500
2021-06-04,49.209999,49.490002,48.889999,49.080002,49.080002,414400
2021-06-07,49.020000,50.200001,48.889999,49.950001,49.950001,606400
2021-06-08,50.459999,50.770000,49.820000,50.029999,50.029999,1074300
2021-06-09,50.410000,50.470001,48.180000,48.230000,48.230000,555100
2021-06-10,48.169998,48.639999,47.730000,48.360001,48.360001,521400
2021-06-11,47.709999,47.830002,41.209999,41.750000,41.750000,6966100
2021-06-14,42.110001,42.779999,41.860001,42.290001,42.290001,2490100
2021-06-15,42.369999,43.549999,42.259998,42.849998,42.849998,1831400
2021-06-16,42.830002,43.099998,41.119999,41.700001,41.700001,1249300
2021-06-17,42.049999,43.430000,41.849998,42.450001,42.450001,1147700
2021-06-18,42.009998,43.160000,41.430000,41.500000,41.500000,1830700
2021-06-21,41.549999,42.240002,40.700001,41.980000,41.980000,990500
2021-06-22,41.660000,44.349998,41.500000,44.299999,44.299999,1207500
2021-06-23,44.320000,45.380001,44.160000,44.900002,44.900002,938700
2021-06-24,45.529999,49.950001,45.400002,47.750000,47.750000,2516700
2021-06-25,47.570000,49.889999,46.880001,49.650002,49.650002,3871600
2021-06-28,49.980000,50.250000,47.110001,47.730000,47.730000,884900
2021-06-29,47.889999,48.299999,47.330002,47.380001,47.380001,570700
2021-06-30,47.090000,47.279999,46.080002,46.849998,46.849998,768300
2021-07-01,47.299999,47.349998,46.619999,46.900002,46.900002,578600
2021-07-02,47.250000,47.470001,45.119999,45.150002,45.150002,667000
2021-07-06,45.270000,46.220001,45.099998,45.830002,45.830002,539400
2021-07-07,45.790001,46.090000,44.060001,44.110001,44.110001,484700
2021-07-08,42.910000,43.930000,42.570000,43.169998,43.169998,480800
2021-07-09,43.430000,44.029999,42.930000,43.869999,43.869999,309200
2021-07-12,44.110001,44.110001,42.740002,42.790001,42.790001,413100
2021-07-13,42.209999,42.509998,41.049999,41.169998,41.169998,658500
2021-07-14,41.150002,41.580002,39.139999,39.380001,39.380001,939600
2021-07-15,39.369999,40.320000,38.860001,39.630001,39.630001,642800
2021-07-16,40.080002,40.689999,39.720001,39.849998,39.849998,727100
2021-07-19,39.000000,40.889999,38.590000,40.150002,40.150002,772900
2021-07-20,40.209999,41.099998,39.549999,40.570000,40.570000,813700
2021-07-21,40.639999,41.900002,40.509998,41.770000,41.770000,617900
2021-07-22,41.509998,41.650002,40.880001,40.919998,40.919998,262000
2021-07-23,41.509998,41.889999,40.919998,41.389999,41.389999,275800
2021-07-26,41.680000,41.680000,40.529999,40.799999,40.799999,332800
2021-07-27,40.369999,40.709999,39.400002,39.930000,39.930000,442300
2021-07-28,40.500000,40.730000,40.040001,40.349998,40.349998,442700
2021-07-29,40.650002,41.060001,40.220001,40.320000,40.320000,258600
2021-07-30,39.770000,40.570000,39.720001,40.009998,40.009998,333300
2021-08-02,40.320000,40.480000,39.430000,39.880001,39.880001,405900
2021-08-03,39.830002,40.020000,39.180000,39.669998,39.669998,407900
2021-08-04,39.220001,39.740002,38.599998,38.660000,38.660000,460300
2021-08-05,38.639999,39.770000,38.500000,38.830002,38.830002,421000
2021-08-06,43.110001,48.830002,43.099998,47.470001,47.470001,2811700
2021-08-09,47.520000,48.230000,46.250000,46.770000,46.770000,1118600
2021-08-10,46.849998,47.279999,45.610001,47.250000,47.250000,601700
2021-08-11,47.480000,48.000000,46.490002,47.529999,47.529999,526800
2021-08-12,46.869999,47.700001,46.700001,47.020000,47.020000,421100
2021-08-13,46.619999,47.240002,45.529999,45.570000,45.570000,389100
2021-08-16,44.970001,45.599998,44.040001,44.860001,44.860001,310600
2021-08-17,44.150002,44.720001,43.189999,44.009998,44.009998,459600
2021-08-18,44.250000,45.360001,44.029999,44.139999,44.139999,255300
2021-08-19,43.650002,44.880001,43.630001,44.209999,44.209999,341900
2021-08-20,44.040001,45.270000,44.040001,44.720001,44.720001,487300
2021-08-23,44.599998,45.349998,44.299999,44.930000,44.930000,313000
2021-08-24,45.389999,45.580002,44.889999,45.259998,45.259998,230900
2021-08-25,45.270000,45.490002,44.830002,45.160000,45.160000,282100
2021-08-26,44.759998,45.240002,44.330002,44.639999,44.639999,255400
2021-08-27,44.720001,47.049999,44.680000,47.009998,47.009998,445800
2021-08-30,47.480000,49.049999,47.330002,48.939999,48.939999,606200