Date,Open,High,Low,Close,Adj Close,Volume
2021-01-04,38.500000,38.849998,36.990002,38.139999,37.722538,696000
2021-01-05,37.959999,39.759998,37.959999,39.700001,39.265465,711800
2021-01-06,40.000000,43.529999,40.000000,43.480000,43.004093,1104600
2021-01-07,43.779999,44.130001,42.680000,43.450001,42.974422,670600
2021-01-08,43.470001,43.730000,42.070000,42.580002,42.113945,512200
2021-01-11,42.110001,43.070000,41.500000,42.750000,42.282082,425100
2021-01-12,43.070000,44.900002,43.000000,44.689999,44.200844,690500
2021-01-13,44.389999,45.830002,44.200001,45.660000,45.160229,650200
2021-01-14,45.970001,49.080002,45.709999,48.840000,48.305424,802800
2021-01-15,47.020000,48.270000,45.470001,47.360001,46.841621,1165800
2021-01-19,47.770000,47.990002,46.380001,46.840000,46.327316,519500
2021-01-20,46.590000,47.990002,46.590000,47.689999,47.168007,377400
2021-01-21,47.650002,48.279999,47.220001,47.230000,46.713043,365100
2021-01-22,47.139999,48.009998,46.700001,47.910000,47.385601,339000
2021-01-25,48.250000,48.590000,46.080002,46.459999,45.951469,427000
2021-01-26,47.080002,47.220001,46.009998,46.590000,46.080051,415700
2021-01-27,45.560001,45.970001,43.000000,44.020000,43.538181,773200
2021-01-28,44.029999,44.049999,42.099998,43.200001,42.727154,630200
2021-01-29,43.459999,45.220001,42.919998,43.299999,42.826057,598400
2021-02-01,44.830002,44.990002,43.529999,44.700001,44.210735,528100
2021-02-02,45.009998,47.090000,44.330002,46.150002,45.644867,608100
2021-02-03,45.619999,46.419998,44.049999,45.830002,45.328369,478500
2021-02-04,47.279999,48.000000,46.029999,47.750000,47.227352,692800
2021-02-05,47.959999,49.680000,46.310001,49.610001,49.066998,995600
2021-02-08,50.000000,52.709999,49.740002,52.680000,52.103394,739600
2021-02-09,52.570000,53.160000,51.570000,52.889999,52.311092,654800
2021-02-10,53.220001,53.580002,51.380001,52.299999,51.727551,427400
2021-02-11,52.439999,53.599998,52.369999,52.889999,52.311092,400400
2021-02-12,52.919998,53.490002,52.500000,53.400002,52.815514,398400
2021-02-16,53.209999,53.680000,51.230000,51.900002,51.331932,477600
2021-02-17,51.700001,51.869999,50.549999,51.139999,50.580250,434600
2021-02-18,51.139999,52.230000,50.090000,51.310001,50.748390,817600
2021-02-19,51.759998,52.570000,51.599998,52.419998,51.846233,390800
2021-02-22,51.970001,54.689999,51.580002,54.500000,53.903473,753800
2021-02-23,53.680000,54.869999,52.590000,54.169998,53.577084,1022700
2021-02-24,53.450001,55.369999,53.169998,54.490002,53.893585,825000
2021-02-25,56.880001,58.340000,53.700001,54.790001,54.190300,1327700
2021-02-26,52.509998,58.520000,52.250000,57.759998,57.127789,1352200
2021-03-01,60.000000,60.810001,57.599998,59.570000,58.917976,965400
2021-03-02,60.340000,60.900002,58.250000,58.860001,58.215752,862900
2021-03-03,58.450001,59.500000,57.189999,57.869999,57.236584,645800
2021-03-04,57.730000,57.950001,53.020000,53.619999,53.033100,1251800
2021-03-05,54.790001,55.310001,51.869999,54.830002,54.229862,907700
2021-03-08,55.799999,59.430000,55.000000,58.919998,58.275093,1024600
2021-03-09,59.650002,61.049999,59.290001,59.520000,58.868526,484000
2021-03-10,59.880001,61.919998,59.090000,61.119999,60.451012,604900
2021-03-11,61.689999,62.500000,60.730000,61.970001,61.291710,630700
2021-03-12,61.570000,64.160004,61.570000,63.919998,63.220364,720200
2021-03-15,64.080002,64.790001,62.919998,64.250000,63.546753,714400
2021-03-16,64.260002,64.320000,61.349998,62.590000,61.904922,612100
2021-03-17,62.500000,62.540001,60.509998,61.360001,60.688385,469300
2021-03-18,61.680000,62.220001,59.590000,59.840000,59.185020,459800
2021-03-19,59.360001,61.709999,58.630001,60.970001,60.302654,1088000
2021-03-22,61.450001,61.740002,59.029999,59.410000,58.759727,422100
2021-03-23,58.990002,59.250000,56.500000,57.009998,56.385994,584300
2021-03-24,57.750000,58.799999,55.369999,55.619999,55.011215,517500
2021-03-25,55.070000,58.450001,54.590000,57.830002,57.197025,431400
2021-03-26,58.959999,59.290001,57.360001,59.200001,58.552029,442800
2021-03-29,59.040001,59.490002,56.150002,56.540001,55.921143,526100
2021-03-30,56.549999,58.160000,55.869999,58.110001,57.473957,408100
2021-03-31,57.959999,58.700001,57.160000,57.660000,57.028885,464200
2021-04-01,58.889999,59.160000,57.770000,58.980000,58.334435,407100
2021-04-05,58.730000,59.110001,56.939999,57.930000,57.598667,442000
2021-04-06,57.759998,60.250000,57.529999,58.720001,58.384151,647700
2021-04-07,58.730000,59.419998,56.770000,57.689999,57.360039,590700
2021-04-08,57.849998,58.049999,56.709999,57.799999,57.469410,472000
2021-04-09,57.759998,58.400002,56.950001,58.130001,57.797523,563000
2021-04-12,58.020000,58.980000,57.000000,57.860001,57.529068,366200
2021-04-13,57.810001,58.189999,56.220001,57.009998,56.683926,420500
2021-04-14,56.750000,58.450001,56.680000,57.630001,57.300385,477500
2021-04-15,58.380001,58.380001,56.310001,56.919998,56.594440,331200
2021-04-16,57.270000,57.500000,56.520000,56.889999,56.564613,259600
2021-04-19,57.110001,57.110001,54.820000,56.160000,55.838791,436400
2021-04-20,56.220001,56.459999,52.910000,53.720001,53.412746,537200
2021-04-21,54.000000,55.119999,53.500000,54.860001,54.546227,419100
2021-04-22,55.180000,55.520000,53.790001,54.380001,54.068974,306500
2021-04-23,54.860001,56.500000,54.619999,56.250000,55.928276,449400
2021-04-26,58.580002,58.580002,56.250000,57.009998,56.683926,387000
2021-04-27,57.500000,60.220001,57.500000,60.000000,59.656826,809900
2021-04-28,60.259998,60.750000,58.540001,59.000000,58.662548,565700
2021-04-29,59.860001,61.419998,59.020000,60.029999,59.686653,514000
2021-04-30,59.340000,59.570000,57.380001,57.549999,57.220840,497000
2021-05-03,58.020000,60.630001,58.020000,60.259998,59.915340,563700
2021-05-04,59.099998,60.470001,58.639999,60.220001,59.875572,597400
2021-05-05,60.509998,61.130001,59.750000,60.360001,60.014771,817000
2021-05-06,62.000000,62.139999,55.790001,58.220001,57.887009,1307500
2021-05-07,58.439999,59.779999,57.439999,59.380001,59.040375,412900
2021-05-10,59.369999,61.430000,59.299999,59.410000,59.070202,477100
2021-05-11,57.930000,59.360001,56.630001,59.029999,58.692375,466300
2021-05-12,58.299999,58.500000,55.570000,55.880001,55.560394,500800
2021-05-13,56.389999,57.990002,54.840000,55.080002,54.764969,646500
2021-05-14,55.650002,57.790001,55.279999,57.610001,57.280499,349500
2021-05-17,57.349998,57.459999,56.040001,56.549999,56.226559,339500
2021-05-18,57.090000,58.060001,56.509998,56.869999,56.544727,470600
2021-05-19,55.730000,56.529999,54.259998,55.930000,55.610107,357400
2021-05-20,56.320000,58.029999,55.840000,57.650002,57.320271,562300
2021-05-21,57.630001,58.580002,57.000000,57.650002,57.320271,550700
2021-05-24,58.110001,58.869999,57.540001,58.490002,58.155464,461500
2021-05-25,58.630001,59.759998,57.980000,58.060001,57.727924,358100
2021-05-26,58.770000,61.160000,58.759998,60.669998,60.322994,506600
2021-05-27,61.549999,62.820000,61.139999,62.330002,61.973503,565900
2021-05-28,62.799999,62.970001,60.500000,61.810001,61.456478,557000
2021-06-01,62.009998,63.700001,61.189999,63.480000,63.116924,632600
2021-06-02,63.939999,64.019997,61.000000,61.090000,60.740593,637800
2021-06-03,60.799999,61.020000,59.290001,60.349998,60.004826,730000
2021-06-04,60.869999,61.360001,59.250000,60.099998,59.756252,406700
2021-06-07,60.549999,63.279999,60.549999,63.169998,62.808693,790500
2021-06-08,63.290001,66.379997,62.689999,65.500000,65.125366,1014100
2021-06-09,66.349998,66.699997,63.330002,63.349998,62.987667,779600
2021-06-10,63.330002,63.880001,60.790001,61.650002,61.297390,720900
2021-06-11,61.980000,63.759998,61.650002,63.590000,63.226295,827600
2021-06-14,63.570000,64.709999,61.770000,62.209999,61.854187,914600
2021-06-15,62.340000,62.619999,61.080002,62.000000,61.645390,728500
2021-06-16,61.610001,62.000000,60.009998,60.680000,60.332939,832200
2021-06-17,61.639999,61.639999,56.369999,57.119999,56.793297,1329600
2021-06-18,56.509998,56.970001,53.799999,54.200001,53.890003,3441200
2021-06-21,54.090000,56.349998,54.090000,54.830002,54.830002,1076500
2021-06-22,54.680000,55.049999,51.939999,52.040001,52.040001,1286000
2021-06-23,52.400002,52.730000,50.820000,52.279999,52.279999,822000
2021-06-24,52.709999,53.590000,52.110001,52.950001,52.950001,760100
2021-06-25,53.070000,54.130001,52.000000,52.209999,52.209999,2720300
2021-06-28,52.410000,53.860001,52.209999,53.750000,53.750000,668300
2021-06-29,54.250000,54.430000,53.000000,53.009998,53.009998,421800
2021-06-30,52.730000,53.340000,52.200001,53.070000,53.070000,684100
2021-07-01,53.340000,54.959999,53.240002,54.250000,54.250000,554500
2021-07-02,54.200001,54.299999,53.630001,53.830002,53.830002,419300
2021-07-06,53.619999,53.639999,51.820000,52.330002,52.330002,616900
2021-07-07,51.830002,53.270000,51.380001,52.110001,52.110001,546400
2021-07-08,50.790001,52.270000,49.799999,51.310001,51.310001,536500
2021-07-09,51.980000,53.230000,51.660000,53.200001,53.200001,408200
2021-07-12,52.860001,53.369999,52.340000,53.259998,53.259998,474600
2021-07-13,52.779999,53.060001,51.750000,52.020000,52.020000,489400
2021-07-14,52.200001,52.500000,51.049999,51.700001,51.700001,446900
2021-07-15,51.669998,53.029999,51.529999,51.970001,51.970001,508400
2021-07-16,52.180000,52.830002,51.480000,51.689999,51.689999,330900
2021-07-19,50.459999,51.750000,49.480000,51.130001,51.130001,653200
2021-07-20,51.180000,53.820000,50.860001,53.470001,53.470001,583200
2021-07-21,54.000000,55.250000,53.919998,54.840000,54.840000,471700
2021-07-22,54.650002,54.990002,53.619999,54.430000,54.430000,482700
2021-07-23,54.630001,55.730000,54.250000,55.700001,55.700001,321500
2021-07-26,56.029999,56.689999,55.860001,56.009998,56.009998,410700
2021-07-27,55.880001,56.400002,55.369999,56.090000,56.090000,509000
2021-07-28,56.560001,56.740002,55.160000,56.200001,56.200001,306000
2021-07-29,57.040001,58.000000,56.740002,57.709999,57.709999,331400
2021-07-30,57.180000,58.500000,56.939999,57.220001,57.220001,336500
2021-08-02,57.759998,58.959999,57.389999,57.459999,57.459999,483300
2021-08-03,57.470001,59.270000,57.130001,59.119999,59.119999,504500
2021-08-04,58.730000,58.939999,55.900002,56.919998,56.919998,609900
2021-08-05,60.939999,60.990002,55.639999,57.080002,57.080002,754800
2021-08-06,57.900002,58.610001,57.340000,58.180000,58.180000,358700
2021-08-09,58.150002,59.180000,57.349998,58.419998,58.419998,399100
2021-08-10,58.240002,60.049999,57.570000,59.570000,59.570000,373100
2021-08-11,59.560001,60.610001,59.349998,60.580002,60.580002,422300
2021-08-12,62.119999,64.930000,61.849998,64.910004,64.910004,759300
2021-08-13,65.000000,65.000000,63.490002,63.630001,63.630001,484400
2021-08-16,63.180000,64.029999,61.849998,63.709999,63.709999,466500
2021-08-17,63.009998,63.049999,59.570000,60.400002,60.400002,514200
2021-08-18,60.320000,62.110001,60.139999,60.509998,60.509998,342800
2021-08-19,59.509998,61.639999,59.000000,61.259998,61.259998,363600
2021-08-20,61.290001,63.139999,61.290001,63.099998,63.099998,436100
2021-08-23,63.529999,63.980000,62.950001,63.480000,63.480000,366300
2021-08-24,62.450001,65.059998,61.759998,64.949997,64.949997,766000
2021-08-25,66.000000,67.760002,64.610001,64.650002,64.650002,601800
2021-08-26,64.589996,64.629997,62.500000,63.849998,63.849998,325900
2021-08-27,63.720001,65.769997,63.150002,65.190002,65.190002,462400
2021-08-30,65.370003,66.120003,65.059998,65.139999,65.139999,411300