Date,Open,High,Low,Close,Adj Close,Volume
2021-01-04,68.751999,69.000000,65.690002,67.239998,67.239998,1479700
2021-01-05,67.449997,70.739998,67.360001,69.000000,69.000000,1745300
2021-01-06,68.690002,70.190002,67.370003,68.239998,68.239998,1718300
2021-01-07,68.540001,72.709999,68.540001,71.910004,71.910004,1593300
2021-01-08,73.279999,78.570000,72.209999,76.510002,76.510002,1941500
2021-01-11,75.500000,79.169998,74.505997,77.260002,77.260002,1626200
2021-01-12,76.839996,80.915001,76.800003,80.760002,80.760002,1596700
2021-01-13,81.220001,81.689003,77.779999,78.070000,78.070000,1304300
2021-01-14,78.889999,81.389999,77.370003,77.680000,77.680000,889300
2021-01-15,76.660004,78.129997,74.510002,76.769997,76.769997,803200
2021-01-19,78.019997,79.000000,74.820000,76.680000,76.680000,1113700
2021-01-20,77.250000,81.849998,76.750000,77.800003,77.800003,941800
2021-01-21,78.690002,78.690002,75.760002,76.440002,76.440002,720400
2021-01-22,75.849998,77.129997,74.000000,75.269997,75.269997,1174800
2021-01-25,76.010002,79.269997,75.260002,79.029999,79.029999,1424700
2021-01-26,80.000000,84.830002,79.620003,80.099998,80.099998,1925500
2021-01-27,76.480003,79.470001,74.089996,74.269997,74.269997,1516200
2021-01-28,74.690002,76.660004,72.125000,72.300003,72.300003,1581700
2021-01-29,72.150002,73.487999,70.004997,71.209999,71.209999,1445800
2021-02-01,72.709999,75.900002,72.000000,75.610001,75.610001,762900
2021-02-02,76.940002,80.150002,76.805000,79.860001,79.860001,928200
2021-02-03,80.099998,81.730003,78.660004,80.800003,80.800003,715600
2021-02-04,81.449997,83.879997,80.180000,81.500000,81.500000,1768300
2021-02-05,83.389999,85.420998,81.870003,82.699997,82.699997,965100
2021-02-08,84.699997,89.290001,84.699997,88.669998,88.669998,1535300
2021-02-09,89.550003,92.250000,89.029999,91.160004,91.160004,1506000
2021-02-10,93.720001,94.125000,85.000000,86.760002,86.760002,1879100
2021-02-11,90.331001,97.154999,88.389999,92.449997,92.449997,2910200
2021-02-12,91.389999,96.290001,89.510002,90.070000,90.070000,1780800
2021-02-16,91.989998,94.330002,89.169998,91.410004,91.410004,1412800
2021-02-17,90.489998,91.099998,85.185997,90.790001,90.790001,1302200
2021-02-18,90.029999,90.139999,85.290001,86.300003,86.300003,921300
2021-02-19,88.879997,96.809998,88.000000,96.589996,96.589996,2487100
2021-02-22,94.650002,98.445000,93.112000,94.410004,94.410004,1849300
2021-02-23,90.160004,91.360001,81.610001,90.699997,90.699997,2252900
2021-02-24,91.160004,92.830002,86.860001,91.629997,91.629997,1595400
2021-02-25,86.235001,86.878998,72.699997,73.639999,73.639999,5674000
2021-02-26,76.099998,79.870003,73.790001,75.739998,75.739998,2767100
2021-03-01,77.459999,81.971001,76.199997,80.269997,80.269997,1742800
2021-03-02,80.739998,80.800003,75.459999,76.230003,76.230003,1487600
2021-03-03,76.150002,76.779999,69.690002,72.099998,72.099998,2009300
2021-03-04,71.250000,72.559998,63.029999,65.860001,65.860001,3192400
2021-03-05,67.440002,67.440002,58.090000,62.070000,62.070000,4142700
2021-03-08,63.009998,64.459999,59.032001,59.279999,59.279999,2519300
2021-03-09,61.849998,67.209999,61.689999,64.900002,64.900002,2034300
2021-03-10,68.209999,70.160004,66.379997,69.440002,69.440002,2541600
2021-03-11,71.230003,77.938004,70.250000,76.690002,76.690002,2302300
2021-03-12,73.139999,75.190002,71.760002,74.610001,74.610001,1242700
2021-03-15,73.279999,77.010002,73.010002,74.860001,74.860001,1006500
2021-03-16,75.430000,76.800003,71.879997,73.190002,73.190002,1144400
2021-03-17,70.160004,73.930000,68.459999,73.150002,73.150002,1609400
2021-03-18,70.959999,73.400002,69.070000,69.220001,69.220001,1713500
2021-03-19,69.989998,72.690002,67.449997,72.379997,72.379997,1850700
2021-03-22,70.959999,71.629997,68.779999,69.279999,69.279999,3095400
2021-03-23,68.180000,68.500000,65.650002,66.279999,66.279999,3662400
2021-03-24,67.279999,67.724998,62.939999,63.160000,63.160000,2763000
2021-03-25,61.020000,64.931000,59.470001,64.349998,64.349998,1907900
2021-03-26,65.144997,65.449997,61.787998,64.209999,64.209999,1435300
2021-03-29,63.919998,64.660004,61.759998,62.470001,62.470001,1459600
2021-03-30,62.060001,65.120003,61.180000,64.320000,64.320000,1518700
2021-03-31,65.389999,67.610001,65.000000,66.589996,66.589996,1987800
2021-04-01,68.540001,69.459999,67.400002,68.860001,68.860001,1593700
2021-04-05,68.430000,69.190002,64.650002,66.389999,66.389999,1432600
2021-04-06,66.699997,68.120003,66.099998,66.970001,66.970001,1020800
2021-04-07,66.800003,67.449997,63.619999,64.360001,64.360001,1187500
2021-04-08,65.220001,68.250000,65.220001,67.709999,67.709999,1066900
2021-04-09,67.098000,68.160004,65.660004,67.470001,67.470001,876200
2021-04-12,66.610001,67.760002,65.110001,65.669998,65.669998,925200
2021-04-13,66.089996,67.400002,65.250000,66.389999,66.389999,865800
2021-04-14,67.389999,69.459999,66.059998,66.449997,66.449997,890300
2021-04-15,67.160004,69.139999,66.660004,68.910004,68.910004,609600
2021-04-16,69.129997,69.180000,65.279999,66.029999,66.029999,1123800
2021-04-19,65.120003,66.610001,63.349998,64.019997,64.019997,1213200
2021-04-20,63.750000,64.794998,61.340000,62.570000,62.570000,1054700
2021-04-21,61.540001,65.620003,60.349998,65.489998,65.489998,1199000
2021-04-22,66.500000,67.107002,63.880001,63.900002,63.900002,1215500
2021-04-23,64.589996,66.440002,64.000000,65.639999,65.639999,939100
2021-04-26,65.870003,72.550003,65.570000,71.849998,71.849998,2901000
2021-04-27,71.989998,72.690002,69.800003,70.750000,70.750000,2235000
2021-04-28,70.000000,70.660004,68.849998,70.040001,70.040001,1888600
2021-04-29,71.500000,71.648003,68.694000,70.000000,70.000000,1297500
2021-04-30,69.089996,70.989998,68.209999,70.779999,70.779999,1149400
2021-05-03,71.260002,71.989998,69.230003,69.239998,69.239998,1200100
2021-05-04,68.110001,68.175003,64.180000,65.550003,65.550003,1854600
2021-05-05,66.230003,66.879997,61.349998,62.180000,62.180000,2083000
2021-05-06,59.500000,59.500000,51.200001,52.430000,52.430000,7225200
2021-05-07,54.340000,57.520000,53.700001,56.959999,56.959999,3813900
2021-05-10,55.908001,56.955002,54.110001,55.650002,55.650002,2130400
2021-05-11,53.139999,55.205002,52.080002,54.250000,54.250000,2083400
2021-05-12,53.209999,53.990002,49.500000,50.000000,50.000000,2790400
2021-05-13,51.000000,51.720001,47.709999,48.680000,48.680000,2561600
2021-05-14,49.099998,51.590000,47.799999,51.139999,51.139999,1634500
2021-05-17,51.119999,52.181999,50.160000,51.610001,51.610001,1400000
2021-05-18,52.200001,53.549999,51.470001,51.740002,51.740002,1239400
2021-05-19,50.040001,51.630001,49.209999,51.560001,51.560001,1175600
2021-05-20,51.869999,52.939999,51.110001,52.580002,52.580002,1255700
2021-05-21,53.270000,53.900002,51.900002,51.910000,51.910000,1343500
2021-05-24,52.230000,54.220001,51.900002,53.220001,53.220001,995800
2021-05-25,53.720001,55.359001,53.470001,54.330002,54.330002,1215800
2021-05-26,55.000000,57.799999,54.849998,57.160000,57.160000,1457300
2021-05-27,57.650002,59.134998,56.500000,58.820000,58.820000,2031600
2021-05-28,59.419998,59.720001,58.419998,59.029999,59.029999,1204400
2021-06-01,59.200001,59.650002,57.294998,57.959999,57.959999,1667000
2021-06-02,57.450001,58.904999,55.650002,58.709999,58.709999,1572600
2021-06-03,58.770000,60.049999,57.630001,58.770000,58.770000,1047300
2021-06-04,59.369999,59.665001,56.509998,57.189999,57.189999,1114000
2021-06-07,57.250000,59.830002,56.200001,59.660000,59.660000,820200
2021-06-08,59.860001,63.490002,59.849998,62.730000,62.730000,1269700
2021-06-09,63.250000,64.139999,62.419998,62.529999,62.529999,1448200
2021-06-10,62.254002,62.259998,58.509998,59.910000,59.910000,1199700
2021-06-11,60.500000,61.320000,59.645000,60.970001,60.970001,712700
2021-06-14,61.160000,62.200001,60.529999,61.110001,61.110001,681700
2021-06-15,60.910000,61.500000,58.330002,58.630001,58.630001,1491000
2021-06-16,58.360001,60.139999,56.389999,57.689999,57.689999,1422000
2021-06-17,57.099998,61.630001,57.099998,60.459999,60.459999,1585900
2021-06-18,58.950001,60.500000,58.430000,59.410000,59.410000,1849000
2021-06-21,58.860001,59.389999,56.209999,58.709999,58.709999,969000
2021-06-22,58.669998,59.900002,58.049999,58.930000,58.930000,846100
2021-06-23,59.169998,61.410000,59.139999,60.279999,60.279999,1107700
2021-06-24,61.400002,63.490002,60.869999,63.299999,63.299999,1342000
2021-06-25,63.799999,65.410004,62.561001,63.770000,63.770000,1967400
2021-06-28,63.990002,65.050003,61.779999,64.620003,64.620003,999700
2021-06-29,64.529999,65.019997,63.500000,63.959999,63.959999,659600
2021-06-30,63.880001,63.880001,62.160000,63.410000,63.410000,926600
2021-07-01,63.650002,64.900002,62.880001,64.570000,64.570000,953100
2021-07-02,65.330002,65.379997,62.029999,62.360001,62.360001,952700
2021-07-06,62.660000,63.000000,61.330002,62.689999,62.689999,883900
2021-07-07,62.840000,63.490002,60.869999,61.779999,61.779999,1290600
2021-07-08,60.040001,62.049999,58.334000,61.459999,61.459999,1170400
2021-07-09,61.590000,62.529999,59.919998,62.480000,62.480000,917900
2021-07-12,62.520000,63.639999,60.240002,60.580002,60.580002,630700
2021-07-13,59.529999,60.200001,57.549999,57.669998,57.669998,1079900
2021-07-14,58.200001,58.900002,54.750000,54.860001,54.860001,1818600
2021-07-15,54.209999,57.055000,53.810001,55.400002,55.400002,1046000
2021-07-16,55.900002,56.110001,53.910000,54.110001,54.110001,691100
2021-07-19,52.410000,56.314999,51.900002,55.080002,55.080002,1085000
2021-07-20,55.700001,58.840000,54.560001,58.220001,58.220001,1160800
2021-07-21,58.099998,60.889999,58.099998,60.459999,60.459999,715500
2021-07-22,60.130001,60.430000,58.400002,58.700001,58.700001,715300
2021-07-23,58.750000,59.035000,57.160000,58.080002,58.080002,799500
2021-07-26,58.680000,60.349998,57.599998,58.750000,58.750000,637000
2021-07-27,58.349998,58.689999,56.070000,57.419998,57.419998,852500
2021-07-28,58.090000,60.930000,58.090000,60.380001,60.380001,1084800
2021-07-29,59.660000,61.139999,59.049999,59.090000,59.090000,586000
2021-07-30,59.000000,59.820000,58.020000,58.570000,58.570000,519400
2021-08-02,59.320000,60.480000,57.766998,58.270000,58.270000,727100
2021-08-03,58.049999,58.244999,55.740002,57.310001,57.310001,967700
2021-08-04,56.740002,60.330002,56.720001,59.240002,59.240002,760100
2021-08-05,58.630001,61.099998,58.000000,60.759998,60.759998,1695000
2021-08-06,58.750000,60.000000,54.020000,55.779999,55.779999,3169200
2021-08-09,55.910000,57.180000,53.180000,56.270000,56.270000,1369700
2021-08-10,55.020000,56.049999,54.200001,55.349998,55.349998,1415400
2021-08-11,56.200001,56.439999,54.431000,55.130001,55.130001,1029200
2021-08-12,55.070000,56.250000,53.720001,56.150002,56.150002,1032500
2021-08-13,56.130001,56.130001,53.130001,53.430000,53.430000,988800
2021-08-16,52.520000,52.950001,49.119999,49.310001,49.310001,2004700
2021-08-17,48.750000,48.820000,46.770000,47.230000,47.230000,1616000
2021-08-18,47.290001,47.430000,45.380001,45.480000,45.480000,3487300
2021-08-19,45.029999,46.830002,44.439999,45.930000,45.930000,2195200
2021-08-20,45.470001,47.669998,45.349998,47.570000,47.570000,1310700
2021-08-23,48.560001,49.250000,47.549999,49.139999,49.139999,1442700
2021-08-24,49.400002,50.810001,48.849998,50.669998,50.669998,815000
2021-08-25,50.669998,51.720001,50.439999,51.099998,51.099998,919900
2021-08-26,50.650002,51.730000,49.299999,49.740002,49.740002,1015900
2021-08-27,49.860001,51.610001,49.615002,50.290001,50.290001,858200
2021-08-30,50.720001,50.970001,49.049999,49.630001,49.630001,1108000