Date,Open,High,Low,Close,Adj Close,Volume
2021-01-04,20.360001,20.379999,19.270000,19.469999,19.116037,1092700
2021-01-05,19.530001,20.150000,19.530001,19.969999,19.606949,909000
2021-01-06,20.480000,21.340000,20.480000,20.840000,20.461134,1573300
2021-01-07,20.980000,21.690001,20.910000,21.559999,21.168041,1175300
2021-01-08,21.610001,21.610001,20.790001,21.200001,20.814589,1022000
2021-01-11,20.809999,21.410000,20.809999,21.350000,20.961861,852000
2021-01-12,21.469999,21.719999,21.280001,21.559999,21.168041,1239600
2021-01-13,21.650000,21.700001,21.139999,21.410000,21.020769,880700
2021-01-14,21.610001,22.049999,21.330000,21.980000,21.580408,1031400
2021-01-15,21.549999,22.120001,21.520000,21.690001,21.295681,2052000
2021-01-19,21.930000,22.090000,21.420000,21.580000,21.187679,1716000
2021-01-20,21.600000,22.010000,21.420000,21.959999,21.560770,1442000
2021-01-21,22.080000,22.080000,21.100000,21.520000,21.128771,2008000
2021-01-22,21.190001,21.320000,19.760000,20.670000,20.294222,2298400
2021-01-25,20.450001,20.879999,20.110001,20.860001,20.480770,1144500
2021-01-26,21.059999,21.150000,20.299999,20.320000,19.950586,850800
2021-01-27,19.900000,19.910000,19.100000,19.580000,19.224039,1419500
2021-01-28,20.070000,20.450001,19.799999,20.080000,19.714947,1079500
2021-01-29,19.959999,20.059999,19.150000,19.200001,18.850948,1057300
2021-02-01,19.340000,19.719999,19.200001,19.639999,19.282948,1064800
2021-02-02,19.870001,20.030001,19.559999,19.740000,19.381128,1287900
2021-02-03,19.610001,19.809999,19.400000,19.500000,19.145494,1054500
2021-02-04,19.520000,20.190001,19.469999,20.110001,19.744404,1016300
2021-02-05,20.280001,20.330000,19.670000,20.170000,19.803312,1097400
2021-02-08,20.250000,20.719999,20.250000,20.610001,20.235313,1940400
2021-02-09,20.650000,20.889999,20.190001,20.719999,20.343313,940900
2021-02-10,20.809999,21.010000,20.580000,20.820000,20.441496,2063500
2021-02-11,20.820000,21.030001,20.420000,20.620001,20.245132,910100
2021-02-12,20.400000,20.790001,20.340000,20.469999,20.097858,853800
2021-02-16,20.709999,21.090000,20.600000,20.900000,20.520042,968900
2021-02-17,20.719999,21.080000,20.680000,20.740000,20.362949,1019300
2021-02-18,20.639999,20.700001,20.040001,20.389999,20.019314,1241800
2021-02-19,20.330000,20.930000,19.879999,20.889999,20.636736,1541100
2021-02-22,20.799999,20.990000,20.250000,20.280001,20.034132,2324800
2021-02-23,20.450001,20.980000,20.350000,20.809999,20.557707,2185600
2021-02-24,20.900000,21.610001,20.690001,21.299999,21.041763,1823200
2021-02-25,21.549999,21.790001,19.940001,20.549999,20.300858,2753400
2021-02-26,20.469999,20.940001,20.059999,20.400000,20.152676,2557600
2021-03-01,20.870001,21.490000,20.700001,21.330000,21.071400,2165600
2021-03-02,21.290001,21.719999,21.049999,21.080000,20.824432,1741700
2021-03-03,21.209999,21.639999,20.930000,21.129999,20.873825,1477800
2021-03-04,21.240000,21.590000,20.809999,21.040001,20.784920,1929500
2021-03-05,21.500000,21.660000,20.410000,21.360001,21.101038,2521600
2021-03-08,21.670000,22.309999,21.480000,21.760000,21.496187,2246200
2021-03-09,21.709999,22.330000,21.450001,22.049999,21.782671,1763100
2021-03-10,22.010000,22.770000,21.959999,22.639999,22.365519,1568600
2021-03-11,22.629999,22.889999,22.400000,22.889999,22.612488,1481800
2021-03-12,23.090000,23.450001,22.870001,23.139999,22.859457,1038100
2021-03-15,23.049999,23.430000,22.760000,23.430000,23.145943,1392500
2021-03-16,23.209999,23.340000,22.990000,23.200001,22.918730,1335500
2021-03-17,23.270000,23.520000,22.930000,23.520000,23.234852,1556400
2021-03-18,23.639999,24.040001,22.740000,22.870001,22.592733,1445600
2021-03-19,22.660000,23.430000,22.100000,22.570000,22.296368,3418600
2021-03-22,22.570000,22.570000,21.900000,22.120001,21.851826,1233100
2021-03-23,21.910000,22.170000,21.590000,21.719999,21.456673,1216000
2021-03-24,21.870001,22.480000,21.620001,21.629999,21.367764,1346200
2021-03-25,21.610001,22.270000,21.160000,22.080000,21.812307,1341600
2021-03-26,22.430000,22.790001,22.059999,22.760000,22.484066,1045500
2021-03-29,22.459999,22.879999,22.299999,22.510000,22.237095,1045600
2021-03-30,22.520000,23.049999,22.490000,22.959999,22.681641,869400
2021-03-31,22.959999,23.510000,22.850000,23.250000,22.968122,1246000
2021-04-01,23.250000,23.469999,23.020000,23.260000,22.978003,696800
2021-04-05,23.559999,23.680000,23.270000,23.600000,23.313881,791900
2021-04-06,23.660000,23.740000,23.309999,23.430000,23.145943,1165800
2021-04-07,23.500000,23.549999,23.260000,23.459999,23.175577,733200
2021-04-08,23.389999,23.690001,23.250000,23.610001,23.323761,1040900
2021-04-09,23.830000,23.840000,23.580000,23.750000,23.462063,642400
2021-04-12,23.730000,23.820000,23.379999,23.469999,23.185457,918300
2021-04-13,23.350000,23.559999,23.100000,23.340000,23.057032,1991600
2021-04-14,23.320000,23.799999,23.270000,23.590000,23.304003,517100
2021-04-15,23.660000,23.830000,23.370001,23.780001,23.491699,787400
2021-04-16,24.059999,24.190001,23.570000,23.840000,23.550972,991400
2021-04-19,23.740000,24.100000,23.670000,24.080000,23.788061,1223200
2021-04-20,23.950001,24.059999,23.559999,23.730000,23.442305,1131700
2021-04-21,23.809999,24.160000,23.629999,24.139999,23.847332,860700
2021-04-22,24.129999,24.420000,23.900000,24.180000,23.886848,788000
2021-04-23,24.209999,24.889999,24.190001,24.690001,24.390667,1025500
2021-04-26,24.879999,25.219999,24.650000,24.719999,24.420301,1551600
2021-04-27,24.790001,24.959999,24.709999,24.940001,24.637634,998000
2021-04-28,24.940001,25.049999,24.809999,24.920000,24.617878,985500
2021-04-29,25.180000,25.309999,24.910000,25.059999,24.756180,1479800
2021-04-30,24.959999,25.049999,24.469999,24.639999,24.341272,1018500
2021-05-03,25.000000,25.030001,24.700001,24.719999,24.420301,1745500
2021-05-04,24.580000,24.860001,24.469999,24.700001,24.400545,1548900
2021-05-05,23.799999,24.799999,23.000000,23.530001,23.244730,1611300
2021-05-06,23.580000,23.660000,22.639999,23.090000,22.810064,2107100
2021-05-07,22.930000,23.690001,22.930000,23.600000,23.313881,1253500
2021-05-10,23.580000,23.660000,22.959999,22.990000,22.711277,3486500
2021-05-11,22.219999,22.990000,22.129999,22.709999,22.434669,2229700
2021-05-12,22.760000,22.830000,21.680000,21.719999,21.456673,1332300
2021-05-13,21.740000,22.750000,21.719999,22.600000,22.326004,1299200
2021-05-14,22.760000,23.049999,22.540001,22.969999,22.691517,858700
2021-05-17,22.740000,23.010000,22.540001,22.990000,22.711277,1226200
2021-05-18,22.990000,23.110001,22.799999,22.820000,22.543337,792700
2021-05-19,22.490000,22.700001,22.129999,22.670000,22.395157,1506800
2021-05-20,22.580000,22.790001,22.370001,22.690001,22.414913,976100
2021-05-21,22.860001,23.219999,22.860001,23.000000,22.862217,1353900
2021-05-24,23.120001,23.120001,22.670000,22.809999,22.673355,958200
2021-05-25,22.879999,23.110001,22.450001,22.459999,22.325451,1891700
2021-05-26,22.730000,23.370001,22.670000,23.250000,23.110720,1715900
2021-05-27,23.500000,23.600000,23.270000,23.340000,23.200180,1044800
2021-05-28,23.420000,23.540001,23.010000,23.350000,23.210121,858000
2021-06-01,23.480000,23.650000,23.190001,23.410000,23.269760,1020100
2021-06-02,23.440001,23.490000,22.969999,22.980000,22.842337,1624700
2021-06-03,22.889999,23.020000,22.549999,22.910000,22.772757,2714400
2021-06-04,22.879999,22.990000,22.620001,22.940001,22.802576,1055300
2021-06-07,22.980000,23.209999,22.969999,23.150000,23.011318,807400
2021-06-08,23.080000,23.410000,23.010000,23.370001,23.230001,1178100
2021-06-09,23.270000,23.270000,23.020000,23.080000,22.941738,898500
2021-06-10,23.280001,23.309999,22.629999,22.680000,22.544134,832700
2021-06-11,22.959999,23.020000,22.830000,23.020000,22.882097,1136100
2021-06-14,23.100000,23.410000,23.100000,23.309999,23.170359,1640100
2021-06-15,23.330000,24.290001,23.330000,23.930000,23.786646,2296200
2021-06-16,23.860001,24.150000,23.750000,24.049999,23.905926,1507400
2021-06-17,24.049999,24.219999,23.150000,23.410000,23.269760,2292600
2021-06-18,23.129999,23.430000,22.219999,22.219999,22.086889,3051000
2021-06-21,22.440001,22.959999,22.389999,22.850000,22.713116,1954600
2021-06-22,22.660000,22.990000,22.510000,22.780001,22.643536,1430400
2021-06-23,22.980000,23.150000,22.780001,22.889999,22.752876,1647600
2021-06-24,23.000000,23.180000,22.670000,23.070000,22.931797,1607300
2021-06-25,23.190001,23.740000,23.020000,23.260000,23.120659,5314400
2021-06-28,23.270000,23.270000,22.610001,22.879999,22.742935,1668900
2021-06-29,23.010000,23.160000,22.469999,22.490000,22.355272,1217900
2021-06-30,22.379999,22.530001,22.250000,22.250000,22.116711,1117600
2021-07-01,22.420000,22.900000,22.400000,22.790001,22.653477,1018100
2021-07-02,22.830000,22.830000,22.520000,22.540001,22.404974,1070200
2021-07-06,22.459999,22.480000,21.940001,22.160000,22.027248,665900
2021-07-07,22.010000,22.330000,21.900000,21.940001,21.808567,1007500
2021-07-08,21.650000,21.990000,21.420000,21.629999,21.500423,1664700
2021-07-09,21.950001,22.170000,21.830000,22.170000,22.037189,1824400
2021-07-12,21.900000,22.440001,21.719999,22.389999,22.255871,1090700
2021-07-13,22.190001,22.299999,21.809999,21.809999,21.679346,1977200
2021-07-14,21.900000,22.200001,21.719999,21.980000,21.848328,1705000
2021-07-15,21.780001,22.290001,21.690001,22.209999,22.076948,1003200
2021-07-16,22.440001,22.500000,21.950001,21.969999,21.838387,790000
2021-07-19,21.549999,21.860001,21.250000,21.370001,21.241983,1593100
2021-07-20,21.350000,22.200001,21.270000,21.910000,21.778746,2061000
2021-07-21,22.139999,22.500000,22.139999,22.200001,22.067011,677300
2021-07-22,22.059999,22.110001,21.670000,21.959999,21.828445,1011400
2021-07-23,22.150000,22.280001,21.969999,22.209999,22.076948,426800
2021-07-26,22.350000,22.620001,22.080000,22.219999,22.086889,743900
2021-07-27,21.910000,22.280001,21.750000,22.160000,22.027248,787800
2021-07-28,22.370001,22.660000,21.980000,22.450001,22.315512,734100
2021-07-29,22.740000,22.900000,22.540001,22.700001,22.564014,575300
2021-07-30,22.559999,22.870001,22.459999,22.580000,22.444733,833600
2021-08-02,22.700001,23.020000,22.370001,22.410000,22.275751,1356400
2021-08-03,22.459999,22.580000,21.860001,22.540001,22.404974,1028100
2021-08-04,21.900000,22.440001,21.870001,21.950001,21.818508,970300
2021-08-05,22.230000,22.780001,22.030001,22.610001,22.474554,1015000
2021-08-06,23.000000,23.240000,22.799999,22.969999,22.832396,975300
2021-08-09,23.040001,23.150000,22.709999,22.840000,22.703176,1056400
2021-08-10,22.670000,23.230000,22.600000,23.180000,23.041140,964800
2021-08-11,23.190001,23.650000,22.820000,23.610001,23.468563,1452700
2021-08-12,23.900000,24.270000,23.459999,24.260000,24.114670,2786400
2021-08-13,24.500000,24.500000,24.070000,24.120001,23.975508,931100
2021-08-16,24.030001,24.080000,23.590000,23.889999,23.746885,1814000
2021-08-17,23.719999,23.840000,23.389999,23.660000,23.518263,965900
2021-08-18,23.500000,24.049999,23.430000,23.670000,23.528204,1191300
2021-08-19,23.530001,23.719999,23.240000,23.370001,23.230001,904300
2021-08-20,23.180000,23.680000,23.180000,23.530001,23.530001,1052100
2021-08-23,23.580000,23.760000,23.379999,23.500000,23.500000,1069200
2021-08-24,23.440001,23.870001,23.400000,23.760000,23.760000,1106900
2021-08-25,23.790001,24.010000,23.700001,23.900000,23.900000,744400
2021-08-26,23.910000,24.000000,23.469999,23.490000,23.490000,795100
2021-08-27,23.490000,24.010000,23.400000,23.930000,23.930000,972800
2021-08-30,23.959999,23.959999,23.540001,23.570000,23.570000,810800