Date,Open,High,Low,Close,Adj Close,Volume
2021-01-04,122.559998,124.029999,119.650002,121.290001,121.290001,155200
2021-01-05,121.550003,121.980003,116.949997,118.599998,118.599998,238100
2021-01-06,117.519997,118.430000,112.010002,113.099998,113.099998,361700
2021-01-07,114.150002,126.120003,114.059998,125.000000,125.000000,312800
2021-01-08,126.220001,129.419998,118.339996,120.510002,120.510002,409900
2021-01-11,120.419998,129.869995,119.949997,126.510002,126.510002,353600
2021-01-12,127.940002,130.429993,124.519997,125.959999,125.959999,177600
2021-01-13,126.589996,127.900002,120.570000,120.709999,120.709999,193600
2021-01-14,120.879997,122.889999,119.459999,120.000000,120.000000,204000
2021-01-15,120.980003,121.714996,111.800003,111.930000,111.930000,398800
2021-01-19,114.849998,117.750000,112.220001,113.839996,113.839996,311800
2021-01-20,114.120003,115.820000,109.699997,110.000000,110.000000,301100
2021-01-21,111.000000,111.959999,106.830002,111.099998,111.099998,212700
2021-01-22,110.000000,114.559998,109.199997,113.370003,113.370003,245400
2021-01-25,114.320000,121.035004,114.000000,117.150002,117.150002,309000
2021-01-26,118.809998,118.809998,115.879997,117.010002,117.010002,286600
2021-01-27,115.720001,115.720001,106.910004,107.000000,107.000000,359600
2021-01-28,108.379997,109.470001,105.292999,105.639999,105.639999,220800
2021-01-29,106.250000,106.910004,100.570000,103.589996,103.589996,334800
2021-02-01,104.199997,106.980003,102.699997,104.779999,104.779999,300200
2021-02-02,105.830002,110.699997,104.050003,110.099998,110.099998,240100
2021-02-03,110.839996,115.849998,110.839996,113.440002,113.440002,325000
2021-02-04,113.830002,116.190002,112.080002,112.430000,112.430000,260900
2021-02-05,115.000000,115.296997,110.839996,114.949997,114.949997,330700
2021-02-08,114.989998,116.820000,112.430000,113.580002,113.580002,281200
2021-02-09,115.070000,119.379997,114.500000,118.449997,118.449997,248500
2021-02-10,118.870003,123.330002,118.500000,120.820000,120.820000,235400
2021-02-11,120.830002,123.019997,118.279999,122.809998,122.809998,215200
2021-02-12,123.110001,126.000000,122.349998,123.750000,123.750000,183300
2021-02-16,124.230003,126.150002,122.610001,124.389999,124.389999,153100
2021-02-17,124.089996,129.970001,123.019997,129.399994,129.399994,354100
2021-02-18,128.279999,128.279999,120.699997,120.830002,120.830002,383400
2021-02-19,121.849998,125.930000,119.559998,125.279999,125.279999,199000
2021-02-22,125.000000,125.940002,115.989998,116.790001,116.790001,198000
2021-02-23,114.000000,121.339996,107.019997,121.080002,121.080002,236100
2021-02-24,122.750000,129.044998,118.480003,126.320000,126.320000,314100
2021-02-25,127.669998,131.464996,121.669998,123.190002,123.190002,302800
2021-02-26,122.660004,125.089996,118.915001,122.260002,122.260002,216700
2021-03-01,123.000000,131.679993,121.180000,126.629997,126.629997,388700
2021-03-02,125.010002,130.860001,121.300003,129.330002,129.330002,301000
2021-03-03,128.479996,134.630005,128.475006,129.860001,129.860001,398600
2021-03-04,128.500000,129.529999,124.000000,124.949997,124.949997,281000
2021-03-05,125.400002,128.050003,118.000000,126.919998,126.919998,234100
2021-03-08,127.849998,127.849998,117.760002,117.959999,117.959999,256600
2021-03-09,119.809998,122.040001,118.535004,119.260002,119.260002,193100
2021-03-10,120.940002,121.610001,115.629997,116.849998,116.849998,288100
2021-03-11,118.150002,130.315002,116.550003,129.850006,129.850006,340400
2021-03-12,129.130005,133.059998,126.370003,132.809998,132.809998,194400
2021-03-15,132.259995,132.365005,122.040001,123.750000,123.750000,299600
2021-03-16,123.269997,126.974998,121.199997,121.930000,121.930000,169500
2021-03-17,121.720001,122.019997,116.470001,121.720001,121.720001,252900
2021-03-18,120.639999,120.639999,108.180000,109.930000,109.930000,423600
2021-03-19,110.379997,116.459999,109.690002,115.660004,115.660004,388700
2021-03-22,115.029999,116.059998,107.779999,108.410004,108.410004,389800
2021-03-23,107.000000,107.010002,101.820000,102.489998,102.489998,493700
2021-03-24,103.919998,107.345001,99.720001,99.900002,99.900002,515200
2021-03-25,99.000000,102.519997,93.110001,100.910004,100.910004,561200
2021-03-26,101.379997,101.790001,94.260002,97.650002,97.650002,281400
2021-03-29,97.019997,97.019997,93.254997,94.250000,94.250000,227400
2021-03-30,94.699997,97.309998,92.000000,97.120003,97.120003,211400
2021-03-31,97.440002,100.660004,95.870003,99.699997,99.699997,300300
2021-04-01,101.169998,105.519997,99.855003,100.620003,100.620003,298700
2021-04-05,101.290001,101.439003,98.029999,99.379997,99.379997,172200
2021-04-06,98.900002,102.849998,95.860001,96.389999,96.389999,226400
2021-04-07,96.400002,98.980003,94.489998,97.180000,97.180000,193600
2021-04-08,97.660004,99.650002,94.394997,94.870003,94.870003,276300
2021-04-09,94.760002,94.760002,88.211998,88.419998,88.419998,514500
2021-04-12,88.980003,88.980003,85.250999,85.870003,85.870003,294100
2021-04-13,85.970001,87.599998,84.169998,86.459999,86.459999,301200
2021-04-14,86.620003,90.305000,86.169998,89.750000,89.750000,323400
2021-04-15,90.800003,93.974998,90.528999,92.199997,92.199997,236500
2021-04-16,91.809998,94.070000,90.290001,90.870003,90.870003,202900
2021-04-19,90.220001,92.150002,87.790001,91.199997,91.199997,251800
2021-04-20,90.660004,93.300003,88.250000,89.260002,89.260002,246300
2021-04-21,89.040001,91.220001,87.239998,90.790001,90.790001,333400
2021-04-22,91.180000,92.514999,89.400002,91.510002,91.510002,243300
2021-04-23,91.440002,93.080002,88.135002,88.410004,88.410004,287800
2021-04-26,90.629997,101.475998,90.214996,100.070000,100.070000,553700
2021-04-27,104.000000,110.000000,101.919998,103.089996,103.089996,810200
2021-04-28,102.169998,104.290001,99.870003,103.790001,103.790001,353300
2021-04-29,103.680000,103.790001,98.760002,101.000000,101.000000,370700
2021-04-30,100.599998,102.580002,100.599998,101.400002,101.400002,210600
2021-05-03,101.730003,102.190002,100.050003,100.150002,100.150002,298400
2021-05-04,99.230003,99.230003,90.040001,92.000000,92.000000,434200
2021-05-05,93.010002,93.989998,90.010002,91.000000,91.000000,295600
2021-05-06,91.620003,93.879997,88.849998,93.279999,93.279999,345700
2021-05-07,94.349998,95.680000,84.349998,85.059998,85.059998,687200
2021-05-10,85.489998,85.489998,82.000000,84.760002,84.760002,368600
2021-05-11,82.610001,85.180000,79.400002,83.059998,83.059998,510300
2021-05-12,82.870003,84.195000,80.915001,81.620003,81.620003,245600
2021-05-13,81.639999,84.091003,77.480003,78.269997,78.269997,276400
2021-05-14,78.320000,79.599998,76.339996,78.349998,78.349998,366600
2021-05-17,78.419998,80.510002,77.230003,79.070000,79.070000,243200
2021-05-18,79.059998,85.660004,79.000000,82.910004,82.910004,584000
2021-05-19,94.059998,102.989998,93.750000,102.629997,102.629997,2775700
2021-05-20,103.000000,111.639999,103.000000,111.599998,111.599998,1031700
2021-05-21,114.000000,114.594002,108.389999,110.980003,110.980003,610000
2021-05-24,116.400002,120.389999,113.370003,118.320000,118.320000,772500
2021-05-25,119.000000,133.059998,118.410004,127.410004,127.410004,1253500
2021-05-26,130.000000,130.751999,123.132004,126.779999,126.779999,622200
2021-05-27,126.849998,137.860001,125.209999,137.490005,137.490005,749400
2021-05-28,137.649994,142.169998,136.253998,136.740005,136.740005,584300
2021-06-01,137.000000,140.626999,132.020004,138.630005,138.630005,383600
2021-06-02,138.740005,144.679993,131.759995,135.949997,135.949997,709500
2021-06-03,134.410004,143.000000,133.580002,140.399994,140.399994,471500
2021-06-04,140.940002,142.270004,135.908005,139.380005,139.380005,311000
2021-06-07,139.600006,147.479996,136.389999,142.949997,142.949997,451100
2021-06-08,143.330002,145.000000,139.710007,142.259995,142.259995,204400
2021-06-09,143.419998,144.039993,140.660004,141.399994,141.399994,207700
2021-06-10,140.710007,146.869995,139.279999,146.009995,146.009995,275200
2021-06-11,146.679993,147.123001,143.429993,145.970001,145.970001,293100
2021-06-14,146.210007,148.000000,142.490005,143.419998,143.419998,252200
2021-06-15,143.410004,146.389999,138.369995,142.589996,142.589996,346500
2021-06-16,141.500000,144.460007,139.020004,142.669998,142.669998,295700
2021-06-17,141.770004,143.330002,139.410004,139.830002,139.830002,381300
2021-06-18,139.500000,141.399994,137.619995,138.000000,138.000000,425200
2021-06-21,137.660004,140.059998,136.000000,137.440002,137.440002,314300
2021-06-22,137.139999,140.899994,135.580002,140.330002,140.330002,323500
2021-06-23,140.570007,143.300003,139.824997,141.059998,141.059998,243800
2021-06-24,142.059998,145.490005,141.679993,142.350006,142.350006,287300
2021-06-25,142.190002,153.179993,141.460007,149.949997,149.949997,3560400
2021-06-28,149.809998,151.300003,146.839996,151.289993,151.289993,361000
2021-06-29,152.050003,153.410004,145.740005,146.770004,146.770004,294800
2021-06-30,145.600006,146.100006,140.460007,141.529999,141.529999,297300
2021-07-01,141.529999,144.460007,140.580002,143.020004,143.020004,220900
2021-07-02,144.009995,144.703995,139.179993,139.289993,139.289993,219500
2021-07-06,139.009995,141.850006,134.679993,135.020004,135.020004,388400
2021-07-07,135.070007,137.389999,132.705994,134.690002,134.690002,307900
2021-07-08,132.130005,140.929993,132.130005,139.360001,139.360001,284100
2021-07-09,139.740005,143.080002,137.190002,141.429993,141.429993,225800
2021-07-12,140.970001,142.300003,137.369995,137.470001,137.470001,354500
2021-07-13,136.500000,138.710007,130.559998,133.339996,133.339996,271200
2021-07-14,133.580002,135.210007,128.845001,129.550003,129.550003,278400
2021-07-15,129.309998,130.000000,124.500000,128.649994,128.649994,299100
2021-07-16,130.119995,133.509995,126.699997,127.750000,127.750000,181100
2021-07-19,124.970001,127.279999,123.690002,125.889999,125.889999,272900
2021-07-20,126.849998,130.839996,125.830002,129.690002,129.690002,269700
2021-07-21,130.669998,131.820007,127.660004,131.440002,131.440002,150300
2021-07-22,131.470001,132.990005,128.000000,128.380005,128.380005,122800
2021-07-23,128.960007,130.970001,126.410004,129.500000,129.500000,191100
2021-07-26,130.160004,130.830002,125.370003,126.570000,126.570000,169200
2021-07-27,126.599998,128.800003,120.440002,124.220001,124.220001,238400
2021-07-28,126.169998,129.990005,126.169998,128.669998,128.669998,195400
2021-07-29,128.910004,130.839996,126.720001,128.059998,128.059998,187400
2021-07-30,127.010002,129.979996,124.570000,125.309998,125.309998,179000
2021-08-02,126.160004,129.395004,126.160004,127.400002,127.400002,150100
2021-08-03,127.129997,128.509995,124.324997,128.429993,128.429993,121100
2021-08-04,127.160004,131.000000,125.769997,126.209999,126.209999,146600
2021-08-05,126.540001,129.839996,125.209999,129.559998,129.559998,431000
2021-08-06,130.360001,131.505005,124.110001,124.290001,124.290001,229500
2021-08-09,123.180000,125.269997,121.419998,122.129997,122.129997,258300
2021-08-10,100.379997,103.529999,95.750000,100.000000,100.000000,2564700
2021-08-11,100.860001,102.955002,97.610001,101.660004,101.660004,728900
2021-08-12,102.589996,105.220001,99.644997,104.500000,104.500000,380800
2021-08-13,107.500000,109.470001,104.889999,106.279999,106.279999,389200
2021-08-16,104.709999,108.910004,103.690002,106.580002,106.580002,354600
2021-08-17,105.279999,110.360001,105.279999,110.349998,110.349998,244000
2021-08-18,110.680000,113.809998,108.269997,109.349998,109.349998,349900
2021-08-19,109.029999,110.385002,100.330002,102.110001,102.110001,404500
2021-08-20,101.699997,105.500000,101.080002,101.360001,101.360001,272700
2021-08-23,102.459999,106.834999,101.739998,106.379997,106.379997,219700
2021-08-24,107.239998,108.750000,104.180000,105.870003,105.870003,169200
2021-08-25,105.199997,108.400002,104.589996,107.839996,107.839996,196100
2021-08-26,107.839996,108.239998,104.089996,104.269997,104.269997,169200
2021-08-27,104.050003,108.500000,104.000000,108.239998,108.239998,248000
2021-08-30,108.480003,109.699997,105.650002,105.830002,105.830002,148500