Date,Open,High,Low,Close,Adj Close,Volume
2021-01-04,21.670000,21.990000,20.309999,21.290001,21.290001,1247200
2021-01-05,21.299999,21.830000,21.000000,21.700001,21.700001,1254300
2021-01-06,21.930000,23.350000,21.930000,22.860001,22.860001,1569600
2021-01-07,23.090000,23.730000,22.940001,23.180000,23.180000,776100
2021-01-08,23.290001,23.660000,22.900000,23.600000,23.600000,1056300
2021-01-11,23.080000,23.969999,22.830000,23.660000,23.660000,827100
2021-01-12,23.780001,24.930000,23.440001,24.809999,24.809999,1169200
2021-01-13,24.570000,25.030001,24.080000,24.740000,24.740000,710000
2021-01-14,25.120001,25.830000,24.980000,25.500000,25.500000,856700
2021-01-15,24.760000,25.350000,24.540001,24.990000,24.990000,1090100
2021-01-19,25.530001,25.670000,25.090000,25.549999,25.549999,910600
2021-01-20,25.440001,26.090000,25.379999,25.629999,25.629999,773200
2021-01-21,25.629999,25.740000,24.820000,25.110001,25.110001,706600
2021-01-22,24.770000,25.110001,24.219999,25.059999,25.059999,608700
2021-01-25,24.750000,25.280001,24.330000,25.180000,25.180000,630200
2021-01-26,25.440001,25.690001,24.870001,25.100000,25.100000,739600
2021-01-27,24.139999,25.250000,23.650000,24.360001,24.360001,897900
2021-01-28,25.209999,25.490000,23.830000,24.490000,24.490000,1143400
2021-01-29,24.650000,24.940001,22.440001,23.100000,23.100000,1010800
2021-02-01,23.320000,24.430000,23.320000,24.290001,24.290001,1006000
2021-02-02,24.990000,25.700001,24.150000,25.510000,25.510000,732300
2021-02-03,25.389999,25.650000,24.400000,24.690001,24.690001,605500
2021-02-04,24.660000,25.129999,24.559999,24.770000,24.770000,529100
2021-02-05,25.100000,25.400000,24.530001,25.030001,25.030001,609700
2021-02-08,25.219999,26.209999,25.000000,26.049999,26.049999,857800
2021-02-09,26.020000,26.510000,25.139999,26.190001,26.190001,743900
2021-02-10,26.379999,26.740000,25.219999,25.950001,25.950001,723900
2021-02-11,26.410000,26.410000,25.170000,25.940001,25.940001,724800
2021-02-12,25.629999,26.350000,25.450001,26.010000,26.010000,549300
2021-02-16,26.280001,26.389999,25.250000,25.900000,25.900000,820300
2021-02-17,25.420000,26.660000,25.400000,26.520000,26.520000,626100
2021-02-18,26.360001,27.190001,25.330000,26.799999,26.799999,1178800
2021-02-19,27.000000,28.309999,26.809999,27.889999,27.889999,956200
2021-02-22,27.700001,28.190001,27.250000,27.799999,27.799999,719500
2021-02-23,27.219999,27.980000,25.610001,27.799999,27.799999,1399500
2021-02-24,27.980000,29.480000,27.930000,28.969999,28.969999,986300
2021-02-25,27.830000,28.389999,24.059999,24.690001,24.690001,2119100
2021-02-26,24.270000,25.480000,24.000000,24.020000,24.020000,2259500
2021-03-01,24.629999,26.139999,24.510000,25.690001,25.690001,1151600
2021-03-02,25.820000,26.400000,25.410000,25.809999,25.809999,990600
2021-03-03,25.559999,26.580000,25.160000,26.170000,26.170000,1574900
2021-03-04,27.520000,28.450001,26.780001,28.250000,28.250000,3129800
2021-03-05,28.370001,29.580000,26.400000,29.360001,29.360001,2475900
2021-03-08,30.420000,30.549999,28.230000,28.530001,28.530001,2278400
2021-03-09,28.950001,29.299999,27.299999,27.690001,27.690001,1505600
2021-03-10,27.889999,28.620001,27.790001,28.080000,28.080000,1444100
2021-03-11,27.969999,31.670000,27.900000,31.510000,31.510000,2172200
2021-03-12,30.910000,31.559999,29.049999,30.010000,30.010000,2058400
2021-03-15,30.080000,30.200001,29.230000,29.959999,29.959999,781400
2021-03-16,29.850000,30.000000,29.260000,29.620001,29.620001,733100
2021-03-17,29.100000,30.459999,28.830000,30.299999,30.299999,795000
2021-03-18,29.799999,30.930000,29.049999,29.160000,29.160000,834400
2021-03-19,29.389999,29.860001,28.100000,29.709999,29.709999,2869000
2021-03-22,29.420000,29.570000,28.510000,28.990000,28.990000,728400
2021-03-23,28.209999,28.650000,27.580000,28.020000,28.020000,1060700
2021-03-24,28.389999,29.120001,27.680000,27.709999,27.709999,1017900
2021-03-25,26.809999,28.440001,26.559999,28.250000,28.250000,722400
2021-03-26,28.730000,29.490000,28.389999,29.459999,29.459999,493900
2021-03-29,29.209999,29.959999,28.299999,28.320000,28.320000,820200
2021-03-30,28.030001,29.030001,27.750000,28.900000,28.900000,654700
2021-03-31,29.080000,29.450001,28.190001,28.250000,28.250000,945800
2021-04-01,28.760000,29.780001,28.620001,29.600000,29.600000,766600
2021-04-05,29.879999,30.170000,28.180000,28.620001,28.620001,697300
2021-04-06,29.000000,29.830000,28.959999,29.129999,29.129999,578600
2021-04-07,28.990000,29.160000,28.080000,28.299999,28.299999,520100
2021-04-08,28.379999,28.870001,28.070000,28.549999,28.549999,488700
2021-04-09,28.370001,28.370001,27.799999,28.059999,28.059999,600600
2021-04-12,28.190001,28.299999,27.590000,28.160000,28.160000,744400
2021-04-13,28.309999,28.510000,27.350000,27.910000,27.910000,572500
2021-04-14,28.299999,29.100000,28.180000,28.590000,28.590000,469900
2021-04-15,28.920000,29.010000,28.100000,28.969999,28.969999,494000
2021-04-16,29.320000,29.500000,28.530001,28.570000,28.570000,342200
2021-04-19,28.450001,28.820000,28.120001,28.299999,28.299999,509900
2021-04-20,28.430000,28.750000,27.379999,28.610001,28.610001,1060100
2021-04-21,28.190001,29.090000,27.840000,28.969999,28.969999,577700
2021-04-22,29.240000,30.860001,29.180000,29.850000,29.850000,792300
2021-04-23,30.000000,30.770000,29.650000,30.340000,30.340000,484200
2021-04-26,30.590000,31.219999,30.450001,30.730000,30.730000,391700
2021-04-27,30.570000,31.040001,30.200001,30.400000,30.400000,461400
2021-04-28,30.340000,30.920000,30.280001,30.400000,30.400000,416900
2021-04-29,30.690001,30.920000,29.830000,30.690001,30.690001,412200
2021-04-30,29.940001,30.660000,29.700001,30.010000,30.010000,873200
2021-05-03,30.650000,31.299999,30.320000,30.559999,30.559999,1021100
2021-05-04,30.120001,30.240000,28.510000,28.920000,28.920000,592300
2021-05-05,29.240000,29.600000,28.670000,29.580000,29.580000,636800
2021-05-06,29.520000,30.100000,28.790001,29.969999,29.969999,1127900
2021-05-07,30.660000,31.450001,29.760000,30.280001,30.280001,904700
2021-05-10,29.709999,30.580000,28.540001,28.570000,28.570000,721800
2021-05-11,27.870001,28.370001,27.379999,28.280001,28.280001,697800
2021-05-12,27.780001,27.930000,26.469999,26.680000,26.680000,766800
2021-05-13,26.780001,28.580000,26.600000,28.120001,28.120001,730900
2021-05-14,28.440001,29.160000,28.080000,29.139999,29.139999,403400
2021-05-17,28.690001,29.020000,28.170000,28.930000,28.930000,394300
2021-05-18,29.040001,29.190001,28.290001,28.320000,28.320000,423000
2021-05-19,27.629999,28.510000,27.190001,28.480000,28.480000,432600
2021-05-20,28.490000,28.840000,28.059999,28.580000,28.580000,332400
2021-05-21,29.080000,29.570000,28.750000,29.040001,29.040001,444600
2021-05-24,29.260000,29.700001,28.860001,29.230000,29.230000,395800
2021-05-25,29.370001,30.260000,28.780001,28.850000,28.850000,548800
2021-05-26,28.790001,29.370001,28.660000,29.100000,29.100000,604000
2021-05-27,29.400000,30.549999,29.070000,30.459999,30.459999,735500
2021-05-28,30.650000,30.740000,29.320000,29.900000,29.900000,501700
2021-06-01,30.120001,31.340000,29.950001,31.160000,31.160000,709300
2021-06-02,31.070000,31.290001,30.139999,30.600000,30.600000,613800
2021-06-03,30.190001,31.190001,29.540001,31.040001,31.040001,621800
2021-06-04,31.209999,32.000000,31.200001,31.809999,31.809999,650600
2021-06-07,32.000000,32.470001,30.780001,32.119999,32.119999,742600
2021-06-08,32.189999,32.799999,31.780001,32.619999,32.619999,804900
2021-06-09,32.669998,32.779999,31.100000,31.110001,31.110001,534200
2021-06-10,31.110001,31.410000,30.690001,30.900000,30.900000,464900
2021-06-11,31.209999,31.370001,30.709999,31.020000,31.020000,300600
2021-06-14,31.139999,31.580000,30.270000,30.590000,30.590000,486300
2021-06-15,30.379999,31.000000,30.160000,30.950001,30.950001,514100
2021-06-16,30.969999,31.370001,30.250000,31.010000,31.010000,567600
2021-06-17,30.980000,31.190001,28.950001,29.400000,29.400000,1070000
2021-06-18,28.650000,29.139999,28.290001,28.410000,28.410000,2322200
2021-06-21,29.000000,30.200001,28.639999,30.059999,30.059999,786100
2021-06-22,29.889999,30.219999,29.459999,29.980000,29.980000,519800
2021-06-23,30.030001,30.139999,29.610001,29.809999,29.809999,602400
2021-06-24,30.190001,30.370001,29.639999,30.219999,30.219999,673600
2021-06-25,30.120001,30.490000,29.490000,29.549999,29.549999,2661800
2021-06-28,29.500000,29.910000,28.940001,29.860001,29.860001,824200
2021-06-29,29.870001,30.139999,29.340000,29.620001,29.620001,655300
2021-06-30,29.320000,30.150000,29.080000,30.000000,30.000000,874000
2021-07-01,30.150000,30.379999,29.690001,30.240000,30.240000,539500
2021-07-02,30.490000,30.530001,29.600000,29.930000,29.930000,394800
2021-07-06,30.020000,30.020000,28.780001,29.299999,29.299999,731800
2021-07-07,29.190001,29.730000,28.950001,29.500000,29.500000,889600
2021-07-08,28.610001,29.340000,28.299999,28.440001,28.440001,552200
2021-07-09,29.059999,29.709999,28.860001,29.430000,29.430000,308700
2021-07-12,29.360001,29.870001,29.350000,29.740000,29.740000,497200
2021-07-13,29.590000,29.639999,28.430000,28.459999,28.459999,493400
2021-07-14,28.580000,29.020000,27.510000,27.559999,27.559999,404900
2021-07-15,27.219999,27.940001,27.120001,27.530001,27.530001,387900
2021-07-16,27.790001,28.120001,26.639999,26.719999,26.719999,412100
2021-07-19,25.799999,26.410000,25.459999,26.209999,26.209999,860100
2021-07-20,26.250000,27.799999,25.790001,27.459999,27.459999,890200
2021-07-21,27.730000,29.260000,27.629999,28.990000,28.990000,852100
2021-07-22,28.990000,28.990000,28.049999,28.290001,28.290001,697900
2021-07-23,28.570000,29.040001,28.250000,29.000000,29.000000,385000
2021-07-26,29.080000,29.500000,28.700001,29.000000,29.000000,413100
2021-07-27,28.549999,28.950001,28.250000,28.799999,28.799999,453100
2021-07-28,28.990000,29.340000,28.309999,28.850000,28.850000,705800
2021-07-29,29.139999,29.920000,29.000000,29.650000,29.650000,422100
2021-07-30,29.240000,29.879999,29.010000,29.500000,29.500000,608900
2021-08-02,29.680000,30.629999,29.209999,29.410000,29.410000,871800
2021-08-03,29.389999,30.870001,28.990000,30.860001,30.860001,1010600
2021-08-04,30.490000,31.000000,30.090000,30.500000,30.500000,859500
2021-08-05,30.719999,31.030001,30.299999,30.500000,30.500000,686700
2021-08-06,31.600000,33.250000,30.170000,31.889999,31.889999,932000
2021-08-09,31.740000,31.750000,29.910000,30.000000,30.000000,779700
2021-08-10,30.000000,30.770000,29.969999,30.500000,30.500000,796100
2021-08-11,30.520000,31.260000,29.980000,31.000000,31.000000,718100
2021-08-12,30.770000,31.600000,30.750000,31.469999,31.469999,829300
2021-08-13,31.309999,31.469999,30.820000,31.049999,31.049999,507100
2021-08-16,30.559999,30.850000,30.370001,30.580000,30.580000,438800
2021-08-17,30.020000,30.559999,29.469999,30.110001,30.110001,918500
2021-08-18,29.750000,30.299999,29.049999,29.200001,29.200001,813000
2021-08-19,28.670000,29.260000,28.309999,28.450001,28.450001,699200
2021-08-20,28.650000,29.500000,28.270000,29.410000,29.410000,493700
2021-08-23,29.680000,29.820000,29.270000,29.790001,29.790001,296600
2021-08-24,30.049999,30.389999,29.930000,30.350000,30.350000,303400
2021-08-25,30.510000,31.139999,30.340000,31.040001,31.040001,410000
2021-08-26,30.900000,31.320000,30.809999,31.049999,31.049999,439500
2021-08-27,31.309999,32.599998,31.219999,32.240002,32.240002,650500
2021-08-30,32.330002,32.759998,32.119999,32.520000,32.520000,440200