Date,Open,High,Low,Close,Adj Close,Volume
2021-01-04,67.610001,68.449997,62.889999,64.250000,64.250000,710600
2021-01-05,64.250000,66.080002,64.250000,65.309998,65.309998,287500
2021-01-06,66.779999,69.250000,65.309998,68.559998,68.559998,554300
2021-01-07,68.669998,70.050003,66.500000,67.879997,67.879997,367800
2021-01-08,68.349998,68.629997,66.750000,67.989998,67.989998,387400
2021-01-11,66.800003,67.400002,64.809998,66.169998,66.169998,439600
2021-01-12,65.849998,69.099998,65.599998,69.010002,69.010002,526300
2021-01-13,69.070000,74.379997,68.300003,72.180000,72.180000,1237100
2021-01-14,72.910004,73.959999,68.940002,69.290001,69.290001,648700
2021-01-15,68.449997,69.080002,67.010002,67.760002,67.760002,743100
2021-01-19,67.839996,69.349998,66.000000,67.980003,67.980003,432400
2021-01-20,67.750000,69.650002,67.050003,68.750000,68.750000,356400
2021-01-21,68.639999,69.400002,67.930000,68.800003,68.800003,375500
2021-01-22,67.849998,67.870003,64.860001,66.629997,66.629997,571600
2021-01-25,65.879997,66.690002,64.059998,65.769997,65.769997,394800
2021-01-26,66.400002,66.580002,63.580002,63.750000,63.750000,359700
2021-01-27,62.009998,65.110001,61.240002,63.080002,63.080002,624000
2021-01-28,62.910000,68.180000,62.700001,66.180000,66.180000,1431900
2021-01-29,65.699997,65.930000,62.869999,64.849998,64.849998,627400
2021-02-01,65.410004,67.239998,64.589996,66.989998,66.989998,383300
2021-02-02,68.000000,69.120003,67.139999,67.550003,67.550003,507200
2021-02-03,67.309998,68.349998,66.629997,66.889999,66.889999,371600
2021-02-04,67.029999,69.739998,66.820000,69.000000,69.000000,449300
2021-02-05,70.000000,71.050003,69.180000,70.379997,70.379997,303900
2021-02-08,70.559998,71.820000,70.180000,71.769997,71.769997,339900
2021-02-09,71.540001,71.559998,67.629997,67.790001,67.790001,311700
2021-02-10,68.040001,71.680000,68.040001,70.480003,70.480003,325400
2021-02-11,70.709999,71.879997,69.550003,71.220001,71.220001,311000
2021-02-12,70.820000,73.580002,70.820000,73.500000,73.500000,275800
2021-02-16,73.849998,75.169998,72.400002,73.650002,73.650002,326100
2021-02-17,73.129997,74.209999,72.180000,73.300003,73.300003,216400
2021-02-18,72.790001,74.360001,71.970001,73.919998,73.919998,383700
2021-02-19,74.470001,76.900002,73.940002,75.930000,75.930000,467900
2021-02-22,75.629997,79.139999,75.629997,78.309998,78.309998,581700
2021-02-23,78.570000,81.000000,76.550003,80.010002,80.010002,684900
2021-02-24,80.820000,84.029999,79.830002,80.779999,80.779999,1064200
2021-02-25,80.760002,81.870003,74.739998,75.669998,75.669998,685400
2021-02-26,76.230003,81.000000,74.989998,77.290001,77.290001,887600
2021-03-01,79.870003,81.320000,77.739998,81.010002,81.010002,822300
2021-03-02,80.389999,81.519997,77.250000,78.199997,78.199997,400800
2021-03-03,78.800003,82.160004,78.800003,80.470001,80.470001,560400
2021-03-04,80.589996,80.589996,75.360001,79.129997,79.129997,834800
2021-03-05,80.489998,81.099998,77.320000,80.320000,80.320000,839100
2021-03-08,81.000000,81.980003,79.070000,80.720001,80.720001,622600
2021-03-09,81.510002,83.190002,78.809998,81.099998,81.099998,668800
2021-03-10,81.500000,84.669998,81.309998,82.849998,82.849998,451100
2021-03-11,83.199997,84.879997,81.320000,83.080002,83.080002,620700
2021-03-12,83.580002,84.730003,81.580002,82.129997,82.129997,560300
2021-03-15,81.669998,85.379997,81.279999,85.379997,85.379997,907300
2021-03-16,85.300003,85.300003,83.080002,83.959999,83.959999,522100
2021-03-17,83.750000,86.580002,83.389999,84.500000,84.500000,656100
2021-03-18,83.889999,84.949997,81.419998,81.750000,81.750000,778600
2021-03-19,82.059998,84.320000,79.500000,80.500000,80.500000,1129100
2021-03-22,80.089996,80.089996,77.120003,78.529999,78.529999,337800
2021-03-23,77.339996,77.779999,75.769997,76.699997,76.699997,448100
2021-03-24,78.040001,79.910004,77.470001,77.480003,77.480003,562600
2021-03-25,76.919998,78.830002,74.349998,78.199997,78.199997,519600
2021-03-26,79.320000,79.839996,77.900002,79.000000,79.000000,508700
2021-03-29,78.580002,79.650002,76.070000,76.940002,76.940002,360000
2021-03-30,77.180000,79.379997,77.180000,78.269997,78.269997,308700
2021-03-31,78.019997,79.000000,76.660004,77.510002,77.510002,405500
2021-04-01,77.900002,79.059998,77.389999,78.849998,78.849998,213500
2021-04-05,79.870003,80.250000,77.029999,77.870003,77.870003,420300
2021-04-06,77.989998,78.550003,76.559998,76.940002,76.940002,315600
2021-04-07,77.019997,78.080002,76.209999,77.610001,77.610001,301900
2021-04-08,77.360001,78.370003,75.830002,77.809998,77.809998,259200
2021-04-09,77.430000,77.580002,75.010002,76.639999,76.639999,355100
2021-04-12,76.940002,77.750000,75.889999,77.559998,77.559998,333100
2021-04-13,76.620003,76.989998,74.739998,76.050003,76.050003,389900
2021-04-14,76.410004,80.089996,76.050003,76.129997,76.129997,708500
2021-04-15,77.010002,77.180000,74.820000,77.029999,77.029999,457600
2021-04-16,77.949997,79.410004,77.550003,78.089996,78.089996,329400
2021-04-19,77.529999,78.300003,76.250000,78.190002,78.190002,301900
2021-04-20,77.180000,77.629997,74.730003,75.230003,75.230003,422800
2021-04-21,74.900002,77.879997,73.820000,77.160004,77.160004,333700
2021-04-22,77.949997,78.330002,74.779999,76.320000,76.320000,448300
2021-04-23,76.309998,77.580002,75.550003,75.940002,75.940002,736900
2021-04-26,76.820000,78.779999,75.529999,77.040001,77.040001,444300
2021-04-27,76.650002,78.550003,76.629997,77.349998,77.349998,374200
2021-04-28,77.589996,78.199997,76.680000,76.779999,76.779999,458600
2021-04-29,77.470001,79.440002,77.379997,78.989998,78.989998,467700
2021-04-30,78.089996,78.919998,76.809998,78.650002,78.650002,341700
2021-05-03,79.349998,82.430000,79.110001,81.370003,81.370003,539600
2021-05-04,79.320000,80.150002,75.360001,76.050003,76.050003,909700
2021-05-05,76.199997,77.330002,75.010002,75.400002,75.400002,498100
2021-05-06,75.610001,76.230003,74.389999,75.650002,75.650002,342600
2021-05-07,75.470001,78.989998,75.470001,78.989998,78.989998,261700
2021-05-10,79.220001,79.330002,76.529999,76.629997,76.629997,354900
2021-05-11,74.739998,76.519997,73.699997,76.269997,76.269997,401200
2021-05-12,76.000000,76.300003,70.680000,71.190002,71.190002,403200
2021-05-13,72.190002,74.750000,72.190002,73.519997,73.519997,438000
2021-05-14,74.080002,76.570000,74.080002,76.220001,76.220001,203700
2021-05-17,75.180000,75.180000,73.589996,74.529999,74.529999,291100
2021-05-18,74.580002,74.680000,72.070000,72.129997,72.129997,464000
2021-05-19,70.980003,71.699997,68.639999,70.839996,70.839996,348200
2021-05-20,70.860001,70.860001,68.750000,70.070000,70.070000,296400
2021-05-21,70.650002,71.820000,70.330002,70.459999,70.459999,303700
2021-05-24,71.120003,72.360001,69.870003,72.300003,72.300003,242500
2021-05-25,72.680000,74.980003,72.309998,73.220001,73.220001,418900
2021-05-26,72.989998,75.970001,72.269997,75.739998,75.739998,397400
2021-05-27,76.419998,76.500000,75.220001,75.580002,75.580002,233600
2021-05-28,76.190002,76.190002,74.449997,74.910004,74.910004,197100
2021-06-01,75.750000,78.120003,75.070000,77.900002,77.900002,368200
2021-06-02,78.510002,78.620003,77.040001,77.209999,77.209999,185200
2021-06-03,76.639999,76.639999,75.059998,75.169998,75.169998,186500
2021-06-04,75.500000,76.309998,74.339996,74.529999,74.529999,225800
2021-06-07,74.570000,76.669998,74.180000,76.279999,76.279999,547800
2021-06-08,76.989998,80.690002,75.900002,79.660004,79.660004,868200
2021-06-09,80.160004,80.160004,77.769997,78.910004,78.910004,390300
2021-06-10,79.300003,79.300003,78.110001,78.250000,78.250000,453100
2021-06-11,78.099998,81.529999,78.099998,80.889999,80.889999,393200
2021-06-14,81.260002,82.129997,80.059998,80.879997,80.879997,485800
2021-06-15,81.000000,83.660004,80.860001,83.080002,83.080002,707100
2021-06-16,83.290001,84.599998,82.129997,83.339996,83.339996,440500
2021-06-17,83.410004,83.940002,81.070000,83.110001,83.110001,439200
2021-06-18,83.110001,83.110001,79.559998,81.800003,81.800003,739000
2021-06-21,82.000000,83.239998,81.300003,82.830002,82.830002,328900
2021-06-22,82.230003,82.970001,81.000000,82.410004,82.410004,395700
2021-06-23,82.500000,83.769997,81.830002,81.949997,81.949997,366500
2021-06-24,82.370003,83.660004,80.900002,83.589996,83.589996,633800
2021-06-25,84.050003,84.279999,82.769997,83.769997,83.769997,782400
2021-06-28,83.150002,83.480003,78.209999,79.790001,79.790001,762700
2021-06-29,79.839996,80.089996,78.379997,78.599998,78.599998,466900
2021-06-30,78.599998,79.959999,77.709999,78.959999,78.959999,357000
2021-07-01,79.589996,80.620003,77.760002,77.839996,77.839996,418400
2021-07-02,77.839996,77.839996,76.519997,76.860001,76.860001,293100
2021-07-06,76.480003,76.970001,72.599998,74.860001,74.860001,598200
2021-07-07,74.860001,76.160004,73.779999,75.279999,75.279999,545200
2021-07-08,73.580002,75.059998,71.680000,74.529999,74.529999,655000
2021-07-09,75.839996,77.900002,75.089996,77.889999,77.889999,411900
2021-07-12,79.059998,81.010002,77.940002,80.650002,80.650002,597400
2021-07-13,79.250000,80.080002,78.050003,78.220001,78.220001,516300
2021-07-14,78.940002,80.980003,78.040001,79.000000,79.000000,431600
2021-07-15,77.949997,80.070000,77.559998,79.110001,79.110001,656800
2021-07-16,80.489998,81.580002,78.389999,78.430000,78.430000,889700
2021-07-19,75.860001,76.480003,71.150002,74.860001,74.860001,1136200
2021-07-20,74.970001,77.790001,71.750000,76.849998,76.849998,685000
2021-07-21,78.110001,82.760002,77.889999,82.650002,82.650002,784600
2021-07-22,82.000000,82.029999,78.580002,81.260002,81.260002,371600
2021-07-23,82.169998,82.260002,77.580002,79.410004,79.410004,776100
2021-07-26,79.690002,81.000000,76.809998,78.400002,78.400002,615700
2021-07-27,77.660004,78.550003,76.510002,77.190002,77.190002,416000
2021-07-28,77.949997,78.459999,75.099998,77.000000,77.000000,364000
2021-07-29,78.150002,78.790001,77.379997,77.580002,77.580002,282800
2021-07-30,76.949997,78.940002,76.050003,76.699997,76.699997,488500
2021-08-02,77.279999,79.330002,75.629997,75.949997,75.949997,299000
2021-08-03,74.500000,77.709999,72.320000,76.949997,76.949997,484300
2021-08-04,75.949997,77.430000,73.800003,74.400002,74.400002,487900
2021-08-05,75.180000,78.209999,75.139999,78.080002,78.080002,444300
2021-08-06,79.610001,80.040001,78.000000,78.699997,78.699997,425500
2021-08-09,77.540001,77.940002,75.610001,75.620003,75.620003,358700
2021-08-10,75.349998,77.510002,74.860001,76.849998,76.849998,257400
2021-08-11,76.860001,79.919998,75.790001,79.879997,79.879997,446400
2021-08-12,80.000000,80.459999,78.599998,80.129997,80.129997,749600
2021-08-13,80.250000,80.250000,78.330002,79.870003,79.870003,552500
2021-08-16,78.500000,79.650002,76.959999,78.220001,78.220001,495900
2021-08-17,77.000000,77.050003,74.160004,75.250000,75.250000,486700
2021-08-18,75.110001,75.510002,73.669998,73.860001,73.860001,417500
2021-08-19,72.559998,73.550003,71.029999,72.750000,72.750000,380500
2021-08-20,72.220001,75.750000,71.309998,75.400002,75.400002,425000
2021-08-23,76.089996,76.720001,75.269997,76.239998,76.239998,345900
2021-08-24,76.669998,79.489998,76.660004,78.919998,78.919998,430300
2021-08-25,78.750000,81.019997,78.150002,79.839996,79.839996,373700
2021-08-26,79.940002,80.260002,76.930000,77.769997,77.769997,319200
2021-08-27,78.470001,82.709999,78.470001,82.220001,82.220001,328400
2021-08-30,82.220001,82.220001,80.169998,80.830002,80.830002,255700