Date,Open,High,Low,Close,Adj Close,Volume
2021-01-04,104.570000,104.830002,100.669998,101.610001,100.912239,139900
2021-01-05,101.519997,103.599998,101.519997,101.720001,101.021492,130700
2021-01-06,104.180000,108.220001,103.559998,107.760002,107.020012,205900
2021-01-07,107.839996,109.379997,107.589996,108.190002,107.447060,98800
2021-01-08,107.970001,107.970001,104.820000,106.260002,105.530319,124700
2021-01-11,104.830002,105.739998,103.169998,104.099998,103.385147,123400
2021-01-12,104.089996,105.709999,103.830002,105.000000,104.278969,192800
2021-01-13,105.389999,105.389999,102.879997,103.449997,102.739609,130500
2021-01-14,104.550003,104.830002,102.300003,102.580002,101.875587,158000
2021-01-15,101.290001,102.870003,100.419998,101.879997,101.180382,133700
2021-01-19,102.919998,103.410004,100.680000,101.370003,100.673889,162200
2021-01-20,100.699997,102.610001,100.320000,102.449997,101.746475,149900
2021-01-21,102.570000,102.959999,100.510002,100.760002,100.068085,119200
2021-01-22,99.639999,101.129997,99.190002,101.019997,100.326294,148700
2021-01-25,99.800003,103.129997,99.620003,103.110001,102.401939,152300
2021-01-26,103.269997,103.809998,102.120003,102.269997,101.567703,208200
2021-01-27,99.830002,101.000000,97.580002,98.510002,97.833534,203000
2021-01-28,99.400002,101.949997,96.260002,98.870003,98.191063,203200
2021-01-29,98.910004,98.910004,95.529999,96.779999,96.115402,264400
2021-02-01,97.550003,97.879997,96.000000,97.639999,96.969505,102900
2021-02-02,98.879997,99.669998,97.540001,99.440002,98.757149,78400
2021-02-03,98.430000,99.739998,97.120003,98.870003,98.191063,97300
2021-02-04,98.629997,100.349998,98.629997,99.629997,98.945839,104500
2021-02-05,100.470001,100.919998,99.379997,100.800003,100.107803,115600
2021-02-08,101.519997,103.440002,100.809998,103.419998,102.709808,120600
2021-02-09,103.589996,104.250000,101.889999,103.209999,102.501259,94000
2021-02-10,103.739998,104.800003,103.139999,103.930000,103.216309,120200
2021-02-11,104.070000,105.739998,103.830002,105.180000,104.457726,121800
2021-02-12,104.570000,105.389999,103.080002,104.279999,103.563911,104700
2021-02-16,104.720001,104.720001,101.320000,101.449997,100.753334,104000
2021-02-17,100.760002,103.559998,100.760002,102.940002,102.233116,86600
2021-02-18,102.540001,103.239998,101.150002,102.519997,101.815987,78100
2021-02-19,102.820000,103.739998,102.239998,103.110001,102.401939,88600
2021-02-22,102.389999,105.080002,102.389999,104.839996,104.120064,69100
2021-02-23,105.000000,108.050003,103.639999,105.800003,105.073479,93500
2021-02-24,106.250000,108.440002,105.800003,107.669998,106.930626,118000
2021-02-25,107.730003,108.160004,105.080002,105.290001,104.800575,86500
2021-02-26,105.540001,105.910004,103.750000,104.339996,103.854988,113100
2021-03-01,105.900002,106.870003,105.199997,106.110001,105.616768,106600
2021-03-02,105.739998,106.360001,104.459999,105.680000,105.188759,92800
2021-03-03,105.940002,109.070000,105.809998,106.599998,106.104485,98400
2021-03-04,106.360001,108.220001,105.050003,105.720001,105.228584,138200
2021-03-05,107.370003,109.349998,106.419998,109.129997,108.622719,141000
2021-03-08,110.000000,113.949997,109.580002,112.330002,111.807854,102300
2021-03-09,112.620003,113.879997,111.099998,111.160004,110.643288,163000
2021-03-10,111.099998,115.070000,110.559998,114.040001,113.509903,122800
2021-03-11,113.760002,115.410004,113.099998,115.260002,114.724236,132400
2021-03-12,116.339996,117.480003,115.379997,117.250000,116.704987,102700
2021-03-15,116.620003,117.839996,115.860001,117.209999,116.665169,104100
2021-03-16,116.339996,116.809998,114.620003,116.750000,116.207306,100100
2021-03-17,117.459999,117.459999,115.129997,117.290001,116.744797,116000
2021-03-18,117.760002,117.760002,114.790001,115.300003,114.764046,136100
2021-03-19,115.339996,115.339996,111.029999,112.160004,111.638641,617700
2021-03-22,111.669998,111.669998,108.019997,108.279999,107.776680,177000
2021-03-23,107.279999,109.970001,107.279999,108.440002,107.935936,194200
2021-03-24,109.620003,111.750000,109.000000,110.019997,109.508591,179000
2021-03-25,110.050003,114.379997,109.360001,113.930000,113.400421,190600
2021-03-26,114.919998,115.029999,112.290001,113.809998,113.280968,131500
2021-03-29,113.160004,116.029999,112.190002,112.830002,112.305527,135800
2021-03-30,113.400002,113.739998,112.209999,112.400002,111.877525,86500
2021-03-31,112.190002,114.180000,110.790001,111.570000,111.051384,138100
2021-04-01,111.080002,113.459999,110.940002,113.400002,112.872879,86500
2021-04-05,114.000000,115.279999,113.370003,115.150002,114.614738,90300
2021-04-06,114.760002,116.110001,114.690002,115.110001,114.574928,78400
2021-04-07,115.570000,115.570000,113.400002,113.589996,113.061989,78500
2021-04-08,113.269997,115.790001,112.970001,113.790001,113.261070,111300
2021-04-09,114.820000,114.910004,113.330002,114.680000,114.146935,84700
2021-04-12,114.680000,115.599998,113.519997,115.199997,114.664513,97500
2021-04-13,115.230003,115.699997,112.480003,113.309998,112.783295,91300
2021-04-14,113.260002,115.129997,112.889999,114.559998,114.027481,63400
2021-04-15,115.599998,115.599998,113.750000,114.730003,114.196701,72300
2021-04-16,115.849998,115.849998,114.349998,115.080002,114.545067,110900
2021-04-19,114.470001,115.120003,113.190002,114.779999,114.246460,101500
2021-04-20,114.419998,115.260002,113.889999,114.320000,113.788597,85700
2021-04-21,114.650002,117.349998,114.250000,116.970001,116.426285,156000
2021-04-22,117.839996,117.839996,113.260002,113.430000,112.902733,250100
2021-04-23,113.849998,116.260002,113.830002,113.989998,113.460136,188400
2021-04-26,114.919998,116.879997,113.730003,113.769997,113.241158,186100
2021-04-27,113.879997,114.650002,113.279999,113.500000,112.972412,163700
2021-04-28,113.750000,113.750000,110.790001,111.459999,110.941895,123900
2021-04-29,111.980003,113.080002,111.220001,112.349998,111.827759,146500
2021-04-30,111.690002,112.430000,111.050003,111.459999,110.941895,167900
2021-05-03,112.489998,114.500000,112.050003,112.839996,112.315475,124500
2021-05-04,112.489998,113.910004,112.070000,113.040001,112.514549,94800
2021-05-05,112.949997,112.949997,109.699997,111.650002,111.131012,141100
2021-05-06,111.239998,113.019997,111.239998,113.019997,112.494644,88400
2021-05-07,112.279999,113.500000,111.559998,113.260002,112.733536,82300
2021-05-10,113.339996,113.790001,110.839996,110.919998,110.404404,82200
2021-05-11,109.980003,110.339996,108.169998,108.309998,107.806534,110100
2021-05-12,107.660004,108.160004,105.410004,105.580002,105.089233,148600
2021-05-13,105.589996,110.500000,105.580002,109.849998,109.339378,157300
2021-05-14,110.269997,110.269997,108.660004,109.459999,108.951195,106900
2021-05-17,108.620003,109.370003,107.669998,108.760002,108.254448,97100
2021-05-18,108.360001,108.360001,106.300003,106.330002,105.835747,188800
2021-05-19,105.349998,106.250000,104.220001,106.139999,105.646622,91800
2021-05-20,105.709999,107.230003,105.709999,106.930000,106.432953,95400
2021-05-21,107.959999,108.540001,106.199997,107.050003,106.552399,88300
2021-05-24,107.000000,107.239998,105.839996,106.120003,105.626717,108800
2021-05-25,106.059998,106.099998,103.769997,103.809998,103.327454,108800
2021-05-26,103.650002,104.910004,103.650002,104.360001,103.874901,81700
2021-05-27,105.269997,105.330002,104.349998,105.150002,104.912552,109200
2021-05-28,105.639999,105.730003,104.470001,105.480003,105.241814,120400
2021-06-01,106.010002,106.379997,104.839996,105.260002,105.022308,96600
2021-06-02,105.989998,105.989998,103.300003,103.720001,103.485786,182200
2021-06-03,103.139999,104.150002,102.430000,103.709999,103.475800,80100
2021-06-04,103.360001,104.239998,103.169998,103.910004,103.675354,71800
2021-06-07,103.860001,104.000000,102.599998,103.070000,102.837250,111900
2021-06-08,102.820000,104.309998,102.120003,104.120003,103.884880,117000
2021-06-09,103.529999,103.989998,102.760002,102.919998,102.687584,125700
2021-06-10,103.550003,104.320000,102.980003,103.290001,103.056755,152100
2021-06-11,103.410004,104.230003,103.300003,104.169998,103.934761,93400
2021-06-14,104.010002,104.370003,103.300003,103.650002,103.415939,77400
2021-06-15,103.849998,106.320000,102.879997,105.639999,105.401443,110500
2021-06-16,105.570000,106.279999,104.180000,104.849998,104.613228,87200
2021-06-17,104.839996,104.849998,103.150002,104.029999,103.795082,132900
2021-06-18,103.029999,104.129997,101.320000,101.459999,101.230881,308700
2021-06-21,102.709999,104.750000,101.839996,103.779999,103.545647,140000
2021-06-22,103.230003,104.129997,102.980003,103.800003,103.565605,109200
2021-06-23,103.150002,104.209999,102.989998,103.440002,103.206413,158600
2021-06-24,103.970001,104.000000,103.059998,103.889999,103.655396,98800
2021-06-25,103.900002,104.800003,103.900002,104.120003,103.884880,410300
2021-06-28,103.959999,104.010002,102.330002,103.239998,103.006866,111200
2021-06-29,103.559998,104.750000,103.480003,104.440002,104.204155,79900
2021-06-30,104.239998,105.370003,104.239998,104.589996,104.353813,103500
2021-07-01,105.349998,106.699997,105.019997,106.059998,105.820496,120700
2021-07-02,106.040001,106.669998,105.769997,106.190002,105.950203,137100
2021-07-06,105.879997,105.879997,102.519997,104.470001,104.234093,108900
2021-07-07,103.620003,105.889999,103.620003,105.120003,104.882622,99400
2021-07-08,103.809998,104.660004,102.809998,103.290001,103.056755,114600
2021-07-09,104.489998,105.769997,103.930000,105.510002,105.271744,107000
2021-07-12,104.889999,105.400002,104.559998,105.129997,104.892593,68500
2021-07-13,104.529999,105.160004,103.500000,103.769997,103.535667,79200
2021-07-14,104.250000,104.989998,103.769997,104.320000,104.084427,104700
2021-07-15,103.309998,106.209999,103.309998,106.070000,105.830475,91700
2021-07-16,106.820000,108.510002,106.510002,107.970001,107.726189,157700
2021-07-19,106.589996,107.330002,104.750000,105.050003,104.812782,175200
2021-07-20,105.849998,108.269997,105.419998,106.940002,106.698509,237600
2021-07-21,107.989998,108.779999,106.599998,106.750000,106.508942,149300
2021-07-22,106.750000,107.940002,103.279999,104.120003,103.884880,183400
2021-07-23,105.419998,106.190002,104.870003,106.139999,105.900314,100900
2021-07-26,106.489998,107.349998,105.980003,106.959999,106.718468,107400
2021-07-27,106.269997,107.650002,105.820000,107.629997,107.386948,144100
2021-07-28,108.209999,108.239998,105.540001,107.269997,107.027763,112400
2021-07-29,108.379997,109.570000,107.209999,109.550003,109.302620,74900
2021-07-30,109.489998,110.290001,108.180000,108.379997,108.135254,345400
2021-08-02,109.000000,109.360001,107.720001,108.070000,107.825958,97100
2021-08-03,108.879997,109.010002,107.080002,108.169998,107.925728,101700
2021-08-04,106.940002,108.430000,106.879997,107.599998,107.357018,94000
2021-08-05,108.290001,108.830002,107.650002,108.519997,108.274940,101800
2021-08-06,109.690002,110.169998,109.260002,109.910004,109.661804,91000
2021-08-09,109.410004,109.900002,108.570000,109.300003,109.053185,87800
2021-08-10,109.529999,109.730003,108.349998,108.690002,108.444557,85400
2021-08-11,109.209999,109.580002,107.879997,108.739998,108.494446,123400
2021-08-12,109.320000,109.570000,108.419998,108.669998,108.424599,93300
2021-08-13,109.330002,109.339996,108.309998,108.830002,108.584244,58600
2021-08-16,108.209999,109.769997,108.209999,108.790001,108.544334,73100
2021-08-17,107.940002,109.320000,107.940002,109.129997,108.883560,93000
2021-08-18,108.639999,108.970001,107.430000,107.540001,107.297157,92900
2021-08-19,106.839996,108.809998,106.690002,108.160004,107.915756,99800
2021-08-20,107.940002,110.820000,107.720001,110.419998,110.170647,354000
2021-08-23,110.970001,112.230003,110.480003,111.480003,111.228264,189100
2021-08-24,111.459999,112.029999,111.089996,111.699997,111.447762,127700
2021-08-25,111.320000,112.160004,110.019997,110.019997,109.771553,105400
2021-08-26,109.669998,109.820000,107.980003,107.980003,107.736168,93500
2021-08-27,108.220001,110.879997,108.220001,110.709999,110.459999,143000
2021-08-30,110.379997,110.459999,109.489998,109.570000,109.570000,64900