Date,Open,High,Low,Close,Adj Close,Volume
2021-01-04,156.119995,156.949997,147.929993,152.089996,152.089996,103000
2021-01-05,151.020004,157.880005,150.860001,156.350006,156.350006,91500
2021-01-06,159.479996,170.259995,159.479996,169.699997,169.699997,241200
2021-01-07,169.699997,177.000000,169.479996,176.589996,176.589996,134400
2021-01-08,178.220001,184.820007,178.220001,183.639999,183.639999,145800
2021-01-11,180.500000,181.940002,169.070007,176.160004,176.160004,124800
2021-01-12,176.470001,176.800003,170.839996,173.520004,173.520004,135000
2021-01-13,173.690002,176.919998,172.899994,173.770004,173.770004,57800
2021-01-14,175.669998,177.410004,174.639999,175.000000,175.000000,58900
2021-01-15,172.070007,175.600006,168.199997,169.139999,169.139999,54000
2021-01-19,170.970001,174.199997,169.580002,170.550003,170.550003,156800
2021-01-20,171.720001,176.639999,171.139999,172.470001,172.470001,75200
2021-01-21,173.619995,173.750000,164.139999,164.160004,164.160004,133000
2021-01-22,161.669998,168.679993,161.339996,167.970001,167.970001,72100
2021-01-25,166.839996,171.000000,164.789993,168.139999,168.139999,65800
2021-01-26,170.160004,170.160004,163.309998,166.050003,166.050003,58200
2021-01-27,160.399994,164.119995,159.449997,161.850006,161.850006,69400
2021-01-28,164.039993,164.039993,159.619995,160.100006,160.100006,65200
2021-01-29,159.910004,161.740005,155.419998,156.070007,156.070007,78900
2021-02-01,157.539993,166.860001,157.539993,165.009995,165.009995,62100
2021-02-02,168.539993,169.710007,163.350006,167.149994,167.149994,40300
2021-02-03,165.779999,168.220001,163.630005,166.839996,166.839996,40100
2021-02-04,167.210007,170.039993,167.210007,169.839996,169.839996,43400
2021-02-05,170.509995,172.100006,167.699997,172.100006,172.100006,44300
2021-02-08,173.750000,178.589996,173.750000,178.080002,178.080002,45700
2021-02-09,177.160004,183.649994,177.160004,181.500000,181.500000,50100
2021-02-10,184.020004,184.679993,175.820007,176.419998,176.419998,61400
2021-02-11,177.610001,181.259995,177.050003,180.800003,180.800003,58900
2021-02-12,179.889999,182.270004,178.289993,179.259995,179.259995,43500
2021-02-16,181.960007,182.240005,178.009995,180.250000,180.250000,42300
2021-02-17,178.179993,178.380005,172.880005,174.580002,174.580002,42400
2021-02-18,174.440002,174.440002,170.029999,170.419998,170.419998,54000
2021-02-19,175.839996,192.809998,174.000000,185.979996,185.979996,135200
2021-02-22,183.449997,195.389999,181.000000,191.889999,191.889999,100400
2021-02-23,189.380005,189.380005,181.050003,184.580002,184.580002,148100
2021-02-24,183.350006,189.110001,180.320007,186.320007,186.320007,117400
2021-02-25,184.240005,186.869995,175.619995,176.960007,176.960007,62100
2021-02-26,179.330002,184.600006,176.770004,181.479996,181.479996,80500
2021-03-01,184.809998,188.369995,184.490005,188.059998,188.059998,52500
2021-03-02,187.979996,189.289993,183.550003,187.479996,187.479996,72200
2021-03-03,188.220001,190.929993,187.199997,189.190002,189.190002,68300
2021-03-04,189.460007,190.240005,183.300003,185.539993,185.539993,144900
2021-03-05,189.559998,189.559998,177.070007,181.839996,181.839996,110600
2021-03-08,183.869995,183.869995,172.210007,175.169998,175.169998,94400
2021-03-09,178.300003,184.979996,178.300003,183.479996,183.479996,91000
2021-03-10,183.449997,188.039993,182.679993,184.179993,184.179993,44200
2021-03-11,186.449997,193.619995,184.360001,193.470001,193.470001,61100
2021-03-12,192.070007,196.050003,192.000000,194.500000,194.500000,63100
2021-03-15,193.270004,195.529999,191.479996,195.529999,195.529999,47900
2021-03-16,195.910004,196.710007,192.699997,195.990005,195.990005,54400
2021-03-17,195.020004,197.800003,192.259995,197.800003,197.800003,92400
2021-03-18,195.610001,198.669998,191.330002,197.929993,197.929993,124200
2021-03-19,197.929993,199.000000,192.720001,198.160004,198.160004,219600
2021-03-22,199.250000,199.500000,190.949997,191.539993,191.539993,51800
2021-03-23,190.169998,190.750000,179.300003,180.679993,180.679993,66200
2021-03-24,183.259995,186.559998,178.160004,178.279999,178.279999,87200
2021-03-25,174.649994,183.679993,174.649994,181.990005,181.990005,62500
2021-03-26,183.080002,192.139999,183.080002,191.550003,191.550003,138700
2021-03-29,191.750000,196.089996,183.690002,183.759995,183.759995,68800
2021-03-30,183.759995,188.729996,181.610001,186.919998,186.919998,56000
2021-03-31,188.089996,191.190002,183.360001,188.210007,188.210007,74100
2021-04-01,190.990005,192.919998,187.809998,192.660004,192.660004,66000
2021-04-05,195.009995,197.710007,192.199997,193.649994,193.649994,54600
2021-04-06,195.059998,196.490005,193.699997,195.179993,195.179993,46200
2021-04-07,194.660004,195.119995,188.740005,189.710007,189.710007,34200
2021-04-08,192.160004,194.160004,190.199997,192.369995,192.369995,46300
2021-04-09,193.639999,194.330002,191.179993,194.089996,194.089996,26500
2021-04-12,195.119995,195.119995,190.089996,191.259995,191.259995,32100
2021-04-13,192.119995,192.119995,189.259995,190.160004,190.160004,31500
2021-04-14,190.190002,194.190002,190.029999,191.380005,191.380005,30900
2021-04-15,193.380005,194.220001,190.369995,193.330002,193.330002,25000
2021-04-16,196.729996,202.000000,196.729996,201.289993,201.289993,113100
2021-04-19,198.889999,202.389999,197.009995,201.169998,201.169998,72000
2021-04-20,199.580002,201.130005,193.250000,195.509995,195.509995,85300
2021-04-21,195.639999,202.389999,195.639999,199.600006,199.600006,37500
2021-04-22,202.119995,204.229996,198.289993,198.779999,198.779999,42300
2021-04-23,200.610001,205.949997,199.020004,203.160004,203.160004,62100
2021-04-26,204.520004,206.130005,202.839996,203.130005,203.130005,33800
2021-04-27,202.830002,202.830002,193.660004,193.990005,193.990005,68200
2021-04-28,193.020004,193.649994,188.300003,190.910004,190.910004,117000
2021-04-29,193.380005,193.380005,188.929993,189.479996,189.479996,95800
2021-04-30,187.270004,200.000000,185.240005,195.839996,195.839996,127800
2021-05-03,198.610001,201.330002,193.259995,194.970001,194.970001,154300
2021-05-04,192.970001,193.779999,187.000000,187.750000,187.750000,53500
2021-05-05,189.320007,191.759995,186.399994,188.600006,188.600006,79700
2021-05-06,189.039993,192.119995,187.479996,190.949997,190.949997,46300
2021-05-07,191.570007,193.029999,189.149994,190.160004,190.160004,32400
2021-05-10,189.649994,189.649994,180.399994,180.679993,180.679993,61200
2021-05-11,175.210007,183.479996,172.839996,183.059998,183.059998,91900
2021-05-12,180.610001,181.029999,175.199997,175.839996,175.839996,88300
2021-05-13,177.619995,182.270004,176.380005,182.080002,182.080002,59400
2021-05-14,184.800003,186.990005,184.169998,186.270004,186.270004,42700
2021-05-17,183.949997,184.039993,181.279999,182.259995,182.259995,37400
2021-05-18,181.639999,185.639999,179.000000,179.419998,179.419998,54800
2021-05-19,175.750000,179.229996,175.009995,178.919998,178.919998,42100
2021-05-20,178.679993,180.300003,177.600006,179.800003,179.800003,38600
2021-05-21,182.429993,184.820007,180.250000,183.460007,183.460007,71100
2021-05-24,183.460007,186.360001,182.259995,183.160004,183.160004,67500
2021-05-25,183.110001,185.559998,179.910004,180.089996,180.089996,47000
2021-05-26,184.839996,189.199997,181.009995,188.330002,188.330002,76500
2021-05-27,190.250000,192.380005,186.669998,188.410004,188.410004,75000
2021-05-28,190.229996,190.229996,185.589996,187.350006,187.350006,41300
2021-06-01,188.440002,194.199997,186.600006,192.169998,192.169998,75300
2021-06-02,191.460007,191.460007,186.720001,190.169998,190.169998,53900
2021-06-03,188.940002,190.289993,187.509995,190.169998,190.169998,46100
2021-06-04,190.149994,192.470001,190.149994,192.029999,192.029999,38800
2021-06-07,192.270004,192.270004,189.919998,191.839996,191.839996,73000
2021-06-08,191.699997,194.860001,190.259995,193.479996,193.479996,45500
2021-06-09,194.320007,194.320007,191.770004,192.389999,192.389999,52000
2021-06-10,194.389999,194.389999,188.970001,189.639999,189.639999,43200
2021-06-11,191.190002,191.490005,187.910004,190.559998,190.559998,41400
2021-06-14,190.009995,191.059998,188.600006,191.059998,191.059998,55900
2021-06-15,191.470001,191.979996,189.270004,191.979996,191.979996,52500
2021-06-16,192.949997,198.949997,192.919998,197.860001,197.860001,99600
2021-06-17,198.759995,198.960007,192.610001,194.750000,194.750000,89900
2021-06-18,192.050003,195.059998,188.119995,191.539993,191.539993,151700
2021-06-21,192.809998,194.570007,188.580002,190.929993,190.929993,53000
2021-06-22,190.119995,193.339996,188.020004,193.020004,193.020004,41900
2021-06-23,192.369995,193.589996,190.899994,191.869995,191.869995,65400
2021-06-24,193.179993,194.479996,191.500000,193.000000,193.000000,65400
2021-06-25,193.149994,197.580002,191.639999,192.529999,192.529999,702500
2021-06-28,194.089996,197.740005,194.080002,197.389999,197.389999,118100
2021-06-29,198.220001,199.630005,196.100006,198.919998,198.919998,51300
2021-06-30,197.639999,203.199997,196.869995,200.800003,200.800003,99800
2021-07-01,202.000000,203.360001,197.779999,201.190002,201.190002,100400
2021-07-02,201.809998,203.600006,197.690002,198.520004,198.520004,61900
2021-07-06,199.610001,199.610001,195.479996,198.529999,198.529999,50600
2021-07-07,197.610001,200.690002,196.839996,199.050003,199.050003,112900
2021-07-08,194.839996,197.369995,192.080002,195.710007,195.710007,60400
2021-07-09,197.539993,199.960007,196.199997,197.169998,197.169998,36300
2021-07-12,196.529999,200.690002,195.699997,199.839996,199.839996,23300
2021-07-13,198.240005,198.240005,195.669998,196.190002,196.190002,29000
2021-07-14,197.949997,199.559998,194.179993,194.529999,194.529999,29400
2021-07-15,194.960007,195.259995,192.039993,194.440002,194.440002,36000
2021-07-16,196.669998,197.119995,193.649994,193.669998,193.669998,52900
2021-07-19,188.690002,194.399994,186.649994,191.309998,191.309998,48900
2021-07-20,191.669998,199.600006,191.669998,196.649994,196.649994,117300
2021-07-21,198.259995,200.000000,194.160004,195.910004,195.910004,45500
2021-07-22,196.100006,196.520004,191.000000,192.399994,192.399994,32400
2021-07-23,193.220001,195.690002,189.630005,194.360001,194.360001,38600
2021-07-26,196.080002,196.919998,195.759995,196.399994,196.399994,20500
2021-07-27,194.110001,195.759995,191.619995,195.759995,195.759995,48500
2021-07-28,197.809998,202.770004,197.500000,201.119995,201.119995,33200
2021-07-29,203.619995,207.820007,201.429993,203.990005,203.990005,52800
2021-07-30,179.960007,191.380005,176.000000,190.600006,190.600006,180000
2021-08-02,190.289993,196.220001,190.020004,192.190002,192.190002,98600
2021-08-03,192.679993,192.679993,189.550003,190.330002,190.330002,101100
2021-08-04,188.339996,190.960007,188.339996,188.509995,188.509995,58000
2021-08-05,189.949997,192.860001,189.949997,192.699997,192.699997,36900
2021-08-06,193.690002,194.580002,192.080002,192.910004,192.910004,45100
2021-08-09,191.970001,195.669998,191.970001,195.529999,195.529999,43400
2021-08-10,195.000000,201.830002,192.899994,200.339996,200.339996,69000
2021-08-11,200.490005,202.729996,198.199997,202.039993,202.039993,43100
2021-08-12,203.149994,203.149994,198.389999,200.100006,200.100006,45600
2021-08-13,200.059998,202.679993,199.270004,201.320007,201.320007,66000
2021-08-16,199.809998,199.850006,195.750000,198.970001,198.970001,79600
2021-08-17,196.300003,198.669998,195.119995,197.339996,197.339996,49400
2021-08-18,196.699997,200.190002,196.669998,198.220001,198.220001,53800
2021-08-19,196.600006,198.089996,192.729996,195.860001,195.860001,75700
2021-08-20,195.619995,199.009995,194.990005,198.669998,198.669998,51900
2021-08-23,199.309998,203.279999,199.309998,203.000000,203.000000,45000
2021-08-24,204.250000,206.360001,203.389999,205.910004,205.910004,54800
2021-08-25,205.509995,210.059998,205.009995,207.550003,207.550003,86300
2021-08-26,207.979996,211.759995,202.070007,202.970001,202.970001,58000
2021-08-27,203.399994,211.860001,203.399994,210.589996,210.589996,99600
2021-08-30,212.289993,214.669998,211.460007,213.820007,213.820007,72300