Date,Open,High,Low,Close,Adj Close,Volume
2021-01-04,180.770004,180.770004,171.000000,173.289993,173.289993,121200
2021-01-05,173.539993,177.190002,173.539993,174.220001,174.220001,88400
2021-01-06,177.649994,187.389999,177.649994,185.720001,185.720001,181200
2021-01-07,186.160004,189.639999,185.289993,187.259995,187.259995,67400
2021-01-08,187.360001,187.559998,182.270004,185.990005,185.990005,179600
2021-01-11,186.779999,188.070007,184.600006,186.309998,186.309998,104100
2021-01-12,186.399994,187.550003,185.639999,186.119995,186.119995,93500
2021-01-13,186.330002,186.330002,181.250000,182.539993,182.539993,206500
2021-01-14,183.940002,189.970001,183.940002,187.759995,187.759995,94300
2021-01-15,185.520004,188.809998,183.190002,185.979996,185.979996,87600
2021-01-19,187.880005,189.039993,185.729996,186.509995,186.509995,107600
2021-01-20,186.880005,188.160004,185.160004,185.429993,185.429993,77000
2021-01-21,185.259995,186.720001,183.029999,184.669998,184.669998,57100
2021-01-22,182.220001,185.339996,181.509995,184.779999,184.779999,107300
2021-01-25,183.259995,183.479996,178.869995,181.389999,181.389999,134100
2021-01-26,182.789993,182.789993,176.789993,177.070007,177.070007,103600
2021-01-27,173.279999,173.509995,167.169998,169.630005,169.630005,147500
2021-01-28,172.389999,176.160004,170.149994,174.750000,174.750000,216600
2021-01-29,171.830002,173.300003,160.509995,167.330002,167.330002,305800
2021-02-01,169.630005,177.059998,163.320007,174.710007,174.710007,155200
2021-02-02,177.699997,181.839996,173.919998,180.630005,180.630005,123400
2021-02-03,179.050003,181.130005,176.259995,179.570007,179.570007,76900
2021-02-04,178.990005,182.149994,178.990005,179.979996,179.979996,98700
2021-02-05,182.539993,182.770004,178.949997,179.839996,179.839996,90400
2021-02-08,181.250000,183.699997,179.039993,181.580002,181.580002,106100
2021-02-09,178.929993,185.339996,172.869995,184.839996,184.839996,76100
2021-02-10,184.809998,187.320007,182.970001,184.960007,184.960007,82800
2021-02-11,186.779999,187.179993,180.169998,183.809998,183.809998,129100
2021-02-12,182.919998,186.630005,182.919998,185.740005,185.740005,50200
2021-02-16,186.889999,188.460007,178.820007,185.970001,185.970001,51200
2021-02-17,184.139999,186.130005,183.029999,184.000000,184.000000,59200
2021-02-18,183.449997,186.229996,182.330002,184.199997,184.199997,115600
2021-02-19,185.179993,190.789993,185.179993,190.080002,190.080002,104100
2021-02-22,188.500000,196.279999,188.500000,195.440002,195.440002,98500
2021-02-23,193.889999,197.119995,188.389999,194.800003,194.800003,111400
2021-02-24,195.330002,202.720001,194.690002,199.970001,199.970001,143800
2021-02-25,199.050003,201.869995,197.330002,199.660004,199.660004,128500
2021-02-26,201.110001,204.039993,192.710007,199.059998,199.059998,167600
2021-03-01,203.550003,204.820007,200.729996,202.690002,202.690002,85200
2021-03-02,203.389999,204.820007,197.350006,197.380005,197.380005,78800
2021-03-03,198.940002,203.960007,198.660004,200.630005,200.630005,55400
2021-03-04,201.580002,202.339996,191.300003,192.690002,192.690002,153600
2021-03-05,194.220001,195.710007,187.940002,194.830002,194.830002,167100
2021-03-08,196.539993,196.539993,183.570007,189.630005,189.630005,188500
2021-03-09,189.570007,192.529999,188.160004,188.520004,188.520004,109400
2021-03-10,187.889999,191.850006,187.389999,189.009995,189.009995,200600
2021-03-11,189.910004,196.559998,184.500000,194.539993,194.539993,243100
2021-03-12,194.119995,201.229996,194.119995,201.000000,201.000000,122400
2021-03-15,200.240005,204.490005,199.479996,203.619995,203.619995,93100
2021-03-16,202.490005,203.869995,197.779999,200.009995,200.009995,110000
2021-03-17,199.100006,203.919998,197.490005,203.360001,203.360001,144400
2021-03-18,204.059998,206.639999,197.889999,199.729996,199.729996,140700
2021-03-19,198.880005,198.880005,194.190002,195.770004,195.770004,229900
2021-03-22,196.100006,196.100006,189.210007,191.190002,191.190002,95700
2021-03-23,189.389999,190.699997,184.949997,185.350006,185.350006,110900
2021-03-24,187.240005,204.259995,184.649994,184.949997,184.949997,75400
2021-03-25,183.389999,190.279999,178.100006,189.059998,189.059998,76500
2021-03-26,190.350006,194.440002,188.699997,193.929993,193.929993,80200
2021-03-29,193.910004,202.979996,188.520004,189.259995,189.259995,92000
2021-03-30,188.910004,193.539993,188.649994,192.339996,192.339996,76700
2021-03-31,192.720001,198.179993,191.509995,196.770004,196.770004,194100
2021-04-01,197.990005,198.210007,194.600006,198.139999,198.139999,92200
2021-04-05,200.029999,202.679993,195.979996,200.259995,200.259995,61900
2021-04-06,200.350006,202.210007,196.940002,198.339996,198.339996,60200
2021-04-07,198.919998,200.169998,194.779999,195.389999,195.389999,108400
2021-04-08,196.399994,196.449997,193.330002,195.610001,195.610001,43600
2021-04-09,195.809998,198.149994,194.360001,198.029999,198.029999,36900
2021-04-12,197.419998,198.419998,194.589996,196.649994,196.649994,53500
2021-04-13,196.229996,196.229996,192.399994,193.690002,193.690002,67100
2021-04-14,193.339996,198.009995,193.339996,195.160004,195.160004,33800
2021-04-15,197.000000,198.559998,193.059998,195.729996,195.729996,38700
2021-04-16,197.130005,203.259995,193.289993,202.470001,202.470001,173500
2021-04-19,202.490005,204.110001,194.929993,196.110001,196.110001,56600
2021-04-20,197.410004,197.410004,190.270004,192.440002,192.440002,82400
2021-04-21,191.669998,198.649994,191.669998,197.449997,197.449997,48300
2021-04-22,198.440002,200.110001,195.470001,195.929993,195.929993,63700
2021-04-23,197.199997,202.690002,195.660004,201.380005,201.380005,60400
2021-04-26,202.500000,204.470001,201.880005,204.000000,204.000000,53800
2021-04-27,204.320007,204.320007,197.410004,202.610001,202.610001,50100
2021-04-28,202.440002,204.539993,200.940002,201.520004,201.520004,34100
2021-04-29,202.899994,205.070007,196.190002,202.440002,202.440002,41700
2021-04-30,200.289993,203.220001,198.289993,199.429993,199.429993,69500
2021-05-03,201.399994,203.000000,198.750000,201.679993,201.679993,68800
2021-05-04,199.479996,203.330002,199.100006,202.080002,202.080002,85500
2021-05-05,203.440002,204.869995,201.169998,202.710007,202.710007,42500
2021-05-06,203.460007,208.110001,200.520004,203.029999,203.029999,47300
2021-05-07,202.410004,205.860001,202.169998,205.039993,205.039993,36500
2021-05-10,205.500000,206.490005,196.660004,197.559998,197.559998,60400
2021-05-11,193.240005,195.899994,192.380005,192.899994,192.899994,99200
2021-05-12,191.210007,194.610001,188.850006,189.080002,189.080002,95600
2021-05-13,189.240005,196.830002,189.240005,196.009995,196.009995,89600
2021-05-14,196.779999,197.500000,194.399994,196.869995,196.869995,61400
2021-05-17,195.570007,196.380005,191.669998,195.630005,195.630005,39800
2021-05-18,196.220001,197.550003,192.199997,192.460007,192.460007,130400
2021-05-19,189.600006,204.000000,185.770004,189.610001,189.610001,73800
2021-05-20,188.529999,190.699997,186.820007,188.610001,188.610001,71700
2021-05-21,190.330002,192.520004,185.410004,187.309998,187.309998,57400
2021-05-24,187.410004,188.690002,186.639999,188.119995,188.119995,69500
2021-05-25,188.500000,190.949997,185.000000,188.910004,188.910004,110100
2021-05-26,188.809998,192.669998,185.190002,191.889999,191.889999,63800
2021-05-27,193.779999,195.360001,189.279999,194.160004,194.160004,54100
2021-05-28,195.500000,197.119995,192.449997,195.789993,195.789993,77500
2021-06-01,197.089996,200.960007,194.679993,198.240005,198.240005,76800
2021-06-02,199.050003,199.050003,194.410004,197.080002,197.080002,169600
2021-06-03,196.389999,199.970001,194.080002,199.160004,199.160004,62300
2021-06-04,198.389999,201.100006,197.070007,199.800003,199.800003,55200
2021-06-07,199.720001,201.490005,198.449997,199.850006,199.850006,86400
2021-06-08,199.869995,204.080002,198.399994,203.059998,203.059998,68900
2021-06-09,203.600006,203.610001,199.800003,200.300003,200.300003,97100
2021-06-10,201.339996,202.369995,197.529999,198.729996,198.729996,79900
2021-06-11,200.059998,200.410004,197.789993,199.639999,199.639999,69100
2021-06-14,200.410004,204.300003,199.619995,200.729996,200.729996,128800
2021-06-15,201.440002,203.660004,199.589996,202.979996,202.979996,95400
2021-06-16,202.610001,204.160004,201.050003,203.229996,203.229996,111300
2021-06-17,203.300003,203.490005,195.639999,197.399994,197.399994,101600
2021-06-18,194.699997,195.000000,190.000000,190.679993,190.679993,136500
2021-06-21,193.399994,197.110001,185.729996,196.550003,196.550003,87800
2021-06-22,196.800003,198.639999,195.070007,196.699997,196.699997,76100
2021-06-23,197.820007,200.149994,197.339996,198.500000,198.500000,75100
2021-06-24,199.320007,204.490005,197.169998,204.229996,204.229996,70300
2021-06-25,205.100006,207.860001,200.429993,202.179993,202.179993,910900
2021-06-28,203.429993,203.429993,195.529999,196.720001,196.720001,57000
2021-06-29,197.589996,199.399994,196.160004,196.899994,196.899994,61600
2021-06-30,195.729996,200.009995,195.449997,199.419998,199.419998,54500
2021-07-01,201.020004,203.199997,199.860001,201.770004,201.770004,45300
2021-07-02,202.050003,202.770004,200.070007,200.869995,200.869995,37900
2021-07-06,201.600006,201.600006,194.229996,196.589996,196.589996,38200
2021-07-07,195.800003,198.479996,195.009995,196.740005,196.740005,44500
2021-07-08,193.009995,196.360001,191.169998,193.740005,193.740005,41600
2021-07-09,195.940002,198.759995,195.940002,198.240005,198.240005,33500
2021-07-12,196.990005,199.690002,195.059998,199.509995,199.509995,67200
2021-07-13,197.699997,197.699997,194.410004,194.699997,194.699997,47700
2021-07-14,195.399994,196.729996,192.669998,195.500000,195.500000,88900
2021-07-15,194.910004,197.820007,194.000000,197.149994,197.149994,48900
2021-07-16,198.860001,199.500000,194.440002,195.229996,195.229996,72200
2021-07-19,192.649994,194.809998,189.139999,193.000000,193.000000,90300
2021-07-20,193.369995,203.669998,192.089996,202.110001,202.110001,164000
2021-07-21,203.000000,205.850006,200.880005,203.369995,203.369995,73000
2021-07-22,203.500000,203.500000,198.770004,202.500000,202.500000,50000
2021-07-23,203.960007,206.509995,202.580002,206.509995,206.509995,67400
2021-07-26,229.220001,250.520004,229.100006,240.000000,240.000000,642700
2021-07-27,238.419998,240.000000,227.110001,231.490005,231.490005,293500
2021-07-28,231.259995,232.679993,224.059998,231.869995,231.869995,123100
2021-07-29,233.029999,236.149994,232.710007,234.550003,234.550003,62800
2021-07-30,233.850006,236.009995,232.380005,235.000000,235.000000,99200
2021-08-02,237.139999,241.839996,228.139999,228.699997,228.699997,59500
2021-08-03,228.789993,233.550003,224.449997,230.050003,230.050003,91600
2021-08-04,228.350006,231.220001,225.449997,230.169998,230.169998,71100
2021-08-05,235.809998,236.220001,224.750000,228.440002,228.440002,67400
2021-08-06,231.000000,234.429993,226.470001,231.610001,231.610001,67700
2021-08-09,230.610001,230.610001,223.070007,223.410004,223.410004,70800
2021-08-10,223.410004,231.070007,220.330002,225.330002,225.330002,76300
2021-08-11,226.020004,230.699997,221.789993,230.190002,230.190002,51100
2021-08-12,230.199997,231.949997,225.929993,226.610001,226.610001,52200
2021-08-13,226.190002,227.750000,223.339996,227.050003,227.050003,35800
2021-08-16,227.000000,228.229996,224.190002,224.190002,224.190002,37100
2021-08-17,222.419998,223.020004,219.009995,222.979996,222.979996,72400
2021-08-18,222.500000,225.899994,220.089996,220.589996,220.589996,48400
2021-08-19,218.970001,222.100006,213.839996,221.550003,221.550003,59700
2021-08-20,221.300003,225.770004,212.399994,225.449997,225.449997,84500
2021-08-23,226.080002,228.729996,223.160004,226.649994,226.649994,75400
2021-08-24,226.759995,228.360001,226.419998,227.190002,227.190002,50700
2021-08-25,226.830002,228.020004,223.289993,226.429993,226.429993,62600
2021-08-26,226.250000,226.339996,222.610001,222.690002,222.690002,41200
2021-08-27,223.550003,231.529999,223.550003,230.800003,230.800003,58100
2021-08-30,232.229996,234.380005,229.639999,232.520004,232.520004,69800