Date,Open,High,Low,Close,Adj Close,Volume
2021-01-04,89.852997,91.000000,86.940002,89.779999,89.779999,495700
2021-01-05,87.050003,89.570000,86.570000,88.199997,88.199997,552300
2021-01-06,87.730003,87.949997,84.730003,84.949997,84.949997,834000
2021-01-07,84.830002,87.180000,84.830002,85.800003,85.800003,481600
2021-01-08,87.760002,88.970001,85.779999,87.139999,87.139999,713500
2021-01-11,86.370003,89.599998,85.110001,88.699997,88.699997,432100
2021-01-12,89.239998,90.260002,88.559998,88.959999,88.959999,488400
2021-01-13,89.220001,89.620003,86.860001,87.440002,87.440002,597100
2021-01-14,87.419998,89.660004,87.209999,88.440002,88.440002,368400
2021-01-15,88.800003,90.419998,86.620003,87.320000,87.320000,630300
2021-01-19,89.080002,89.540001,86.930000,89.089996,89.089996,589400
2021-01-20,90.080002,92.000000,89.220001,90.599998,90.599998,418000
2021-01-21,91.519997,92.486000,89.669998,90.589996,90.589996,337200
2021-01-22,90.620003,92.330002,90.230003,91.849998,91.849998,365000
2021-01-25,92.559998,93.879997,88.164001,91.220001,91.220001,351700
2021-01-26,91.470001,92.940002,89.970001,91.720001,91.720001,399900
2021-01-27,89.959999,92.400002,86.809998,87.430000,87.430000,568300
2021-01-28,88.089996,89.980003,87.660004,88.180000,88.180000,364800
2021-01-29,87.870003,88.349998,85.769997,86.820000,86.820000,457900
2021-02-01,87.629997,90.000000,87.300003,89.489998,89.489998,283700
2021-02-02,90.629997,92.129997,90.000000,91.339996,91.339996,344600
2021-02-03,90.449997,91.169998,85.800003,86.349998,86.349998,727600
2021-02-04,88.099998,89.650002,87.029999,89.449997,89.449997,480300
2021-02-05,89.949997,91.690002,89.949997,91.070000,91.070000,361900
2021-02-08,92.250000,92.910004,88.279999,88.830002,88.830002,455700
2021-02-09,88.550003,90.980003,88.309998,90.239998,90.239998,539800
2021-02-10,91.699997,91.995003,86.566002,89.510002,89.510002,685300
2021-02-11,89.660004,89.889999,86.580002,87.790001,87.790001,428800
2021-02-12,87.029999,87.839996,85.399002,87.610001,87.610001,435100
2021-02-16,87.720001,87.769997,81.639999,82.610001,82.610001,1235700
2021-02-17,81.739998,82.739998,79.962997,80.739998,80.739998,609500
2021-02-18,80.349998,82.519997,79.675003,82.480003,82.480003,844000
2021-02-19,81.669998,84.394997,81.669998,83.129997,83.129997,585000
2021-02-22,82.000000,82.000000,78.190002,78.889999,78.889999,587500
2021-02-23,77.389999,77.830002,75.095001,77.730003,77.730003,997500
2021-02-24,77.180000,79.339996,75.099998,78.779999,78.779999,949000
2021-02-25,78.680000,78.930000,75.309998,76.699997,76.699997,622800
2021-02-26,78.330002,78.900002,75.099998,76.239998,76.239998,727800
2021-03-01,77.650002,81.400002,75.910004,81.309998,81.309998,931600
2021-03-02,82.019997,82.410004,78.514999,78.989998,78.989998,661300
2021-03-03,83.639999,83.639999,78.050003,79.309998,79.309998,692600
2021-03-04,78.650002,81.160004,77.800003,78.849998,78.849998,882800
2021-03-05,80.400002,80.470001,76.339996,77.779999,77.779999,822000
2021-03-08,77.550003,78.760002,75.910004,76.250000,76.250000,652600
2021-03-09,78.370003,80.000000,78.050003,78.910004,78.910004,866600
2021-03-10,78.389999,80.730003,76.889999,77.570000,77.570000,590300
2021-03-11,81.160004,81.470001,79.500000,79.879997,79.879997,747900
2021-03-12,78.870003,79.860001,76.500000,79.230003,79.230003,678400
2021-03-15,79.150002,79.525002,77.519997,78.730003,78.730003,802000
2021-03-16,79.099998,80.900002,77.879997,79.519997,79.519997,1312000
2021-03-17,79.400002,80.720001,76.290001,79.000000,79.000000,1697800
2021-03-18,77.919998,78.500000,72.439003,72.519997,72.519997,922900
2021-03-19,72.620003,76.903000,72.620003,76.559998,76.559998,1214200
2021-03-22,76.730003,79.370003,76.239998,78.029999,78.029999,582100
2021-03-23,78.320000,79.839996,77.257004,78.230003,78.230003,947600
2021-03-24,78.739998,79.169998,74.529999,75.150002,75.150002,492800
2021-03-25,74.010002,75.250000,72.110001,73.900002,73.900002,882500
2021-03-26,74.160004,75.099998,72.290001,74.059998,74.059998,790100
2021-03-29,73.930000,74.904999,72.820000,74.500000,74.500000,542300
2021-03-30,74.360001,74.360001,72.019997,73.430000,73.430000,638800
2021-03-31,73.720001,75.360001,73.720001,74.610001,74.610001,609200
2021-04-01,75.989998,77.870003,73.876999,77.349998,77.349998,419800
2021-04-05,77.750000,78.050003,76.445000,77.559998,77.559998,703900
2021-04-06,77.180000,79.820000,77.080002,78.160004,78.160004,388100
2021-04-07,77.889999,78.699997,77.019997,77.360001,77.360001,251000
2021-04-08,78.230003,78.930000,77.739998,78.730003,78.730003,563500
2021-04-09,78.260002,79.884003,77.540001,79.290001,79.290001,335400
2021-04-12,78.669998,81.480003,77.879997,81.099998,81.099998,515900
2021-04-13,81.930000,84.000000,80.750000,82.720001,82.720001,544900
2021-04-14,83.300003,85.230003,81.910004,82.540001,82.540001,787700
2021-04-15,83.470001,84.550003,83.455002,84.470001,84.470001,306400
2021-04-16,84.760002,84.760002,82.599998,84.150002,84.150002,468700
2021-04-19,84.000000,85.397003,83.489998,84.919998,84.919998,1207700
2021-04-20,84.629997,86.160004,82.129997,82.739998,82.739998,853700
2021-04-21,82.660004,83.529999,81.400002,81.650002,81.650002,638200
2021-04-22,81.610001,83.980003,81.459999,82.239998,82.239998,689100
2021-04-23,83.349998,84.550003,82.559998,83.930000,83.930000,418600
2021-04-26,85.320000,87.769997,84.180000,87.389999,87.389999,1181100
2021-04-27,86.839996,89.349998,86.839996,87.580002,87.580002,833500
2021-04-28,87.480003,88.839996,85.470001,85.639999,85.639999,828100
2021-04-29,86.230003,86.230003,82.160004,82.620003,82.620003,736200
2021-04-30,81.860001,83.769997,81.035004,81.250000,81.250000,723800
2021-05-03,81.470001,82.059998,79.650002,79.879997,79.879997,630800
2021-05-04,78.760002,79.239998,76.070000,77.980003,77.980003,592600
2021-05-05,78.830002,79.800003,75.669998,76.260002,76.260002,530500
2021-05-06,75.750000,76.570000,72.959999,73.550003,73.550003,876500
2021-05-07,73.889999,76.400002,73.570000,75.209999,75.209999,1083100
2021-05-10,74.809998,77.230003,74.190002,76.410004,76.410004,693200
2021-05-11,74.879997,79.599998,74.605003,78.790001,78.790001,694900
2021-05-12,77.699997,78.480003,76.300003,78.150002,78.150002,629500
2021-05-13,78.349998,80.000000,77.199997,77.680000,77.680000,609900
2021-05-14,78.360001,81.320000,78.230003,81.019997,81.019997,491200
2021-05-17,80.199997,81.660004,78.169998,78.809998,78.809998,609100
2021-05-18,79.410004,80.430000,78.760002,79.169998,79.169998,455000
2021-05-19,77.290001,79.029999,76.001999,78.919998,78.919998,272800
2021-05-20,79.419998,81.849998,79.370003,80.809998,80.809998,368700
2021-05-21,82.010002,82.699997,81.139999,81.669998,81.669998,265600
2021-05-24,82.059998,83.029999,81.389999,81.570000,81.570000,481200
2021-05-25,81.790001,82.339996,81.260002,82.010002,82.010002,393400
2021-05-26,82.669998,84.050003,82.669998,83.940002,83.940002,619100
2021-05-27,84.040001,84.430000,82.519997,84.029999,84.029999,598500
2021-05-28,84.489998,85.000000,83.309998,83.650002,83.650002,282700
2021-06-01,83.669998,83.669998,81.790001,83.449997,83.449997,416400
2021-06-02,83.620003,84.290001,82.809998,83.519997,83.519997,309900
2021-06-03,82.820000,83.459999,81.120003,81.580002,81.580002,318200
2021-06-04,82.660004,83.500000,81.900002,82.940002,82.940002,237300
2021-06-07,82.639999,84.860001,82.389999,84.349998,84.349998,232000
2021-06-08,84.629997,87.199997,84.629997,86.599998,86.599998,483900
2021-06-09,87.000000,87.480003,85.599998,86.400002,86.400002,242300
2021-06-10,86.349998,88.730003,86.349998,88.160004,88.160004,279300
2021-06-11,88.519997,89.199997,87.279999,88.879997,88.879997,257100
2021-06-14,89.180000,90.279999,88.300003,89.779999,89.779999,405700
2021-06-15,89.519997,90.239998,89.160004,89.860001,89.860001,521400
2021-06-16,90.050003,91.809998,89.910004,91.379997,91.379997,869200
2021-06-17,90.760002,95.980003,90.760002,94.470001,94.470001,971800
2021-06-18,94.010002,95.125000,93.230003,93.980003,93.980003,856600
2021-06-21,94.040001,95.870003,92.279999,95.209999,95.209999,666300
2021-06-22,95.230003,97.504997,95.199997,97.239998,97.239998,726700
2021-06-23,97.250000,98.550003,96.985001,97.639999,97.639999,568800
2021-06-24,98.500000,98.980003,94.519997,95.440002,95.440002,685800
2021-06-25,95.500000,97.040001,94.519997,95.730003,95.730003,450400
2021-06-28,95.404999,97.139999,95.404999,96.699997,96.699997,213900
2021-06-29,96.940002,96.940002,94.879997,95.000000,95.000000,368000
2021-06-30,95.230003,95.230003,93.500000,94.629997,94.629997,396300
2021-07-01,94.680000,96.089996,93.650002,96.019997,96.019997,699500
2021-07-02,96.739998,97.569000,96.419998,96.680000,96.680000,244200
2021-07-06,97.080002,101.199997,97.080002,100.050003,100.050003,602300
2021-07-07,101.150002,101.860001,99.860001,100.279999,100.279999,622600
2021-07-08,98.440002,101.750000,97.089996,101.059998,101.059998,466400
2021-07-09,101.570000,103.849998,100.489998,102.809998,102.809998,572700
2021-07-12,103.620003,104.197998,101.434998,102.870003,102.870003,510400
2021-07-13,102.760002,104.910004,102.010002,102.309998,102.309998,414300
2021-07-14,103.370003,104.480003,101.779999,102.870003,102.870003,420400
2021-07-15,103.260002,103.470001,99.690002,100.919998,100.919998,430700
2021-07-16,101.820000,103.154999,100.860001,101.739998,101.739998,485700
2021-07-19,101.120003,103.519997,100.000000,103.430000,103.430000,391200
2021-07-20,104.690002,109.559998,104.000000,107.129997,107.129997,1348100
2021-07-21,107.010002,111.379997,104.970001,110.209999,110.209999,1019000
2021-07-22,110.110001,112.809998,110.110001,112.730003,112.730003,767000
2021-07-23,113.169998,115.970001,111.879997,115.190002,115.190002,630200
2021-07-26,114.910004,115.529999,113.029999,114.580002,114.580002,435300
2021-07-27,114.300003,114.980003,110.070000,112.650002,112.650002,465400
2021-07-28,112.800003,116.220001,112.440002,115.320000,115.320000,377800
2021-07-29,115.720001,117.125000,115.309998,116.410004,116.410004,306600
2021-07-30,115.860001,116.820000,113.639999,113.750000,113.750000,598200
2021-08-02,114.750000,116.019997,113.165001,115.599998,115.599998,492500
2021-08-03,115.639999,117.309998,114.400002,115.360001,115.360001,450500
2021-08-04,115.220001,117.528000,115.220001,116.459999,116.459999,499600
2021-08-05,116.879997,120.000000,112.349998,113.760002,113.760002,751000
2021-08-06,112.510002,114.644997,111.389999,112.489998,112.489998,481100
2021-08-09,112.160004,115.290001,112.040001,113.300003,113.300003,378400
2021-08-10,113.309998,114.480003,108.860001,109.160004,109.160004,818900
2021-08-11,110.050003,111.669998,109.629997,109.709999,109.709999,458100
2021-08-12,109.279999,113.400002,109.279999,113.019997,113.019997,302700
2021-08-13,112.949997,114.300003,112.730003,113.440002,113.440002,239400
2021-08-16,112.589996,113.180000,108.169998,110.500000,110.500000,535000
2021-08-17,108.919998,110.599998,108.321999,109.760002,109.760002,319500
2021-08-18,110.330002,111.580002,108.707001,109.750000,109.750000,315200
2021-08-19,109.070000,110.610001,108.300003,109.379997,109.379997,241900
2021-08-20,109.379997,111.370003,108.750000,110.800003,110.800003,325800
2021-08-23,111.389999,113.584999,111.389999,112.800003,112.800003,360200
2021-08-24,113.910004,116.449997,113.910004,115.129997,115.129997,489100
2021-08-25,115.766998,117.419998,115.239998,117.290001,117.290001,401400
2021-08-26,117.099998,118.269997,115.908997,116.250000,116.250000,316200
2021-08-27,116.779999,119.260002,116.660004,118.489998,118.489998,331000
2021-08-30,118.620003,121.720001,117.889999,121.089996,121.089996,601500