Date,Open,High,Low,Close,Adj Close,Volume
2021-01-04,6.880000,7.180000,6.780000,7.130000,7.130000,4948400
2021-01-05,7.240000,7.810000,7.230000,7.430000,7.430000,6759600
2021-01-06,7.130000,7.770000,7.130000,7.710000,7.710000,6207300
2021-01-07,7.750000,7.870000,7.610000,7.740000,7.740000,4555100
2021-01-08,7.830000,7.850000,7.450000,7.520000,7.520000,4510600
2021-01-11,7.310000,7.990000,7.210000,7.970000,7.970000,4461100
2021-01-12,8.320000,9.290000,8.300000,9.160000,9.160000,10551500
2021-01-13,9.120000,9.480000,8.830000,9.270000,9.270000,10437600
2021-01-14,9.490000,9.960000,9.410000,9.960000,9.960000,9241100
2021-01-15,9.850000,10.310000,9.790000,10.200000,10.200000,11305300
2021-01-19,10.080000,10.180000,9.240000,9.530000,9.530000,10572800
2021-01-20,9.600000,9.820000,8.590000,8.850000,8.850000,8883800
2021-01-21,8.800000,9.000000,8.180000,8.620000,8.620000,6871700
2021-01-22,8.380000,8.710000,8.210000,8.700000,8.700000,4885400
2021-01-25,8.760000,9.020000,8.370000,8.970000,8.970000,5156000
2021-01-26,9.150000,9.390000,8.640000,8.710000,8.710000,6142800
2021-01-27,8.600000,9.850000,8.450000,9.450000,9.450000,9379200
2021-01-28,9.620000,10.100000,8.990000,9.340000,9.340000,6569000
2021-01-29,9.210000,9.920000,9.060000,9.210000,9.210000,7003000
2021-02-01,9.670000,9.970000,9.340000,9.620000,9.620000,5014500
2021-02-02,9.940000,9.950000,9.210000,9.280000,9.280000,6084200
2021-02-03,9.400000,9.720000,8.970000,9.460000,9.460000,6528100
2021-02-04,9.450000,9.480000,9.190000,9.310000,9.310000,3199000
2021-02-05,9.550000,9.600000,9.220000,9.260000,9.260000,5525200
2021-02-08,9.420000,9.980000,9.370000,9.890000,9.890000,6098400
2021-02-09,9.730000,10.110000,9.560000,9.770000,9.770000,4707900
2021-02-10,9.930000,10.260000,9.690000,10.190000,10.190000,5488500
2021-02-11,10.210000,10.510000,9.310000,9.570000,9.570000,6606200
2021-02-12,9.460000,10.330000,9.340000,10.160000,10.160000,5476700
2021-02-16,10.950000,11.180000,10.370000,10.940000,10.940000,9391200
2021-02-17,11.100000,11.600000,10.690000,11.470000,11.470000,11384300
2021-02-18,11.460000,11.460000,10.270000,10.350000,10.350000,5805500
2021-02-19,10.420000,10.670000,9.940000,10.170000,10.170000,4632100
2021-02-22,10.160000,10.870000,10.040000,10.300000,10.300000,6884800
2021-02-23,10.280000,10.490000,9.520000,10.430000,10.430000,5798800
2021-02-24,10.460000,10.850000,9.930000,10.690000,10.690000,7609100
2021-02-25,10.630000,10.950000,10.060000,10.250000,10.250000,5748500
2021-02-26,10.040000,10.330000,9.570000,9.640000,9.640000,6255900
2021-03-01,9.870000,10.220000,9.670000,10.030000,10.030000,5481100
2021-03-02,10.130000,10.490000,9.750000,9.810000,9.810000,3978100
2021-03-03,9.930000,10.150000,9.820000,9.850000,9.850000,3878600
2021-03-04,9.790000,10.610000,9.780000,10.340000,10.340000,7621400
2021-03-05,10.550000,10.610000,9.810000,10.560000,10.560000,6348000
2021-03-08,10.610000,10.750000,10.160000,10.180000,10.180000,4326000
2021-03-09,10.020000,10.220000,9.530000,9.830000,9.830000,4869300
2021-03-10,9.870000,11.090000,9.760000,10.720000,10.720000,8089000
2021-03-11,10.780000,11.180000,10.500000,11.080000,11.080000,4436900
2021-03-12,11.050000,11.080000,10.490000,10.570000,10.570000,4872000
2021-03-15,10.550000,10.710000,10.370000,10.530000,10.530000,3222500
2021-03-16,10.560000,10.560000,10.200000,10.330000,10.330000,3261300
2021-03-17,10.290000,10.650000,10.200000,10.410000,10.410000,3070700
2021-03-18,10.300000,10.410000,9.560000,9.630000,9.630000,4470000
2021-03-19,9.620000,10.520000,9.600000,10.490000,10.490000,11538500
2021-03-22,10.360000,10.610000,10.150000,10.400000,10.400000,4479100
2021-03-23,10.090000,10.090000,9.360000,9.580000,9.580000,5152600
2021-03-24,9.730000,9.890000,9.540000,9.620000,9.620000,3053800
2021-03-25,9.480000,10.200000,9.300000,10.180000,10.180000,4404300
2021-03-26,10.310000,11.060000,10.220000,10.870000,10.870000,6175900
2021-03-29,10.760000,11.000000,10.480000,10.510000,10.510000,3469800
2021-03-30,10.400000,10.540000,10.100000,10.310000,10.310000,2634800
2021-03-31,10.240000,10.570000,10.140000,10.330000,10.330000,3067100
2021-04-01,10.510000,11.230000,10.440000,11.060000,11.060000,4166200
2021-04-05,10.950000,10.950000,10.040000,10.110000,10.110000,4498900
2021-04-06,10.190000,10.590000,10.160000,10.250000,10.250000,3176600
2021-04-07,10.260000,10.320000,10.000000,10.140000,10.140000,2801000
2021-04-08,10.000000,10.040000,9.360000,9.700000,9.700000,6140500
2021-04-09,9.610000,9.660000,8.960000,9.000000,9.000000,5373100
2021-04-12,9.200000,9.420000,8.800000,8.850000,8.850000,4445500
2021-04-13,8.950000,9.180000,8.820000,9.080000,9.080000,3819100
2021-04-14,9.250000,9.880000,9.180000,9.520000,9.520000,4755300
2021-04-15,9.470000,9.590000,9.220000,9.470000,9.470000,3003800
2021-04-16,9.590000,9.610000,9.240000,9.350000,9.350000,3043600
2021-04-19,9.320000,9.570000,9.180000,9.290000,9.290000,3305200
2021-04-20,9.140000,9.220000,8.590000,8.760000,8.760000,4292800
2021-04-21,8.510000,8.960000,8.470000,8.840000,8.840000,3136900
2021-04-22,8.840000,9.250000,8.720000,9.070000,9.070000,3417500
2021-04-23,8.790000,9.060000,8.710000,8.830000,8.830000,3683000
2021-04-26,8.740000,9.430000,8.710000,9.350000,9.350000,4707300
2021-04-27,9.670000,9.940000,9.380000,9.740000,9.740000,6345400
2021-04-28,9.830000,10.440000,9.790000,10.340000,10.340000,4371700
2021-04-29,10.500000,10.500000,9.550000,9.750000,9.750000,6097100
2021-04-30,9.590000,9.940000,9.500000,9.820000,9.820000,6172100
2021-05-03,9.940000,10.870000,9.940000,10.840000,10.840000,7129300
2021-05-04,10.900000,11.220000,10.580000,11.140000,11.140000,6106300
2021-05-05,11.200000,11.510000,10.850000,11.300000,11.300000,5594200
2021-05-06,11.300000,11.300000,10.950000,11.170000,11.170000,3838500
2021-05-07,11.100000,11.450000,10.880000,11.400000,11.400000,5505800
2021-05-10,11.550000,11.690000,11.120000,11.290000,11.290000,5332000
2021-05-11,11.100000,11.800000,10.900000,11.730000,11.730000,5604900
2021-05-12,11.840000,12.630000,11.800000,11.990000,11.990000,7445000
2021-05-13,11.800000,12.090000,11.330000,11.520000,11.520000,4934600
2021-05-14,11.770000,13.250000,11.770000,13.040000,13.040000,6833500
2021-05-17,13.100000,14.340000,12.940000,14.310000,14.310000,6904200
2021-05-18,14.040000,14.240000,13.630000,13.870000,13.870000,5807000
2021-05-19,13.590000,14.220000,13.400000,14.030000,14.030000,8219100
2021-05-20,14.000000,14.120000,13.550000,14.010000,14.010000,6136600
2021-05-21,14.250000,14.490000,14.080000,14.080000,14.080000,5249300
2021-05-24,14.060000,14.250000,13.540000,14.000000,14.000000,5339500
2021-05-25,13.860000,13.990000,13.420000,13.480000,13.480000,5874500
2021-05-26,13.480000,13.770000,13.270000,13.710000,13.710000,4959300
2021-05-27,13.650000,13.830000,13.430000,13.500000,13.500000,3793400
2021-05-28,13.620000,13.660000,13.200000,13.560000,13.560000,4318200
2021-06-01,14.000000,15.250000,13.970000,14.760000,14.760000,9742100
2021-06-02,14.750000,15.200000,14.320000,14.980000,14.980000,7483800
2021-06-03,14.860000,14.880000,14.290000,14.410000,14.410000,4366900
2021-06-04,14.520000,14.560000,13.960000,14.230000,14.230000,4862600
2021-06-07,14.230000,14.800000,14.230000,14.540000,14.540000,3822600
2021-06-08,14.840000,15.350000,14.500000,15.170000,15.170000,5612600
2021-06-09,15.220000,15.710000,15.150000,15.260000,15.260000,5418200
2021-06-10,15.560000,15.680000,14.860000,15.390000,15.390000,4210300
2021-06-11,15.680000,16.320000,15.600000,16.020000,16.020000,4575500
2021-06-14,15.800000,16.080000,15.370000,15.400000,15.400000,5356900
2021-06-15,15.510000,15.650000,15.100000,15.550000,15.550000,4091000
2021-06-16,15.370000,15.610000,14.890000,15.260000,15.260000,3903300
2021-06-17,15.300000,15.330000,13.850000,14.130000,14.130000,7540400
2021-06-18,13.900000,14.500000,13.750000,14.140000,14.140000,10882300
2021-06-21,14.100000,14.750000,13.660000,14.660000,14.660000,5310400
2021-06-22,14.640000,14.850000,14.400000,14.790000,14.790000,2909200
2021-06-23,15.140000,16.260000,15.060000,15.770000,15.770000,4833900
2021-06-24,15.670000,16.400000,15.650000,16.070000,16.070000,4797400
2021-06-25,16.260000,16.870001,16.129999,16.650000,16.650000,9307100
2021-06-28,16.700001,16.700001,15.910000,16.240000,16.240000,6853300
2021-06-29,16.660000,16.730000,15.940000,16.129999,16.129999,2986700
2021-06-30,16.500000,16.910000,16.280001,16.760000,16.760000,3985300
2021-07-01,17.250000,17.469999,16.600000,16.820000,16.820000,2983500
2021-07-02,16.690001,16.740000,16.270000,16.299999,16.299999,2405800
2021-07-06,16.480000,16.480000,15.440000,15.610000,15.610000,3613700
2021-07-07,15.580000,16.209999,15.160000,15.840000,15.840000,3978900
2021-07-08,15.890000,17.040001,15.620000,16.450001,16.450001,6680400
2021-07-09,16.450001,16.990000,16.320000,16.940001,16.940001,3259400
2021-07-12,16.840000,17.010000,16.360001,16.660000,16.660000,3260600
2021-07-13,16.780001,17.360001,16.670000,16.730000,16.730000,3292800
2021-07-14,16.730000,16.879999,15.780000,15.860000,15.860000,3720900
2021-07-15,15.880000,16.070000,15.290000,15.490000,15.490000,3926000
2021-07-16,15.660000,15.690000,14.740000,14.870000,14.870000,3935000
2021-07-19,14.480000,15.100000,14.150000,14.410000,14.410000,6247800
2021-07-20,14.580000,14.950000,14.260000,14.780000,14.780000,3792200
2021-07-21,15.090000,15.870000,14.960000,15.560000,15.560000,4915600
2021-07-22,15.510000,15.540000,14.820000,15.290000,15.290000,3500200
2021-07-23,15.260000,15.330000,14.520000,15.300000,15.300000,4267600
2021-07-26,15.430000,16.219999,15.430000,15.990000,15.990000,5669700
2021-07-27,14.870000,15.460000,14.400000,14.900000,14.900000,9336500
2021-07-28,15.280000,15.530000,14.720000,15.180000,15.180000,4236000
2021-07-29,15.200000,15.420000,14.480000,15.150000,15.150000,5632700
2021-07-30,15.040000,15.480000,14.680000,15.230000,15.230000,5662400
2021-08-02,15.160000,15.670000,14.630000,14.710000,14.710000,4523000
2021-08-03,14.550000,15.150000,14.270000,14.940000,14.940000,4049400
2021-08-04,14.590000,15.230000,14.410000,14.580000,14.580000,4598700
2021-08-05,14.720000,15.190000,14.610000,14.760000,14.760000,2560000
2021-08-06,14.980000,15.170000,14.680000,14.800000,14.800000,2548900
2021-08-09,14.520000,14.780000,14.340000,14.500000,14.500000,2487600
2021-08-10,14.730000,14.920000,14.480000,14.790000,14.790000,2134100
2021-08-11,14.580000,14.700000,14.210000,14.660000,14.660000,2520100
2021-08-12,14.660000,14.900000,14.220000,14.520000,14.520000,1953500
2021-08-13,14.430000,14.480000,13.690000,13.770000,13.770000,2822500
2021-08-16,13.670000,13.950000,13.360000,13.750000,13.750000,2898800
2021-08-17,13.620000,14.070000,13.410000,13.510000,13.510000,2360700
2021-08-18,13.590000,13.760000,13.060000,13.130000,13.130000,4798100
2021-08-19,12.900000,13.010000,12.370000,12.730000,12.730000,5241900
2021-08-20,12.700000,12.920000,12.590000,12.720000,12.720000,6815200
2021-08-23,13.120000,13.260000,12.690000,12.730000,12.730000,4475000
2021-08-24,12.850000,13.140000,12.720000,13.130000,13.130000,5288100
2021-08-25,13.130000,14.150000,12.750000,13.940000,13.940000,3970300
2021-08-26,13.820000,14.170000,13.590000,13.800000,13.800000,4103600
2021-08-27,14.070000,15.590000,14.070000,15.140000,15.140000,8409600
2021-08-30,15.000000,15.170000,14.580000,14.700000,14.700000,3377300