Date,Open,High,Low,Close,Adj Close,Volume
2021-01-04,39.880001,40.310001,38.430000,38.720001,38.517906,642000
2021-01-05,38.759998,40.000000,38.459999,39.830002,39.622112,629200
2021-01-06,40.599998,41.849998,40.599998,41.610001,41.392822,1418400
2021-01-07,41.900002,44.369999,41.680000,44.040001,43.810139,917800
2021-01-08,43.910000,44.939999,43.700001,44.439999,44.208046,878000
2021-01-11,43.720001,49.080002,43.669998,45.740002,45.501266,2384100
2021-01-12,46.070000,47.310001,45.799999,46.779999,46.535835,1286500
2021-01-13,46.430000,47.020000,44.279999,44.480000,44.247841,899300
2021-01-14,44.610001,45.270000,44.160000,45.040001,44.804916,921500
2021-01-15,44.279999,44.299999,42.880001,42.919998,42.695980,1098100
2021-01-19,43.549999,43.570000,41.570000,42.060001,41.840473,1344300
2021-01-20,42.279999,42.430000,41.299999,41.610001,41.392822,728300
2021-01-21,41.759998,42.230000,41.230000,41.279999,41.064541,610100
2021-01-22,40.770000,42.490002,40.740002,42.279999,42.059322,917200
2021-01-25,42.000000,42.180000,41.049999,41.880001,41.661411,510600
2021-01-26,42.340000,42.430000,40.430000,40.520000,40.308510,456600
2021-01-27,39.490002,39.529999,37.549999,37.779999,37.582809,1163500
2021-01-28,38.240002,39.209999,37.750000,38.560001,38.358742,714400
2021-01-29,38.270000,38.320000,37.310001,37.860001,37.662395,1015200
2021-02-01,38.259998,39.060001,37.290001,38.889999,38.687016,807800
2021-02-02,39.509998,40.860001,39.209999,40.029999,39.821068,719100
2021-02-03,39.700001,39.930000,38.779999,39.419998,39.214249,449200
2021-02-04,39.470001,41.880001,39.380001,41.810001,41.591778,793200
2021-02-05,42.139999,42.290001,41.369999,41.849998,41.631565,914100
2021-02-08,42.130001,42.180000,41.290001,41.720001,41.502247,549400
2021-02-09,41.639999,41.799999,40.709999,41.169998,40.955116,638800
2021-02-10,41.529999,41.549999,40.360001,40.910000,40.696476,826000
2021-02-11,41.169998,41.410000,40.209999,41.169998,40.955116,425400
2021-02-12,40.869999,41.750000,40.570000,41.520000,41.303291,392800
2021-02-16,42.570000,45.660000,42.090000,45.099998,44.864605,2062600
2021-02-17,45.799999,47.529999,45.310001,47.099998,46.854164,1832600
2021-02-18,46.770000,47.070000,45.099998,45.680000,45.528572,1082400
2021-02-19,46.099998,46.419998,45.520000,46.369999,46.216286,917800
2021-02-22,46.029999,46.310001,45.650002,45.930000,45.777748,1014000
2021-02-23,45.790001,46.160000,45.080002,45.740002,45.588379,943300
2021-02-24,46.070000,46.180000,45.330002,46.070000,45.917282,701000
2021-02-25,46.320000,46.950001,45.099998,45.220001,45.070103,585500
2021-02-26,45.369999,45.529999,44.220001,44.950001,44.800995,535800
2021-03-01,45.869999,47.290001,45.509998,46.529999,46.375755,589300
2021-03-02,46.400002,47.000000,45.950001,46.230000,46.076752,579800
2021-03-03,46.400002,47.049999,46.000000,46.049999,45.897350,547700
2021-03-04,46.110001,46.470001,44.470001,45.259998,45.109966,608200
2021-03-05,46.369999,47.840000,45.779999,47.709999,47.551842,1044000
2021-03-08,48.200001,48.880001,47.950001,48.340000,48.179756,661300
2021-03-09,48.730000,48.730000,47.220001,47.810001,47.651516,1051200
2021-03-10,47.869999,49.849998,47.340000,49.549999,49.385742,1513400
2021-03-11,49.680000,51.070000,49.419998,51.009998,50.840904,789700
2021-03-12,51.540001,51.540001,50.349998,51.150002,50.980446,703400
2021-03-15,50.669998,50.740002,49.529999,50.040001,49.874123,541000
2021-03-16,49.619999,49.980000,48.380001,48.990002,48.827602,591000
2021-03-17,49.220001,49.349998,48.500000,49.330002,49.166477,729900
2021-03-18,49.330002,51.000000,49.080002,49.250000,49.086739,675300
2021-03-19,49.279999,49.759998,48.250000,49.330002,49.166477,1740500
2021-03-22,48.939999,49.419998,47.500000,48.189999,48.030251,771900
2021-03-23,47.320000,47.990002,45.990002,46.189999,46.036880,882900
2021-03-24,46.990002,47.939999,45.930000,46.009998,45.857479,623400
2021-03-25,45.669998,46.880001,44.849998,46.590000,46.435558,951500
2021-03-26,47.369999,48.130001,46.669998,47.720001,47.561810,669800
2021-03-29,47.220001,48.139999,46.709999,46.770000,46.614964,674100
2021-03-30,46.770000,47.549999,46.610001,47.150002,46.993702,538100
2021-03-31,47.250000,48.070000,46.790001,47.090000,46.933903,577000
2021-04-01,47.380001,47.930000,46.790001,47.919998,47.761147,615700
2021-04-05,48.650002,48.860001,48.150002,48.450001,48.289394,414500
2021-04-06,48.340000,49.169998,48.209999,48.380001,48.219624,331400
2021-04-07,48.439999,48.450001,47.490002,47.810001,47.651516,364200
2021-04-08,47.730000,47.990002,47.150002,47.770000,47.611649,492800
2021-04-09,47.939999,48.720001,47.419998,48.580002,48.418964,324000
2021-04-12,48.580002,49.349998,48.090000,49.139999,48.977104,422500
2021-04-13,49.349998,49.349998,47.939999,48.279999,48.119957,389300
2021-04-14,48.270000,49.110001,48.160000,48.419998,48.259491,348900
2021-04-15,48.549999,49.049999,47.910000,49.009998,48.847534,284700
2021-04-16,49.599998,49.990002,48.610001,49.099998,48.937237,434800
2021-04-19,48.910000,49.099998,48.330002,48.910000,48.747864,303100
2021-04-20,48.919998,49.180000,47.959999,48.650002,48.488731,412700
2021-04-21,48.810001,50.549999,48.610001,50.259998,50.093388,586000
2021-04-22,50.500000,50.919998,49.919998,50.220001,50.053524,448400
2021-04-23,50.549999,51.320000,50.320000,50.990002,50.820976,445200
2021-04-26,51.310001,51.520000,50.380001,50.419998,50.252857,409800
2021-04-27,50.529999,50.619999,49.980000,50.209999,50.043556,630300
2021-04-28,50.000000,51.139999,49.169998,50.520000,50.352531,676000
2021-04-29,51.330002,51.630001,50.540001,51.529999,51.359180,554600
2021-04-30,50.980000,51.259998,49.610001,49.930000,49.764488,806200
2021-05-03,50.509998,50.970001,49.930000,50.509998,50.342560,526600
2021-05-04,50.070000,51.130001,49.650002,51.099998,50.930603,925000
2021-05-05,51.290001,51.459999,50.599998,50.759998,50.591732,436200
2021-05-06,50.880001,52.369999,50.660000,52.340000,52.166496,516000
2021-05-07,51.599998,52.540001,51.340000,52.459999,52.286095,353400
2021-05-10,52.630001,52.779999,52.090000,52.270000,52.096729,688800
2021-05-11,51.490002,51.959999,50.500000,51.150002,50.980446,380200
2021-05-12,50.900002,51.080002,48.590000,48.619999,48.458828,526400
2021-05-13,48.730000,50.430000,48.730000,50.139999,49.973789,469000
2021-05-14,50.389999,50.840000,50.000000,50.650002,50.482101,865900
2021-05-17,49.630001,50.720001,49.160000,50.610001,50.442234,441200
2021-05-18,50.689999,51.000000,49.639999,49.680000,49.515316,722400
2021-05-19,48.650002,49.049999,47.900002,48.919998,48.846325,677800
2021-05-20,48.759998,48.980000,48.029999,48.779999,48.706535,630500
2021-05-21,49.639999,50.119999,49.180000,49.730000,49.655106,525900
2021-05-24,50.090000,50.320000,49.680000,50.099998,50.024548,380800
2021-05-25,50.250000,50.500000,49.270000,49.320000,49.245724,391100
2021-05-26,49.610001,50.070000,49.259998,50.049999,49.974621,563600
2021-05-27,50.630001,50.730000,49.910000,49.919998,49.844818,673500
2021-05-28,50.090000,50.180000,49.189999,49.970001,49.894745,421400
2021-06-01,50.180000,50.779999,49.910000,50.750000,50.673569,690300
2021-06-02,50.840000,50.919998,50.000000,50.340000,50.264187,567300
2021-06-03,50.099998,50.240002,49.619999,49.980000,49.904728,833000
2021-06-04,50.160000,51.070000,49.820000,50.320000,50.244217,803100
2021-06-07,50.380001,50.750000,50.160000,50.389999,50.314110,723600
2021-06-08,50.459999,51.669998,50.070000,51.599998,51.522285,604500
2021-06-09,51.560001,51.860001,51.049999,51.189999,51.112904,700700
2021-06-10,51.590000,51.680000,50.430000,50.669998,50.593689,798500
2021-06-11,51.000000,51.279999,50.540001,51.270000,51.192787,431300
2021-06-14,51.270000,51.459999,50.500000,51.070000,50.993088,677400
2021-06-15,51.139999,51.480000,50.889999,51.270000,51.192787,803000
2021-06-16,51.209999,51.930000,51.020000,51.660000,51.582199,923500
2021-06-17,51.549999,51.849998,49.270000,49.610001,49.535286,1015600
2021-06-18,48.680000,49.110001,47.660000,47.689999,47.618176,1584700
2021-06-21,48.139999,49.380001,47.919998,49.240002,49.165844,1034400
2021-06-22,49.049999,49.340000,48.209999,49.000000,48.926205,689200
2021-06-23,48.970001,49.060001,48.240002,48.470001,48.397003,1000900
2021-06-24,48.720001,49.040001,48.259998,48.990002,48.916222,742800
2021-06-25,49.250000,49.619999,48.939999,49.090000,49.016068,3882300
2021-06-28,49.220001,50.020000,48.570000,49.790001,49.715015,736000
2021-06-29,50.189999,50.660000,49.570000,49.610001,49.535286,657300
2021-06-30,49.270000,50.259998,49.259998,50.040001,49.964638,499900
2021-07-01,50.720001,51.270000,50.310001,51.009998,50.933174,435200
2021-07-02,51.009998,51.169998,50.750000,50.799999,50.723492,241300
2021-07-06,50.529999,50.830002,49.439999,50.349998,50.274170,324700
2021-07-07,50.090000,51.240002,50.090000,51.020000,50.943161,419400
2021-07-08,49.910000,50.820000,49.230000,50.119999,50.044518,465100
2021-07-09,51.070000,52.200001,50.930000,52.139999,52.061474,503800
2021-07-12,51.759998,53.360001,51.759998,52.950001,52.870258,597300
2021-07-13,52.560001,52.900002,51.799999,51.849998,51.771912,543800
2021-07-14,52.160000,52.240002,51.270000,51.330002,51.252697,603100
2021-07-15,50.959999,51.660000,50.580002,50.880001,50.803375,796600
2021-07-16,51.410000,51.410000,49.680000,49.759998,49.685059,706700
2021-07-19,48.500000,49.380001,48.049999,48.540001,48.466900,535400
2021-07-20,48.799999,50.860001,48.650002,50.400002,50.324097,1267000
2021-07-21,52.060001,53.270000,51.660000,52.980000,52.900211,1059400
2021-07-22,53.500000,53.549999,52.060001,52.740002,52.660572,661200
2021-07-23,53.119999,53.430000,52.430000,52.779999,52.700512,1078000
2021-07-26,53.080002,53.540001,52.860001,53.270000,53.189774,527500
2021-07-27,52.869999,53.529999,52.480000,53.040001,52.960121,704500
2021-07-28,53.270000,53.680000,52.380001,53.090000,53.010044,366900
2021-07-29,54.000000,56.689999,54.000000,56.529999,56.444862,1088400
2021-07-30,55.939999,56.820000,55.860001,56.330002,56.245167,809900
2021-08-02,56.650002,57.490002,55.939999,56.040001,55.955605,499400
2021-08-03,56.369999,57.389999,55.730000,57.090000,57.004021,665700
2021-08-04,56.570000,57.459999,56.470001,56.720001,56.634579,335500
2021-08-05,57.000000,57.880001,56.770000,57.669998,57.583145,523300
2021-08-06,58.490002,58.799999,58.009998,58.540001,58.451839,483500
2021-08-09,58.189999,58.639999,57.549999,58.520000,58.431866,381800
2021-08-10,58.610001,59.820000,58.360001,59.639999,59.550179,1004000
2021-08-11,59.720001,60.000000,59.150002,59.919998,59.829758,853200
2021-08-12,60.060001,60.810001,59.540001,60.669998,60.578629,521000
2021-08-13,60.480000,60.970001,60.209999,60.959999,60.868191,534200
2021-08-16,60.730000,61.450001,60.279999,61.160000,61.067890,508800
2021-08-17,60.709999,60.709999,58.980000,59.240002,59.150784,898600
2021-08-18,59.439999,60.720001,59.119999,59.759998,59.669998,959500
2021-08-19,58.860001,59.889999,58.680000,59.430000,59.430000,575600
2021-08-20,59.529999,60.099998,59.070000,59.439999,59.439999,675800
2021-08-23,60.169998,60.459999,59.450001,59.950001,59.950001,390000
2021-08-24,60.020000,60.590000,59.990002,60.500000,60.500000,586100
2021-08-25,60.500000,61.009998,60.320000,61.000000,61.000000,683100
2021-08-26,60.990002,61.340000,60.650002,60.919998,60.919998,388100
2021-08-27,61.389999,62.500000,60.860001,61.869999,61.869999,669600
2021-08-30,62.220001,62.410000,61.439999,61.459999,61.459999,498600