Date,Open,High,Low,Close,Adj Close,Volume
2021-01-04,132.839996,133.990005,125.550003,128.389999,127.332382,256000
2021-01-05,128.710007,130.059998,127.989998,128.440002,127.381973,161000
2021-01-06,129.210007,133.509995,129.210007,131.740005,130.654785,202600
2021-01-07,131.410004,132.479996,129.479996,130.580002,129.504349,119900
2021-01-08,131.259995,131.259995,127.669998,129.580002,128.512573,149100
2021-01-11,128.240005,133.389999,128.240005,132.759995,131.666382,125100
2021-01-12,133.610001,136.369995,130.270004,131.100006,130.020065,273700
2021-01-13,130.539993,130.539993,125.800003,127.830002,126.777000,304600
2021-01-14,128.770004,129.830002,127.739998,127.980003,126.925758,134500
2021-01-15,127.889999,129.630005,126.980003,129.250000,128.185303,187600
2021-01-19,130.080002,130.080002,127.129997,128.940002,127.877853,279900
2021-01-20,129.460007,135.300003,129.460007,134.449997,133.342468,342100
2021-01-21,138.770004,143.309998,137.759995,139.619995,138.469864,444700
2021-01-22,139.149994,142.690002,138.770004,142.250000,141.078217,298400
2021-01-25,141.960007,147.419998,141.830002,146.050003,144.846909,322500
2021-01-26,146.740005,147.600006,141.369995,145.380005,144.182434,202300
2021-01-27,144.100006,146.910004,137.020004,137.410004,136.278091,302300
2021-01-28,137.179993,139.259995,135.070007,137.729996,136.595444,296100
2021-01-29,136.919998,139.600006,133.729996,136.190002,135.068130,196300
2021-02-01,136.240005,137.750000,133.270004,136.050003,135.366638,169300
2021-02-02,137.000000,140.470001,134.580002,139.050003,138.351563,157600
2021-02-03,138.369995,143.460007,136.630005,142.169998,141.455887,187400
2021-02-04,141.850006,143.940002,141.289993,141.800003,141.087738,102300
2021-02-05,142.339996,143.279999,139.850006,140.179993,139.475876,363600
2021-02-08,143.270004,149.630005,143.220001,148.320007,147.574997,287600
2021-02-09,148.380005,151.389999,146.440002,150.149994,149.395782,140800
2021-02-10,151.289993,152.270004,147.809998,149.190002,148.440628,134800
2021-02-11,147.389999,149.000000,144.130005,147.339996,146.599915,167400
2021-02-12,147.830002,151.369995,146.419998,150.330002,149.574905,166100
2021-02-16,150.820007,152.259995,148.050003,150.679993,149.923141,122200
2021-02-17,150.979996,155.720001,149.009995,153.649994,152.878204,158900
2021-02-18,153.750000,155.389999,151.839996,152.179993,151.415588,177700
2021-02-19,152.330002,154.470001,152.020004,153.440002,152.669281,119800
2021-02-22,153.990005,154.820007,149.809998,150.360001,149.604752,180200
2021-02-23,150.360001,151.490005,148.529999,150.380005,149.624649,131900
2021-02-24,150.419998,153.869995,150.350006,152.169998,151.405655,133800
2021-02-25,152.250000,158.960007,149.729996,152.729996,151.962830,189400
2021-02-26,152.000000,156.759995,151.720001,152.500000,151.734009,221100
2021-03-01,154.970001,159.169998,154.960007,157.110001,156.320831,327500
2021-03-02,157.029999,158.380005,153.440002,154.070007,153.296112,207500
2021-03-03,154.979996,161.110001,153.929993,158.600006,157.803360,254400
2021-03-04,159.380005,163.380005,158.679993,159.869995,159.066971,237500
2021-03-05,161.570007,162.449997,158.610001,161.020004,160.211212,273300
2021-03-08,162.149994,166.020004,159.850006,163.380005,162.559357,171700
2021-03-09,163.520004,163.979996,159.520004,161.839996,161.027069,203400
2021-03-10,163.039993,163.899994,160.210007,162.210007,161.395233,116100
2021-03-11,161.710007,164.440002,160.050003,163.750000,162.927475,140100
2021-03-12,164.399994,167.410004,163.550003,164.199997,163.375229,181100
2021-03-15,162.899994,165.850006,161.139999,163.639999,162.818039,126400
2021-03-16,162.979996,162.979996,159.529999,160.460007,159.654022,106100
2021-03-17,160.089996,162.360001,159.119995,161.350006,160.539551,138100
2021-03-18,160.940002,162.570007,158.899994,159.889999,159.086868,153200
2021-03-19,159.869995,163.869995,159.869995,162.350006,161.534531,287900
2021-03-22,162.600006,163.820007,159.619995,160.190002,159.385376,129100
2021-03-23,159.580002,160.850006,154.059998,154.940002,154.161743,171800
2021-03-24,155.149994,158.770004,153.990005,154.149994,153.375702,137600
2021-03-25,154.179993,156.649994,153.589996,155.369995,154.589584,214400
2021-03-26,155.809998,159.000000,155.000000,158.029999,157.236221,120000
2021-03-29,156.919998,160.759995,155.139999,156.320007,155.534821,163900
2021-03-30,156.000000,158.070007,155.169998,155.479996,154.699020,143000
2021-03-31,156.100006,157.369995,153.440002,155.779999,154.997528,197100
2021-04-01,155.550003,162.669998,154.149994,162.460007,161.643982,200200
2021-04-05,163.960007,164.000000,160.070007,161.429993,160.619141,145900
2021-04-06,159.860001,164.419998,159.860001,163.839996,163.017044,159900
2021-04-07,164.410004,164.899994,162.880005,163.500000,162.678741,101200
2021-04-08,163.279999,165.309998,161.960007,162.000000,161.186279,249200
2021-04-09,162.350006,163.160004,160.130005,162.759995,161.942459,107100
2021-04-12,162.830002,164.500000,162.350006,163.250000,162.430008,93500
2021-04-13,162.880005,162.919998,160.320007,160.320007,159.514725,155800
2021-04-14,161.300003,162.839996,159.960007,162.300003,161.484772,154100
2021-04-15,162.550003,162.850006,159.740005,160.830002,160.022156,111900
2021-04-16,161.779999,164.309998,160.039993,163.759995,162.937439,98700
2021-04-19,163.929993,163.929993,160.860001,161.339996,160.529587,87600
2021-04-20,161.889999,163.990005,161.000000,162.759995,161.942459,91300
2021-04-21,162.649994,167.949997,162.490005,167.630005,166.788010,160000
2021-04-22,167.970001,169.000000,165.259995,167.809998,166.967102,153100
2021-04-23,167.809998,168.710007,166.190002,166.389999,165.554230,190600
2021-04-26,167.009995,167.490005,160.110001,161.250000,160.440048,201600
2021-04-27,160.449997,161.149994,157.619995,159.660004,158.858047,276600
2021-04-28,160.490005,164.820007,160.300003,161.869995,161.056931,196400
2021-04-29,162.320007,165.699997,162.039993,164.190002,163.365295,184900
2021-04-30,163.350006,165.289993,161.009995,164.529999,163.703568,171200
2021-05-03,164.509995,170.029999,164.509995,168.820007,168.422440,159200
2021-05-04,167.889999,170.880005,165.789993,168.149994,167.753998,111900
2021-05-05,168.039993,172.309998,165.809998,171.539993,171.136017,141300
2021-05-06,170.960007,170.960007,168.500000,169.399994,169.001053,99600
2021-05-07,170.470001,172.320007,168.550003,172.050003,171.644836,145500
2021-05-10,172.710007,173.270004,169.710007,170.679993,170.278046,95800
2021-05-11,169.360001,175.830002,168.850006,175.250000,174.837296,171500
2021-05-12,173.929993,177.479996,171.759995,171.949997,171.545059,187500
2021-05-13,171.809998,176.080002,170.279999,174.820007,174.408310,113600
2021-05-14,175.100006,176.300003,172.669998,173.429993,173.021576,128200
2021-05-17,173.720001,175.600006,173.210007,175.020004,174.607834,91400
2021-05-18,174.850006,176.490005,172.149994,172.229996,171.824402,161300
2021-05-19,172.009995,173.380005,169.240005,171.149994,170.746933,145400
2021-05-20,171.270004,172.679993,168.479996,168.630005,168.232880,225900
2021-05-21,169.720001,171.130005,168.009995,169.449997,169.050949,498600
2021-05-24,169.690002,170.440002,168.330002,169.289993,168.891312,214000
2021-05-25,169.500000,169.500000,166.570007,166.570007,166.177734,140300
2021-05-26,166.600006,168.720001,165.889999,166.899994,166.506943,171800
2021-05-27,169.000000,170.740005,159.250000,162.520004,162.137268,480000
2021-05-28,163.899994,167.080002,162.250000,162.750000,162.366730,292100
2021-06-01,162.690002,166.949997,162.089996,166.110001,165.718811,348300
2021-06-02,165.350006,165.619995,162.509995,163.320007,162.935394,275100
2021-06-03,164.669998,164.960007,161.500000,163.089996,162.705917,217400
2021-06-04,163.169998,164.550003,160.500000,162.059998,161.678345,184200
2021-06-07,162.240005,164.820007,161.949997,163.429993,163.045120,166300
2021-06-08,164.850006,164.850006,162.000000,163.039993,162.656036,127300
2021-06-09,162.350006,164.220001,161.490005,163.410004,163.025177,155500
2021-06-10,164.059998,165.990005,163.470001,165.460007,165.070358,209000
2021-06-11,165.729996,166.770004,163.699997,166.449997,166.058014,136400
2021-06-14,166.289993,166.289993,164.229996,166.110001,165.718811,99300
2021-06-15,167.080002,167.910004,163.380005,164.750000,164.362015,156900
2021-06-16,165.300003,167.059998,161.800003,162.449997,162.067429,153200
2021-06-17,161.690002,162.389999,159.449997,160.619995,160.241745,135900
2021-06-18,160.369995,160.369995,155.339996,155.740005,155.373245,249800
2021-06-21,156.889999,173.029999,156.169998,166.580002,166.187714,426300
2021-06-22,185.619995,186.720001,181.660004,183.779999,183.347198,1005900
2021-06-23,183.740005,186.380005,182.009995,186.100006,185.661743,446500
2021-06-24,185.990005,192.610001,185.399994,192.589996,192.136444,306900
2021-06-25,192.460007,195.250000,191.850006,194.059998,193.602997,411500
2021-06-28,194.529999,194.529999,187.929993,188.820007,188.375336,257200
2021-06-29,188.690002,189.729996,187.699997,188.270004,187.826630,225300
2021-06-30,188.500000,189.149994,185.729996,187.970001,187.527328,171300
2021-07-01,188.179993,189.000000,186.050003,186.529999,186.090729,189500
2021-07-02,186.160004,187.770004,185.389999,186.149994,185.711609,181000
2021-07-06,186.009995,186.759995,184.509995,186.440002,186.000946,157100
2021-07-07,186.710007,188.089996,186.039993,186.990005,186.549652,172800
2021-07-08,184.539993,186.080002,182.830002,184.130005,183.696381,308300
2021-07-09,184.660004,185.360001,182.960007,184.000000,183.566681,215600
2021-07-12,182.869995,183.990005,180.580002,181.960007,181.531494,263400
2021-07-13,181.779999,183.190002,179.910004,181.250000,180.823166,321300
2021-07-14,181.910004,184.919998,179.330002,181.679993,181.252136,172500
2021-07-15,181.380005,183.309998,180.100006,182.949997,182.519150,248300
2021-07-16,184.289993,184.289993,179.990005,181.639999,181.212234,219900
2021-07-19,180.300003,181.220001,178.449997,181.059998,180.633606,156500
2021-07-20,181.820007,186.889999,181.309998,183.949997,183.516800,252800
2021-07-21,183.410004,184.669998,181.210007,181.919998,181.491577,107800
2021-07-22,181.770004,182.369995,179.919998,181.679993,181.252136,114300
2021-07-23,181.779999,185.449997,181.750000,184.830002,184.394730,123400
2021-07-26,184.960007,186.779999,182.729996,183.100006,182.668808,87500
2021-07-27,182.880005,183.009995,181.399994,182.360001,181.930542,108500
2021-07-28,182.130005,183.960007,180.440002,183.160004,182.728668,153600
2021-07-29,183.509995,187.179993,183.509995,185.720001,185.282639,188200
2021-07-30,185.610001,188.050003,185.610001,186.839996,186.399994,130600
2021-08-02,186.639999,188.300003,183.789993,184.250000,184.250000,130400
2021-08-03,184.699997,186.639999,182.289993,184.220001,184.220001,98800
2021-08-04,183.169998,183.210007,179.869995,181.929993,181.929993,98200
2021-08-05,182.600006,183.360001,180.020004,181.300003,181.300003,77400
2021-08-06,181.440002,183.229996,180.699997,182.369995,182.369995,80300
2021-08-09,195.820007,196.380005,193.750000,195.880005,195.880005,3657200
2021-08-10,195.750000,195.800003,193.210007,195.750000,195.750000,2096500
2021-08-11,195.500000,196.690002,194.559998,196.509995,196.509995,1040800
2021-08-12,196.279999,196.929993,195.300003,196.570007,196.570007,641100
2021-08-13,196.850006,197.250000,195.699997,196.139999,196.139999,528500
2021-08-16,196.100006,196.759995,194.600006,196.669998,196.669998,352100
2021-08-17,196.190002,196.369995,194.119995,194.759995,194.759995,397200
2021-08-18,194.710007,195.000000,193.399994,193.460007,193.460007,365900
2021-08-19,193.600006,193.770004,192.009995,192.839996,192.839996,399900
2021-08-20,192.529999,192.860001,192.029999,192.500000,192.500000,344700
2021-08-23,192.970001,193.179993,192.020004,192.529999,192.529999,212500
2021-08-24,193.020004,193.160004,192.410004,192.580002,192.580002,175700
2021-08-25,192.979996,194.860001,192.750000,193.619995,193.619995,268700
2021-08-26,194.050003,194.419998,191.389999,193.210007,193.210007,280000
2021-08-27,193.600006,194.050003,192.800003,193.820007,193.820007,247900
2021-08-30,194.000000,195.130005,193.220001,194.839996,194.839996,179900