Date,Open,High,Low,Close,Adj Close,Volume
2021-01-04,181.619995,184.220001,178.309998,179.929993,179.929993,268300
2021-01-05,179.419998,183.300003,178.449997,180.860001,180.860001,154000
2021-01-06,181.160004,187.630005,179.479996,187.009995,187.009995,337400
2021-01-07,188.000000,194.850006,187.240005,193.889999,193.889999,161000
2021-01-08,194.119995,197.399994,191.350006,193.139999,193.139999,156800
2021-01-11,191.320007,194.199997,189.679993,191.369995,191.369995,217500
2021-01-12,191.899994,194.990005,189.869995,193.550003,193.550003,109100
2021-01-13,193.369995,194.720001,185.419998,187.160004,187.160004,188400
2021-01-14,188.940002,194.330002,187.949997,192.770004,192.770004,141900
2021-01-15,190.860001,195.240005,186.179993,194.300003,194.300003,192500
2021-01-19,197.089996,200.479996,195.500000,196.639999,196.639999,179500
2021-01-20,198.330002,200.889999,195.009995,200.179993,200.179993,147500
2021-01-21,201.429993,203.580002,196.660004,197.600006,197.600006,141600
2021-01-22,195.779999,198.619995,191.639999,194.880005,194.880005,192300
2021-01-25,193.520004,196.199997,191.289993,193.559998,193.559998,153100
2021-01-26,195.119995,195.259995,182.740005,182.839996,182.839996,187600
2021-01-27,179.110001,180.250000,171.160004,174.259995,174.259995,307800
2021-01-28,177.289993,183.509995,174.679993,180.580002,180.580002,270100
2021-01-29,179.509995,179.619995,175.720001,176.750000,176.750000,189300
2021-02-01,177.789993,184.389999,175.240005,183.350006,183.350006,188600
2021-02-02,186.039993,190.679993,184.130005,187.979996,187.979996,155200
2021-02-03,187.899994,190.119995,178.399994,179.470001,179.470001,184900
2021-02-04,180.320007,187.440002,179.500000,187.419998,187.419998,182600
2021-02-05,188.940002,189.270004,185.000000,187.649994,187.649994,188900
2021-02-08,188.619995,199.889999,188.229996,198.020004,198.020004,302000
2021-02-09,199.910004,204.529999,194.300003,203.089996,203.089996,196700
2021-02-10,204.330002,206.360001,196.869995,202.149994,202.149994,170000
2021-02-11,203.550003,206.550003,197.619995,200.809998,200.809998,205400
2021-02-12,200.000000,207.210007,195.559998,205.949997,205.949997,242600
2021-02-16,207.809998,214.570007,206.929993,212.350006,212.350006,265500
2021-02-17,200.559998,210.000000,200.559998,207.279999,207.279999,228200
2021-02-18,207.119995,208.149994,203.059998,206.270004,206.270004,144800
2021-02-19,207.389999,214.240005,207.389999,212.509995,212.509995,285100
2021-02-22,211.580002,213.330002,207.850006,210.190002,210.190002,133500
2021-02-23,205.839996,206.550003,200.869995,204.839996,204.839996,284400
2021-02-24,206.779999,210.619995,204.330002,208.460007,208.460007,131600
2021-02-25,208.119995,211.990005,202.190002,203.100006,203.100006,200300
2021-02-26,203.800003,207.190002,197.669998,200.529999,200.529999,262100
2021-03-01,204.179993,210.440002,203.220001,209.910004,209.910004,175200
2021-03-02,207.869995,217.160004,207.820007,214.440002,214.440002,205700
2021-03-03,216.050003,227.270004,214.190002,223.350006,223.350006,391100
2021-03-04,218.630005,223.289993,204.770004,208.960007,208.960007,359000
2021-03-05,212.169998,213.630005,200.679993,205.240005,205.240005,367000
2021-03-08,205.500000,215.850006,204.410004,210.039993,210.039993,227900
2021-03-09,213.369995,221.679993,212.389999,218.610001,218.610001,188100
2021-03-10,221.100006,221.809998,217.600006,219.880005,219.880005,147500
2021-03-11,222.250000,222.990005,215.289993,217.570007,217.570007,239800
2021-03-12,217.380005,219.199997,213.380005,218.750000,218.750000,228400
2021-03-15,219.490005,228.550003,218.259995,228.300003,228.300003,212100
2021-03-16,229.179993,229.350006,224.050003,225.759995,225.759995,163600
2021-03-17,225.710007,226.899994,221.179993,226.539993,226.539993,127600
2021-03-18,225.250000,229.869995,222.009995,223.350006,223.350006,112100
2021-03-19,223.210007,223.210007,217.949997,218.919998,218.919998,317400
2021-03-22,221.199997,221.809998,213.750000,215.919998,215.919998,108600
2021-03-23,213.229996,218.119995,209.020004,210.399994,210.399994,119600
2021-03-24,212.639999,215.550003,210.179993,210.449997,210.449997,139500
2021-03-25,209.259995,218.600006,207.070007,216.080002,216.080002,191800
2021-03-26,217.500000,227.800003,216.360001,227.089996,227.089996,204700
2021-03-29,227.070007,231.610001,220.520004,224.279999,224.279999,204900
2021-03-30,224.389999,233.690002,223.639999,232.160004,232.160004,149800
2021-03-31,232.449997,234.559998,227.369995,230.580002,230.580002,285100
2021-04-01,233.259995,243.360001,229.679993,234.009995,234.009995,228900
2021-04-05,237.539993,239.860001,234.000000,239.630005,239.630005,158300
2021-04-06,237.100006,240.559998,226.910004,228.669998,228.669998,230200
2021-04-07,232.490005,234.050003,228.850006,229.500000,229.500000,183900
2021-04-08,231.110001,234.779999,228.110001,234.539993,234.539993,110700
2021-04-09,236.149994,243.089996,232.800003,235.679993,235.679993,215100
2021-04-12,235.320007,240.339996,233.800003,238.320007,238.320007,122500
2021-04-13,238.889999,240.149994,235.750000,239.220001,239.220001,162200
2021-04-14,239.529999,242.949997,237.070007,238.389999,238.389999,111100
2021-04-15,241.710007,243.360001,238.330002,241.520004,241.520004,117900
2021-04-16,241.300003,247.600006,240.929993,242.770004,242.770004,123900
2021-04-19,243.139999,243.139999,234.679993,240.070007,240.070007,105500
2021-04-20,240.399994,242.699997,231.720001,236.240005,236.240005,202800
2021-04-21,236.839996,240.350006,233.990005,238.880005,238.880005,150500
2021-04-22,240.389999,247.009995,238.880005,239.309998,239.309998,147600
2021-04-23,241.589996,244.759995,239.639999,241.889999,241.889999,112600
2021-04-26,244.119995,244.690002,236.169998,237.809998,237.809998,151500
2021-04-27,238.089996,243.600006,236.990005,241.000000,241.000000,185400
2021-04-28,240.919998,241.630005,228.300003,233.899994,233.899994,263800
2021-04-29,237.080002,240.190002,233.139999,239.600006,239.600006,183200
2021-04-30,236.729996,238.500000,232.449997,234.500000,234.500000,186400
2021-05-03,237.490005,240.210007,235.149994,235.380005,235.380005,213700
2021-05-04,232.869995,239.860001,230.139999,235.889999,235.889999,342800
2021-05-05,237.850006,240.929993,236.300003,238.110001,238.110001,121100
2021-05-06,237.639999,238.589996,233.300003,236.639999,236.639999,135000
2021-05-07,239.009995,245.779999,237.380005,244.899994,244.899994,174400
2021-05-10,245.309998,249.300003,238.589996,238.809998,238.809998,141100
2021-05-11,234.020004,242.970001,232.490005,242.899994,242.899994,171300
2021-05-12,239.750000,241.529999,227.350006,228.270004,228.270004,151700
2021-05-13,228.800003,237.259995,228.800003,235.699997,235.699997,136600
2021-05-14,237.850006,245.160004,236.320007,244.009995,244.009995,153800
2021-05-17,242.479996,244.440002,238.729996,240.589996,240.589996,160700
2021-05-18,241.610001,241.610001,234.240005,234.250000,234.250000,277300
2021-05-19,230.369995,233.029999,225.949997,227.440002,227.440002,256500
2021-05-20,228.910004,233.470001,223.860001,227.419998,227.419998,196200
2021-05-21,230.289993,232.619995,227.720001,228.169998,228.169998,117400
2021-05-24,229.789993,230.289993,226.380005,227.410004,227.410004,96600
2021-05-25,228.020004,230.380005,222.720001,223.250000,223.250000,128700
2021-05-26,224.080002,227.089996,221.389999,226.419998,226.419998,118400
2021-05-27,227.419998,231.419998,226.809998,229.350006,229.350006,136500
2021-05-28,230.000000,230.619995,224.470001,230.160004,230.160004,103500
2021-06-01,231.770004,235.639999,229.729996,233.979996,233.979996,180000
2021-06-02,234.479996,234.479996,222.619995,223.740005,223.740005,216100
2021-06-03,222.940002,222.940002,216.830002,217.210007,217.210007,263700
2021-06-04,216.160004,219.509995,206.330002,210.199997,210.199997,434100
2021-06-07,211.000000,212.779999,206.300003,208.259995,208.259995,282300
2021-06-08,210.649994,211.589996,205.850006,210.830002,210.830002,454100
2021-06-09,210.889999,215.419998,202.679993,203.330002,203.330002,333500
2021-06-10,204.979996,204.979996,196.339996,200.369995,200.369995,234400
2021-06-11,201.110001,206.639999,201.110001,205.660004,205.660004,230200
2021-06-14,206.270004,211.850006,206.270004,209.539993,209.539993,355300
2021-06-15,211.050003,211.529999,207.160004,210.490005,210.490005,201800
2021-06-16,210.080002,212.139999,208.389999,210.259995,210.259995,187000
2021-06-17,208.809998,211.389999,200.520004,201.889999,201.889999,289900
2021-06-18,201.860001,204.770004,201.000000,202.500000,202.500000,308200
2021-06-21,204.190002,208.369995,202.880005,206.929993,206.929993,171200
2021-06-22,206.679993,209.460007,205.440002,209.199997,209.199997,147900
2021-06-23,209.279999,212.330002,208.630005,209.520004,209.520004,157100
2021-06-24,210.660004,210.660004,205.539993,208.789993,208.789993,191400
2021-06-25,208.699997,212.919998,208.490005,211.880005,211.880005,371900
2021-06-28,210.500000,212.960007,206.149994,212.039993,212.039993,231500
2021-06-29,211.179993,212.509995,209.000000,210.059998,210.059998,136000
2021-06-30,210.050003,212.169998,208.149994,209.490005,209.490005,295200
2021-07-01,210.589996,215.000000,209.449997,213.020004,213.020004,137800
2021-07-02,213.559998,213.559998,210.220001,210.910004,210.910004,92700
2021-07-06,210.770004,211.860001,204.119995,209.520004,209.520004,160600
2021-07-07,208.979996,212.600006,206.410004,207.630005,207.630005,277500
2021-07-08,203.360001,206.289993,198.020004,202.539993,202.539993,218200
2021-07-09,206.009995,207.330002,202.929993,206.429993,206.429993,75300
2021-07-12,205.119995,208.820007,204.440002,207.250000,207.250000,129500
2021-07-13,206.940002,208.380005,204.360001,206.080002,206.080002,87700
2021-07-14,207.779999,210.490005,204.589996,205.369995,205.369995,217500
2021-07-15,203.179993,205.160004,200.149994,202.690002,202.690002,114500
2021-07-16,203.539993,204.330002,196.000000,196.279999,196.279999,247600
2021-07-19,191.740005,196.960007,187.020004,193.220001,193.220001,193800
2021-07-20,194.279999,203.970001,193.199997,200.889999,200.889999,219800
2021-07-21,201.440002,204.779999,200.460007,203.309998,203.309998,200600
2021-07-22,202.869995,206.080002,200.440002,200.860001,200.860001,105100
2021-07-23,201.639999,207.419998,199.570007,206.990005,206.990005,135400
2021-07-26,207.039993,208.440002,204.399994,205.369995,205.369995,121400
2021-07-27,204.669998,207.880005,203.119995,205.100006,205.100006,166400
2021-07-28,205.800003,207.910004,201.690002,204.699997,204.699997,233700
2021-07-29,210.149994,223.580002,205.500000,221.679993,221.679993,353400
2021-07-30,222.009995,227.080002,219.899994,226.000000,226.000000,321800
2021-08-02,227.660004,230.809998,219.110001,224.199997,224.199997,286400
2021-08-03,223.860001,235.779999,222.910004,235.509995,235.509995,304400
2021-08-04,234.490005,243.199997,234.490005,238.089996,238.089996,858500
2021-08-05,237.800003,239.080002,233.630005,237.779999,237.779999,237800
2021-08-06,236.970001,243.110001,236.470001,241.509995,241.509995,356300
2021-08-09,238.520004,243.100006,235.850006,241.259995,241.259995,572900
2021-08-10,241.410004,247.119995,238.940002,244.500000,244.500000,259600
2021-08-11,243.779999,249.369995,242.100006,249.309998,249.309998,177700
2021-08-12,250.529999,253.000000,248.410004,248.589996,248.589996,162300
2021-08-13,248.339996,249.520004,244.529999,245.039993,245.039993,122000
2021-08-16,245.619995,247.529999,243.440002,246.880005,246.880005,157900
2021-08-17,245.000000,245.979996,238.050003,244.809998,244.809998,325600
2021-08-18,244.050003,249.830002,241.869995,246.179993,246.179993,214100
2021-08-19,243.759995,246.899994,240.820007,242.339996,242.339996,298900
2021-08-20,243.509995,249.779999,239.039993,249.350006,249.350006,209100
2021-08-23,250.330002,259.130005,250.330002,254.029999,254.029999,159100
2021-08-24,254.929993,255.509995,251.779999,254.139999,254.139999,92800
2021-08-25,238.919998,246.990005,234.639999,240.889999,240.889999,1086300
2021-08-26,241.839996,243.119995,233.179993,235.889999,235.889999,634000
2021-08-27,233.020004,244.660004,230.009995,240.399994,240.399994,6159300
2021-08-30,240.199997,245.380005,237.190002,245.059998,245.059998,297300