Date,Open,High,Low,Close,Adj Close,Volume
2021-01-04,53.849998,53.889999,51.150002,52.349998,52.349998,1209800
2021-01-05,52.419998,53.459999,51.709999,53.349998,53.349998,1338500
2021-01-06,52.540001,54.841000,52.230000,53.990002,53.990002,1276900
2021-01-07,54.500000,55.900002,54.209999,54.950001,54.950001,818000
2021-01-08,56.009998,57.799999,55.610001,57.580002,57.580002,1017300
2021-01-11,57.040001,58.369999,55.430000,57.840000,57.840000,983200
2021-01-12,58.119999,59.119999,57.419998,58.470001,58.470001,790300
2021-01-13,58.980000,59.580002,55.959999,56.450001,56.450001,1029700
2021-01-14,56.830002,58.279999,56.509998,57.480000,57.480000,1111500
2021-01-15,56.650002,57.439999,55.250000,56.310001,56.310001,1022900
2021-01-19,57.130001,58.490002,55.060001,58.279999,58.279999,1124700
2021-01-20,59.000000,59.566002,57.560001,58.180000,58.180000,1009700
2021-01-21,58.689999,58.759998,56.790001,56.869999,56.869999,818100
2021-01-22,56.540001,58.939999,56.080002,58.900002,58.900002,759900
2021-01-25,59.419998,61.494999,56.000000,57.500000,57.500000,1095000
2021-01-26,57.779999,58.419998,56.520000,56.639999,56.639999,687600
2021-01-27,55.549999,55.910000,50.259998,52.639999,52.639999,1987900
2021-01-28,52.910000,55.900002,52.650002,55.410000,55.410000,985300
2021-01-29,55.740002,55.740002,53.580002,55.310001,55.310001,882300
2021-02-01,56.240002,57.500000,55.799999,57.200001,57.200001,709300
2021-02-02,58.000000,59.320000,57.330002,58.990002,58.990002,604900
2021-02-03,59.520000,59.549999,56.889999,57.849998,57.849998,619800
2021-02-04,57.849998,59.990002,57.849998,59.919998,59.919998,623800
2021-02-05,60.470001,60.990002,58.599998,59.130001,59.130001,630300
2021-02-08,59.360001,60.000000,58.509998,59.090000,59.090000,632400
2021-02-09,59.290001,60.770000,58.700001,60.259998,60.259998,616400
2021-02-10,60.990002,62.549999,59.799999,61.189999,61.189999,1709700
2021-02-11,61.970001,63.380001,61.279999,62.959999,62.959999,1008600
2021-02-12,62.980000,63.535000,61.599998,63.209999,63.209999,609200
2021-02-16,62.549999,64.190002,61.555000,61.849998,61.849998,1017300
2021-02-17,61.130001,61.380001,59.660000,60.779999,60.779999,787900
2021-02-18,60.000000,62.250000,59.119999,62.080002,62.080002,886300
2021-02-19,62.930000,64.110001,62.009998,63.410000,63.410000,947500
2021-02-22,62.380001,62.959999,57.770000,58.209999,58.209999,1297100
2021-02-23,56.880001,59.689999,53.520000,59.320000,59.320000,1555800
2021-02-24,58.970001,60.145000,57.360001,59.599998,59.599998,723300
2021-02-25,59.599998,59.985001,55.889999,56.529999,56.529999,1549500
2021-02-26,58.000000,59.090000,54.060001,56.380001,56.380001,2339600
2021-03-01,58.549999,60.990002,58.090000,60.419998,60.419998,1463600
2021-03-02,59.419998,61.189999,59.029999,59.220001,59.220001,1980300
2021-03-03,59.220001,59.849998,53.740002,55.090000,55.090000,1511700
2021-03-04,54.020000,55.360001,52.750000,53.830002,53.830002,1620600
2021-03-05,54.849998,54.849998,51.209999,52.189999,52.189999,2014400
2021-03-08,51.799999,53.188000,50.110001,50.599998,50.599998,1552500
2021-03-09,52.570000,53.830002,51.610001,52.990002,52.990002,1560000
2021-03-10,54.330002,55.319000,53.009998,53.279999,53.279999,892700
2021-03-11,55.110001,56.939999,54.720001,56.700001,56.700001,975500
2021-03-12,55.360001,56.770000,54.779999,56.290001,56.290001,623100
2021-03-15,55.470001,55.700001,53.459999,54.680000,54.680000,1006200
2021-03-16,55.000000,55.450001,52.849998,53.750000,53.750000,595700
2021-03-17,52.480000,54.410000,51.270000,53.799999,53.799999,797500
2021-03-18,53.020000,53.330002,51.270000,51.480000,51.480000,1022700
2021-03-19,52.139999,53.820000,51.340000,53.230000,53.230000,2137800
2021-03-22,54.230000,55.290001,53.820000,54.270000,54.270000,654500
2021-03-23,53.930000,54.560001,52.500000,53.009998,53.009998,568300
2021-03-24,53.330002,53.330002,49.970001,50.000000,50.000000,645800
2021-03-25,48.939999,51.060001,48.060001,50.709999,50.709999,894000
2021-03-26,51.119999,51.900002,49.369999,50.349998,50.349998,945500
2021-03-29,50.369999,50.650002,47.799999,48.320000,48.320000,1582600
2021-03-30,48.000000,49.820000,47.209999,49.480000,49.480000,1497800
2021-03-31,50.189999,51.270000,49.700001,50.639999,50.639999,1249400
2021-04-01,51.880001,54.340000,51.680000,52.509998,52.509998,988600
2021-04-05,54.040001,54.040001,51.639999,52.610001,52.610001,663100
2021-04-06,52.400002,54.590000,52.389999,53.790001,53.790001,555800
2021-04-07,53.349998,53.900002,50.080002,50.130001,50.130001,1340400
2021-04-08,50.730000,51.529999,49.330002,49.410000,49.410000,2195300
2021-04-09,48.779999,49.158001,47.360001,48.470001,48.470001,2538800
2021-04-12,48.209999,49.320000,47.389999,48.869999,48.869999,1146900
2021-04-13,49.200001,50.270000,49.130001,50.080002,50.080002,1631800
2021-04-14,50.500000,51.750000,49.680000,49.810001,49.810001,1102100
2021-04-15,49.799999,50.845001,49.101002,50.240002,50.240002,835300
2021-04-16,50.529999,50.529999,49.610001,49.830002,49.830002,989500
2021-04-19,49.000000,49.669998,47.490002,47.669998,47.669998,1188500
2021-04-20,47.580002,48.439999,46.860001,48.009998,48.009998,1115300
2021-04-21,47.770000,48.667000,46.500000,48.430000,48.430000,1118100
2021-04-22,48.950001,49.935001,48.310001,48.860001,48.860001,1417300
2021-04-23,48.790001,49.439999,48.160000,49.200001,49.200001,802700
2021-04-26,51.009998,53.009998,50.369999,52.610001,52.610001,1382300
2021-04-27,52.950001,53.029999,51.220001,51.529999,51.529999,825900
2021-04-28,51.110001,51.459999,50.340000,50.529999,50.529999,557200
2021-04-29,50.919998,51.000000,49.000000,50.209999,50.209999,821000
2021-04-30,49.439999,50.209999,48.450001,48.830002,48.830002,1185500
2021-05-03,50.020000,50.020000,48.900002,49.160000,49.160000,1427700
2021-05-04,48.270000,48.740002,46.283001,47.099998,47.099998,1139800
2021-05-05,47.889999,48.480000,46.590000,47.759998,47.759998,907300
2021-05-06,47.650002,48.310001,45.130001,45.869999,45.869999,1531000
2021-05-07,46.549999,47.759998,46.209999,46.299999,46.299999,814200
2021-05-10,45.689999,47.150002,44.009998,44.290001,44.290001,1554200
2021-05-11,39.240002,45.110001,39.000000,44.740002,44.740002,3713900
2021-05-12,43.049999,45.240002,42.959999,44.830002,44.830002,1951200
2021-05-13,45.000000,46.070000,43.189999,43.910000,43.910000,1572000
2021-05-14,44.299999,45.619999,43.959999,45.220001,45.220001,907600
2021-05-17,44.650002,45.230000,43.831001,44.279999,44.279999,839600
2021-05-18,44.349998,45.439999,44.310001,44.500000,44.500000,600000
2021-05-19,43.520000,44.480000,43.000000,43.900002,43.900002,971300
2021-05-20,44.540001,45.599998,44.220001,44.650002,44.650002,672200
2021-05-21,45.279999,46.180000,44.799999,45.049999,45.049999,732500
2021-05-24,45.270000,45.807999,44.720001,45.310001,45.310001,765700
2021-05-25,45.740002,46.060001,45.320000,45.759998,45.759998,591000
2021-05-26,46.189999,47.205002,46.049999,46.930000,46.930000,656700
2021-05-27,46.689999,47.900002,45.549999,47.599998,47.599998,832100
2021-05-28,47.660000,48.250000,46.470001,46.529999,46.529999,754300
2021-06-01,45.970001,46.099998,44.200001,44.840000,44.840000,1572300
2021-06-02,44.520000,44.770000,43.639999,44.029999,44.029999,1728300
2021-06-03,43.880001,44.099998,42.860001,42.930000,42.930000,758300
2021-06-04,43.240002,43.689999,42.599998,42.730000,42.730000,1061900
2021-06-07,42.540001,44.400002,42.169998,44.200001,44.200001,769600
2021-06-08,44.720001,46.480000,44.327999,46.139999,46.139999,946400
2021-06-09,46.520000,47.000000,45.279999,45.580002,45.580002,526400
2021-06-10,45.480000,46.750000,45.279999,46.529999,46.529999,404900
2021-06-11,46.950001,46.950001,46.060001,46.759998,46.759998,463000
2021-06-14,46.950001,48.070000,46.799999,47.490002,47.490002,759800
2021-06-15,47.029999,47.500000,46.150002,46.639999,46.639999,1038900
2021-06-16,46.369999,47.750000,46.290001,47.330002,47.330002,790900
2021-06-17,46.970001,49.709999,46.860001,49.619999,49.619999,1228300
2021-06-18,49.740002,50.910000,48.869999,50.180000,50.180000,3268000
2021-06-21,49.759998,50.380001,48.310001,49.990002,49.990002,1227200
2021-06-22,50.000000,51.130001,49.730000,51.099998,51.099998,738900
2021-06-23,51.380001,52.599998,51.189999,52.450001,52.450001,811900
2021-06-24,52.990002,53.700001,52.610001,53.220001,53.220001,1310700
2021-06-25,53.259998,53.419998,52.119999,52.270000,52.270000,1153300
2021-06-28,52.540001,53.689999,52.320000,53.660000,53.660000,721200
2021-06-29,53.790001,54.060001,52.570000,52.959999,52.959999,512200
2021-06-30,52.740002,52.755001,50.849998,51.070000,51.070000,1149600
2021-07-01,51.080002,52.250000,50.860001,51.380001,51.380001,756500
2021-07-02,51.759998,52.200001,50.169998,50.220001,50.220001,695800
2021-07-06,50.660000,51.895000,50.325001,51.430000,51.430000,1302600
2021-07-07,51.630001,52.040001,50.689999,50.880001,50.880001,799500
2021-07-08,49.630001,50.590000,48.820000,50.169998,50.169998,547700
2021-07-09,50.470001,50.810001,49.544998,50.650002,50.650002,698300
2021-07-12,51.209999,51.691002,50.099998,50.720001,50.720001,493300
2021-07-13,50.500000,50.779999,49.930000,50.040001,50.040001,435500
2021-07-14,50.709999,50.709999,47.605000,47.720001,47.720001,621400
2021-07-15,46.959999,47.540001,46.130001,46.689999,46.689999,849700
2021-07-16,47.279999,48.080002,47.099998,47.380001,47.380001,623600
2021-07-19,46.810001,47.669998,46.090000,47.599998,47.599998,710500
2021-07-20,47.669998,49.430000,47.009998,48.790001,48.790001,785600
2021-07-21,48.660000,49.560001,48.470001,49.509998,49.509998,551900
2021-07-22,49.910000,50.990002,49.744999,49.950001,49.950001,689100
2021-07-23,49.959999,50.299999,49.490002,50.250000,50.250000,724500
2021-07-26,50.360001,50.509998,49.549999,50.500000,50.500000,481200
2021-07-27,50.520000,50.730000,47.910000,48.939999,48.939999,417300
2021-07-28,49.230000,50.580002,49.000000,50.240002,50.240002,472400
2021-07-29,50.250000,50.750000,49.779999,50.230000,50.230000,279900
2021-07-30,49.939999,50.419998,49.770000,49.990002,49.990002,449100
2021-08-02,50.320000,51.110001,49.730000,50.639999,50.639999,545000
2021-08-03,50.500000,50.730000,49.830002,50.259998,50.259998,477300
2021-08-04,50.000000,51.009998,49.759998,50.450001,50.450001,606700
2021-08-05,50.369999,51.209999,50.020000,50.740002,50.740002,356500
2021-08-06,50.919998,50.930000,48.930000,49.490002,49.490002,763600
2021-08-09,49.599998,50.520000,49.250000,49.500000,49.500000,646400
2021-08-10,47.200001,47.930000,45.049999,45.110001,45.110001,3000700
2021-08-11,45.169998,45.419998,44.299999,45.299999,45.299999,1315800
2021-08-12,44.990002,45.730000,44.779999,45.540001,45.540001,1209900
2021-08-13,45.500000,45.669998,44.139999,44.189999,44.189999,1667600
2021-08-16,44.014999,44.369999,43.139999,43.549999,43.549999,885100
2021-08-17,43.020000,43.580002,42.400002,43.570000,43.570000,746100
2021-08-18,43.480000,44.470001,43.349998,43.590000,43.590000,663500
2021-08-19,43.130001,43.790001,42.299999,42.459999,42.459999,680600
2021-08-20,42.430000,43.480000,42.424999,43.090000,43.090000,609300
2021-08-23,43.209999,44.389999,42.900002,44.279999,44.279999,462900
2021-08-24,44.750000,46.049999,44.669998,45.630001,45.630001,628100
2021-08-25,45.630001,46.889999,45.500000,46.450001,46.450001,454100
2021-08-26,46.470001,47.325001,46.209999,46.560001,46.560001,474000
2021-08-27,46.770000,49.020000,46.580002,48.650002,48.650002,3518300
2021-08-30,48.880001,48.880001,46.680000,47.599998,47.599998,2624600