Date,Open,High,Low,Close,Adj Close,Volume
2021-01-04,17.469999,17.559999,16.809999,16.840000,15.982912,2174200
2021-01-05,16.900000,17.309999,16.889999,17.090000,16.220188,2127300
2021-01-06,17.209999,17.809999,17.110001,17.570000,16.675756,2115000
2021-01-07,17.520000,17.520000,16.809999,17.020000,16.153751,1466800
2021-01-08,17.280001,17.280001,16.879999,17.170000,16.296116,957100
2021-01-11,16.959999,17.180000,16.719999,16.860001,16.001896,972400
2021-01-12,16.990000,17.110001,16.799999,17.090000,16.220188,603500
2021-01-13,17.219999,17.469999,17.110001,17.200001,16.324593,1022800
2021-01-14,17.370001,17.549999,17.110001,17.360001,16.476448,1086100
2021-01-15,17.150000,17.570000,17.049999,17.500000,16.609322,1026500
2021-01-19,17.629999,17.629999,16.879999,17.100000,16.229679,1356700
2021-01-20,16.969999,17.670000,16.969999,17.559999,16.666265,1438700
2021-01-21,17.450001,17.450001,17.080000,17.200001,16.324593,749000
2021-01-22,17.010000,17.299999,16.959999,17.280001,16.400518,1176800
2021-01-25,17.080000,17.469999,16.900000,17.379999,16.495428,1523600
2021-01-26,17.500000,17.600000,17.020000,17.120001,16.248661,1197300
2021-01-27,16.850000,17.030001,16.590000,16.740000,15.888001,1440500
2021-01-28,16.850000,17.370001,16.709999,17.040001,16.172735,1521800
2021-01-29,17.110001,17.180000,16.610001,16.790001,15.935457,1577200
2021-02-01,16.910000,17.370001,16.700001,17.330000,16.447973,1715900
2021-02-02,17.629999,17.629999,17.209999,17.430000,16.542883,1402300
2021-02-03,17.340000,17.430000,16.860001,17.360001,16.476448,1723600
2021-02-04,17.379999,17.950001,17.200001,17.830000,16.922525,1613300
2021-02-05,17.969999,18.030001,17.709999,17.879999,16.969980,1135200
2021-02-08,17.969999,17.969999,17.650000,17.860001,16.951000,805200
2021-02-09,17.889999,18.020000,17.799999,18.020000,17.102856,1533500
2021-02-10,18.030001,18.459999,17.990000,18.080000,17.159801,2023200
2021-02-11,17.850000,18.190001,17.760000,18.070000,17.439684,1267900
2021-02-12,17.959999,18.070000,17.770000,17.850000,17.227360,818300
2021-02-16,17.840000,17.860001,17.559999,17.709999,17.092243,1237900
2021-02-17,17.610001,17.740000,17.400000,17.660000,17.043987,841400
2021-02-18,17.610001,17.879999,17.480000,17.510000,16.899220,1370600
2021-02-19,17.549999,17.920000,17.420000,17.870001,17.246664,1411800
2021-02-22,17.680000,18.670000,17.680000,18.440001,17.796780,1812200
2021-02-23,17.830000,18.650000,17.830000,18.180000,17.545849,1838500
2021-02-24,18.219999,18.950001,18.110001,18.740000,18.086313,2469700
2021-02-25,18.809999,18.850000,17.530001,17.629999,17.015032,2641300
2021-02-26,17.719999,17.980000,17.219999,17.219999,16.619335,2110100
2021-03-01,17.590000,17.910000,17.510000,17.559999,16.947474,1958300
2021-03-02,17.420000,17.740000,17.030001,17.180000,16.580730,2352600
2021-03-03,17.280001,17.620001,17.180000,17.410000,16.802706,2414900
2021-03-04,17.330000,17.820000,17.250000,17.580000,16.966778,2197700
2021-03-05,17.709999,18.230000,17.520000,18.110001,17.478291,2392900
2021-03-08,18.230000,18.299999,17.830000,18.020000,17.391430,3257000
2021-03-09,18.049999,18.110001,17.500000,17.510000,16.899220,2838200
2021-03-10,17.559999,17.870001,17.500000,17.780001,17.159801,2313800
2021-03-11,17.830000,17.950001,17.590000,17.700001,17.082594,2489400
2021-03-12,17.780001,18.120001,17.670000,18.100000,17.468639,3754100
2021-03-15,18.180000,18.540001,18.030001,18.270000,17.632710,3500700
2021-03-16,18.340000,18.340000,17.700001,17.820000,17.198406,2438100
2021-03-17,17.760000,18.389999,17.730000,18.360001,17.719572,3029800
2021-03-18,18.230000,18.389999,17.980000,18.129999,17.497591,4352800
2021-03-19,18.139999,18.459999,17.740000,17.750000,17.130848,4827400
2021-03-22,17.770000,17.940001,17.590000,17.860001,17.237013,1777200
2021-03-23,17.830000,17.990000,17.610001,17.690001,17.072943,2355900
2021-03-24,17.870001,18.290001,17.709999,17.730000,17.111544,1398300
2021-03-25,17.690001,17.690001,17.090000,17.520000,16.908871,1925100
2021-03-26,17.670000,17.750000,17.360001,17.740000,17.121195,2714100
2021-03-29,17.660000,17.830000,17.240000,17.309999,16.706196,1326600
2021-03-30,17.360001,17.660000,17.309999,17.590000,16.976429,1600400
2021-03-31,17.600000,17.730000,17.280001,17.360001,16.754454,2223200
2021-04-01,17.469999,18.150000,17.309999,18.139999,17.507244,1934900
2021-04-05,18.250000,18.250000,17.850000,18.059999,17.430033,1414400
2021-04-06,18.129999,18.450001,18.059999,18.350000,17.709919,1763500
2021-04-07,18.350000,18.450001,18.150000,18.320000,17.680965,1241600
2021-04-08,18.280001,18.540001,18.049999,18.480000,17.835384,1526100
2021-04-09,18.459999,18.500000,17.910000,17.940001,17.314220,1550800
2021-04-12,18.030001,18.049999,17.610001,17.889999,17.265963,2538600
2021-04-13,17.910000,18.030001,17.700001,17.959999,17.333521,1036900
2021-04-14,17.940001,18.059999,17.610001,17.660000,17.043987,1095400
2021-04-15,17.740000,17.900000,17.570000,17.879999,17.256313,1350000
2021-04-16,17.969999,18.000000,17.770000,17.840000,17.217709,802300
2021-04-19,17.889999,17.920000,17.660000,17.760000,17.140499,1095200
2021-04-20,17.660000,17.850000,17.420000,17.620001,17.005383,3129300
2021-04-21,17.559999,18.020000,17.540001,17.920000,17.294918,1223800
2021-04-22,17.879999,18.070000,17.799999,17.850000,17.227360,1052400
2021-04-23,17.910000,17.950001,17.740000,17.879999,17.256313,1157600
2021-04-26,18.000000,18.410000,18.000000,18.309999,17.671314,1418700
2021-04-27,18.270000,18.370001,18.080000,18.110001,17.478291,1053100
2021-04-28,18.120001,18.400000,18.120001,18.290001,17.652012,979600
2021-04-29,18.430000,18.590000,18.100000,18.250000,17.613407,927700
2021-04-30,18.209999,18.330000,18.040001,18.170000,17.536198,2054600
2021-05-03,18.280001,18.379999,18.030001,18.100000,17.468639,1761300
2021-05-04,18.170000,18.290001,17.650000,17.780001,17.159801,1147700
2021-05-05,17.709999,17.760000,17.059999,17.200001,16.600035,1942800
2021-05-06,17.360001,17.559999,17.070000,17.389999,16.783405,1397000
2021-05-07,17.270000,17.750000,17.270000,17.730000,17.111544,1438700
2021-05-10,18.200001,18.370001,17.719999,17.780001,17.159801,2405900
2021-05-11,17.549999,17.879999,17.330000,17.620001,17.005383,2448400
2021-05-12,17.480000,17.580000,16.900000,16.940001,16.349102,1991200
2021-05-13,17.020000,17.250000,16.920000,17.129999,16.532473,1994600
2021-05-14,16.879999,17.160000,16.879999,17.100000,16.797703,1480000
2021-05-17,17.040001,17.230000,16.959999,17.160000,16.856642,1598100
2021-05-18,17.200001,17.330000,17.070000,17.090000,16.787878,1014200
2021-05-19,16.969999,17.010000,16.670000,17.000000,16.699471,1094100
2021-05-20,16.959999,17.280001,16.850000,17.240000,16.935226,1297500
2021-05-21,17.660000,17.709999,17.170000,17.290001,16.984344,2445500
2021-05-24,17.420000,17.670000,17.309999,17.510000,17.200455,1315400
2021-05-25,17.610001,17.650000,17.389999,17.469999,17.161160,2773100
2021-05-26,17.450001,17.709999,17.400000,17.610001,17.298687,1661700
2021-05-27,17.740000,17.770000,17.540001,17.540001,17.229925,1566500
2021-05-28,17.559999,17.700001,17.400000,17.469999,17.161160,2659700
2021-06-01,17.520000,18.049999,17.490000,18.030001,17.711262,2946600
2021-06-02,18.100000,18.139999,17.889999,18.110001,17.789846,1544700
2021-06-03,18.049999,18.070000,17.590000,17.719999,17.406740,2171600
2021-06-04,17.730000,17.799999,17.450001,17.540001,17.229925,1544900
2021-06-07,17.620001,17.850000,17.500000,17.549999,17.239746,2517500
2021-06-08,17.600000,17.660000,17.360001,17.559999,17.249569,2044000
2021-06-09,17.700001,17.940001,17.580000,17.809999,17.495150,1198600
2021-06-10,17.870001,17.969999,17.719999,17.930000,17.613029,1107600
2021-06-11,17.860001,18.059999,17.750000,18.049999,17.730907,1495700
2021-06-14,18.100000,18.290001,18.070000,18.250000,17.927372,1640100
2021-06-15,18.200001,18.270000,17.850000,17.980000,17.662144,2306700
2021-06-16,17.959999,18.090000,17.760000,17.860001,17.544268,1522000
2021-06-17,17.850000,17.870001,17.410000,17.629999,17.318331,2296000
2021-06-18,17.379999,17.549999,17.290001,17.389999,17.082575,3699900
2021-06-21,17.610001,17.940001,17.370001,17.809999,17.495150,2488500
2021-06-22,17.870001,18.139999,17.770000,18.000000,17.681791,2369800
2021-06-23,17.980000,18.190001,17.889999,17.990000,17.671968,2364000
2021-06-24,17.950001,18.330000,17.840000,18.320000,17.996134,2701700
2021-06-25,18.200001,18.719999,18.200001,18.620001,18.290833,4250000
2021-06-28,18.660000,18.660000,18.059999,18.280001,17.956842,1464500
2021-06-29,18.270000,18.360001,18.170000,18.190001,17.868433,916400
2021-06-30,18.170000,18.379999,18.030001,18.200001,17.878256,2421600
2021-07-01,18.290001,18.660000,18.150000,18.400000,18.074720,1928400
2021-07-02,18.430000,18.540001,18.160000,18.260000,17.937195,1528400
2021-07-06,18.280001,18.629999,18.000000,18.520000,18.192598,1501600
2021-07-07,18.510000,18.540001,18.219999,18.240000,17.917549,2145600
2021-07-08,18.049999,18.180000,17.830000,18.020000,17.701439,1625800
2021-07-09,18.160000,18.559999,18.139999,18.540001,18.212246,1572900
2021-07-12,18.469999,18.700001,18.430000,18.660000,18.330124,850300
2021-07-13,18.559999,18.660000,18.180000,18.200001,17.878256,1138100
2021-07-14,18.240000,18.420000,18.180000,18.340000,18.015781,1091100
2021-07-15,18.290001,18.389999,18.049999,18.160000,17.838963,958800
2021-07-16,18.250000,18.480000,18.200001,18.320000,17.996134,873400
2021-07-19,18.110001,18.160000,17.510000,17.750000,17.436211,1196200
2021-07-20,17.879999,18.520000,17.770000,18.350000,18.025604,1349500
2021-07-21,18.480000,18.719999,18.459999,18.590000,18.261362,1407300
2021-07-22,18.590000,18.590000,18.120001,18.219999,17.897902,982000
2021-07-23,18.360001,18.469999,18.200001,18.379999,18.055073,801100
2021-07-26,18.440001,18.610001,18.230000,18.330000,18.005957,768000
2021-07-27,18.250000,18.480000,18.170000,18.420000,18.094366,864400
2021-07-28,18.440001,18.629999,18.240000,18.500000,18.172953,1287700
2021-07-29,18.620001,18.840000,18.559999,18.680000,18.349770,970200
2021-07-30,18.670000,18.980000,18.559999,18.590000,18.261362,1684200
2021-08-02,18.639999,19.020000,18.540001,18.600000,18.271185,1686500
2021-08-03,18.600000,18.660000,17.870001,17.969999,17.652321,2995400
2021-08-04,17.879999,17.990000,17.639999,17.760000,17.446033,1194800
2021-08-05,17.530001,17.740000,17.070000,17.299999,16.994165,3295900
2021-08-06,17.520000,17.700001,17.360001,17.410000,17.102221,1538400
2021-08-09,17.309999,17.400000,17.070000,17.129999,16.827171,1138800
2021-08-10,17.080000,17.150000,16.690001,16.700001,16.404774,1624200
2021-08-11,16.860001,16.990000,16.620001,16.969999,16.670000,1143800
2021-08-12,17.049999,17.110001,16.670000,16.820000,16.522652,1366700
2021-08-13,16.920000,17.000000,16.750000,16.969999,16.670000,1255600
2021-08-16,16.540001,16.670000,16.280001,16.330000,16.330000,1417200
2021-08-17,16.209999,16.330000,16.070000,16.209999,16.209999,1109000
2021-08-18,16.160000,16.240000,15.760000,15.780000,15.780000,1832700
2021-08-19,15.750000,15.850000,15.250000,15.530000,15.530000,1953700
2021-08-20,15.410000,15.530000,15.200000,15.400000,15.400000,1426200
2021-08-23,15.530000,15.660000,15.390000,15.640000,15.640000,1710000
2021-08-24,15.700000,16.049999,15.580000,16.030001,16.030001,1889800
2021-08-25,16.010000,16.299999,15.870000,16.070000,16.070000,1501100
2021-08-26,16.000000,16.080000,15.710000,15.740000,15.740000,957000
2021-08-27,15.740000,16.110001,15.720000,15.960000,15.960000,1497600
2021-08-30,15.990000,15.990000,15.710000,15.940000,15.940000,1378600