Date,Open,High,Low,Close,Adj Close,Volume
2021-01-04,27.930000,27.930000,27.049999,27.830000,27.641064,664600
2021-01-05,28.000000,29.670000,27.889999,29.180000,28.981899,718400
2021-01-06,29.660000,31.000000,29.299999,30.280001,30.074432,1557500
2021-01-07,30.410000,31.000000,30.200001,30.820000,30.610765,529300
2021-01-08,30.879999,31.299999,29.930000,30.590000,30.382326,1162300
2021-01-11,30.180000,30.860001,29.799999,30.070000,29.865856,400900
2021-01-12,29.969999,30.049999,29.209999,29.230000,29.031559,519200
2021-01-13,29.230000,29.520000,28.770000,29.059999,28.862713,515200
2021-01-14,29.160000,29.840000,29.059999,29.160000,28.962034,367800
2021-01-15,28.780001,29.100000,28.450001,28.520000,28.326382,454300
2021-01-19,29.010000,29.500000,28.379999,28.580000,28.385971,586100
2021-01-20,28.639999,28.900000,28.230000,28.620001,28.425703,564400
2021-01-21,28.709999,29.160000,28.450001,28.650000,28.455498,370800
2021-01-22,28.330000,28.750000,28.049999,28.400000,28.207195,475700
2021-01-25,28.129999,28.820000,27.799999,28.549999,28.356176,355600
2021-01-26,28.730000,28.980000,28.180000,28.520000,28.326382,328400
2021-01-27,27.809999,28.020000,26.650000,27.320000,27.134527,572700
2021-01-28,27.690001,28.020000,26.850000,27.030001,26.846497,456600
2021-01-29,26.940001,27.139999,25.620001,25.700001,25.525524,760800
2021-02-01,25.950001,27.129999,25.940001,26.930000,26.747175,450800
2021-02-02,27.420000,27.490000,26.850000,27.040001,26.856428,351200
2021-02-03,26.950001,27.260000,26.680000,27.160000,26.975613,305700
2021-02-04,27.209999,27.650000,27.000000,27.600000,27.412624,277900
2021-02-05,27.990000,27.990000,26.950001,27.150000,26.965679,305200
2021-02-08,27.230000,27.740000,27.160000,27.620001,27.432491,332600
2021-02-09,27.680000,27.870001,26.930000,27.680000,27.492083,452600
2021-02-10,27.780001,27.860001,27.150000,27.209999,27.025272,338700
2021-02-11,27.379999,27.820000,27.160000,27.600000,27.412624,337700
2021-02-12,27.559999,27.760000,27.010000,27.280001,27.094799,237800
2021-02-16,27.389999,27.420000,26.610001,27.059999,26.876291,360900
2021-02-17,27.170000,27.809999,27.000000,27.389999,27.204052,367500
2021-02-18,27.299999,27.389999,26.500000,26.990000,26.806767,399200
2021-02-19,26.990000,27.730000,26.700001,27.570000,27.382830,392500
2021-02-22,27.260000,27.700001,27.080000,27.400000,27.213982,407200
2021-02-23,27.309999,27.570000,26.530001,26.830000,26.647852,484100
2021-02-24,26.990000,28.820000,26.709999,28.629999,28.435631,757300
2021-02-25,28.480000,28.580000,26.719999,26.719999,26.538601,643200
2021-02-26,30.959999,32.500000,30.240000,31.650000,31.435131,2243400
2021-03-01,32.500000,33.270000,31.299999,32.980000,32.756100,1690500
2021-03-02,33.070000,33.980000,32.660000,33.470001,33.242779,1093300
2021-03-03,33.680000,34.009998,33.080002,33.320000,33.093796,1371300
2021-03-04,33.119999,33.750000,32.410000,32.880001,32.656780,640100
2021-03-05,33.040001,33.619999,31.969999,33.450001,33.222912,744500
2021-03-08,33.910000,34.000000,33.419998,33.689999,33.461277,886300
2021-03-09,34.000000,34.000000,33.509998,33.529999,33.302364,1655000
2021-03-10,33.570000,35.580002,33.570000,35.119999,34.881573,1370800
2021-03-11,35.500000,35.660000,34.320000,34.549999,34.315441,644400
2021-03-12,34.520000,35.150002,34.070000,34.610001,34.375034,779500
2021-03-15,34.580002,35.310001,34.180000,35.279999,35.040485,665800
2021-03-16,35.360001,36.029999,34.799999,35.150002,34.911369,968000
2021-03-17,35.000000,36.650002,34.959999,36.650002,36.401188,785500
2021-03-18,36.439999,37.419998,36.049999,36.240002,35.993969,886100
2021-03-19,36.150002,36.340000,34.980000,35.080002,34.841846,2021400
2021-03-22,35.389999,35.509998,34.130001,34.680000,34.444561,738700
2021-03-23,34.230000,34.529999,32.540001,32.889999,32.666710,1001300
2021-03-24,33.299999,34.320000,32.689999,32.730000,32.507797,597800
2021-03-25,32.459999,34.119999,32.299999,33.930000,33.699654,532400
2021-03-26,34.419998,34.980000,34.119999,34.509998,34.275711,582400
2021-03-29,34.189999,35.250000,33.779999,33.799999,33.570534,560800
2021-03-30,33.910000,34.459999,33.689999,34.110001,33.878429,438400
2021-03-31,34.169998,34.930000,34.099998,34.099998,33.868496,1314200
2021-04-01,34.180000,34.560001,33.810001,34.520000,34.285648,625800
2021-04-05,34.779999,35.360001,34.419998,34.610001,34.375034,418300
2021-04-06,34.610001,35.000000,34.490002,34.560001,34.325375,340300
2021-04-07,34.700001,34.880001,34.070000,34.139999,33.908226,305100
2021-04-08,34.220001,34.700001,33.810001,34.619999,34.384968,487500
2021-04-09,34.619999,34.860001,34.090000,34.770000,34.533951,402900
2021-04-12,34.900002,35.020000,34.320000,34.410000,34.176392,383800
2021-04-13,34.110001,34.700001,33.799999,34.410000,34.176392,1227600
2021-04-14,34.430000,35.150002,34.430000,34.660000,34.424694,658000
2021-04-15,35.080002,35.250000,34.730000,35.220001,34.980896,372100
2021-04-16,35.500000,36.730000,35.009998,36.400002,36.152885,922000
2021-04-19,36.310001,36.490002,35.849998,36.240002,35.993969,561300
2021-04-20,36.070000,36.240002,35.419998,35.980000,35.735737,644900
2021-04-21,36.230000,37.259998,36.009998,37.020000,36.768677,510800
2021-04-22,37.310001,37.730000,36.400002,36.689999,36.440910,719100
2021-04-23,36.779999,37.959999,36.560001,37.799999,37.543377,685500
2021-04-26,37.810001,38.139999,37.480000,37.610001,37.354668,462200
2021-04-27,37.500000,38.230000,37.240002,37.660000,37.404327,597800
2021-04-28,37.430000,37.930000,37.189999,37.880001,37.622837,623800
2021-04-29,38.119999,38.770000,37.779999,37.990002,37.732094,336100
2021-04-30,37.730000,38.130001,37.520000,37.720001,37.463924,930300
2021-05-03,38.080002,38.410000,37.730000,38.099998,37.841339,773700
2021-05-04,37.770000,38.250000,37.270000,38.220001,37.960529,471100
2021-05-05,38.470001,38.470001,37.570000,38.090000,37.831413,342300
2021-05-06,38.200001,38.820000,37.590000,38.820000,38.556454,591800
2021-05-07,38.430000,39.759998,36.959999,37.119999,36.867996,788300
2021-05-10,37.459999,37.810001,36.820000,36.880001,36.629627,1458300
2021-05-11,36.130001,37.340000,35.750000,36.910000,36.659420,738800
2021-05-12,36.500000,37.000000,35.509998,35.689999,35.447701,720400
2021-05-13,35.980000,37.169998,35.939999,37.080002,36.828270,719200
2021-05-14,37.230000,37.660000,36.930000,37.389999,37.136162,351300
2021-05-17,37.340000,38.090000,36.939999,37.980000,37.722157,541000
2021-05-18,37.970001,38.209999,37.560001,37.560001,37.428192,566100
2021-05-19,36.470001,38.040001,36.180000,37.740002,37.607563,683600
2021-05-20,37.810001,38.299999,37.240002,38.230000,38.095840,917100
2021-05-21,38.680000,39.290001,38.500000,38.860001,38.723629,1318500
2021-05-24,39.310001,40.090000,39.139999,39.770000,39.630436,1668800
2021-05-25,40.099998,40.549999,39.110001,39.139999,39.002647,643700
2021-05-26,39.279999,40.400002,39.029999,40.080002,39.939350,621500
2021-05-27,40.070000,40.540001,40.040001,40.119999,39.979206,598100
2021-05-28,40.340000,40.599998,39.619999,40.070000,39.929382,525900
2021-06-01,40.090000,40.310001,39.720001,40.099998,39.959278,690700
2021-06-02,40.169998,40.490002,39.410000,39.669998,39.530785,797000
2021-06-03,39.470001,39.669998,38.490002,39.549999,39.411205,671800
2021-06-04,39.680000,40.070000,39.599998,39.939999,39.799839,403900
2021-06-07,39.980000,40.389999,39.799999,40.000000,39.859627,538800
2021-06-08,40.189999,40.189999,39.630001,40.139999,39.999138,478000
2021-06-09,40.400002,40.580002,39.939999,40.410000,40.268188,550500
2021-06-10,40.580002,41.419998,40.529999,41.080002,40.935841,741100
2021-06-11,41.180000,41.680000,41.020000,41.660000,41.513802,534600
2021-06-14,41.660000,42.000000,41.360001,41.619999,41.473942,763000
2021-06-15,41.799999,42.889999,41.759998,42.669998,42.520256,910800
2021-06-16,42.540001,43.250000,42.230000,42.520000,42.370785,934100
2021-06-17,42.340000,42.959999,41.150002,42.250000,42.101734,2661600
2021-06-18,41.630001,42.410000,40.779999,40.810001,40.666786,1870900
2021-06-21,41.180000,42.759998,40.970001,41.990002,41.842648,1513100
2021-06-22,41.830002,42.389999,41.500000,41.720001,41.573593,1272600
2021-06-23,41.939999,41.980000,40.939999,41.009998,40.866081,936800
2021-06-24,41.470001,42.750000,41.060001,42.540001,42.390717,736400
2021-06-25,42.689999,43.599998,42.529999,43.080002,42.928822,1385500
2021-06-28,43.200001,43.250000,41.509998,41.709999,41.563625,956100
2021-06-29,41.880001,42.130001,40.639999,40.770000,40.626926,714400
2021-06-30,40.709999,42.299999,40.669998,42.259998,42.111694,845300
2021-07-01,42.480000,42.750000,42.160000,42.290001,42.141594,457800
2021-07-02,42.430000,42.970001,42.139999,42.639999,42.490364,325000
2021-07-06,42.720001,42.720001,41.110001,41.349998,41.204891,906300
2021-07-07,41.259998,41.689999,40.700001,40.970001,40.826225,731100
2021-07-08,40.360001,41.000000,39.709999,40.349998,40.208401,656000
2021-07-09,40.930000,41.360001,40.680000,41.000000,40.856121,376300
2021-07-12,40.650002,41.299999,40.389999,41.209999,41.065380,690900
2021-07-13,41.139999,41.450001,40.730000,41.009998,40.866081,633200
2021-07-14,41.500000,41.790001,39.389999,39.619999,39.480961,1073200
2021-07-15,39.340000,39.660000,38.490002,39.070000,38.932892,624000
2021-07-16,39.360001,39.360001,38.580002,38.740002,38.604053,443800
2021-07-19,37.750000,38.630001,37.310001,37.860001,37.727139,601700
2021-07-20,38.369999,40.040001,38.330002,39.700001,39.560680,783700
2021-07-21,39.990002,40.680000,39.900002,40.180000,40.038998,492600
2021-07-22,39.950001,39.950001,38.740002,38.770000,38.633945,366000
2021-07-23,39.110001,39.419998,39.029999,39.240002,39.102299,299100
2021-07-26,39.290001,39.650002,38.279999,38.959999,38.823277,559700
2021-07-27,38.919998,39.160000,38.439999,38.810001,38.673805,481500
2021-07-28,38.799999,39.419998,38.180000,39.060001,38.922928,309400
2021-07-29,39.470001,39.779999,39.130001,39.160000,39.022575,470900
2021-07-30,38.910000,39.740002,38.830002,39.450001,39.311558,550900
2021-08-02,39.419998,40.230000,39.310001,39.340000,39.201946,518700
2021-08-03,39.320000,39.740002,38.500000,39.660000,39.520821,501600
2021-08-04,39.090000,39.259998,38.349998,38.470001,38.334999,358100
2021-08-05,38.520000,39.279999,38.180000,39.000000,38.863136,748600
2021-08-06,39.770000,40.200001,36.500000,37.200001,37.069454,971100
2021-08-09,36.980000,36.980000,35.770000,35.860001,35.734158,1243900
2021-08-10,35.700001,36.419998,35.259998,35.820000,35.694298,433500
2021-08-11,36.099998,36.099998,35.360001,35.840000,35.714226,419100
2021-08-12,35.700001,36.119999,35.380001,35.599998,35.475067,412700
2021-08-13,35.470001,35.570000,35.009998,35.330002,35.206020,475200
2021-08-16,35.299999,35.939999,34.700001,35.619999,35.494999,490700
2021-08-17,34.950001,35.000000,33.939999,34.599998,34.599998,633300
2021-08-18,34.470001,34.950001,33.570000,33.599998,33.599998,719300
2021-08-19,33.169998,33.630001,31.780001,32.279999,32.279999,1639600
2021-08-20,32.270000,32.830002,31.969999,32.660000,32.660000,792400
2021-08-23,32.919998,33.080002,31.889999,32.889999,32.889999,690800
2021-08-24,32.959999,33.029999,32.330002,32.410000,32.410000,1066600
2021-08-25,32.410000,33.549999,32.330002,32.970001,32.970001,566600
2021-08-26,32.939999,33.770000,32.820000,33.470001,33.470001,813100
2021-08-27,33.490002,34.810001,33.490002,34.509998,34.509998,762600
2021-08-30,34.520000,34.980000,34.330002,34.799999,34.799999,639100