Date,Open,High,Low,Close,Adj Close,Volume
2021-01-04,40.230000,40.930000,39.459999,40.119999,39.874126,133200
2021-01-05,40.160000,41.500000,40.160000,40.970001,40.718918,159000
2021-01-06,42.000000,45.500000,42.000000,44.630001,44.356487,365500
2021-01-07,44.240002,45.830002,44.240002,44.720001,44.445934,248400
2021-01-08,44.610001,44.631001,42.410000,43.090000,42.825924,217800
2021-01-11,42.439999,43.439999,42.119999,43.200001,42.935249,130800
2021-01-12,43.529999,44.029999,43.450001,43.520000,43.253292,104400
2021-01-13,43.349998,43.349998,42.139999,42.970001,42.706661,130000
2021-01-14,43.410000,44.110001,42.970001,43.669998,43.402367,129800
2021-01-15,42.770000,43.275002,41.869999,41.990002,41.732666,165100
2021-01-19,42.410000,43.075001,41.889999,42.490002,42.229603,176500
2021-01-20,42.080002,42.750000,41.869999,42.630001,42.368748,134600
2021-01-21,42.599998,42.770000,41.770000,42.220001,41.961258,145800
2021-01-22,41.720001,43.279999,41.720001,43.230000,42.965065,140700
2021-01-25,42.770000,42.950001,40.160000,42.869999,42.607273,114500
2021-01-26,43.500000,44.980000,42.919998,43.720001,43.452065,213400
2021-01-27,42.740002,43.980000,41.516998,41.709999,41.454384,199600
2021-01-28,41.959999,42.599998,41.075001,41.509998,41.255604,186600
2021-01-29,41.084999,42.419998,40.990002,41.080002,40.828247,224200
2021-02-01,41.040001,42.529999,40.759998,42.270000,42.010952,122900
2021-02-02,42.349998,42.779999,41.770000,42.610001,42.348869,201500
2021-02-03,42.480000,42.740002,41.669998,42.639999,42.378681,87800
2021-02-04,43.009998,43.950001,42.500000,43.820000,43.551453,128400
2021-02-05,44.000000,44.250000,43.310001,43.950001,43.680656,111000
2021-02-08,44.389999,45.029999,43.880001,44.889999,44.614895,182100
2021-02-09,44.520000,45.540001,44.430000,45.410000,45.131706,162400
2021-02-10,45.740002,46.180000,45.360001,45.700001,45.419930,137400
2021-02-11,45.980000,46.340000,44.950001,45.580002,45.300667,114200
2021-02-12,45.340000,46.139999,45.009998,45.459999,45.181400,81700
2021-02-16,45.990002,46.369999,45.563000,46.029999,45.747910,94200
2021-02-17,45.689999,46.340000,45.430000,45.849998,45.569008,121900
2021-02-18,45.470001,45.939999,45.130001,45.720001,45.439808,120100
2021-02-19,45.840000,47.009998,45.730000,46.990002,46.702026,203300
2021-02-22,46.619999,48.410000,46.619999,48.060001,47.765465,113800
2021-02-23,48.150002,49.910000,47.939999,49.730000,49.425232,312500
2021-02-24,49.889999,51.259998,49.720001,50.950001,50.637756,557500
2021-02-25,51.439999,51.490002,50.084999,50.500000,50.190514,283500
2021-02-26,50.200001,51.000000,49.270000,49.560001,49.256275,257100
2021-03-01,50.709999,51.500000,50.380001,51.230000,50.916039,197400
2021-03-02,51.330002,51.330002,50.240002,50.799999,50.488674,111600
2021-03-03,51.400002,52.790001,51.000000,52.119999,51.800583,190000
2021-03-04,52.400002,53.330002,51.700001,52.029999,51.711136,282300
2021-03-05,52.970001,54.840000,52.669998,54.470001,54.136185,316400
2021-03-08,55.230000,56.410000,54.779999,55.869999,55.527603,319400
2021-03-09,55.720001,56.077000,54.139999,55.750000,55.408337,258600
2021-03-10,55.790001,57.189999,55.040001,56.950001,56.600986,380500
2021-03-11,56.750000,57.619999,56.320000,57.375000,57.023380,289200
2021-03-12,58.029999,59.299999,57.849998,59.230000,58.867012,171700
2021-03-15,59.419998,59.509998,57.970001,59.310001,58.946522,201600
2021-03-16,58.759998,60.480000,58.509998,60.360001,59.990086,347500
2021-03-17,60.660000,62.160000,60.160000,61.580002,61.202614,347900
2021-03-18,61.849998,63.820000,60.990002,61.450001,61.073410,445400
2021-03-19,60.860001,63.040001,59.890999,62.080002,61.699551,719200
2021-03-22,61.389999,61.910000,59.500000,60.930000,60.556591,235900
2021-03-23,60.169998,60.770000,59.290001,59.599998,59.234745,359200
2021-03-24,60.340000,61.939999,60.060001,60.200001,59.831066,280600
2021-03-25,60.180000,62.139999,58.680000,61.930000,61.550465,305200
2021-03-26,62.860001,64.160004,62.240002,64.070000,63.677349,161100
2021-03-29,63.090000,63.980000,62.049999,62.200001,61.818810,313000
2021-03-30,62.580002,63.205002,62.090000,62.380001,61.997707,158300
2021-03-31,62.160000,63.259998,61.119999,61.330002,61.150200,236800
2021-04-01,61.070000,61.799999,60.290001,61.630001,61.449318,146800
2021-04-05,62.119999,63.025002,61.020000,61.540001,61.359585,167900
2021-04-06,61.590000,62.275002,61.020000,61.709999,61.529083,123400
2021-04-07,61.090000,62.070000,60.380001,60.470001,60.292721,116500
2021-04-08,60.320000,60.895000,59.430000,60.570000,60.392426,141300
2021-04-09,61.110001,61.339001,60.549999,61.119999,60.940811,95200
2021-04-12,61.150002,61.799999,60.849998,61.270000,61.090374,87800
2021-04-13,61.410000,61.970001,59.770000,59.770000,59.594772,116000
2021-04-14,59.680000,61.099998,58.950001,60.540001,60.362514,113600
2021-04-15,60.689999,60.750000,59.320000,60.599998,60.422337,82600
2021-04-16,61.750000,62.930000,61.450001,62.869999,62.685680,247100
2021-04-19,62.720001,63.125999,61.009998,61.009998,60.831135,268700
2021-04-20,63.529999,63.939999,60.709999,61.529999,61.349609,269000
2021-04-21,60.360001,62.349998,59.669998,62.139999,61.957821,230500
2021-04-22,62.369999,62.570000,61.259998,61.369999,61.190079,201300
2021-04-23,61.549999,64.839996,60.619999,63.650002,63.463398,239900
2021-04-26,64.330002,65.429001,63.740002,64.070000,63.882164,201500
2021-04-27,63.810001,64.300003,63.090000,63.689999,63.503277,168900
2021-04-28,63.650002,64.769997,63.279999,64.370003,64.181290,184000
2021-04-29,65.199997,66.389999,64.809998,65.040001,64.849319,156900
2021-04-30,63.740002,65.269997,62.779999,63.240002,63.054600,471600
2021-05-03,64.099998,65.309998,63.509998,65.269997,65.078644,294200
2021-05-04,64.930000,66.199997,64.199997,66.029999,65.836418,153600
2021-05-05,66.160004,67.294998,65.620003,66.419998,66.225273,139200
2021-05-06,66.500000,66.930000,64.610001,66.879997,66.683922,161100
2021-05-07,66.139999,66.949997,65.570000,66.790001,66.594193,105000
2021-05-10,67.190002,67.709999,66.070000,66.070000,65.876305,260400
2021-05-11,65.349998,67.010002,65.349998,66.349998,66.155479,166900
2021-05-12,66.099998,67.005997,64.300003,64.449997,64.261047,178700
2021-05-13,64.269997,67.459999,64.250000,67.160004,66.963112,148700
2021-05-14,67.339996,67.860001,66.779999,67.830002,67.631142,195000
2021-05-17,67.400002,68.138000,66.510002,67.760002,67.561348,93000
2021-05-18,67.750000,68.400002,66.955002,67.529999,67.332024,507300
2021-05-19,66.769997,67.669998,66.050003,67.410004,67.212379,190700
2021-05-20,67.019997,67.930000,66.543999,67.889999,67.690964,163200
2021-05-21,68.290001,68.989998,67.519997,68.680000,68.478653,133800
2021-05-24,68.860001,68.949997,66.959999,68.410004,68.209442,131100
2021-05-25,68.709999,69.269997,67.419998,67.419998,67.222343,282500
2021-05-26,67.180000,68.290001,67.169998,67.919998,67.720879,169900
2021-05-27,68.489998,69.540001,68.489998,69.129997,68.927330,157900
2021-05-28,69.360001,69.459999,67.970001,69.459999,69.256363,79300
2021-06-01,69.860001,70.570000,68.735001,69.910004,69.705048,206300
2021-06-02,70.150002,70.339996,68.169998,69.120003,68.917366,519600
2021-06-03,68.940002,69.580002,68.349998,69.440002,69.236427,228600
2021-06-04,69.550003,70.279999,69.110001,69.970001,69.764870,133700
2021-06-07,69.989998,70.930000,69.970001,70.839996,70.632317,149600
2021-06-08,70.400002,71.809998,69.934998,71.559998,71.350204,134300
2021-06-09,71.480003,71.480003,69.769997,69.820000,69.615311,125500
2021-06-10,70.570000,70.570000,69.260002,69.480003,69.276306,153000
2021-06-11,69.800003,70.589996,69.680000,70.129997,69.924393,83400
2021-06-14,70.230003,70.389999,68.550003,69.050003,68.847565,167700
2021-06-15,69.440002,70.650002,68.709999,70.260002,70.054016,89400
2021-06-16,70.099998,71.360001,69.339996,70.949997,70.741989,141200
2021-06-17,71.199997,71.199997,67.320000,67.550003,67.351967,163700
2021-06-18,66.239998,66.949997,64.580002,64.870003,64.679825,784200
2021-06-21,65.889999,68.290001,65.660004,67.370003,67.172493,166500
2021-06-22,66.930000,68.525002,66.180000,68.169998,67.970146,146900
2021-06-23,68.180000,68.849998,67.605003,68.180000,67.980118,133800
2021-06-24,68.470001,69.169998,67.849998,68.889999,68.688034,97200
2021-06-25,68.800003,69.989998,68.029999,69.000000,68.797714,489500
2021-06-28,68.529999,68.790001,67.550003,68.449997,68.249321,170000
2021-06-29,68.970001,69.040001,68.004997,68.220001,68.019997,138500
2021-06-30,67.760002,69.019997,67.430000,67.980003,67.980003,151700
2021-07-01,68.230003,68.620003,67.720001,67.949997,67.949997,108800
2021-07-02,67.910004,67.930000,66.720001,66.760002,66.760002,107100
2021-07-06,66.540001,66.550003,64.349998,64.949997,64.949997,178100
2021-07-07,64.360001,65.959999,64.360001,65.019997,65.019997,152100
2021-07-08,63.570000,65.370003,63.279999,64.709999,64.709999,139600
2021-07-09,66.040001,67.339996,66.040001,67.260002,67.260002,96600
2021-07-12,66.550003,67.830002,66.040001,67.599998,67.599998,60900
2021-07-13,67.360001,67.889999,66.000000,66.440002,66.440002,85800
2021-07-14,66.790001,67.540001,66.205002,66.510002,66.510002,225900
2021-07-15,65.690002,68.050003,65.660004,67.349998,67.349998,108500
2021-07-16,67.860001,67.860001,66.348000,66.540001,66.540001,135300
2021-07-19,65.820000,66.389999,65.000000,65.529999,65.529999,295900
2021-07-20,66.220001,70.029999,65.699997,68.339996,68.339996,298400
2021-07-21,69.440002,69.910004,68.379997,68.879997,68.879997,115600
2021-07-22,68.620003,68.620003,67.419998,68.099998,68.099998,106700
2021-07-23,68.589996,69.010002,68.089996,68.949997,68.949997,78100
2021-07-26,69.480003,69.750000,69.099998,69.529999,69.529999,70500
2021-07-27,68.900002,70.264999,68.900002,70.160004,70.160004,161700
2021-07-28,70.589996,71.559998,69.400002,70.849998,70.849998,99300
2021-07-29,71.790001,72.510002,70.675003,71.480003,71.480003,106300
2021-07-30,71.660004,72.300003,70.669998,71.080002,71.080002,109200
2021-08-02,71.529999,72.639999,70.089996,70.720001,70.720001,156100
2021-08-03,70.800003,71.699997,70.029999,71.660004,71.660004,188900
2021-08-04,70.820000,71.730003,70.769997,71.089996,71.089996,110200
2021-08-05,71.599998,71.940002,71.061996,71.680000,71.680000,98200
2021-08-06,73.050003,74.489998,71.860001,74.379997,74.379997,148900
2021-08-09,73.940002,74.167999,73.269997,73.400002,73.400002,123100
2021-08-10,73.400002,74.239998,72.769997,73.500000,73.500000,176700
2021-08-11,73.290001,74.269997,72.860001,74.230003,74.230003,93600
2021-08-12,74.000000,74.089996,73.500000,73.669998,73.669998,90100
2021-08-13,73.550003,73.550003,72.599998,73.040001,73.040001,62200
2021-08-16,72.540001,73.260002,72.019997,72.959999,72.959999,102800
2021-08-17,72.400002,72.720001,71.193001,72.019997,72.019997,107100
2021-08-18,71.599998,72.379997,70.760002,70.800003,70.800003,117700
2021-08-19,69.959999,70.690002,69.519997,70.489998,70.489998,127700
2021-08-20,70.500000,71.610001,69.809998,71.300003,71.300003,293900
2021-08-23,71.440002,72.260002,70.949997,71.849998,71.849998,113200
2021-08-24,71.989998,72.639999,71.474998,72.309998,72.309998,111900
2021-08-25,72.290001,74.080002,72.150002,73.230003,73.230003,91900
2021-08-26,73.070000,73.230003,71.720001,71.849998,71.849998,146400
2021-08-27,72.199997,74.239998,72.199997,74.050003,74.050003,188700
2021-08-30,74.389999,74.389999,72.470001,72.559998,72.559998,80500