Date,Open,High,Low,Close,Adj Close,Volume
2021-01-04,20.200001,20.450001,20.020000,20.230000,20.230000,3320000
2021-01-05,20.299999,20.790001,20.129999,20.180000,20.180000,2714000
2021-01-06,20.250000,20.860001,20.000000,20.260000,20.260000,2322800
2021-01-07,20.240000,20.350000,19.510000,19.629999,19.629999,3704100
2021-01-08,19.600000,19.610001,19.129999,19.420000,19.420000,3053100
2021-01-11,19.299999,19.700001,19.280001,19.480000,19.480000,1983800
2021-01-12,19.620001,19.930000,19.480000,19.690001,19.690001,1918200
2021-01-13,19.680000,20.590000,19.549999,20.190001,20.190001,4717800
2021-01-14,20.320000,20.709999,20.190001,20.469999,20.469999,1941200
2021-01-15,20.500000,20.969999,20.370001,20.920000,20.920000,2727600
2021-01-19,21.020000,21.570000,20.540001,21.190001,21.190001,3259300
2021-01-20,21.230000,21.240000,20.400000,21.010000,21.010000,3504800
2021-01-21,20.889999,21.209999,20.570000,21.090000,21.090000,3011100
2021-01-22,21.120001,21.450001,20.910000,21.410000,21.410000,1844900
2021-01-25,21.570000,22.980000,21.500000,22.270000,22.270000,3535300
2021-01-26,22.350000,23.969999,22.340000,23.910000,23.910000,4895200
2021-01-27,23.540001,25.670000,23.480000,24.610001,24.610001,4990000
2021-01-28,24.209999,24.600000,22.440001,22.559999,22.559999,4132300
2021-01-29,22.549999,23.240000,22.510000,22.650000,22.650000,3432400
2021-02-01,22.750000,22.850000,22.100000,22.270000,22.270000,3000800
2021-02-02,22.270000,22.270000,21.290001,21.610001,21.610001,2836000
2021-02-03,21.549999,22.070000,21.150000,21.940001,21.940001,2285600
2021-02-04,21.990000,22.260000,21.600000,22.240000,22.240000,1973400
2021-02-05,22.270000,22.430000,22.049999,22.309999,22.309999,1573200
2021-02-08,22.280001,22.650000,22.180000,22.530001,22.530001,1982300
2021-02-09,22.590000,23.240000,22.540001,22.879999,22.879999,2561500
2021-02-10,22.990000,23.129999,22.250000,22.590000,22.590000,1640300
2021-02-11,22.389999,22.610001,22.320000,22.450001,22.450001,1483400
2021-02-12,22.450001,22.450001,21.860001,21.969999,21.969999,1739000
2021-02-16,22.280001,22.280001,21.670000,21.790001,21.790001,1800200
2021-02-17,21.889999,21.889999,21.510000,21.740000,21.740000,1589600
2021-02-18,21.190001,21.820000,21.139999,21.690001,21.690001,1603000
2021-02-19,21.709999,22.170000,21.650000,21.879999,21.879999,3824900
2021-02-22,21.910000,22.010000,21.490000,21.629999,21.629999,1392300
2021-02-23,21.510000,21.900000,21.100000,21.809999,21.809999,3019800
2021-02-24,21.980000,22.030001,21.059999,21.480000,21.480000,2486300
2021-02-25,21.559999,21.790001,20.520000,20.520000,20.520000,2619200
2021-02-26,22.420000,23.100000,20.950001,21.110001,21.110001,4470600
2021-03-01,21.700001,22.059999,21.400000,21.780001,21.780001,2404400
2021-03-02,21.820000,22.049999,21.610001,21.770000,21.770000,3734600
2021-03-03,21.680000,23.110001,21.400000,23.000000,23.000000,4093700
2021-03-04,23.340000,24.090000,23.090000,24.080000,24.080000,3828500
2021-03-05,23.959999,24.190001,23.459999,23.620001,23.620001,3025100
2021-03-08,23.719999,24.100000,23.590000,23.860001,23.860001,2655600
2021-03-09,23.930000,24.000000,23.170000,23.230000,23.230000,2465000
2021-03-10,23.170000,24.170000,22.950001,24.100000,24.100000,3401300
2021-03-11,24.020000,24.469999,23.830000,24.350000,24.350000,2682400
2021-03-12,24.350000,24.680000,24.110001,24.430000,24.430000,1870900
2021-03-15,24.680000,25.150000,24.350000,24.809999,24.809999,2388000
2021-03-16,24.850000,25.000000,24.209999,24.420000,24.420000,2344200
2021-03-17,24.299999,24.530001,23.830000,24.250000,24.250000,2130000
2021-03-18,24.139999,24.490000,23.870001,24.049999,24.049999,2328900
2021-03-19,24.219999,24.690001,24.020000,24.030001,24.030001,2764900
2021-03-22,23.900000,25.299999,23.889999,25.180000,25.180000,2290200
2021-03-23,25.180000,26.430000,24.910000,25.870001,25.870001,3378400
2021-03-24,25.719999,25.870001,25.090000,25.280001,25.280001,2169400
2021-03-25,25.200001,26.370001,25.110001,26.299999,26.299999,4359300
2021-03-26,26.340000,28.010000,26.049999,27.959999,27.959999,3876500
2021-03-29,27.900000,28.510000,27.799999,28.000000,28.000000,4536900
2021-03-30,27.770000,28.629999,27.440001,28.129999,28.129999,5052300
2021-03-31,27.860001,28.030001,26.469999,26.620001,26.620001,3855300
2021-04-01,26.639999,26.910000,25.990000,26.420000,26.420000,3196000
2021-04-05,26.530001,27.010000,26.240000,26.740000,26.740000,2299500
2021-04-06,26.770000,26.850000,26.360001,26.490000,26.490000,2467300
2021-04-07,26.580000,26.860001,26.180000,26.530001,26.530001,1636100
2021-04-08,26.480000,26.549999,25.750000,25.980000,25.980000,2495600
2021-04-09,25.900000,26.160000,25.600000,26.100000,26.100000,1951300
2021-04-12,26.980000,27.520000,26.629999,27.270000,27.270000,2734900
2021-04-13,27.400000,27.910000,27.200001,27.260000,27.260000,3659200
2021-04-14,27.290001,27.400000,26.360001,26.420000,26.420000,2464500
2021-04-15,26.570000,26.900000,26.280001,26.740000,26.740000,1702300
2021-04-16,26.900000,27.260000,26.690001,27.000000,27.000000,1534200
2021-04-19,27.129999,27.400000,26.780001,26.860001,26.860001,1593800
2021-04-20,27.110001,27.129999,26.750000,27.000000,27.000000,1407300
2021-04-21,26.920000,27.590000,26.920000,27.030001,27.030001,1901900
2021-04-22,26.930000,27.049999,26.440001,26.549999,26.549999,1259100
2021-04-23,26.549999,26.600000,26.070000,26.520000,26.520000,1399500
2021-04-26,26.450001,26.480000,25.170000,25.570000,25.570000,2540800
2021-04-27,25.580000,25.950001,25.580000,25.799999,25.799999,1735800
2021-04-28,25.889999,26.209999,25.459999,26.190001,26.190001,1793700
2021-04-29,26.190001,26.360001,25.930000,26.209999,26.209999,1500700
2021-04-30,26.219999,26.240000,25.590000,25.610001,25.610001,2035000
2021-05-03,25.900000,26.620001,25.650000,26.530001,26.530001,1742500
2021-05-04,26.379999,26.500000,25.790001,26.090000,26.090000,1668700
2021-05-05,26.080000,26.209999,25.600000,25.870001,25.870001,1776300
2021-05-06,25.879999,26.570000,25.580000,26.370001,26.370001,2742300
2021-05-07,25.000000,26.010000,24.600000,25.809999,25.809999,5048300
2021-05-10,25.780001,27.139999,25.780001,26.920000,26.920000,2409000
2021-05-11,26.809999,27.240000,26.500000,26.950001,26.950001,3311600
2021-05-12,26.820000,27.040001,25.670000,25.719999,25.719999,3021200
2021-05-13,25.719999,26.350000,25.559999,25.889999,25.889999,2766400
2021-05-14,26.120001,26.639999,26.000000,26.370001,26.370001,1451000
2021-05-17,26.410000,26.850000,26.219999,26.360001,26.360001,1644000
2021-05-18,26.430000,26.639999,26.280001,26.299999,26.299999,1494400
2021-05-19,26.230000,26.299999,25.350000,25.420000,25.420000,1781400
2021-05-20,25.330000,25.580000,25.049999,25.480000,25.480000,1874500
2021-05-21,25.270000,25.930000,25.270000,25.799999,25.799999,1840600
2021-05-24,25.809999,26.090000,25.559999,25.570000,25.570000,1880100
2021-05-25,25.540001,25.820000,25.350000,25.690001,25.690001,1677100
2021-05-26,25.570000,25.870001,25.440001,25.760000,25.760000,1753600
2021-05-27,25.940001,26.379999,25.799999,26.059999,26.059999,2509100
2021-05-28,26.209999,26.940001,26.209999,26.600000,26.600000,2119800
2021-06-01,26.840000,27.030001,26.510000,26.600000,26.600000,1446200
2021-06-02,26.740000,27.410000,26.340000,27.389999,27.389999,1654400
2021-06-03,27.320000,27.889999,27.219999,27.559999,27.559999,1413000
2021-06-04,27.540001,27.680000,27.110001,27.580000,27.580000,1234800
2021-06-07,27.750000,28.090000,27.480000,27.770000,27.770000,1324600
2021-06-08,27.740000,28.170000,27.740000,27.959999,27.959999,2108400
2021-06-09,27.830000,28.010000,27.629999,27.670000,27.670000,1479300
2021-06-10,27.860001,29.350000,27.740000,29.000000,29.000000,4594000
2021-06-11,28.910000,29.219999,28.680000,29.000000,29.000000,1571200
2021-06-14,29.070000,29.150000,28.480000,28.750000,28.750000,1942000
2021-06-15,28.719999,28.809999,28.100000,28.299999,28.299999,1920300
2021-06-16,28.180000,28.209999,27.459999,27.570000,27.570000,2464300
2021-06-17,27.490000,28.110001,27.299999,27.889999,27.889999,2565000
2021-06-18,27.750000,28.170000,27.190001,27.570000,27.570000,2822800
2021-06-21,27.740000,28.290001,27.440001,28.129999,28.129999,1798300
2021-06-22,27.840000,28.100000,27.520000,27.850000,27.850000,1906300
2021-06-23,27.930000,27.940001,26.959999,26.980000,26.980000,2069800
2021-06-24,26.990000,27.020000,26.280001,26.320000,26.320000,2383200
2021-06-25,26.180000,26.930000,26.150000,26.379999,26.379999,16587900
2021-06-28,26.200001,26.520000,25.910000,26.469999,26.469999,2107700
2021-06-29,26.440001,26.700001,25.290001,25.330000,25.330000,2542800
2021-06-30,25.280001,25.299999,24.540001,24.850000,24.850000,3290700
2021-07-01,24.850000,25.500000,24.670000,25.400000,25.400000,2630600
2021-07-02,25.400000,25.799999,25.389999,25.490000,25.490000,1884600
2021-07-06,25.490000,25.650000,24.879999,25.280001,25.280001,3167200
2021-07-07,25.299999,26.190001,25.139999,25.790001,25.790001,1928100
2021-07-08,25.650000,25.799999,25.180000,25.750000,25.750000,1904200
2021-07-09,25.959999,26.629999,25.780001,26.540001,26.540001,1568700
2021-07-12,26.660000,26.660000,26.070000,26.219999,26.219999,1769200
2021-07-13,26.110001,26.330000,25.590000,25.650000,25.650000,1194200
2021-07-14,25.809999,25.900000,25.389999,25.450001,25.450001,1057200
2021-07-15,25.480000,25.690001,25.280001,25.459999,25.459999,1025100
2021-07-16,25.610001,26.170000,25.540001,25.709999,25.709999,1598400
2021-07-19,25.580000,26.049999,25.250000,25.850000,25.850000,2399800
2021-07-20,25.900000,25.959999,25.459999,25.670000,25.670000,2066500
2021-07-21,25.660000,25.820000,25.180000,25.200001,25.200001,1852100
2021-07-22,24.959999,25.040001,24.459999,24.700001,24.700001,1729500
2021-07-23,24.650000,24.870001,24.410000,24.740000,24.740000,1624300
2021-07-26,24.930000,25.270000,24.410000,24.580000,24.580000,1968000
2021-07-27,24.420000,24.719999,24.150000,24.690001,24.690001,1476400
2021-07-28,24.930000,25.020000,24.590000,24.830000,24.830000,981600
2021-07-29,24.910000,25.389999,24.750000,24.950001,24.950001,1360800
2021-07-30,24.879999,25.440001,24.549999,24.580000,24.580000,2810700
2021-08-02,24.549999,24.670000,24.090000,24.480000,24.480000,2398900
2021-08-03,24.400000,24.850000,24.299999,24.430000,24.430000,2344600
2021-08-04,24.240000,24.360001,23.540001,23.660000,23.660000,2954700
2021-08-05,23.709999,24.440001,23.709999,24.420000,24.420000,3106500
2021-08-06,23.700001,24.459999,23.030001,23.799999,23.799999,4627600
2021-08-09,23.760000,24.480000,23.670000,24.260000,24.260000,1970600
2021-08-10,23.980000,24.820000,23.980000,24.670000,24.670000,1633900
2021-08-11,24.750000,24.900000,24.549999,24.709999,24.709999,1654300
2021-08-12,24.870001,24.870001,24.580000,24.600000,24.600000,1624300
2021-08-13,24.629999,24.799999,24.219999,24.260000,24.260000,1093600
2021-08-16,24.110001,24.309999,24.049999,24.230000,24.230000,1421700
2021-08-17,24.230000,24.879999,24.139999,24.840000,24.840000,1696300
2021-08-18,24.889999,25.250000,24.780001,25.020000,25.020000,2260900
2021-08-19,24.980000,25.420000,24.510000,24.570000,24.570000,1400000
2021-08-20,24.690001,25.139999,24.469999,24.950001,24.950001,1215000
2021-08-23,24.930000,25.090000,24.340000,24.770000,24.770000,1145500
2021-08-24,24.850000,24.850000,24.150000,24.290001,24.290001,2012300
2021-08-25,24.350000,24.709999,24.070000,24.370001,24.370001,1499100
2021-08-26,24.430000,24.570000,24.030001,24.549999,24.549999,1085700
2021-08-27,24.590000,24.750000,24.290001,24.709999,24.709999,1724600
2021-08-30,24.770000,24.889999,24.600000,24.650000,24.650000,1379200