Date,Open,High,Low,Close,Adj Close,Volume
2021-01-04,21.770000,22.030001,21.230000,21.650000,21.404253,564700
2021-01-05,21.750000,22.690001,21.700001,22.610001,22.353355,939100
2021-01-06,23.240000,25.490000,22.889999,25.040001,24.755774,1705500
2021-01-07,25.000000,25.840000,24.850000,25.590000,25.299528,1201900
2021-01-08,25.799999,25.950001,24.870001,25.440001,25.151232,710200
2021-01-11,25.030001,25.820000,24.930000,25.709999,25.418165,437900
2021-01-12,26.000000,26.820000,25.820000,26.450001,26.149769,798100
2021-01-13,25.549999,26.309999,25.490000,25.940001,25.645557,535500
2021-01-14,26.040001,26.900000,25.889999,26.719999,26.416702,497500
2021-01-15,26.219999,26.670000,25.910000,26.180000,25.882832,657600
2021-01-19,26.200001,26.639999,26.020000,26.500000,26.199200,423600
2021-01-20,26.570000,26.660000,26.090000,26.430000,26.129995,448300
2021-01-21,26.500000,26.709999,25.860001,26.080000,25.783968,466400
2021-01-22,25.840000,27.190001,25.700001,27.049999,26.742956,676000
2021-01-25,26.709999,26.850000,25.920000,26.450001,26.149769,854500
2021-01-26,26.750000,26.900000,25.500000,25.660000,25.368734,674300
2021-01-27,25.540001,26.530001,25.500000,25.940001,25.645557,655700
2021-01-28,26.250000,26.250000,25.000000,25.219999,24.933729,693400
2021-01-29,25.139999,25.490000,24.620001,24.700001,24.419632,1011700
2021-02-01,24.830000,25.240000,24.330000,25.100000,24.815092,375000
2021-02-02,25.620001,25.620001,24.940001,25.309999,25.022707,637300
2021-02-03,25.120001,25.230000,24.660000,25.139999,24.854637,477400
2021-02-04,25.110001,25.969999,25.110001,25.730000,25.437941,437700
2021-02-05,25.790001,25.860001,25.320000,25.809999,25.517033,292400
2021-02-08,25.719999,26.290001,25.629999,26.280001,25.981699,447000
2021-02-09,26.320000,26.940001,26.049999,26.840000,26.535341,400900
2021-02-10,26.680000,27.000000,26.389999,26.790001,26.485909,460800
2021-02-11,26.900000,27.129999,26.160000,26.740000,26.436476,500500
2021-02-12,26.459999,27.230000,26.010000,26.920000,26.614433,396800
2021-02-16,27.260000,27.799999,26.969999,27.500000,27.187849,465700
2021-02-17,27.400000,27.889999,27.379999,27.670000,27.355919,341700
2021-02-18,27.670000,27.770000,27.340000,27.450001,27.138416,380300
2021-02-19,27.610001,28.180000,27.610001,28.129999,27.810698,391000
2021-02-22,28.900000,28.950001,27.910000,28.690001,28.364344,680100
2021-02-23,28.750000,29.639999,28.549999,29.150000,28.819120,537400
2021-02-24,29.379999,30.350000,28.850000,30.240000,29.896748,765700
2021-02-25,30.410000,30.730000,29.430000,29.639999,29.303558,737700
2021-02-26,29.389999,29.969999,28.690001,29.280001,28.947645,708700
2021-03-01,29.750000,30.379999,29.500000,30.290001,29.946182,402000
2021-03-02,30.139999,30.500000,29.780001,29.889999,29.550720,403200
2021-03-03,30.270000,31.700001,30.129999,30.790001,30.440506,657800
2021-03-04,30.750000,31.500000,30.320000,30.790001,30.440506,544600
2021-03-05,30.510000,31.680000,30.299999,31.540001,31.181992,620500
2021-03-08,32.000000,32.849998,31.690001,32.040001,31.676317,747800
2021-03-09,30.770000,31.620001,30.260000,31.059999,30.707439,741200
2021-03-10,31.290001,32.360001,30.969999,32.320000,31.953138,912700
2021-03-11,32.439999,32.930000,31.930000,32.709999,32.338707,473400
2021-03-12,33.000000,33.430000,32.389999,32.689999,32.497768,1330800
2021-03-15,32.970001,32.970001,31.280001,32.029999,31.841650,527800
2021-03-16,31.680000,31.889999,31.240000,31.639999,31.453943,443300
2021-03-17,32.040001,32.250000,31.430000,31.670000,31.483767,600800
2021-03-18,32.000000,32.959999,31.340000,31.440001,31.255119,707600
2021-03-19,30.459999,31.530001,30.459999,31.250000,31.066236,1968700
2021-03-22,30.820000,30.969999,29.790001,30.230000,30.052235,503600
2021-03-23,29.840000,30.139999,28.920000,29.020000,28.849350,592100
2021-03-24,29.459999,30.320000,28.900000,28.950001,28.779762,372400
2021-03-25,28.889999,30.139999,27.940001,30.010000,29.833529,527800
2021-03-26,30.540001,30.990000,30.330000,30.940001,30.758060,507100
2021-03-29,30.730000,30.940001,29.790001,29.850000,29.674471,444200
2021-03-30,30.150000,30.610001,29.790001,30.290001,30.111883,395500
2021-03-31,30.139999,30.549999,29.650000,29.670000,29.495527,690000
2021-04-01,29.629999,30.180000,28.930000,29.980000,29.803705,409100
2021-04-05,30.450001,30.690001,29.650000,29.990000,29.813646,405100
2021-04-06,29.850000,30.040001,29.440001,29.910000,29.734118,436800
2021-04-07,29.309999,30.000000,29.080000,29.150000,28.978586,498600
2021-04-08,29.200001,29.500000,28.480000,29.459999,29.286762,507400
2021-04-09,29.690001,29.889999,29.400000,29.780001,29.604881,382000
2021-04-12,29.740000,30.030001,29.639999,29.740000,29.565117,409200
2021-04-13,29.500000,29.500000,28.700001,28.950001,28.779762,353300
2021-04-14,28.860001,29.709999,28.860001,29.430000,29.256939,299800
2021-04-15,29.430000,29.459999,28.459999,29.110001,28.938822,362800
2021-04-16,29.629999,29.700001,29.110001,29.410000,29.237057,218000
2021-04-19,29.290001,29.450001,28.850000,29.180000,29.008410,486300
2021-04-20,29.549999,29.549999,27.600000,27.600000,27.437700,495000
2021-04-21,27.309999,28.510000,27.190001,28.430000,28.262819,634900
2021-04-22,28.230000,28.730000,28.049999,28.190001,28.024231,669200
2021-04-23,28.150000,29.709999,28.150000,29.360001,29.187351,652900
2021-04-26,29.610001,29.950001,29.010000,29.040001,28.869234,371500
2021-04-27,29.110001,29.299999,28.750000,29.020000,28.849350,588900
2021-04-28,29.150000,29.150000,28.670000,28.879999,28.710173,286700
2021-04-29,29.240000,29.540001,28.889999,29.010000,28.839409,459500
2021-04-30,28.700001,29.299999,28.490000,28.500000,28.332409,458800
2021-05-03,28.660000,29.290001,28.570000,28.980000,28.809586,686900
2021-05-04,28.860001,29.370001,28.400000,29.340000,29.167469,351100
2021-05-05,29.379999,29.770000,28.930000,29.559999,29.386175,296600
2021-05-06,29.750000,30.070000,29.240000,30.070000,29.893175,323200
2021-05-07,29.520000,30.000000,29.520000,29.980000,29.803705,236300
2021-05-10,30.420000,30.680000,29.709999,29.709999,29.535292,339400
2021-05-11,29.420000,30.150000,29.400000,29.980000,29.803705,910600
2021-05-12,30.250000,30.350000,29.090000,29.190001,29.018351,494500
2021-05-13,29.170000,30.830000,28.920000,30.600000,30.420059,477300
2021-05-14,30.910000,31.030001,30.450001,30.990000,30.807766,273200
2021-05-17,30.850000,31.150000,30.400000,30.830000,30.648706,195100
2021-05-18,30.780001,31.000000,30.290001,30.330000,30.151648,270500
2021-05-19,30.030001,30.490000,29.490000,30.440001,30.261002,574600
2021-05-20,30.290001,30.590000,29.879999,30.360001,30.181471,315300
2021-05-21,30.670000,31.080000,30.420000,30.920000,30.738178,300200
2021-05-24,31.049999,31.049999,30.250000,30.370001,30.191412,303800
2021-05-25,30.500000,30.940001,29.370001,29.389999,29.217175,403300
2021-05-26,29.420000,30.040001,29.290001,29.990000,29.813646,254700
2021-05-27,30.440001,30.690001,30.070000,30.270000,30.092001,314500
2021-05-28,30.420000,30.530001,29.959999,30.500000,30.320648,215800
2021-06-01,30.700001,31.000000,30.490000,30.780001,30.599001,409400
2021-06-02,31.010000,31.010000,30.459999,30.520000,30.340530,456900
2021-06-03,30.540001,31.030001,30.360001,30.860001,30.678532,402300
2021-06-04,30.830000,31.020000,30.570000,30.959999,30.777941,187900
2021-06-07,31.200001,31.360001,31.040001,31.230000,31.046354,338300
2021-06-08,31.020000,31.900000,30.940001,31.740000,31.553356,367100
2021-06-09,31.379999,31.549999,31.049999,31.100000,30.917120,343800
2021-06-10,31.389999,31.670000,30.350000,30.360001,30.181471,220400
2021-06-11,30.549999,30.820000,30.440001,30.610001,30.430000,258900
2021-06-14,30.030001,30.639999,29.719999,29.969999,29.969999,363400
2021-06-15,30.150000,30.930000,29.950001,30.610001,30.610001,312400
2021-06-16,30.420000,31.670000,30.090000,31.379999,31.379999,372000
2021-06-17,31.590000,31.969999,29.700001,29.809999,29.809999,544800
2021-06-18,29.120001,29.700001,28.260000,28.360001,28.360001,972200
2021-06-21,28.770000,29.760000,28.770000,29.730000,29.730000,381100
2021-06-22,29.650000,30.020000,29.280001,29.959999,29.959999,276000
2021-06-23,30.549999,30.549999,29.840000,29.959999,29.959999,534700
2021-06-24,30.170000,30.639999,29.879999,30.469999,30.469999,292600
2021-06-25,30.580000,31.080000,30.370001,30.690001,30.690001,1399500
2021-06-28,30.660000,30.660000,29.270000,29.600000,29.600000,489200
2021-06-29,29.969999,30.020000,29.250000,29.330000,29.330000,534000
2021-06-30,29.230000,29.610001,29.219999,29.340000,29.340000,385800
2021-07-01,29.590000,29.799999,29.170000,29.490000,29.490000,227800
2021-07-02,29.330000,29.490000,28.740000,28.959999,28.959999,343000
2021-07-06,28.790001,28.790001,27.910000,28.200001,28.200001,304900
2021-07-07,28.070000,28.469999,27.680000,27.980000,27.980000,559200
2021-07-08,27.400000,27.760000,27.110001,27.490000,27.490000,536800
2021-07-09,28.059999,28.610001,27.920000,28.590000,28.590000,333500
2021-07-12,28.260000,28.910000,27.910000,28.770000,28.770000,402900
2021-07-13,28.680000,28.690001,27.920000,28.049999,28.049999,270200
2021-07-14,28.070000,28.450001,27.469999,27.870001,27.870001,366600
2021-07-15,27.610001,28.270000,27.410000,28.110001,28.110001,301500
2021-07-16,28.330000,28.480000,27.129999,27.219999,27.219999,262400
2021-07-19,26.500000,26.709999,26.070000,26.350000,26.350000,527800
2021-07-20,26.410000,27.400000,26.360001,26.670000,26.670000,636200
2021-07-21,27.070000,27.440001,27.059999,27.219999,27.219999,251400
2021-07-22,27.129999,27.129999,26.219999,26.389999,26.389999,286900
2021-07-23,26.790001,26.900000,26.330000,26.660000,26.660000,259600
2021-07-26,26.730000,27.170000,26.730000,27.010000,27.010000,350300
2021-07-27,27.010000,27.129999,25.840000,27.020000,27.020000,369900
2021-07-28,27.389999,27.639999,26.610001,27.350000,27.350000,339300
2021-07-29,27.650000,27.740000,27.250000,27.490000,27.490000,244500
2021-07-30,27.350000,27.870001,27.080000,27.219999,27.219999,396100
2021-08-02,27.379999,28.219999,27.030001,27.110001,27.110001,421900
2021-08-03,27.250000,27.930000,27.000000,27.820000,27.820000,457900
2021-08-04,27.420000,27.850000,27.290001,27.410000,27.410000,294500
2021-08-05,27.500000,28.219999,27.500000,28.180000,28.180000,306100
2021-08-06,27.620001,29.410000,27.620001,29.139999,29.139999,329100
2021-08-09,28.959999,29.340000,28.760000,28.840000,28.840000,249400
2021-08-10,28.920000,29.400000,28.700001,29.100000,29.100000,283700
2021-08-11,29.100000,29.520000,28.900000,29.520000,29.520000,307300
2021-08-12,29.500000,29.600000,29.150000,29.420000,29.420000,275700
2021-08-13,29.549999,29.549999,29.059999,29.110001,29.110001,181300
2021-08-16,28.870001,29.170000,28.559999,29.070000,29.070000,233200
2021-08-17,28.770000,29.070000,28.379999,28.740000,28.740000,220400
2021-08-18,28.709999,29.059999,28.440001,28.450001,28.450001,291500
2021-08-19,28.150000,28.330000,27.799999,28.070000,28.070000,288200
2021-08-20,27.990000,28.750000,27.990000,28.740000,28.740000,339200
2021-08-23,28.959999,29.080000,28.770000,28.900000,28.900000,199500
2021-08-24,28.870001,29.080000,28.719999,28.879999,28.879999,203700
2021-08-25,29.049999,29.520000,28.889999,28.930000,28.930000,289500
2021-08-26,29.100000,29.120001,28.469999,28.490000,28.490000,246100
2021-08-27,28.510000,29.510000,28.510000,29.430000,29.430000,305900
2021-08-30,29.469999,29.469999,28.620001,28.709999,28.709999,272100