Date,Open,High,Low,Close,Adj Close,Volume
2021-01-04,41.520000,41.900002,38.709999,39.470001,39.470001,870600
2021-01-05,39.400002,41.740002,39.400002,41.520000,41.520000,578700
2021-01-06,41.900002,44.080002,41.889999,43.919998,43.919998,849800
2021-01-07,44.389999,48.220001,44.389999,47.250000,47.250000,1358200
2021-01-08,47.139999,47.389999,44.930000,45.290001,45.290001,728400
2021-01-11,44.389999,46.020000,43.869999,45.369999,45.369999,408100
2021-01-12,45.590000,46.950001,44.660000,46.529999,46.529999,492200
2021-01-13,46.020000,46.630001,45.220001,45.500000,45.500000,450900
2021-01-14,46.490002,48.139999,45.509998,45.869999,45.869999,806100
2021-01-15,46.119999,46.200001,43.740002,44.660000,44.660000,2290100
2021-01-19,45.639999,47.139999,44.779999,45.400002,45.400002,595500
2021-01-20,46.150002,46.560001,45.259998,45.459999,45.459999,436800
2021-01-21,45.369999,45.439999,44.070000,44.590000,44.590000,270300
2021-01-22,43.669998,45.169998,42.369999,45.060001,45.060001,578400
2021-01-25,44.639999,45.299999,42.599998,43.759998,43.759998,1170700
2021-01-26,44.509998,45.000000,42.320000,42.450001,42.450001,458300
2021-01-27,40.950001,42.490002,39.580002,40.230000,40.230000,739000
2021-01-28,41.369999,42.790001,40.320000,41.689999,41.689999,580100
2021-01-29,41.410000,41.410000,39.130001,39.220001,39.220001,532800
2021-02-01,39.910000,41.290001,39.389999,39.919998,39.919998,833800
2021-02-02,40.459999,41.810001,40.029999,41.790001,41.790001,566400
2021-02-03,42.000000,43.549999,42.000000,42.270000,42.270000,568700
2021-02-04,42.290001,45.689999,42.290001,45.509998,45.509998,1287900
2021-02-05,46.389999,47.730000,46.009998,47.180000,47.180000,485600
2021-02-08,47.470001,48.619999,45.730000,46.169998,46.169998,596100
2021-02-09,46.180000,47.740002,45.950001,46.529999,46.529999,896300
2021-02-10,46.830002,46.939999,44.590000,45.830002,45.830002,535000
2021-02-11,45.900002,46.459999,44.490002,45.360001,45.360001,489000
2021-02-12,45.150002,48.080002,44.750000,47.900002,47.900002,454300
2021-02-16,48.830002,49.400002,47.910000,48.730000,48.730000,618500
2021-02-17,47.450001,48.349998,46.290001,47.709999,47.709999,618300
2021-02-18,46.919998,47.709999,45.169998,45.209999,45.209999,298600
2021-02-19,45.630001,47.599998,45.580002,47.230000,47.230000,348000
2021-02-22,46.970001,49.630001,46.360001,47.740002,47.740002,426700
2021-02-23,46.709999,47.770000,44.070000,47.470001,47.470001,407600
2021-02-24,47.900002,48.779999,46.709999,47.810001,47.810001,593900
2021-02-25,47.580002,49.250000,44.000000,44.060001,44.060001,427900
2021-02-26,44.880001,47.610001,44.099998,46.830002,46.830002,501800
2021-03-01,48.480000,51.160000,47.459999,50.660000,50.660000,938300
2021-03-02,48.980000,52.880001,47.810001,50.009998,50.009998,702400
2021-03-03,50.009998,52.389999,48.150002,48.349998,48.349998,631200
2021-03-04,48.250000,49.310001,44.150002,45.930000,45.930000,717600
2021-03-05,47.169998,47.590000,41.029999,46.290001,46.290001,1137300
2021-03-08,46.310001,48.939999,45.299999,46.200001,46.200001,655500
2021-03-09,47.410000,48.110001,45.750000,46.090000,46.090000,530900
2021-03-10,46.570000,49.040001,46.310001,47.400002,47.400002,557100
2021-03-11,48.400002,50.000000,47.520000,49.200001,49.200001,579700
2021-03-12,48.759998,50.349998,48.590000,49.830002,49.830002,370300
2021-03-15,50.130001,51.590000,48.220001,49.070000,49.070000,600900
2021-03-16,48.520000,49.290001,44.750000,45.549999,45.549999,555000
2021-03-17,44.889999,47.310001,44.430000,47.139999,47.139999,514200
2021-03-18,46.730000,46.990002,42.240002,42.790001,42.790001,622000
2021-03-19,43.009998,44.799999,42.169998,44.209999,44.209999,1112100
2021-03-22,44.150002,44.590000,42.250000,44.099998,44.099998,645300
2021-03-23,43.020000,43.709999,41.700001,42.419998,42.419998,724900
2021-03-24,43.400002,43.980000,39.169998,39.209999,39.209999,727300
2021-03-25,38.150002,40.900002,37.150002,40.660000,40.660000,870000
2021-03-26,40.970001,41.900002,37.619999,39.740002,39.740002,858100
2021-03-29,39.150002,39.450001,37.139999,37.490002,37.490002,666700
2021-03-30,37.500000,38.459999,36.889999,38.180000,38.180000,575100
2021-03-31,38.470001,39.139999,38.000000,38.520000,38.520000,555300
2021-04-01,39.110001,40.279999,38.919998,40.090000,40.090000,685200
2021-04-05,40.830002,41.720001,39.860001,40.040001,40.040001,440100
2021-04-06,40.230000,41.169998,40.169998,40.880001,40.880001,986000
2021-04-07,41.000000,41.279999,40.049999,41.099998,41.099998,1420900
2021-04-08,41.240002,43.020000,40.299999,42.869999,42.869999,1077900
2021-04-09,42.410000,44.500000,41.450001,44.349998,44.349998,810400
2021-04-12,43.720001,44.860001,42.299999,42.709999,42.709999,1095100
2021-04-13,42.529999,44.160000,41.549999,44.150002,44.150002,877400
2021-04-14,44.480000,47.160000,44.150002,44.709999,44.709999,926200
2021-04-15,44.950001,45.049999,43.299999,44.889999,44.889999,489000
2021-04-16,45.750000,47.509998,45.060001,47.400002,47.400002,1129600
2021-04-19,46.500000,47.310001,43.820000,44.380001,44.380001,1236200
2021-04-20,44.119999,44.660000,41.830002,43.599998,43.599998,920700
2021-04-21,43.180000,46.369999,42.700001,46.230000,46.230000,439300
2021-04-22,46.290001,46.880001,45.560001,46.380001,46.380001,545600
2021-04-23,46.730000,50.680000,46.389999,50.439999,50.439999,930600
2021-04-26,51.860001,55.599998,51.650002,55.070000,55.070000,1771300
2021-04-27,55.160000,57.130001,54.930000,56.270000,56.270000,1072700
2021-04-28,56.520000,59.220001,56.500000,59.060001,59.060001,1429700
2021-04-29,59.990002,60.000000,57.660000,59.500000,59.500000,811900
2021-04-30,59.279999,59.540001,57.889999,58.520000,58.520000,641200
2021-05-03,59.599998,59.599998,56.240002,57.560001,57.560001,1906000
2021-05-04,57.080002,57.520000,54.240002,56.090000,56.090000,1227100
2021-05-05,56.759998,57.279999,55.040001,55.290001,55.290001,457900
2021-05-06,55.279999,55.279999,51.889999,53.150002,53.150002,772600
2021-05-07,53.410000,56.279999,53.070000,56.020000,56.020000,1116000
2021-05-10,54.009998,55.669998,50.770000,52.130001,52.130001,1349500
2021-05-11,51.700001,55.959999,50.720001,55.950001,55.950001,1217300
2021-05-12,54.810001,57.240002,53.160000,53.490002,53.490002,857900
2021-05-13,54.150002,55.849998,52.980000,55.680000,55.680000,1247600
2021-05-14,56.900002,59.049999,56.889999,58.439999,58.439999,838900
2021-05-17,57.500000,60.099998,55.959999,59.509998,59.509998,1073600
2021-05-18,60.000000,62.340000,59.200001,61.070000,61.070000,1401800
2021-05-19,59.160000,62.660000,58.500000,62.020000,62.020000,990000
2021-05-20,62.099998,64.610001,61.279999,64.269997,64.269997,618700
2021-05-21,64.800003,65.540001,63.369999,64.849998,64.849998,489400
2021-05-24,65.660004,69.430000,64.709999,68.360001,68.360001,844000
2021-05-25,68.980003,69.989998,65.669998,66.690002,66.690002,973600
2021-05-26,68.599998,69.949997,67.730003,69.300003,69.300003,701800
2021-05-27,70.000000,72.550003,68.709999,72.199997,72.199997,1151300
2021-05-28,72.080002,72.989998,70.860001,72.540001,72.540001,610400
2021-06-01,73.239998,75.040001,71.489998,74.529999,74.529999,941500
2021-06-02,73.500000,74.580002,71.129997,74.150002,74.150002,1541800
2021-06-03,72.080002,74.959999,69.540001,73.570000,73.570000,956600
2021-06-04,74.290001,75.220001,72.889999,73.589996,73.589996,681100
2021-06-07,73.790001,76.120003,73.790001,75.290001,75.290001,957600
2021-06-08,75.570000,76.839996,75.139999,76.519997,76.519997,1224800
2021-06-09,76.660004,77.290001,74.570000,75.269997,75.269997,526200
2021-06-10,75.290001,75.879997,72.440002,72.540001,72.540001,983800
2021-06-11,72.540001,75.760002,72.540001,75.750000,75.750000,501900
2021-06-14,75.570000,76.320000,74.169998,74.690002,74.690002,739200
2021-06-15,74.610001,75.580002,74.110001,74.419998,74.419998,616400
2021-06-16,73.709999,76.019997,73.660004,75.629997,75.629997,621100
2021-06-17,75.169998,77.639999,73.510002,75.660004,75.660004,877600
2021-06-18,74.300003,75.040001,71.610001,72.339996,72.339996,1143300
2021-06-21,72.889999,76.300003,72.330002,76.080002,76.080002,1420600
2021-06-22,75.300003,78.089996,74.699997,77.849998,77.849998,1182900
2021-06-23,77.699997,79.169998,76.790001,78.139999,78.139999,1058100
2021-06-24,79.040001,79.980003,77.349998,78.099998,78.099998,677800
2021-06-25,78.570000,78.570000,76.070000,76.230003,76.230003,5289800
2021-06-28,75.930000,76.099998,73.820000,75.959999,75.959999,571400
2021-06-29,75.970001,80.809998,75.440002,77.680000,77.680000,939500
2021-06-30,78.000000,79.129997,76.309998,77.440002,77.440002,1962100
2021-07-01,78.980003,79.760002,76.610001,76.800003,76.800003,1055300
2021-07-02,77.129997,77.230003,74.730003,76.730003,76.730003,681300
2021-07-06,76.730003,76.879997,73.349998,74.989998,74.989998,741000
2021-07-07,74.750000,75.389999,71.790001,72.400002,72.400002,716100
2021-07-08,70.000000,72.550003,69.370003,70.650002,70.650002,859000
2021-07-09,71.410004,72.190002,70.220001,71.230003,71.230003,560500
2021-07-12,70.660004,71.790001,69.629997,71.209999,71.209999,479000
2021-07-13,71.099998,71.379997,68.879997,69.629997,69.629997,575900
2021-07-14,70.720001,71.169998,67.320000,68.070000,68.070000,689800
2021-07-15,67.320000,67.660004,63.090000,64.370003,64.370003,1645100
2021-07-16,65.099998,65.099998,60.840000,60.959999,60.959999,2210900
2021-07-19,58.169998,61.400002,57.639999,60.209999,60.209999,1600700
2021-07-20,60.340000,63.360001,59.160000,62.639999,62.639999,1293600
2021-07-21,63.720001,65.019997,63.060001,63.889999,63.889999,872600
2021-07-22,63.930000,64.000000,61.259998,62.049999,62.049999,586800
2021-07-23,62.259998,62.400002,60.259998,60.930000,60.930000,329500
2021-07-26,62.750000,63.360001,60.880001,62.680000,62.680000,683100
2021-07-27,61.900002,62.060001,58.680000,61.099998,61.099998,507000
2021-07-28,61.990002,63.160000,60.130001,62.349998,62.349998,652000
2021-07-29,62.680000,63.419998,61.430000,62.189999,62.189999,405500
2021-07-30,61.250000,62.500000,60.509998,61.709999,61.709999,460600
2021-08-02,62.720001,65.150002,62.040001,63.009998,63.009998,798100
2021-08-03,63.770000,64.050003,60.549999,62.099998,62.099998,526800
2021-08-04,61.580002,62.619999,60.860001,61.009998,61.009998,584800
2021-08-05,61.500000,63.840000,61.500000,63.459999,63.459999,586700
2021-08-06,64.570000,64.570000,62.619999,64.040001,64.040001,576100
2021-08-09,67.519997,70.129997,64.750000,69.970001,69.970001,1440100
2021-08-10,70.269997,71.169998,66.199997,67.290001,67.290001,937200
2021-08-11,67.169998,71.110001,67.029999,71.029999,71.029999,860400
2021-08-12,71.410004,72.190002,69.470001,71.949997,71.949997,572500
2021-08-13,72.430000,72.750000,69.769997,69.889999,69.889999,1757600
2021-08-16,68.610001,70.650002,67.489998,69.570000,69.570000,614700
2021-08-17,68.320000,68.589996,65.379997,67.059998,67.059998,692000
2021-08-18,67.339996,69.180000,66.389999,67.410004,67.410004,463100
2021-08-19,66.379997,67.389999,64.410004,65.349998,65.349998,648900
2021-08-20,65.050003,67.629997,64.959999,67.480003,67.480003,450700
2021-08-23,68.910004,70.730003,68.150002,70.370003,70.370003,599400
2021-08-24,71.000000,71.930000,70.519997,71.449997,71.449997,765500
2021-08-25,71.379997,74.930000,71.050003,74.750000,74.750000,818900
2021-08-26,74.269997,74.669998,71.190002,71.519997,71.519997,2417200
2021-08-27,72.150002,75.209999,71.839996,74.940002,74.940002,797700
2021-08-30,75.059998,75.059998,72.430000,72.550003,72.550003,373100