Date,Open,High,Low,Close,Adj Close,Volume
2021-01-04,85.000000,85.300003,82.160004,82.430000,82.430000,867700
2021-01-05,82.459999,86.519997,82.459999,85.919998,85.919998,651800
2021-01-06,86.389999,88.680000,85.519997,86.879997,86.879997,651300
2021-01-07,87.290001,89.940002,87.290001,88.919998,88.919998,545600
2021-01-08,89.459999,91.320000,89.000000,91.290001,91.290001,558900
2021-01-11,91.239998,92.330002,90.320000,90.870003,90.870003,447900
2021-01-12,93.160004,101.809998,92.483002,101.550003,101.550003,1530200
2021-01-13,101.550003,113.000000,100.690002,109.330002,109.330002,2576700
2021-01-14,108.389999,115.379997,108.250000,114.650002,114.650002,1793300
2021-01-15,113.230003,116.650002,108.720001,111.260002,111.260002,1255500
2021-01-19,112.820000,115.410004,111.330002,111.690002,111.690002,853400
2021-01-20,113.050003,114.199997,107.559998,107.970001,107.970001,818800
2021-01-21,108.209999,112.120003,107.570000,109.070000,109.070000,733500
2021-01-22,107.260002,111.480003,107.190002,111.209999,111.209999,656200
2021-01-25,112.129997,117.370003,110.050003,110.559998,110.559998,1050500
2021-01-26,111.830002,111.830002,107.610001,109.709999,109.709999,788700
2021-01-27,106.959999,138.380005,106.959999,125.000000,125.000000,4524700
2021-01-28,124.629997,126.411003,115.800003,116.139999,116.139999,1486800
2021-01-29,116.000000,119.019997,112.120003,113.419998,113.419998,1076300
2021-02-01,112.779999,114.470001,109.205002,112.349998,112.349998,1033100
2021-02-02,113.379997,114.099998,107.389999,108.269997,108.269997,1012700
2021-02-03,108.540001,112.800003,107.279999,111.620003,111.620003,608800
2021-02-04,112.150002,117.760002,110.949997,116.870003,116.870003,476300
2021-02-05,117.940002,118.532997,115.250000,117.550003,117.550003,450800
2021-02-08,118.349998,122.750000,116.010002,122.269997,122.269997,643300
2021-02-09,123.669998,128.779999,123.010002,126.529999,126.529999,1125600
2021-02-10,127.000000,132.494995,126.699997,129.229996,129.229996,835300
2021-02-11,129.509995,131.169998,125.830002,130.759995,130.759995,696100
2021-02-12,130.839996,131.399994,126.904999,128.789993,128.789993,640500
2021-02-16,128.690002,129.259995,120.529999,123.040001,123.040001,838900
2021-02-17,122.480003,124.239998,118.000000,123.709999,123.709999,771000
2021-02-18,123.239998,125.419998,121.180000,123.059998,123.059998,398900
2021-02-19,122.919998,126.480003,122.824997,124.540001,124.540001,359100
2021-02-22,124.510002,126.010002,121.709999,121.989998,121.989998,649700
2021-02-23,120.000000,121.480003,112.790001,120.860001,120.860001,788200
2021-02-24,122.300003,125.750000,119.644997,125.330002,125.330002,506300
2021-02-25,125.449997,126.839996,117.589996,118.919998,118.919998,790400
2021-02-26,117.940002,121.809998,113.529999,118.480003,118.480003,1116700
2021-03-01,118.660004,119.250000,113.239998,117.529999,117.529999,1690600
2021-03-02,119.779999,123.559998,119.000000,121.459999,121.459999,1043800
2021-03-03,122.169998,124.775002,112.860001,113.820000,113.820000,812100
2021-03-04,114.669998,115.742996,104.629997,109.370003,109.370003,847300
2021-03-05,109.330002,112.879997,103.449997,112.760002,112.760002,1098800
2021-03-08,113.940002,116.860001,111.449997,115.870003,115.870003,991600
2021-03-09,117.400002,118.000000,114.250000,114.389999,114.389999,850500
2021-03-10,115.260002,120.360001,115.070000,120.019997,120.019997,639000
2021-03-11,121.790001,124.989998,121.160004,123.040001,123.040001,772900
2021-03-12,122.000000,124.309998,119.091003,121.809998,121.809998,580800
2021-03-15,123.379997,130.000000,122.169998,129.679993,129.679993,1134100
2021-03-16,129.619995,129.910004,120.560997,122.739998,122.739998,739400
2021-03-17,122.000000,125.610001,119.849998,124.449997,124.449997,463900
2021-03-18,125.000000,125.480003,117.598000,118.779999,118.779999,955100
2021-03-19,118.709999,123.419998,118.287003,122.430000,122.430000,890400
2021-03-22,122.959999,124.690002,118.709999,119.389999,119.389999,564200
2021-03-23,117.720001,119.589996,114.239998,115.099998,115.099998,602200
2021-03-24,116.550003,116.870003,109.680000,110.879997,110.879997,702100
2021-03-25,109.379997,115.650002,108.620003,115.089996,115.089996,456900
2021-03-26,117.320000,118.066002,111.330002,115.000000,115.000000,356500
2021-03-29,113.910004,114.779999,110.070000,110.779999,110.779999,418600
2021-03-30,109.699997,113.370003,109.699997,111.430000,111.430000,360700
2021-03-31,112.529999,114.040001,111.150002,112.769997,112.769997,396900
2021-04-01,114.889999,119.000000,112.671997,113.449997,113.449997,617500
2021-04-05,114.760002,115.489998,112.019997,113.940002,113.940002,375300
2021-04-06,114.120003,115.919998,113.599998,114.339996,114.339996,434500
2021-04-07,114.309998,118.370003,114.309998,115.739998,115.739998,486900
2021-04-08,116.139999,117.370003,112.129997,113.809998,113.809998,628600
2021-04-09,113.449997,114.889999,111.500000,114.629997,114.629997,382300
2021-04-12,114.099998,115.760002,111.559998,113.000000,113.000000,409200
2021-04-13,112.610001,118.050003,111.500000,116.820000,116.820000,577600
2021-04-14,117.510002,120.000000,116.949997,117.180000,117.180000,536800
2021-04-15,116.529999,119.589996,116.419998,119.000000,119.000000,392800
2021-04-16,120.230003,120.230003,115.596001,116.779999,116.779999,395900
2021-04-19,116.000000,116.320000,109.449997,110.169998,110.169998,838600
2021-04-20,110.000000,111.040001,104.470001,108.360001,108.360001,816900
2021-04-21,107.500000,109.190002,105.550003,109.019997,109.019997,488200
2021-04-22,109.629997,112.400002,108.739998,109.309998,109.309998,381700
2021-04-23,110.839996,110.860001,109.180000,110.309998,110.309998,366100
2021-04-26,111.010002,113.480003,111.000000,112.000000,112.000000,455700
2021-04-27,113.500000,114.722000,111.349998,111.860001,111.860001,470400
2021-04-28,111.269997,113.300003,109.669998,111.650002,111.650002,351200
2021-04-29,112.269997,113.815002,109.970001,112.169998,112.169998,407000
2021-04-30,110.849998,112.440002,108.455002,108.750000,108.750000,411200
2021-05-03,109.209999,110.400002,107.119003,107.790001,107.790001,595100
2021-05-04,106.879997,107.254997,102.559998,105.540001,105.540001,712800
2021-05-05,106.449997,107.470001,102.650002,106.320000,106.320000,651000
2021-05-06,106.809998,106.820000,100.830002,105.620003,105.620003,1647000
2021-05-07,93.974998,95.980003,88.879997,89.480003,89.480003,3646400
2021-05-10,89.599998,91.089996,85.570000,89.760002,89.760002,2035200
2021-05-11,87.000000,91.135002,86.230003,90.029999,90.029999,1078200
2021-05-12,88.919998,89.180000,81.330002,82.000000,82.000000,1804100
2021-05-13,82.070000,84.379997,78.000000,79.480003,79.480003,1372800
2021-05-14,80.360001,84.480003,79.660004,83.250000,83.250000,1348900
2021-05-17,82.900002,83.809998,80.220001,83.669998,83.669998,891100
2021-05-18,84.500000,87.160004,82.250000,86.440002,86.440002,1217400
2021-05-19,83.760002,84.599998,81.669998,83.809998,83.809998,1052300
2021-05-20,84.320000,84.949997,82.199997,83.279999,83.279999,1013100
2021-05-21,83.889999,85.500000,83.599998,83.680000,83.680000,631800
2021-05-24,83.930000,85.690002,82.714996,84.589996,84.589996,838700
2021-05-25,91.879997,93.709999,88.070000,88.379997,88.379997,3928800
2021-05-26,88.000000,91.629997,86.330002,90.660004,90.660004,1151400
2021-05-27,91.849998,96.040001,90.019997,95.669998,95.669998,1325400
2021-05-28,95.000000,96.099998,92.894997,93.980003,93.980003,983500
2021-06-01,94.110001,94.809998,89.805000,90.919998,90.919998,1565400
2021-06-02,91.440002,94.940002,89.910004,94.809998,94.809998,894900
2021-06-03,93.459999,93.980003,89.379997,90.589996,90.589996,1822100
2021-06-04,91.879997,91.879997,88.400002,89.279999,89.279999,853100
2021-06-07,89.129997,95.919998,88.900002,95.110001,95.110001,1306200
2021-06-08,94.089996,100.970001,94.000000,100.650002,100.650002,2220000
2021-06-09,100.889999,102.010002,98.879997,99.110001,99.110001,981700
2021-06-10,99.019997,99.769997,95.870003,97.879997,97.879997,602800
2021-06-11,98.500000,100.410004,98.220001,100.300003,100.300003,628400
2021-06-14,100.610001,102.188004,99.500000,100.720001,100.720001,783600
2021-06-15,100.709999,101.989998,98.379997,99.160004,99.160004,578800
2021-06-16,98.669998,100.519997,97.900002,99.680000,99.680000,640100
2021-06-17,99.570000,100.360001,94.410004,96.989998,96.989998,940500
2021-06-18,95.500000,96.360001,93.790001,94.389999,94.389999,729500
2021-06-21,95.000000,95.080002,92.540001,94.699997,94.699997,557900
2021-06-22,94.690002,96.410004,93.739998,96.349998,96.349998,495400
2021-06-23,98.300003,99.500000,96.760002,99.040001,99.040001,550800
2021-06-24,101.000000,111.489998,100.349998,108.059998,108.059998,2147500
2021-06-25,106.519997,109.010002,104.889999,105.230003,105.230003,898700
2021-06-28,105.250000,107.129997,103.510002,105.370003,105.370003,557300
2021-06-29,105.620003,107.070000,104.489998,105.739998,105.739998,362100
2021-06-30,105.430000,107.570000,105.040001,107.019997,107.019997,392800
2021-07-01,108.000000,109.879997,103.269997,103.889999,103.889999,517000
2021-07-02,104.010002,105.564003,103.800003,104.190002,104.190002,320700
2021-07-06,104.190002,107.540001,102.129997,106.559998,106.559998,486500
2021-07-07,106.500000,107.269997,102.349998,104.059998,104.059998,482100
2021-07-08,100.360001,105.230003,99.110001,104.370003,104.370003,465300
2021-07-09,105.360001,106.629997,104.220001,106.059998,106.059998,312400
2021-07-12,104.849998,106.379997,103.699997,103.989998,103.989998,432100
2021-07-13,103.669998,104.160004,101.879997,102.050003,102.050003,437600
2021-07-14,103.440002,103.940002,97.129997,98.320000,98.320000,717900
2021-07-15,97.959999,97.989998,91.199997,93.040001,93.040001,1885500
2021-07-16,94.040001,94.919998,92.235001,92.690002,92.690002,608300
2021-07-19,90.000000,91.660004,87.175003,90.860001,90.860001,934300
2021-07-20,91.730003,95.919998,90.110001,94.820000,94.820000,793500
2021-07-21,95.779999,98.930000,95.260002,97.160004,97.160004,576000
2021-07-22,96.720001,101.583000,96.010002,100.389999,100.389999,980600
2021-07-23,100.800003,101.889999,98.500000,101.019997,101.019997,615400
2021-07-26,101.379997,104.639999,100.209999,104.260002,104.260002,535000
2021-07-27,104.000000,104.980003,100.279999,103.089996,103.089996,654400
2021-07-28,103.000000,104.680000,100.180000,101.489998,101.489998,508800
2021-07-29,102.559998,104.879997,101.699997,102.419998,102.419998,402700
2021-07-30,100.709999,103.535004,99.860001,100.540001,100.540001,501300
2021-08-02,101.290001,101.889999,98.675003,99.279999,99.279999,632900
2021-08-03,99.500000,99.500000,92.542000,93.089996,93.089996,1333400
2021-08-04,92.309998,94.349998,91.800003,92.220001,92.220001,588600
2021-08-05,92.000000,94.180000,91.315002,92.720001,92.720001,1434200
2021-08-06,90.889999,91.500000,88.879997,90.360001,90.360001,973600
2021-08-09,89.940002,90.717003,87.720001,89.949997,89.949997,799300
2021-08-10,90.620003,93.360001,89.980003,91.739998,91.739998,823900
2021-08-11,92.570000,92.570000,90.260002,91.739998,91.739998,479700
2021-08-12,91.010002,92.440002,90.510002,91.410004,91.410004,386000
2021-08-13,90.959999,91.470001,89.010002,89.440002,89.440002,413400
2021-08-16,88.800003,89.000000,86.029999,87.089996,87.089996,476200
2021-08-17,86.150002,87.223999,85.160004,86.889999,86.889999,534300
2021-08-18,86.500000,87.379997,85.150002,85.489998,85.489998,570900
2021-08-19,84.839996,85.599998,82.870003,83.589996,83.589996,550600
2021-08-20,83.709999,84.709999,83.480003,84.150002,84.150002,393400
2021-08-23,84.349998,85.900002,83.629997,85.180000,85.180000,490100
2021-08-24,85.970001,87.690002,85.230003,87.239998,87.239998,444200
2021-08-25,87.099998,88.410004,85.669998,86.860001,86.860001,616200
2021-08-26,86.690002,88.070000,85.135002,85.610001,85.610001,351200
2021-08-27,86.029999,89.239998,85.879997,88.029999,88.029999,569100
2021-08-30,87.809998,88.040001,85.830002,86.150002,86.150002,388000