Date,Open,High,Low,Close,Adj Close,Volume
2021-01-04,35.360001,35.860001,33.930000,34.299999,34.053764,623900
2021-01-05,33.830002,34.799999,33.119999,34.340000,34.093479,488400
2021-01-06,34.660000,36.650002,34.660000,36.270000,36.009624,1082400
2021-01-07,36.689999,36.970001,35.790001,36.400002,36.138695,680300
2021-01-08,36.750000,36.770000,35.950001,36.470001,36.208187,460000
2021-01-11,36.060001,37.490002,36.060001,37.259998,36.992516,575100
2021-01-12,37.360001,37.770000,36.950001,37.380001,37.111656,522300
2021-01-13,36.110001,37.020000,35.680000,35.990002,35.731636,397600
2021-01-14,36.320000,36.840000,35.799999,36.340000,36.079121,395400
2021-01-15,36.000000,36.470001,35.410000,36.029999,35.771347,570300
2021-01-19,36.680000,36.680000,35.369999,35.990002,35.731636,489300
2021-01-20,35.910000,36.750000,35.820000,36.020000,35.761417,340800
2021-01-21,36.330002,36.330002,34.770000,34.799999,34.550175,558900
2021-01-22,34.369999,35.070000,34.049999,34.900002,34.649460,540900
2021-01-25,34.610001,36.060001,34.169998,34.840000,34.589890,618100
2021-01-26,35.180000,35.240002,33.750000,34.169998,33.924698,645400
2021-01-27,33.360001,34.869999,32.980000,33.619999,33.378647,668200
2021-01-28,34.180000,35.150002,32.310001,34.599998,34.351608,791900
2021-01-29,34.509998,34.790001,33.580002,33.599998,33.358791,848800
2021-02-01,33.599998,33.759998,32.930000,33.660000,33.418362,491000
2021-02-02,34.130001,34.279999,33.459999,33.820000,33.577213,465400
2021-02-03,33.790001,34.470001,33.520000,33.799999,33.557354,562800
2021-02-04,33.959999,35.509998,33.900002,35.500000,35.245152,485700
2021-02-05,36.020000,36.500000,35.209999,36.480000,36.218113,463200
2021-02-08,36.650002,37.360001,36.369999,37.310001,37.042156,595900
2021-02-09,37.270000,37.400002,36.110001,36.150002,35.890488,500700
2021-02-10,36.189999,36.500000,35.430000,35.810001,35.552929,348400
2021-02-11,35.849998,36.540001,35.560001,36.470001,36.208187,456700
2021-02-12,36.400002,36.750000,35.209999,36.570000,36.307468,323600
2021-02-16,36.930000,37.430000,36.049999,36.099998,35.840843,479800
2021-02-17,35.759998,36.430000,35.369999,35.580002,35.324581,659700
2021-02-18,35.279999,36.240002,35.020000,35.959999,35.701847,594200
2021-02-19,36.459999,37.340000,36.230000,36.470001,36.208187,451400
2021-02-22,36.060001,37.580002,35.490002,37.480000,37.210938,342100
2021-02-23,37.380001,37.660000,36.560001,37.400002,37.131512,553400
2021-02-24,37.709999,38.770000,37.169998,38.029999,37.756989,531600
2021-02-25,37.160000,38.669998,36.980000,37.750000,37.479000,950200
2021-02-26,37.939999,38.080002,36.740002,36.990002,36.724453,674200
2021-03-01,37.770000,38.509998,37.160000,37.950001,37.677563,548700
2021-03-02,37.730000,37.820000,35.490002,35.520000,35.265007,1119600
2021-03-03,35.849998,36.459999,35.320000,35.889999,35.632351,624200
2021-03-04,35.889999,36.830002,34.580002,34.950001,34.699100,799300
2021-03-05,34.669998,35.750000,33.560001,35.630001,35.374218,758800
2021-03-08,35.759998,38.240002,35.759998,37.590000,37.320145,761700
2021-03-09,37.810001,39.040001,37.049999,38.709999,38.432106,704000
2021-03-10,39.000000,39.529999,38.509998,39.070000,38.789524,628700
2021-03-11,39.189999,39.919998,38.869999,39.820000,39.534138,556700
2021-03-12,39.889999,40.490002,39.009998,39.180000,38.898735,781500
2021-03-15,38.900002,39.549999,38.470001,39.549999,39.416981,804300
2021-03-16,39.610001,39.610001,37.790001,38.020000,37.892128,584500
2021-03-17,38.000000,38.330002,37.049999,37.779999,37.652935,660300
2021-03-18,37.750000,38.119999,37.150002,37.389999,37.264248,643700
2021-03-19,37.290001,38.459999,36.790001,38.230000,38.101421,1351500
2021-03-22,38.029999,38.220001,36.810001,37.110001,36.985191,767600
2021-03-23,36.570000,37.049999,35.099998,35.430000,35.310841,761900
2021-03-24,36.009998,36.820000,35.790001,35.830002,35.709496,856500
2021-03-25,35.360001,37.200001,34.919998,36.849998,36.726063,608200
2021-03-26,37.480000,38.720001,36.939999,38.650002,38.520012,633200
2021-03-29,38.389999,39.020000,36.630001,36.830002,36.706135,584300
2021-03-30,37.000000,37.790001,36.770000,37.279999,37.154617,526500
2021-03-31,37.419998,37.810001,36.520000,37.259998,37.134682,812100
2021-04-01,37.400002,37.759998,36.830002,37.160000,37.035023,577200
2021-04-05,37.740002,38.520000,36.869999,38.299999,38.171188,447000
2021-04-06,38.490002,39.490002,38.240002,38.529999,38.400414,403100
2021-04-07,38.610001,39.689999,38.040001,38.709999,38.579807,670000
2021-04-08,38.860001,38.860001,37.750000,37.880001,37.752602,367100
2021-04-09,38.049999,39.160000,37.410000,38.130001,38.001759,477400
2021-04-12,37.939999,38.689999,37.720001,38.529999,38.400414,597600
2021-04-13,38.279999,38.360001,37.279999,38.119999,37.991791,420600
2021-04-14,38.189999,38.990002,37.459999,38.500000,38.370514,407500
2021-04-15,39.009998,39.430000,38.200001,38.450001,38.320683,466000
2021-04-16,38.959999,39.799999,38.959999,39.080002,38.948566,511700
2021-04-19,39.000000,39.279999,38.619999,39.060001,38.928635,471900
2021-04-20,38.860001,39.000000,37.810001,38.450001,38.320683,473100
2021-04-21,38.599998,39.919998,38.400002,39.560001,39.426952,479600
2021-04-22,39.770000,41.139999,38.740002,40.480000,40.343857,594700
2021-04-23,40.880001,41.720001,40.660000,41.619999,41.480019,579900
2021-04-26,41.630001,42.000000,40.930000,41.009998,40.872070,574600
2021-04-27,41.040001,42.630001,41.040001,42.490002,42.347095,856100
2021-04-28,40.349998,40.529999,38.930000,40.020000,39.885403,1012300
2021-04-29,40.840000,40.840000,39.160000,40.509998,40.373753,846800
2021-04-30,40.389999,40.939999,40.200001,40.669998,40.533215,621300
2021-05-03,41.130001,42.180000,40.990002,42.040001,41.898609,777200
2021-05-04,41.700001,42.650002,41.639999,42.490002,42.347095,547900
2021-05-05,42.660000,43.020000,41.860001,42.459999,42.317196,399000
2021-05-06,42.639999,43.189999,42.090000,42.830002,42.685955,336000
2021-05-07,42.459999,43.279999,42.459999,43.119999,42.974976,356800
2021-05-10,43.310001,43.560001,41.540001,41.570000,41.430191,456300
2021-05-11,40.869999,41.500000,40.509998,41.000000,40.862106,410300
2021-05-12,40.650002,41.040001,38.799999,38.860001,38.729305,463300
2021-05-13,39.070000,40.389999,39.070000,40.130001,39.995033,520600
2021-05-14,40.240002,41.180000,39.910000,41.040001,40.901974,376000
2021-05-17,41.139999,42.029999,41.070000,41.900002,41.759083,468400
2021-05-18,41.880001,42.400002,41.310001,41.389999,41.250793,381700
2021-05-19,40.779999,41.340000,39.849998,40.310001,40.174427,466700
2021-05-20,40.270000,41.070000,39.250000,39.919998,39.785736,785800
2021-05-21,40.450001,40.680000,39.119999,39.150002,39.018330,657200
2021-05-24,39.290001,41.110001,39.009998,40.939999,40.802307,1062600
2021-05-25,41.450001,41.700001,40.080002,40.180000,40.044865,632300
2021-05-26,40.259998,41.570000,40.029999,41.529999,41.390324,979500
2021-05-27,41.869999,41.869999,41.099998,41.520000,41.380360,408500
2021-05-28,41.509998,41.619999,38.880001,41.400002,41.260761,573800
2021-06-01,41.619999,41.860001,40.139999,41.330002,41.190998,481900
2021-06-02,41.250000,41.349998,39.130001,41.279999,41.141163,1256600
2021-06-03,41.139999,41.560001,40.060001,41.509998,41.370388,567100
2021-06-04,41.340000,41.939999,40.410000,41.500000,41.360424,517900
2021-06-07,41.830002,42.320000,41.799999,42.200001,42.058071,486500
2021-06-08,43.720001,44.509998,42.740002,44.470001,44.320438,747300
2021-06-09,44.709999,44.709999,43.950001,44.209999,44.061310,876300
2021-06-10,44.369999,44.520000,43.299999,43.369999,43.224136,502500
2021-06-11,43.430000,44.680000,43.070000,44.599998,44.449997,578900
2021-06-14,44.509998,44.770000,43.759998,43.990002,43.990002,529500
2021-06-15,44.049999,44.299999,43.200001,43.580002,43.580002,473200
2021-06-16,43.549999,43.849998,42.779999,43.660000,43.660000,498600
2021-06-17,43.830002,44.000000,42.310001,42.590000,42.590000,673100
2021-06-18,42.000000,42.919998,41.740002,42.020000,42.020000,1307700
2021-06-21,42.250000,43.500000,42.250000,43.099998,43.099998,547500
2021-06-22,41.980000,43.470001,41.980000,43.240002,43.240002,542900
2021-06-23,42.369999,44.450001,42.369999,43.970001,43.970001,500900
2021-06-24,44.020000,44.290001,43.430000,44.040001,44.040001,452000
2021-06-25,44.369999,45.869999,44.189999,44.680000,44.680000,3333200
2021-06-28,44.700001,44.919998,43.480000,43.529999,43.529999,682000
2021-06-29,43.630001,43.889999,42.799999,43.139999,43.139999,701800
2021-06-30,42.930000,43.820000,42.810001,43.759998,43.759998,791200
2021-07-01,43.990002,44.419998,43.410000,43.669998,43.669998,430300
2021-07-02,43.770000,43.779999,43.200001,43.400002,43.400002,412500
2021-07-06,43.330002,43.389999,41.810001,42.549999,42.549999,306200
2021-07-07,42.270000,42.889999,41.180000,41.740002,41.740002,949200
2021-07-08,40.709999,41.509998,40.029999,41.270000,41.270000,708600
2021-07-09,41.869999,42.700001,41.869999,42.480000,42.480000,688800
2021-07-12,41.980000,42.560001,41.570000,42.500000,42.500000,387100
2021-07-13,42.400002,42.560001,41.450001,42.290001,42.290001,880200
2021-07-14,42.520000,42.990002,41.759998,41.860001,41.860001,458200
2021-07-15,41.610001,41.840000,40.540001,40.959999,40.959999,682500
2021-07-16,41.209999,41.540001,40.070000,40.110001,40.110001,456500
2021-07-19,38.580002,39.820000,38.330002,38.919998,38.919998,836600
2021-07-20,39.150002,40.830002,39.029999,40.480000,40.480000,812500
2021-07-21,40.810001,42.110001,40.810001,41.400002,41.400002,332500
2021-07-22,41.549999,41.770000,41.000000,41.360001,41.360001,751900
2021-07-23,41.860001,42.360001,41.240002,42.330002,42.330002,788400
2021-07-26,42.360001,43.700001,42.150002,43.639999,43.639999,727100
2021-07-27,43.330002,44.049999,42.840000,43.369999,43.369999,858700
2021-07-28,44.310001,45.270000,42.080002,43.750000,43.750000,1330900
2021-07-29,44.650002,44.650002,43.570000,43.889999,43.889999,717400
2021-07-30,43.560001,44.230000,43.130001,43.830002,43.830002,547900
2021-08-02,44.169998,45.060001,43.270000,43.369999,43.369999,567900
2021-08-03,43.799999,44.180000,42.730000,43.380001,43.380001,792500
2021-08-04,42.840000,43.250000,41.099998,41.240002,41.240002,588000
2021-08-05,41.259998,42.509998,41.169998,41.849998,41.849998,781400
2021-08-06,42.209999,42.860001,41.900002,42.189999,42.189999,420000
2021-08-09,41.959999,42.459999,41.110001,42.090000,42.090000,392500
2021-08-10,41.980000,43.610001,41.750000,43.310001,43.310001,596200
2021-08-11,43.180000,43.520000,42.349998,43.130001,43.130001,549700
2021-08-12,43.310001,43.410000,42.209999,42.290001,42.290001,822800
2021-08-13,42.110001,42.259998,41.270000,41.900002,41.900002,864900
2021-08-16,41.610001,41.790001,40.799999,41.410000,41.410000,569400
2021-08-17,40.950001,40.950001,39.419998,40.000000,40.000000,659700
2021-08-18,39.860001,40.810001,39.639999,39.740002,39.740002,596900
2021-08-19,39.080002,40.060001,38.910000,39.650002,39.650002,599600
2021-08-20,39.759998,40.450001,39.570000,40.430000,40.430000,482800
2021-08-23,40.840000,41.160000,40.630001,40.889999,40.889999,379200
2021-08-24,40.820000,41.750000,40.689999,41.480000,41.480000,433300
2021-08-25,41.520000,41.790001,41.040001,41.560001,41.560001,448200
2021-08-26,41.320000,41.320000,39.770000,40.250000,40.250000,599900
2021-08-27,40.290001,41.490002,40.290001,41.380001,41.380001,559200
2021-08-30,41.459999,41.480000,40.790001,40.889999,40.889999,317400