Date,Open,High,Low,Close,Adj Close,Volume
2021-01-04,27.440001,28.610001,27.170000,27.650000,27.573572,1296700
2021-01-05,27.469999,29.790001,27.250000,29.620001,29.538128,1111900
2021-01-06,29.820000,33.849998,29.760000,33.060001,32.968620,2176700
2021-01-07,33.000000,35.500000,32.970001,35.180000,35.082760,2307800
2021-01-08,36.240002,38.439999,34.910000,37.299999,37.196899,1988100
2021-01-11,36.270000,40.049999,35.400002,39.169998,39.061729,1600300
2021-01-12,40.930000,42.910000,38.880001,42.779999,42.661751,2642000
2021-01-13,42.439999,42.560001,38.660000,39.009998,38.902172,1386200
2021-01-14,40.000000,42.360001,39.410000,41.389999,41.275593,2060800
2021-01-15,40.799999,41.000000,39.000000,39.360001,39.251205,1125800
2021-01-19,40.000000,40.240002,36.500000,37.090000,36.987480,1287600
2021-01-20,37.099998,38.099998,36.070000,36.360001,36.259499,892500
2021-01-21,36.779999,36.779999,35.279999,35.389999,35.292179,1003300
2021-01-22,35.000000,36.459999,34.360001,36.310001,36.209637,949100
2021-01-25,36.400002,38.080002,35.029999,36.610001,36.508808,1214600
2021-01-26,36.980000,40.230000,36.169998,40.070000,39.959244,2110000
2021-01-27,38.939999,44.259998,38.500000,41.529999,41.415207,3074000
2021-01-28,41.340000,41.810001,36.279999,37.000000,36.897728,2140100
2021-01-29,37.939999,40.849998,37.240002,40.619999,40.507721,2668100
2021-02-01,41.139999,42.869999,39.799999,41.599998,41.485012,1625500
2021-02-02,42.020000,43.869999,41.009998,42.240002,42.123245,986800
2021-02-03,42.599998,44.919998,42.049999,44.580002,44.456779,862000
2021-02-04,44.599998,46.349998,44.180000,45.310001,45.184761,937000
2021-02-05,45.470001,45.939999,42.889999,43.360001,43.240150,583600
2021-02-08,43.549999,43.700001,41.240002,43.330002,43.210232,889100
2021-02-09,43.209999,43.820000,40.400002,40.549999,40.437916,1196000
2021-02-10,41.009998,44.549999,40.610001,44.209999,44.087799,2036400
2021-02-11,44.349998,46.740002,44.020000,44.950001,44.825756,1273800
2021-02-12,44.450001,45.000000,42.880001,43.610001,43.489456,682500
2021-02-16,44.119999,45.849998,43.639999,45.250000,45.124924,731900
2021-02-17,45.070000,45.209999,41.900002,42.470001,42.352612,849100
2021-02-18,42.439999,43.049999,41.090000,42.520000,42.402470,750600
2021-02-19,42.980000,46.270000,42.009998,46.160000,46.032410,1085000
2021-02-22,45.820000,49.130001,45.220001,49.119999,48.984226,1235600
2021-02-23,48.740002,49.459999,46.230000,49.400002,49.263454,1408100
2021-02-24,49.750000,50.880001,46.950001,49.009998,48.874531,1175200
2021-02-25,50.000000,51.590000,49.720001,51.000000,50.859032,1347400
2021-02-26,50.740002,51.750000,48.700001,49.779999,49.642403,900900
2021-03-01,50.689999,51.750000,49.340000,51.540001,51.397537,614100
2021-03-02,51.610001,53.150002,51.310001,52.340000,52.195328,532400
2021-03-03,52.959999,53.700001,51.779999,51.820000,51.676765,500100
2021-03-04,51.490002,53.070000,49.040001,50.900002,50.759308,836700
2021-03-05,51.419998,52.590000,48.419998,52.500000,52.354885,986700
2021-03-08,53.310001,56.639999,52.509998,56.290001,56.134411,1097700
2021-03-09,56.840000,57.139999,54.169998,56.810001,56.652973,859200
2021-03-10,56.820000,58.189999,56.029999,57.490002,57.331093,602300
2021-03-11,57.900002,58.790001,56.509998,58.509998,58.348270,603000
2021-03-12,58.900002,59.389999,57.340000,58.660000,58.497856,726500
2021-03-15,58.560001,60.630001,58.150002,59.330002,59.166008,586700
2021-03-16,58.970001,60.230000,57.439999,59.810001,59.644680,1357700
2021-03-17,59.869999,60.490002,57.500000,59.349998,59.185947,740200
2021-03-18,62.939999,65.839996,60.139999,61.349998,61.180420,2033900
2021-03-19,61.230000,61.529999,58.900002,60.959999,60.791500,1582500
2021-03-22,62.200001,63.279999,56.610001,57.110001,56.952141,1419400
2021-03-23,56.150002,57.570000,53.900002,54.119999,53.970406,912100
2021-03-24,55.160000,56.860001,52.500000,52.520000,52.374828,674100
2021-03-25,50.750000,58.270000,50.009998,57.099998,56.942169,1185600
2021-03-26,58.230000,59.630001,56.369999,58.880001,58.717251,657600
2021-03-29,59.080002,59.900002,56.279999,57.020000,56.862392,781900
2021-03-30,57.189999,59.810001,57.189999,58.610001,58.447998,594700
2021-03-31,58.389999,59.180000,56.980000,57.980000,57.819736,821100
2021-04-01,58.820000,58.910000,55.830002,57.320000,57.161560,850800
2021-04-05,58.000000,59.930000,56.610001,58.980000,58.816971,640900
2021-04-06,59.360001,61.490002,57.369999,57.980000,57.819736,643900
2021-04-07,57.740002,58.480000,56.259998,56.730000,56.573193,555400
2021-04-08,56.119999,57.750000,54.380001,57.590000,57.430817,711600
2021-04-09,57.820000,61.369999,56.950001,61.080002,60.911171,749300
2021-04-12,64.220001,68.290001,63.009998,65.919998,65.737785,3190000
2021-04-13,67.360001,67.360001,61.520000,64.360001,64.182106,1034200
2021-04-14,63.869999,66.430000,63.770000,64.889999,64.710640,577700
2021-04-15,64.949997,65.320000,63.130001,63.480000,63.304535,531600
2021-04-16,63.650002,64.900002,62.340000,63.459999,63.284588,606400
2021-04-19,63.490002,64.089996,60.880001,60.990002,60.821419,501400
2021-04-20,60.200001,60.560001,55.369999,57.490002,57.331093,1166700
2021-04-21,57.580002,60.540001,56.869999,60.259998,60.093433,599600
2021-04-22,60.740002,62.200001,59.639999,61.740002,61.569347,591100
2021-04-23,62.200001,64.570000,61.250000,63.580002,63.404259,609200
2021-04-26,63.959999,65.260002,61.360001,61.730000,61.559372,470600
2021-04-27,61.330002,64.739998,61.049999,63.369999,63.194836,643000
2021-04-28,63.500000,64.120003,62.209999,62.830002,62.656334,425400
2021-04-29,63.000000,64.000000,60.349998,60.669998,60.502300,452000
2021-04-30,59.900002,60.880001,59.250000,59.750000,59.584846,503100
2021-05-03,60.700001,63.270000,60.230000,62.950001,62.776001,1069300
2021-05-04,62.380001,63.259998,60.500000,63.009998,62.835831,384000
2021-05-05,63.459999,64.610001,61.660000,63.570000,63.394287,492400
2021-05-06,64.000000,65.709999,62.970001,65.019997,64.840271,661900
2021-05-07,64.519997,66.000000,63.439999,65.010002,64.830307,505800
2021-05-10,65.370003,68.360001,62.610001,62.680000,62.506744,819100
2021-05-11,61.340000,63.759998,59.480000,63.189999,63.015335,924800
2021-05-12,63.000000,63.400002,57.930000,58.299999,58.138851,511200
2021-05-13,58.580002,61.610001,58.110001,60.209999,60.043571,632400
2021-05-14,60.939999,63.549999,60.830002,63.459999,63.284588,452300
2021-05-17,63.000000,65.720001,62.590000,65.529999,65.348869,466800
2021-05-18,66.010002,66.199997,61.759998,62.770000,62.596497,591100
2021-05-19,60.639999,61.130001,57.770000,58.680000,58.517803,1201200
2021-05-20,58.689999,58.779999,55.750000,57.450001,57.291203,848900
2021-05-21,58.330002,59.049999,56.349998,57.540001,57.380955,453600
2021-05-24,57.490002,58.290001,56.200001,57.619999,57.460732,689500
2021-05-25,57.910000,59.139999,56.810001,56.889999,56.732750,379200
2021-05-26,57.799999,61.270000,57.570000,59.770000,59.604790,700100
2021-05-27,60.509998,62.889999,59.770000,62.459999,62.287354,820900
2021-05-28,63.000000,63.000000,60.090000,60.580002,60.412552,596400
2021-06-01,60.869999,64.040001,60.599998,63.040001,62.865753,811500
2021-06-02,63.180000,63.180000,60.540001,62.099998,61.928349,741500
2021-06-03,62.430000,62.430000,59.259998,60.700001,60.532219,526900
2021-06-04,60.529999,61.310001,57.919998,58.869999,58.707275,492300
2021-06-07,59.189999,60.680000,57.439999,58.700001,58.537746,1057900
2021-06-08,58.779999,62.279999,58.139999,61.439999,61.270172,988700
2021-06-09,61.439999,62.450001,59.570000,61.040001,60.871281,1043500
2021-06-10,65.500000,74.800003,65.000000,69.580002,69.387672,7598900
2021-06-11,68.849998,74.779999,68.279999,74.750000,74.543381,2756000
2021-06-14,74.750000,76.760002,73.300003,75.570000,75.361115,1447800
2021-06-15,75.879997,76.510002,71.919998,74.250000,74.044762,938000
2021-06-16,74.029999,75.910004,71.510002,75.379997,75.171638,952900
2021-06-17,76.279999,77.239998,72.339996,74.279999,74.074684,1021400
2021-06-18,73.099998,74.849998,72.570000,73.050003,72.848083,1321300
2021-06-21,73.440002,76.050003,72.849998,75.489998,75.281334,918400
2021-06-22,75.070000,78.459999,74.529999,76.089996,75.879677,1052300
2021-06-23,75.720001,79.190002,75.190002,78.709999,78.492439,724500
2021-06-24,79.500000,80.199997,77.820000,79.519997,79.300194,791200
2021-06-25,80.089996,83.000000,77.919998,78.010002,77.794373,3476000
2021-06-28,78.580002,78.660004,76.459999,78.129997,77.914040,770500
2021-06-29,78.260002,78.980003,76.099998,76.370003,76.158905,568400
2021-06-30,76.169998,81.000000,76.169998,80.790001,80.566689,665900
2021-07-01,81.099998,82.000000,79.220001,79.800003,79.579430,557600
2021-07-02,79.480003,80.160004,78.110001,79.019997,78.801575,419000
2021-07-06,79.199997,79.610001,75.279999,77.930000,77.714592,533000
2021-07-07,77.040001,77.860001,74.269997,76.120003,75.909599,533900
2021-07-08,73.580002,75.230003,70.610001,73.959999,73.755569,723400
2021-07-09,75.000000,77.949997,75.000000,76.629997,76.418182,532000
2021-07-12,75.510002,77.959999,74.110001,76.930000,76.717361,386100
2021-07-13,76.510002,76.879997,74.010002,75.199997,74.992134,529600
2021-07-14,75.860001,76.989998,72.940002,73.110001,72.907913,498900
2021-07-15,72.000000,72.250000,68.620003,70.300003,70.105690,683100
2021-07-16,71.199997,71.919998,66.970001,67.250000,67.064117,671000
2021-07-19,64.690002,65.860001,62.189999,62.889999,62.716164,984500
2021-07-20,63.290001,66.230003,62.119999,65.209999,65.029755,810200
2021-07-21,66.190002,69.300003,66.099998,68.570000,68.380463,542000
2021-07-22,68.559998,68.559998,65.040001,66.910004,66.725060,463200
2021-07-23,67.949997,67.949997,65.639999,67.230003,67.044174,429200
2021-07-26,67.669998,68.580002,66.180000,67.699997,67.512871,329500
2021-07-27,67.040001,68.269997,64.080002,65.650002,65.468536,513000
2021-07-28,66.010002,66.790001,63.900002,65.120003,64.940002,440500
2021-07-29,65.120003,67.010002,65.019997,65.440002,65.440002,368800
2021-07-30,64.839996,67.489998,64.000000,64.339996,64.339996,308700
2021-08-02,64.809998,67.360001,64.129997,65.400002,65.400002,710300
2021-08-03,65.620003,66.860001,62.369999,65.760002,65.760002,453800
2021-08-04,64.610001,65.099998,61.700001,61.730000,61.730000,502100
2021-08-05,61.380001,63.700001,60.470001,61.799999,61.799999,558600
2021-08-06,63.220001,64.480003,62.549999,63.099998,63.099998,438900
2021-08-09,62.349998,64.209999,61.360001,63.299999,63.299999,437900
2021-08-10,63.590000,68.459999,63.590000,67.940002,67.940002,521900
2021-08-11,67.540001,68.800003,66.080002,68.660004,68.660004,517400
2021-08-12,68.800003,70.339996,65.830002,68.589996,68.589996,427200
2021-08-13,68.139999,70.120003,67.419998,68.980003,68.980003,566300
2021-08-16,68.820000,69.410004,67.070000,68.820000,68.820000,561900
2021-08-17,67.209999,67.610001,63.060001,64.680000,64.680000,819300
2021-08-18,64.230003,67.800003,64.230003,66.220001,66.220001,552000
2021-08-19,65.339996,67.699997,64.510002,66.610001,66.610001,678600
2021-08-20,67.110001,71.019997,66.660004,70.459999,70.459999,1137900
2021-08-23,71.190002,72.139999,69.209999,70.500000,70.500000,588900
2021-08-24,72.389999,75.099998,71.620003,73.879997,73.879997,842800
2021-08-25,74.980003,76.269997,73.849998,75.300003,75.300003,960600
2021-08-26,75.300003,75.720001,72.360001,75.720001,75.720001,690000
2021-08-27,76.300003,80.570000,75.760002,80.290001,80.290001,1083500
2021-08-30,81.010002,82.010002,79.580002,80.099998,80.099998,1221400