Date,Open,High,Low,Close,Adj Close,Volume
2021-01-04,67.029999,67.400002,64.769997,65.019997,64.363564,252500
2021-01-05,65.000000,66.019997,64.949997,65.519997,64.858513,205200
2021-01-06,66.559998,70.379997,66.559998,69.900002,69.194298,308900
2021-01-07,70.059998,70.379997,69.449997,70.279999,69.570457,304500
2021-01-08,70.320000,70.360001,68.239998,69.269997,68.570656,176500
2021-01-11,68.410004,69.629997,68.410004,69.070000,68.372673,82000
2021-01-12,69.400002,70.589996,68.500000,70.269997,69.560555,112500
2021-01-13,69.949997,70.739998,68.629997,68.750000,68.055908,171300
2021-01-14,69.180000,69.750000,67.830002,68.339996,67.650047,175900
2021-01-15,67.629997,68.400002,66.910004,67.910004,67.224388,210600
2021-01-19,68.650002,68.750000,67.720001,68.489998,67.798538,278300
2021-01-20,68.510002,69.440002,67.800003,68.940002,68.243988,201600
2021-01-21,69.000000,69.980003,67.480003,67.500000,66.818535,165200
2021-01-22,66.620003,67.129997,65.910004,66.949997,66.274078,186500
2021-01-25,66.480003,68.230003,66.050003,68.150002,67.461967,252500
2021-01-26,68.599998,68.599998,67.010002,67.709999,67.026413,157100
2021-01-27,66.050003,67.220001,65.320000,66.910004,66.234489,305900
2021-01-28,68.089996,68.089996,66.010002,67.169998,66.491859,302900
2021-01-29,68.169998,68.169998,64.940002,64.980003,64.323975,317200
2021-02-01,65.680000,66.040001,63.930000,64.959999,64.304176,266300
2021-02-02,65.750000,65.830002,64.320000,64.779999,64.125992,305700
2021-02-03,64.480003,65.250000,63.009998,63.599998,62.957901,256700
2021-02-04,63.939999,65.050003,62.810001,64.500000,63.848820,253300
2021-02-05,64.709999,65.150002,63.880001,64.720001,64.066605,307200
2021-02-08,64.660004,65.949997,64.360001,65.790001,65.125793,328400
2021-02-09,65.309998,66.889999,65.000000,66.040001,65.373276,317400
2021-02-10,66.040001,66.779999,65.660004,66.400002,65.729645,310800
2021-02-11,66.000000,68.849998,65.500000,68.750000,68.313110,306300
2021-02-12,68.220001,68.839996,66.680000,67.720001,67.289658,164300
2021-02-16,68.080002,68.080002,65.809998,66.029999,65.610390,159900
2021-02-17,65.660004,67.570000,65.660004,67.300003,66.872330,232000
2021-02-18,66.940002,67.610001,66.220001,67.040001,66.613976,165900
2021-02-19,67.220001,67.930000,66.720001,67.169998,66.743149,157700
2021-02-22,67.000000,68.470001,66.970001,68.389999,67.955399,255800
2021-02-23,68.489998,69.839996,67.510002,68.150002,67.716927,221700
2021-02-24,68.739998,69.730003,67.669998,69.540001,69.098091,246700
2021-02-25,69.750000,70.459999,67.089996,68.050003,67.617561,442500
2021-02-26,67.260002,68.940002,67.220001,67.830002,67.398956,286700
2021-03-01,69.000000,70.589996,68.269997,70.129997,69.684341,183700
2021-03-02,69.820000,70.480003,68.540001,68.639999,68.203812,200100
2021-03-03,68.510002,70.300003,68.330002,69.160004,68.720512,149500
2021-03-04,69.330002,70.419998,67.959999,68.389999,67.955399,202300
2021-03-05,69.430000,71.320000,67.150002,71.239998,70.787285,269300
2021-03-08,71.680000,75.099998,71.080002,74.540001,74.066322,326500
2021-03-09,74.339996,75.230003,72.379997,73.980003,73.509880,439200
2021-03-10,73.910004,77.010002,73.629997,75.660004,75.179199,251400
2021-03-11,75.529999,76.169998,74.720001,75.970001,75.487228,261400
2021-03-12,76.449997,77.110001,75.360001,75.970001,75.487228,317300
2021-03-15,76.459999,77.379997,74.480003,77.250000,76.759094,221900
2021-03-16,76.769997,76.919998,75.629997,76.849998,76.361641,142200
2021-03-17,77.070000,77.449997,75.610001,77.360001,76.868393,210500
2021-03-18,77.300003,77.839996,75.750000,75.900002,75.417671,229300
2021-03-19,75.839996,75.839996,72.849998,73.730003,73.261467,734400
2021-03-22,73.279999,74.040001,72.050003,72.150002,71.691505,226100
2021-03-23,71.410004,72.760002,71.410004,71.889999,71.433159,329600
2021-03-24,72.620003,74.019997,72.010002,72.050003,71.592148,264400
2021-03-25,72.080002,73.900002,70.699997,73.459999,72.993179,222300
2021-03-26,74.250000,74.669998,72.680000,74.419998,73.947075,247600
2021-03-29,74.010002,75.300003,73.059998,73.169998,72.705017,329300
2021-03-30,73.459999,74.870003,73.080002,73.300003,72.834198,182500
2021-03-31,73.099998,73.940002,71.750000,72.540001,72.079025,155600
2021-04-01,72.489998,73.620003,72.000000,73.330002,72.864006,120900
2021-04-05,74.010002,74.209999,72.809998,73.849998,73.380699,154500
2021-04-06,73.870003,75.070000,73.129997,74.610001,74.135872,145700
2021-04-07,74.739998,75.120003,73.540001,74.540001,74.066322,206100
2021-04-08,74.400002,74.919998,73.680000,74.800003,74.324669,167900
2021-04-09,74.949997,75.769997,74.300003,75.510002,75.030151,222800
2021-04-12,75.330002,75.959999,74.599998,75.949997,75.467354,261100
2021-04-13,75.989998,76.360001,74.959999,75.089996,74.612816,153600
2021-04-14,74.800003,76.620003,74.800003,76.099998,75.616402,103600
2021-04-15,76.480003,77.820000,75.589996,76.370003,75.884697,131800
2021-04-16,77.589996,77.720001,75.760002,77.489998,76.997566,335000
2021-04-19,77.339996,77.610001,76.430000,77.000000,76.510689,164200
2021-04-20,76.570000,77.160004,76.080002,76.279999,75.795258,144600
2021-04-21,76.160004,77.529999,75.959999,77.449997,76.957817,184400
2021-04-22,77.190002,77.190002,75.720001,75.870003,75.387871,172300
2021-04-23,76.019997,77.419998,75.970001,76.769997,76.282143,205500
2021-04-26,77.029999,77.839996,76.650002,77.000000,76.510689,213500
2021-04-27,76.760002,77.769997,76.190002,76.620003,76.133102,141000
2021-04-28,76.849998,76.849998,75.000000,75.379997,74.900978,188300
2021-04-29,76.250000,78.989998,75.300003,77.010002,76.520622,278900
2021-04-30,76.330002,77.099998,75.449997,76.139999,75.656151,298300
2021-05-03,76.980003,77.639999,75.779999,77.169998,76.679604,216400
2021-05-04,76.970001,77.589996,75.910004,75.959999,75.477287,246500
2021-05-05,76.059998,76.059998,73.940002,75.470001,74.990410,254000
2021-05-06,75.790001,76.959999,75.379997,76.959999,76.470940,174000
2021-05-07,76.410004,77.620003,76.209999,77.430000,76.937950,156200
2021-05-10,77.750000,78.000000,76.389999,76.750000,76.262268,258300
2021-05-11,75.769997,76.430000,75.480003,75.959999,75.477287,258800
2021-05-12,75.889999,76.129997,73.419998,73.500000,73.032928,148300
2021-05-13,73.250000,76.720001,73.209999,76.129997,75.904388,224100
2021-05-14,76.349998,76.750000,76.129997,76.599998,76.372993,144700
2021-05-17,76.199997,76.839996,75.379997,76.690002,76.462730,172200
2021-05-18,76.489998,77.019997,75.739998,76.000000,75.774773,266000
2021-05-19,75.110001,75.750000,74.720001,75.699997,75.475662,154400
2021-05-20,75.440002,76.750000,75.309998,76.529999,76.303200,163900
2021-05-21,77.000000,77.849998,76.540001,77.519997,77.290268,323800
2021-05-24,77.690002,77.940002,76.580002,77.260002,77.031044,258200
2021-05-25,77.230003,77.970001,75.519997,75.519997,75.296196,372200
2021-05-26,75.980003,76.680000,75.120003,75.150002,74.927299,177700
2021-05-27,75.790001,76.300003,75.099998,75.470001,75.246346,291600
2021-05-28,75.970001,76.040001,74.510002,75.269997,75.046936,194400
2021-06-01,75.809998,76.110001,75.099998,75.919998,75.695007,156200
2021-06-02,76.459999,76.459999,75.570000,75.949997,75.724922,212400
2021-06-03,75.730003,76.480003,75.059998,76.250000,76.024033,215500
2021-06-04,76.129997,76.489998,75.500000,76.260002,76.034004,146400
2021-06-07,76.250000,76.250000,75.260002,75.430000,75.206467,181700
2021-06-08,75.230003,76.709999,74.820000,76.510002,76.283264,161200
2021-06-09,76.360001,76.709999,74.830002,74.949997,74.727882,118300
2021-06-10,75.440002,75.800003,74.699997,75.529999,75.306168,218100
2021-06-11,75.980003,77.120003,75.889999,77.110001,76.881485,271200
2021-06-14,75.690002,77.000000,75.550003,76.480003,76.253357,167200
2021-06-15,76.500000,78.309998,75.959999,77.559998,77.330147,217400
2021-06-16,77.290001,77.989998,76.989998,77.169998,76.941307,334400
2021-06-17,77.349998,78.500000,75.709999,76.269997,76.043968,233600
2021-06-18,75.500000,76.360001,73.900002,74.470001,74.249313,550900
2021-06-21,74.980003,77.080002,74.489998,77.010002,76.781784,194100
2021-06-22,76.989998,77.860001,76.099998,77.639999,77.409912,221700
2021-06-23,77.529999,78.540001,77.190002,77.919998,77.689087,240900
2021-06-24,77.669998,79.000000,77.500000,78.989998,78.755913,149600
2021-06-25,79.180000,80.400002,79.080002,79.849998,79.613365,845300
2021-06-28,79.809998,80.349998,78.870003,79.629997,79.394012,345600
2021-06-29,79.699997,81.169998,79.650002,81.040001,80.799843,284100
2021-06-30,80.889999,81.690002,80.750000,81.150002,80.909515,346500
2021-07-01,81.290001,82.580002,80.860001,82.010002,81.766968,192800
2021-07-02,82.010002,82.070000,80.809998,80.900002,80.660255,148200
2021-07-06,80.559998,81.190002,78.150002,79.190002,78.955322,196900
2021-07-07,78.690002,80.559998,78.599998,80.089996,79.852654,170100
2021-07-08,78.790001,80.080002,77.919998,78.150002,77.918404,167500
2021-07-09,79.230003,79.800003,78.839996,79.529999,79.294312,288500
2021-07-12,79.129997,79.540001,78.480003,79.110001,78.875557,232800
2021-07-13,78.739998,79.410004,77.459999,77.669998,77.439827,132800
2021-07-14,77.209999,77.830002,76.910004,77.419998,77.190567,153400
2021-07-15,77.110001,78.190002,76.519997,78.169998,77.938339,113100
2021-07-16,78.820000,79.099998,78.139999,78.559998,78.327187,161500
2021-07-19,77.389999,78.250000,75.550003,76.120003,75.894424,191500
2021-07-20,76.250000,79.730003,76.250000,78.190002,77.958290,317300
2021-07-21,78.739998,79.790001,78.260002,78.410004,78.177635,133300
2021-07-22,77.970001,78.040001,76.849998,76.970001,76.741905,113800
2021-07-23,77.430000,78.169998,76.959999,77.940002,77.709030,79600
2021-07-26,78.050003,78.879997,77.919998,78.300003,78.067963,67200
2021-07-27,77.660004,78.959999,77.410004,78.650002,78.416924,110300
2021-07-28,79.059998,79.260002,77.190002,78.559998,78.327187,171700
2021-07-29,79.800003,80.650002,78.639999,80.199997,79.962326,107000
2021-07-30,80.190002,81.690002,80.190002,81.349998,81.108917,197300
2021-08-02,81.860001,82.830002,80.669998,80.800003,80.560555,119700
2021-08-03,80.739998,82.449997,79.949997,80.730003,80.490761,149500
2021-08-04,79.849998,80.699997,78.779999,79.349998,79.114845,123200
2021-08-05,79.889999,81.040001,79.820000,80.949997,80.710106,84200
2021-08-06,81.779999,82.879997,81.220001,82.800003,82.554626,114100
2021-08-09,82.750000,83.370003,81.889999,83.279999,83.033203,121300
2021-08-10,83.110001,84.019997,82.940002,83.620003,83.372200,89600
2021-08-11,83.800003,84.449997,83.250000,84.360001,84.110001,94200
2021-08-12,84.610001,84.639999,83.489998,83.889999,83.889999,84600
2021-08-13,83.839996,83.989998,83.230003,83.699997,83.699997,79000
2021-08-16,83.230003,84.309998,82.300003,84.139999,84.139999,53900
2021-08-17,84.260002,84.839996,83.550003,84.739998,84.739998,113800
2021-08-18,84.309998,84.620003,83.570000,83.699997,83.699997,110400
2021-08-19,83.209999,84.949997,82.540001,84.400002,84.400002,127800
2021-08-20,84.250000,86.070000,83.790001,85.180000,85.180000,138500
2021-08-23,85.410004,86.250000,84.750000,84.830002,84.830002,118600
2021-08-24,85.120003,85.430000,83.959999,84.360001,84.360001,89300
2021-08-25,84.250000,85.080002,84.040001,84.089996,84.089996,64300
2021-08-26,84.000000,84.580002,82.839996,82.930000,82.930000,87500
2021-08-27,82.949997,84.820000,82.949997,84.690002,84.690002,219100
2021-08-30,84.989998,85.370003,83.790001,84.019997,84.019997,129600