Date,Open,High,Low,Close,Adj Close,Volume
2021-01-04,31.139999,31.139999,29.400000,30.010000,30.010000,319200
2021-01-05,29.940001,31.280001,29.879999,30.900000,30.900000,372500
2021-01-06,30.910000,32.459999,30.309999,32.070000,32.070000,448100
2021-01-07,32.349998,33.380001,32.220001,32.820000,32.820000,349700
2021-01-08,32.810001,33.279999,31.240000,31.430000,31.430000,437900
2021-01-11,30.790001,32.220001,30.790001,31.389999,31.389999,380900
2021-01-12,31.629999,32.020000,30.860001,31.900000,31.900000,329900
2021-01-13,32.060001,33.160000,31.350000,31.400000,31.400000,199900
2021-01-14,31.629999,32.500000,31.510000,32.360001,32.360001,319900
2021-01-15,31.889999,33.139999,31.730000,32.540001,32.540001,334700
2021-01-19,32.990002,33.110001,32.419998,32.480000,32.480000,412700
2021-01-20,32.639999,35.160000,32.639999,34.900002,34.900002,573300
2021-01-21,35.320000,36.660000,34.939999,35.820000,35.820000,586900
2021-01-22,35.240002,35.650002,34.599998,35.070000,35.070000,394900
2021-01-25,35.020000,35.639999,33.959999,34.290001,34.290001,243100
2021-01-26,34.709999,34.910000,33.180000,33.389999,33.389999,220200
2021-01-27,32.549999,32.980000,31.719999,32.110001,32.110001,389100
2021-01-28,32.279999,33.209999,31.870001,32.770000,32.770000,334800
2021-01-29,32.669998,34.189999,31.809999,33.630001,33.630001,545500
2021-02-01,34.549999,36.240002,34.330002,35.060001,35.060001,641300
2021-02-02,38.400002,40.000000,37.439999,39.549999,39.549999,1111300
2021-02-03,39.740002,41.430000,37.500000,39.340000,39.340000,669900
2021-02-04,39.849998,39.939999,38.900002,39.450001,39.450001,428900
2021-02-05,40.000000,40.939999,39.160000,40.930000,40.930000,339100
2021-02-08,40.950001,42.580002,40.720001,42.520000,42.520000,433300
2021-02-09,42.639999,42.639999,41.270000,41.990002,41.990002,312600
2021-02-10,42.139999,43.250000,41.200001,42.790001,42.790001,335600
2021-02-11,43.250000,44.990002,42.720001,44.709999,44.709999,1288800
2021-02-12,44.450001,44.450001,43.320000,43.779999,43.779999,304000
2021-02-16,44.330002,44.330002,42.529999,42.799999,42.799999,359300
2021-02-17,42.150002,43.810001,41.790001,43.790001,43.790001,750200
2021-02-18,43.650002,43.910000,43.150002,43.340000,43.340000,328000
2021-02-19,43.840000,44.950001,43.619999,44.470001,44.470001,253900
2021-02-22,43.900002,44.990002,43.209999,44.209999,44.209999,275000
2021-02-23,43.639999,45.099998,43.270000,44.430000,44.430000,420100
2021-02-24,44.389999,46.110001,43.200001,45.959999,45.959999,323800
2021-02-25,45.360001,45.950001,43.220001,43.340000,43.340000,399600
2021-02-26,44.250000,45.209999,43.669998,44.250000,44.250000,494800
2021-03-01,45.560001,47.570000,45.360001,46.919998,46.919998,733500
2021-03-02,46.650002,47.279999,45.820000,45.820000,45.820000,937500
2021-03-03,45.520000,45.860001,43.380001,43.660000,43.660000,675900
2021-03-04,43.580002,44.290001,41.970001,43.200001,43.200001,1003700
2021-03-05,44.209999,44.970001,42.169998,44.869999,44.869999,876000
2021-03-08,44.889999,45.990002,43.529999,43.950001,43.950001,440700
2021-03-09,44.720001,44.869999,43.570000,44.090000,44.090000,334500
2021-03-10,44.630001,46.430000,44.250000,45.570000,45.570000,511900
2021-03-11,46.230000,46.639999,44.680000,45.000000,45.000000,414700
2021-03-12,44.369999,44.980000,43.730000,43.860001,43.860001,381200
2021-03-15,43.619999,44.700001,43.290001,44.660000,44.660000,486400
2021-03-16,44.939999,45.490002,44.080002,44.590000,44.590000,350000
2021-03-17,44.529999,46.029999,43.580002,45.889999,45.889999,327700
2021-03-18,45.119999,45.470001,42.970001,43.279999,43.279999,497100
2021-03-19,43.290001,45.650002,43.279999,45.419998,45.419998,795600
2021-03-22,45.580002,46.290001,44.599998,44.779999,44.779999,323000
2021-03-23,44.250000,44.849998,42.009998,42.660000,42.660000,401500
2021-03-24,43.500000,44.570000,41.700001,41.900002,41.900002,550900
2021-03-25,41.189999,44.009998,40.849998,43.959999,43.959999,310400
2021-03-26,44.290001,45.529999,43.820000,45.340000,45.340000,296600
2021-03-29,45.279999,45.540001,43.290001,43.630001,43.630001,419300
2021-03-30,43.439999,44.360001,43.099998,44.000000,44.000000,426400
2021-03-31,44.369999,45.509998,43.980000,45.259998,45.259998,342600
2021-04-01,45.790001,47.860001,45.580002,47.419998,47.419998,449800
2021-04-05,47.910000,47.919998,45.680000,47.349998,47.349998,377700
2021-04-06,47.119999,47.750000,46.939999,47.279999,47.279999,317100
2021-04-07,47.290001,47.290001,45.860001,46.160000,46.160000,276800
2021-04-08,46.430000,46.430000,44.880001,45.599998,45.599998,392700
2021-04-09,45.730000,46.720001,45.169998,46.279999,46.279999,372400
2021-04-12,46.470001,46.820000,45.610001,46.630001,46.630001,253800
2021-04-13,46.509998,46.639999,45.049999,45.889999,45.889999,300100
2021-04-14,45.849998,46.480000,44.930000,45.869999,45.869999,225200
2021-04-15,46.389999,47.360001,45.240002,45.340000,45.340000,562500
2021-04-16,45.810001,47.029999,45.570000,46.790001,46.790001,309700
2021-04-19,46.580002,46.950001,45.450001,45.630001,45.630001,414700
2021-04-20,45.619999,45.750000,43.500000,44.000000,44.000000,404200
2021-04-21,44.639999,45.160000,44.029999,44.650002,44.650002,253300
2021-04-22,44.639999,45.369999,44.080002,44.630001,44.630001,344000
2021-04-23,44.410000,45.360001,44.169998,44.599998,44.599998,373200
2021-04-26,45.150002,45.639999,44.849998,45.349998,45.349998,289600
2021-04-27,45.500000,46.299999,45.009998,45.029999,45.029999,243500
2021-04-28,44.869999,44.930000,43.939999,44.639999,44.639999,227800
2021-04-29,45.310001,45.950001,44.830002,45.619999,45.619999,264500
2021-04-30,44.810001,45.060001,43.860001,44.430000,44.430000,236700
2021-05-03,45.029999,45.330002,44.490002,45.090000,45.090000,242300
2021-05-04,44.619999,44.840000,43.880001,44.270000,44.270000,331300
2021-05-05,44.630001,44.630001,43.189999,43.410000,43.410000,308300
2021-05-06,43.700001,43.860001,42.799999,43.650002,43.650002,316700
2021-05-07,43.660000,45.090000,43.130001,44.689999,44.689999,316500
2021-05-10,44.500000,44.830002,42.869999,43.009998,43.009998,297100
2021-05-11,41.919998,42.330002,41.160000,41.529999,41.529999,299100
2021-05-12,41.020000,41.200001,39.119999,39.529999,39.529999,485500
2021-05-13,39.799999,41.689999,39.750000,41.380001,41.380001,493700
2021-05-14,42.009998,42.180000,41.020000,42.099998,42.099998,284400
2021-05-17,41.740002,41.740002,40.480000,41.419998,41.419998,159800
2021-05-18,41.470001,41.470001,40.209999,40.270000,40.270000,236100
2021-05-19,39.340000,41.060001,38.959999,41.029999,41.029999,570800
2021-05-20,41.110001,41.930000,41.000000,41.560001,41.560001,252800
2021-05-21,42.250000,42.910000,41.880001,42.040001,42.040001,348400
2021-05-24,42.480000,43.160000,41.869999,42.450001,42.450001,312000
2021-05-25,42.680000,44.860001,42.680000,43.779999,43.779999,564900
2021-05-26,46.900002,52.270000,46.450001,52.040001,52.040001,1309600
2021-05-27,53.419998,53.509998,51.560001,51.639999,51.639999,536800
2021-05-28,51.669998,51.669998,49.860001,50.650002,50.650002,412200
2021-06-01,51.200001,53.099998,50.520000,53.060001,53.060001,487100
2021-06-02,53.110001,53.500000,51.500000,53.180000,53.180000,815600
2021-06-03,52.889999,53.070000,51.169998,51.730000,51.730000,373200
2021-06-04,52.369999,52.849998,51.580002,52.720001,52.720001,660700
2021-06-07,52.970001,53.900002,51.450001,52.040001,52.040001,797300
2021-06-08,52.750000,52.750000,51.939999,52.200001,52.200001,312200
2021-06-09,52.209999,52.500000,50.250000,50.480000,50.480000,317000
2021-06-10,49.930000,50.160000,48.439999,48.450001,48.450001,390100
2021-06-11,48.720001,49.389999,48.590000,49.240002,49.240002,295300
2021-06-14,49.139999,49.720001,48.160000,48.700001,48.700001,347900
2021-06-15,48.950001,49.570000,48.110001,49.240002,49.240002,242700
2021-06-16,49.299999,49.709999,48.419998,48.700001,48.700001,253200
2021-06-17,48.540001,49.740002,48.160000,49.669998,49.669998,346900
2021-06-18,48.639999,51.270000,48.459999,51.139999,51.139999,748200
2021-06-21,51.580002,51.820000,50.220001,51.529999,51.529999,366300
2021-06-22,51.360001,52.830002,50.799999,52.810001,52.810001,303900
2021-06-23,53.189999,53.299999,51.139999,52.209999,52.209999,305400
2021-06-24,52.349998,53.139999,51.630001,52.900002,52.900002,248200
2021-06-25,52.939999,53.810001,52.610001,53.689999,53.689999,805100
2021-06-28,53.900002,54.000000,52.849998,53.299999,53.299999,314500
2021-06-29,53.480000,57.070000,53.180000,54.580002,54.580002,878100
2021-06-30,54.279999,54.720001,53.049999,53.299999,53.299999,463500
2021-07-01,53.700001,55.470001,53.150002,54.939999,54.939999,341600
2021-07-02,55.090000,55.119999,53.919998,54.549999,54.549999,192600
2021-07-06,54.599998,54.610001,52.500000,53.950001,53.950001,300400
2021-07-07,53.880001,54.750000,53.020000,53.610001,53.610001,258700
2021-07-08,52.299999,53.540001,49.709999,52.520000,52.520000,518700
2021-07-09,53.360001,53.410000,52.369999,53.020000,53.020000,201000
2021-07-12,52.650002,52.910000,51.959999,52.860001,52.860001,173000
2021-07-13,52.320000,53.110001,52.060001,52.180000,52.180000,292400
2021-07-14,52.209999,52.770000,51.349998,51.430000,51.430000,277800
2021-07-15,51.430000,51.570000,50.029999,50.840000,50.840000,282800
2021-07-16,51.220001,51.500000,49.840000,50.369999,50.369999,359300
2021-07-19,49.560001,51.730000,49.009998,51.520000,51.520000,419500
2021-07-20,52.110001,54.459999,51.990002,53.900002,53.900002,419000
2021-07-21,54.160000,55.400002,54.000000,55.009998,55.009998,289300
2021-07-22,54.730000,54.730000,53.200001,53.310001,53.310001,261800
2021-07-23,53.750000,54.279999,53.490002,54.070000,54.070000,187100
2021-07-26,54.500000,55.000000,53.490002,53.700001,53.700001,327400
2021-07-27,53.259998,54.700001,53.150002,53.970001,53.970001,230900
2021-07-28,54.000000,54.450001,53.509998,53.950001,53.950001,191900
2021-07-29,54.349998,57.400002,54.349998,56.919998,56.919998,356900
2021-07-30,56.080002,57.290001,55.070000,56.400002,56.400002,576100
2021-08-02,56.720001,57.830002,56.380001,57.400002,57.400002,416200
2021-08-03,57.470001,57.740002,55.439999,57.130001,57.130001,416100
2021-08-04,56.049999,60.380001,56.049999,59.849998,59.849998,723300
2021-08-05,60.900002,61.959999,59.599998,60.060001,60.060001,525000
2021-08-06,60.549999,60.970001,59.580002,59.619999,59.619999,625600
2021-08-09,59.380001,61.900002,58.009998,61.150002,61.150002,459600
2021-08-10,61.349998,64.230003,61.099998,62.660000,62.660000,539600
2021-08-11,62.529999,63.660000,61.849998,63.259998,63.259998,400200
2021-08-12,63.209999,63.410000,61.759998,62.340000,62.340000,440200
2021-08-13,62.599998,62.650002,61.389999,61.680000,61.680000,321100
2021-08-16,61.650002,63.169998,60.689999,62.400002,62.400002,330700
2021-08-17,61.689999,61.689999,59.520000,59.980000,59.980000,435700
2021-08-18,59.980000,61.380001,59.529999,59.599998,59.599998,358500
2021-08-19,58.970001,60.000000,58.029999,58.939999,58.939999,305900
2021-08-20,58.740002,59.869999,58.099998,59.590000,59.590000,378500
2021-08-23,59.959999,60.500000,58.730000,59.840000,59.840000,408900
2021-08-24,60.060001,62.869999,59.939999,62.299999,62.299999,429900
2021-08-25,62.419998,63.520000,61.590000,63.240002,63.240002,230700
2021-08-26,63.150002,63.520000,61.980000,62.470001,62.470001,243500
2021-08-27,62.730000,66.820000,62.150002,65.379997,65.379997,562400
2021-08-30,65.830002,66.589996,63.009998,63.470001,63.470001,440200