Date,Open,High,Low,Close,Adj Close,Volume
2021-01-04,32.020000,32.029999,29.520000,29.709999,29.709999,1341300
2021-01-05,29.600000,30.480000,29.420000,30.450001,30.450001,1157100
2021-01-06,30.500000,30.990000,29.190001,30.059999,30.059999,1443800
2021-01-07,30.110001,30.680000,29.270000,30.070000,30.070000,1003000
2021-01-08,30.230000,30.430000,28.940001,29.770000,29.770000,781100
2021-01-11,29.570000,29.840000,29.139999,29.430000,29.430000,600600
2021-01-12,29.610001,29.775000,28.400000,28.709999,28.709999,967200
2021-01-13,28.690001,29.014999,28.260000,28.700001,28.700001,640000
2021-01-14,28.900000,29.030001,27.770000,28.170000,28.170000,665700
2021-01-15,27.840000,28.370001,27.770000,28.000000,28.000000,510800
2021-01-19,27.990000,28.280001,26.780001,27.010000,27.010000,694100
2021-01-20,27.059999,27.459999,26.790001,27.379999,27.379999,476800
2021-01-21,27.520000,27.610001,27.000000,27.360001,27.360001,442300
2021-01-22,27.070000,27.490000,27.000000,27.400000,27.400000,492300
2021-01-25,27.400000,29.250000,27.355000,28.400000,28.400000,813300
2021-01-26,28.690001,29.190001,28.190001,28.969999,28.969999,349700
2021-01-27,28.410000,28.840000,28.090000,28.530001,28.530001,808900
2021-01-28,28.360001,29.250000,28.170000,28.780001,28.780001,881600
2021-01-29,28.719999,29.430000,28.469999,28.540001,28.540001,500800
2021-02-01,28.730000,29.440001,28.170000,29.090000,29.090000,524900
2021-02-02,29.360001,29.969999,28.719999,29.860001,29.860001,428300
2021-02-03,29.459999,29.719999,28.340000,28.879999,28.879999,588000
2021-02-04,28.620001,28.899000,28.379999,28.680000,28.680000,529700
2021-02-05,28.840000,29.200001,28.459999,28.620001,28.620001,428100
2021-02-08,28.740000,29.490000,28.530001,29.459999,29.459999,353000
2021-02-09,29.639999,29.930000,29.309999,29.670000,29.670000,311300
2021-02-10,29.940001,30.230000,29.660000,29.990000,29.990000,321400
2021-02-11,29.980000,30.424999,29.534000,30.330000,30.330000,436400
2021-02-12,30.120001,30.511000,29.959999,30.100000,30.100000,257900
2021-02-16,30.090000,30.280001,28.725000,29.420000,29.420000,479800
2021-02-17,29.440001,29.440001,28.570000,28.709999,28.709999,403300
2021-02-18,28.680000,28.934999,28.340000,28.549999,28.549999,568400
2021-02-19,28.760000,29.040001,27.840000,28.120001,28.120001,453600
2021-02-22,28.100000,28.700001,27.799999,28.340000,28.340000,792200
2021-02-23,28.219999,28.580000,27.709999,28.379999,28.379999,613100
2021-02-24,28.410000,29.615000,28.250000,29.379999,29.379999,907900
2021-02-25,29.070000,29.972000,28.676001,28.990000,28.990000,396900
2021-02-26,29.139999,29.670000,28.750000,29.170000,29.170000,761700
2021-03-01,29.730000,31.230000,29.180000,30.730000,30.730000,527000
2021-03-02,30.660000,31.049999,28.950001,28.969999,28.969999,667500
2021-03-03,29.010000,29.230000,28.000000,28.910000,28.910000,507600
2021-03-04,29.139999,29.790001,28.030001,28.940001,28.940001,799000
2021-03-05,29.040001,30.430000,28.010000,30.330000,30.330000,571400
2021-03-08,29.920000,31.059999,29.920000,30.500000,30.500000,352100
2021-03-09,30.830000,31.840000,30.745001,31.559999,31.559999,473000
2021-03-10,31.940001,34.590000,31.860001,33.750000,33.750000,3104900
2021-03-11,35.000000,35.250000,32.959999,33.430000,33.430000,1394800
2021-03-12,33.520000,34.478001,32.169998,32.720001,32.720001,1033300
2021-03-15,32.869999,34.070000,32.410000,33.709999,33.709999,851100
2021-03-16,33.990002,34.610001,33.540001,33.880001,33.880001,572800
2021-03-17,33.619999,34.750000,33.049999,34.709999,34.709999,460300
2021-03-18,34.330002,34.380001,32.599998,32.900002,32.900002,814100
2021-03-19,32.400002,32.480000,30.309999,32.259998,32.259998,2224100
2021-03-22,32.709999,33.130001,30.889999,31.770000,31.770000,708800
2021-03-23,31.290001,31.930000,29.299999,29.650000,29.650000,1408500
2021-03-24,29.440001,29.840000,28.590000,28.680000,28.680000,785000
2021-03-25,28.370001,29.680000,28.059999,29.440001,29.440001,843500
2021-03-26,29.500000,30.910000,29.111000,30.700001,30.700001,765400
2021-03-29,30.400000,30.700001,29.410000,29.770000,29.770000,650800
2021-03-30,29.740000,30.660000,29.709999,30.330000,30.330000,565700
2021-03-31,30.330000,31.209999,30.190001,30.420000,30.420000,663700
2021-04-01,30.379999,31.170000,29.790001,30.950001,30.950001,548400
2021-04-05,31.490000,31.726000,30.590000,31.379999,31.379999,648400
2021-04-06,31.059999,31.959999,30.730000,31.165001,31.165001,688700
2021-04-07,31.450001,32.669998,31.320000,31.480000,31.480000,971200
2021-04-08,32.099998,32.560001,31.590000,31.760000,31.760000,548500
2021-04-09,31.700001,31.750000,30.980000,31.330000,31.330000,341700
2021-04-12,31.340000,32.910000,31.309999,32.610001,32.610001,756800
2021-04-13,32.610001,32.810001,32.180000,32.590000,32.590000,526600
2021-04-14,32.750000,33.049999,32.419998,32.580002,32.580002,607600
2021-04-15,32.750000,33.259998,32.639999,33.090000,33.090000,444500
2021-04-16,33.430000,33.720001,32.810001,33.419998,33.419998,433800
2021-04-19,33.230000,33.340000,32.730000,33.209999,33.209999,290600
2021-04-20,33.070000,33.400002,31.280001,32.990002,32.990002,317000
2021-04-21,33.049999,33.900002,33.020000,33.849998,33.849998,694000
2021-04-22,34.000000,34.650002,33.919998,33.939999,33.939999,604200
2021-04-23,34.130001,34.150002,33.389999,33.639999,33.639999,567300
2021-04-26,33.750000,34.349998,33.450001,34.320000,34.320000,340500
2021-04-27,34.400002,34.430000,33.709999,34.139999,34.139999,298100
2021-04-28,34.310001,34.966000,34.130001,34.650002,34.650002,265100
2021-04-29,34.959999,35.340000,34.250000,34.860001,34.860001,282700
2021-04-30,34.490002,34.860001,34.419998,34.549999,34.549999,407000
2021-05-03,34.720001,34.980000,34.020000,34.169998,34.169998,550900
2021-05-04,34.000000,34.020000,33.049999,33.860001,33.860001,248300
2021-05-05,34.119999,34.990002,33.680000,33.919998,33.919998,186300
2021-05-06,34.189999,35.049999,34.189999,34.790001,34.790001,373700
2021-05-07,34.910000,35.099998,34.310001,34.889999,34.889999,468200
2021-05-10,34.930000,34.970001,34.439999,34.450001,34.450001,294600
2021-05-11,33.779999,34.660000,33.619999,34.180000,34.180000,290900
2021-05-12,33.939999,34.000000,32.325001,32.590000,32.590000,525400
2021-05-13,32.700001,33.349998,31.834999,33.174999,33.174999,1480400
2021-05-14,33.360001,33.860001,32.740002,33.410000,33.410000,764200
2021-05-17,33.360001,33.465000,31.462000,31.690001,31.690001,1305100
2021-05-18,31.090000,34.195999,31.090000,33.759998,33.759998,881500
2021-05-19,33.029999,34.419998,32.794998,34.380001,34.380001,600800
2021-05-20,34.139999,34.435001,33.340000,34.169998,34.169998,464300
2021-05-21,34.549999,34.549999,33.490002,33.860001,33.860001,438400
2021-05-24,34.049999,34.849998,33.880001,34.669998,34.669998,523000
2021-05-25,34.750000,34.849998,34.270000,34.540001,34.540001,418200
2021-05-26,34.740002,35.115002,34.650002,34.980000,34.980000,346000
2021-05-27,35.250000,35.480000,34.340000,34.439999,34.439999,430500
2021-05-28,34.660000,34.869999,34.279999,34.529999,34.529999,374400
2021-06-01,34.590000,34.959999,34.061001,34.459999,34.459999,352100
2021-06-02,34.540001,34.950001,34.029999,34.540001,34.540001,321600
2021-06-03,34.290001,34.349998,33.230000,33.980000,33.980000,513200
2021-06-04,34.119999,34.395000,33.590000,34.209999,34.209999,531700
2021-06-07,34.290001,34.869999,34.049999,34.590000,34.590000,692700
2021-06-08,34.700001,35.049999,34.200001,34.860001,34.860001,422600
2021-06-09,34.810001,35.610001,34.730000,35.360001,35.360001,359800
2021-06-10,35.490002,35.549999,34.980000,35.040001,35.040001,292600
2021-06-11,35.070000,35.470001,34.370998,35.189999,35.189999,251600
2021-06-14,35.310001,35.490002,35.169998,35.459999,35.459999,293400
2021-06-15,35.500000,36.147999,35.124001,35.459999,35.459999,621000
2021-06-16,35.560001,36.960999,34.922001,35.730000,35.730000,885300
2021-06-17,35.930000,36.020000,34.830002,35.840000,35.840000,475900
2021-06-18,35.590000,36.770000,35.590000,35.860001,35.860001,936500
2021-06-21,35.860001,36.560001,34.619999,36.130001,36.130001,528300
2021-06-22,36.439999,37.827999,36.160000,36.389999,36.389999,753400
2021-06-23,36.270000,36.889999,36.000000,36.110001,36.110001,716500
2021-06-24,36.139999,36.396000,35.520000,36.139999,36.139999,542900
2021-06-25,36.040001,36.450001,35.720001,35.860001,35.860001,1582900
2021-06-28,35.500000,36.630001,35.500000,36.490002,36.490002,530900
2021-06-29,36.480000,36.709999,36.150002,36.340000,36.340000,355500
2021-06-30,36.540001,36.880001,36.340000,36.509998,36.509998,434400
2021-07-01,38.500000,38.500000,35.820000,37.169998,37.169998,1123100
2021-07-02,37.680000,37.849998,36.689999,37.509998,37.509998,474000
2021-07-06,37.540001,37.540001,36.345001,37.049999,37.049999,354400
2021-07-07,37.180000,37.490002,36.680000,37.259998,37.259998,613300
2021-07-08,36.720001,37.450001,36.509998,37.169998,37.169998,514300
2021-07-09,37.250000,37.630001,37.119999,37.290001,37.290001,403300
2021-07-12,37.250000,37.509998,36.939999,37.209999,37.209999,666000
2021-07-13,37.020000,37.395000,36.790001,36.790001,36.790001,338600
2021-07-14,36.349998,36.860001,35.720001,36.639999,36.639999,368100
2021-07-15,36.660000,36.799999,35.910000,36.610001,36.610001,480400
2021-07-16,36.900002,37.320000,36.599998,36.720001,36.720001,295000
2021-07-19,36.259998,36.750000,35.830002,36.189999,36.189999,389700
2021-07-20,36.389999,37.150002,36.369999,36.810001,36.810001,582800
2021-07-21,37.070000,37.340000,36.950001,37.150002,37.150002,331700
2021-07-22,37.130001,37.230000,36.549999,36.900002,36.900002,341100
2021-07-23,37.009998,37.849998,36.709999,37.790001,37.790001,359700
2021-07-26,37.910000,38.049999,37.470001,37.590000,37.590000,299700
2021-07-27,37.580002,37.599998,36.540001,37.049999,37.049999,260500
2021-07-28,37.160000,37.560001,36.931000,37.310001,37.310001,173900
2021-07-29,37.279999,37.730000,37.029999,37.349998,37.349998,276700
2021-07-30,37.290001,37.720001,37.150002,37.480000,37.480000,236900
2021-08-02,37.470001,37.770000,36.759998,36.959999,36.959999,247800
2021-08-03,37.110001,37.110001,36.450001,36.880001,36.880001,352800
2021-08-04,36.680000,36.840000,35.761002,35.930000,35.930000,260400
2021-08-05,36.029999,36.610001,35.950001,36.540001,36.540001,278700
2021-08-06,36.810001,37.029999,36.160000,36.250000,36.250000,334200
2021-08-09,36.150002,36.439999,35.770000,35.799999,35.799999,226900
2021-08-10,35.860001,36.849998,34.880001,35.470001,35.470001,478000
2021-08-11,35.669998,36.770000,35.465000,36.110001,36.110001,712700
2021-08-12,36.070000,36.570000,35.730000,35.990002,35.990002,268400
2021-08-13,36.029999,36.610001,35.750000,36.560001,36.560001,273000
2021-08-16,36.349998,36.349998,35.799999,36.110001,36.110001,276200
2021-08-17,35.799999,35.900002,35.080002,35.320000,35.320000,549200
2021-08-18,35.349998,35.730000,34.520000,34.549999,34.549999,256700
2021-08-19,34.250000,35.110001,33.910000,34.680000,34.680000,361500
2021-08-20,35.365002,35.365002,34.450001,35.160000,35.160000,388000
2021-08-23,35.180000,35.459999,34.630001,35.360001,35.360001,464800
2021-08-24,35.299999,35.459999,34.299999,34.750000,34.750000,460500
2021-08-25,34.700001,35.279999,34.540001,34.990002,34.990002,334800
2021-08-26,34.869999,35.110001,34.139999,34.169998,34.169998,332900
2021-08-27,34.200001,35.450001,34.200001,35.349998,35.349998,464200
2021-08-30,35.290001,35.660000,33.990002,35.570000,35.570000,355700