Date,Open,High,Low,Close,Adj Close,Volume
2021-01-04,72.940002,74.330002,70.199997,71.180000,71.180000,320800
2021-01-05,70.720001,72.629997,70.589996,72.290001,72.290001,926400
2021-01-06,72.459999,74.589996,72.360001,73.519997,73.519997,679300
2021-01-07,73.839996,75.239998,73.699997,74.650002,74.650002,379100
2021-01-08,75.410004,76.349998,73.550003,74.290001,74.290001,581400
2021-01-11,73.930000,75.699997,73.519997,74.570000,74.570000,327700
2021-01-12,74.830002,76.250000,73.870003,75.089996,75.089996,397200
2021-01-13,74.949997,75.669998,73.540001,73.889999,73.889999,661500
2021-01-14,74.209999,78.599998,74.019997,78.000000,78.000000,408500
2021-01-15,77.540001,78.110001,76.339996,77.320000,77.320000,315100
2021-01-19,77.940002,80.430000,77.940002,80.120003,80.120003,324600
2021-01-20,81.120003,81.879997,80.660004,81.519997,81.519997,380900
2021-01-21,82.059998,83.269997,81.099998,82.230003,82.230003,507500
2021-01-22,81.199997,83.000000,81.199997,82.820000,82.820000,364100
2021-01-25,83.110001,83.940002,80.419998,82.150002,82.150002,402500
2021-01-26,82.320000,82.320000,77.419998,77.839996,77.839996,318500
2021-01-27,75.220001,76.440002,71.610001,73.930000,73.930000,528600
2021-01-28,75.779999,75.910004,72.529999,75.070000,75.070000,334500
2021-01-29,75.029999,75.339996,70.930000,70.949997,70.949997,491000
2021-02-01,72.099998,74.889999,71.510002,74.400002,74.400002,252000
2021-02-02,75.669998,76.120003,74.660004,75.709999,75.709999,291300
2021-02-03,75.449997,75.750000,70.300003,71.330002,71.330002,734700
2021-02-04,71.220001,72.500000,70.489998,72.349998,72.349998,267100
2021-02-05,72.709999,73.370003,71.510002,71.940002,71.940002,237200
2021-02-08,72.430000,74.349998,72.410004,74.269997,74.269997,257200
2021-02-09,74.230003,75.099998,73.940002,74.930000,74.930000,156500
2021-02-10,75.860001,75.919998,73.900002,74.699997,74.699997,242000
2021-02-11,75.559998,76.860001,74.430000,76.750000,76.750000,265300
2021-02-12,76.500000,79.000000,75.860001,78.889999,78.889999,275900
2021-02-16,79.769997,80.000000,78.559998,79.000000,79.000000,331100
2021-02-17,77.709999,78.389999,75.339996,77.449997,77.449997,301600
2021-02-18,76.580002,76.739998,75.190002,76.519997,76.519997,165900
2021-02-19,77.199997,80.120003,77.059998,80.029999,80.029999,272100
2021-02-22,79.080002,79.550003,75.650002,76.709999,76.709999,312700
2021-02-23,75.269997,77.029999,73.510002,76.330002,76.330002,252500
2021-02-24,75.629997,78.599998,74.639999,78.519997,78.519997,165400
2021-02-25,77.680000,78.220001,71.849998,72.110001,72.110001,315900
2021-02-26,73.320000,74.860001,71.160004,73.309998,73.309998,267900
2021-03-01,75.360001,76.379997,73.860001,76.379997,76.379997,243300
2021-03-02,76.190002,76.190002,72.000000,72.050003,72.050003,250500
2021-03-03,72.160004,74.570000,70.300003,70.300003,70.300003,358600
2021-03-04,69.949997,70.360001,64.669998,65.639999,65.639999,429700
2021-03-05,67.480003,68.510002,64.360001,68.000000,68.000000,452500
2021-03-08,67.989998,69.129997,66.029999,66.180000,66.180000,376200
2021-03-09,68.580002,69.250000,66.449997,68.139999,68.139999,657600
2021-03-10,69.199997,69.790001,65.739998,65.809998,65.809998,349100
2021-03-11,67.589996,69.529999,67.010002,69.430000,69.430000,233000
2021-03-12,68.620003,69.250000,67.260002,68.970001,68.970001,230600
2021-03-15,69.070000,70.650002,68.160004,70.570000,70.570000,384300
2021-03-16,71.580002,73.940002,71.059998,72.269997,72.269997,335400
2021-03-17,71.050003,73.089996,69.260002,73.089996,73.089996,378400
2021-03-18,73.330002,75.370003,68.720001,68.879997,68.879997,620800
2021-03-19,69.089996,73.489998,69.089996,72.620003,72.620003,1130000
2021-03-22,73.989998,73.989998,72.360001,72.610001,72.610001,391500
2021-03-23,72.160004,73.180000,67.919998,68.269997,68.269997,357500
2021-03-24,69.449997,69.849998,65.610001,65.769997,65.769997,622500
2021-03-25,64.779999,65.970001,63.560001,65.199997,65.199997,612300
2021-03-26,65.279999,68.099998,64.720001,68.019997,68.019997,554800
2021-03-29,67.230003,67.930000,65.349998,66.389999,66.389999,357500
2021-03-30,65.709999,67.449997,65.269997,67.150002,67.150002,322500
2021-03-31,67.870003,70.080002,67.629997,69.000000,69.000000,345700
2021-04-01,70.250000,72.000000,70.050003,71.459999,71.459999,334100
2021-04-05,72.180000,72.320000,70.839996,72.059998,72.059998,215200
2021-04-06,71.790001,72.339996,70.709999,70.970001,70.970001,217700
2021-04-07,70.370003,71.089996,69.370003,69.660004,69.660004,239200
2021-04-08,70.580002,71.010002,69.809998,70.940002,70.940002,226500
2021-04-09,70.269997,70.849998,69.790001,70.529999,70.529999,276700
2021-04-12,70.010002,70.440002,69.029999,70.320000,70.320000,137700
2021-04-13,70.709999,71.900002,69.000000,69.610001,69.610001,167300
2021-04-14,69.540001,71.550003,68.610001,68.949997,68.949997,308700
2021-04-15,69.870003,70.379997,69.269997,70.070000,70.070000,303800
2021-04-16,70.290001,70.610001,69.449997,70.459999,70.459999,327600
2021-04-19,69.180000,69.889999,67.279999,68.980003,68.980003,483800
2021-04-20,68.629997,68.930000,66.519997,67.120003,67.120003,250000
2021-04-21,67.349998,69.080002,66.940002,68.959999,68.959999,174200
2021-04-22,69.010002,69.669998,67.760002,67.949997,67.949997,191600
2021-04-23,68.699997,71.779999,68.639999,71.250000,71.250000,332700
2021-04-26,71.620003,73.250000,71.029999,72.790001,72.790001,344000
2021-04-27,73.360001,73.360001,71.080002,71.370003,71.370003,162700
2021-04-28,70.860001,72.120003,70.349998,70.610001,70.610001,193700
2021-04-29,71.489998,72.379997,69.000000,70.160004,70.160004,172200
2021-04-30,69.459999,69.489998,67.180000,67.739998,67.739998,296900
2021-05-03,68.559998,68.639999,65.870003,66.300003,66.300003,228300
2021-05-04,65.180000,65.300003,63.369999,63.660000,63.660000,326100
2021-05-05,64.470001,64.570000,62.770000,63.459999,63.459999,466600
2021-05-06,63.040001,63.130001,61.759998,63.029999,63.029999,303200
2021-05-07,63.959999,65.400002,63.520000,64.010002,64.010002,249700
2021-05-10,63.770000,63.770000,61.320000,61.470001,61.470001,406200
2021-05-11,59.330002,61.919998,59.169998,61.560001,61.560001,295300
2021-05-12,59.990002,60.919998,58.340000,58.650002,58.650002,275600
2021-05-13,59.820000,60.980000,58.939999,60.259998,60.259998,417100
2021-05-14,61.060001,61.770000,59.910000,61.169998,61.169998,652300
2021-05-17,60.400002,62.410000,60.099998,61.040001,61.040001,263400
2021-05-18,61.590000,62.240002,60.279999,60.419998,60.419998,205500
2021-05-19,59.070000,62.020000,58.849998,61.480000,61.480000,386000
2021-05-20,61.660000,62.529999,60.810001,62.299999,62.299999,809500
2021-05-21,62.790001,63.099998,61.840000,61.950001,61.950001,282600
2021-05-24,62.389999,63.110001,61.910000,62.290001,62.290001,535100
2021-05-25,62.910000,63.570000,61.759998,62.000000,62.000000,347600
2021-05-26,62.029999,63.990002,62.029999,62.950001,62.950001,699900
2021-05-27,63.240002,63.650002,62.700001,62.869999,62.869999,636300
2021-05-28,63.369999,63.480000,62.509998,63.000000,63.000000,467600
2021-06-01,63.299999,63.759998,62.150002,62.950001,62.950001,533600
2021-06-02,62.880001,63.200001,61.750000,61.930000,61.930000,734100
2021-06-03,65.000000,65.690002,63.869999,65.110001,65.110001,2077100
2021-06-04,65.889999,67.750000,65.559998,67.260002,67.260002,620900
2021-06-07,66.790001,67.070000,65.680000,66.680000,66.680000,509700
2021-06-08,66.419998,67.309998,65.550003,67.220001,67.220001,378300
2021-06-09,67.779999,67.800003,66.660004,66.750000,66.750000,380100
2021-06-10,67.190002,68.260002,66.080002,66.389999,66.389999,378600
2021-06-11,66.489998,67.059998,65.720001,66.300003,66.300003,278300
2021-06-14,66.500000,67.110001,66.000000,67.059998,67.059998,496800
2021-06-15,67.029999,67.760002,66.419998,66.650002,66.650002,216500
2021-06-16,66.669998,67.330002,65.279999,65.860001,65.860001,297600
2021-06-17,65.430000,66.989998,65.290001,65.919998,65.919998,271700
2021-06-18,64.540001,65.379997,63.200001,63.410000,63.410000,666600
2021-06-21,63.630001,64.320000,62.770000,64.180000,64.180000,473400
2021-06-22,64.029999,64.339996,63.540001,64.089996,64.089996,423700
2021-06-23,64.089996,64.949997,63.930000,64.400002,64.400002,808500
2021-06-24,65.010002,66.650002,65.000000,66.250000,66.250000,498100
2021-06-25,66.620003,67.610001,65.970001,66.120003,66.120003,880000
2021-06-28,66.669998,68.029999,66.550003,67.459999,67.459999,413900
2021-06-29,67.339996,68.680000,67.129997,68.589996,68.589996,383700
2021-06-30,68.330002,69.220001,68.010002,68.800003,68.800003,561000
2021-07-01,68.790001,69.330002,67.860001,68.059998,68.059998,361000
2021-07-02,68.699997,69.110001,67.580002,67.699997,67.699997,280200
2021-07-06,67.699997,67.790001,65.230003,66.279999,66.279999,268500
2021-07-07,66.849998,67.370003,64.470001,64.779999,64.779999,291300
2021-07-08,63.500000,64.489998,62.310001,63.639999,63.639999,341700
2021-07-09,63.810001,65.680000,63.400002,65.290001,65.290001,266800
2021-07-12,65.449997,65.739998,64.449997,65.150002,65.150002,230500
2021-07-13,64.800003,65.639999,64.470001,65.480003,65.480003,347800
2021-07-14,66.080002,66.919998,64.320000,64.400002,64.400002,287100
2021-07-15,63.970001,64.379997,61.730000,62.439999,62.439999,367000
2021-07-16,62.980000,63.310001,60.910000,60.919998,60.919998,245200
2021-07-19,59.549999,60.599998,58.869999,59.700001,59.700001,229800
2021-07-20,59.799999,61.380001,59.529999,60.930000,60.930000,424800
2021-07-21,61.369999,62.830002,61.369999,61.959999,61.959999,457800
2021-07-22,61.389999,61.509998,60.320000,60.759998,60.759998,218200
2021-07-23,60.930000,61.740002,60.029999,61.279999,61.279999,357800
2021-07-26,61.189999,61.560001,60.509998,60.939999,60.939999,200700
2021-07-27,60.910000,61.060001,57.970001,59.320000,59.320000,320800
2021-07-28,59.709999,61.310001,59.480000,60.599998,60.599998,244200
2021-07-29,60.919998,61.910000,60.790001,61.540001,61.540001,170600
2021-07-30,60.720001,62.150002,60.669998,61.910000,61.910000,249100
2021-08-02,62.790001,63.790001,62.119999,62.200001,62.200001,198900
2021-08-03,62.349998,62.770000,61.369999,62.240002,62.240002,239800
2021-08-04,62.349998,63.000000,62.130001,62.360001,62.360001,208400
2021-08-05,63.049999,63.540001,62.330002,62.880001,62.880001,160500
2021-08-06,62.779999,64.320000,62.650002,64.230003,64.230003,268600
2021-08-09,64.730003,64.730003,62.770000,63.910000,63.910000,222600
2021-08-10,64.000000,64.940002,63.060001,64.750000,64.750000,326500
2021-08-11,64.919998,64.919998,62.869999,64.500000,64.500000,249800
2021-08-12,64.400002,64.580002,63.349998,64.510002,64.510002,257900
2021-08-13,64.529999,66.250000,63.889999,66.040001,66.040001,643600
2021-08-16,65.910004,66.150002,64.930000,65.110001,65.110001,294900
2021-08-17,64.309998,64.309998,61.560001,63.290001,63.290001,444300
2021-08-18,63.470001,64.489998,62.900002,62.959999,62.959999,207000
2021-08-19,62.639999,63.320000,61.880001,62.830002,62.830002,198400
2021-08-20,62.830002,63.470001,62.630001,63.400002,63.400002,181300
2021-08-23,64.839996,65.570000,64.029999,65.309998,65.309998,196400
2021-08-24,65.410004,66.269997,65.080002,66.209999,66.209999,259600
2021-08-25,66.610001,67.519997,66.610001,67.300003,67.300003,286100
2021-08-26,67.029999,68.230003,66.879997,68.070000,68.070000,357900
2021-08-27,68.320000,70.699997,68.320000,70.360001,70.360001,474400
2021-08-30,70.750000,71.209999,69.650002,69.839996,69.839996,431500