Date,Open,High,Low,Close,Adj Close,Volume
2021-01-04,23.540001,23.629999,22.760000,23.240000,23.240000,2369200
2021-01-05,23.090000,24.170000,23.090000,23.969999,23.969999,1844700
2021-01-06,23.920000,24.670000,23.719999,24.250000,24.250000,1914100
2021-01-07,24.309999,25.000000,24.309999,24.870001,24.870001,1711900
2021-01-08,24.959999,25.139999,23.910000,24.410000,24.410000,1373700
2021-01-11,24.100000,25.660000,23.959999,25.530001,25.530001,2501900
2021-01-12,25.830000,26.510000,25.459999,26.389999,26.389999,2802400
2021-01-13,26.530001,26.690001,25.959999,26.290001,26.290001,1906800
2021-01-14,26.860001,27.219999,26.410000,26.830000,26.830000,2319400
2021-01-15,26.790001,26.799999,25.219999,26.330000,26.330000,3323900
2021-01-19,26.520000,27.590000,26.200001,27.049999,27.049999,3287000
2021-01-20,27.650000,28.230000,27.410000,28.100000,28.100000,3099000
2021-01-21,28.240000,28.500000,27.629999,28.120001,28.120001,2645400
2021-01-22,27.889999,28.400000,27.330000,28.299999,28.299999,1621000
2021-01-25,28.420000,28.850000,27.180000,27.590000,27.590000,2056700
2021-01-26,27.750000,27.900000,26.580000,27.240000,27.240000,1698700
2021-01-27,26.580000,26.969999,26.000000,26.549999,26.549999,2132400
2021-01-28,26.200001,27.230000,26.110001,27.090000,27.090000,1920300
2021-01-29,27.020000,27.490000,25.770000,26.150000,26.150000,1715700
2021-02-01,26.350000,26.650000,25.549999,26.559999,26.559999,1730800
2021-02-02,27.000000,27.940001,26.549999,27.820000,27.820000,1989200
2021-02-03,29.250000,30.490000,28.760000,29.760000,29.760000,4037000
2021-02-04,29.900000,31.000000,29.830000,30.500000,30.500000,2484300
2021-02-05,30.709999,31.090000,30.330000,31.000000,31.000000,2098600
2021-02-08,30.980000,32.000000,30.790001,31.360001,31.360001,2864500
2021-02-09,31.340000,32.349998,30.950001,32.230000,32.230000,2515000
2021-02-10,32.450001,32.880001,31.400000,31.500000,31.500000,3813100
2021-02-11,37.000000,37.990002,34.529999,36.439999,36.439999,11078700
2021-02-12,35.500000,36.209999,34.110001,35.480000,35.480000,5539400
2021-02-16,35.849998,36.430000,34.650002,36.209999,36.209999,3218600
2021-02-17,35.529999,36.689999,35.130001,36.630001,36.630001,2722700
2021-02-18,36.209999,36.900002,35.250000,36.529999,36.529999,1994000
2021-02-19,36.560001,37.630001,36.020000,36.849998,36.849998,2521100
2021-02-22,36.590000,38.500000,36.290001,37.959999,37.959999,3688100
2021-02-23,37.169998,39.020000,34.549999,38.730000,38.730000,8040600
2021-02-24,38.889999,40.680000,38.450001,40.450001,40.450001,4530300
2021-02-25,40.470001,41.549999,39.400002,39.660000,39.660000,3947300
2021-02-26,39.880001,40.860001,38.259998,38.939999,38.939999,2857500
2021-03-01,40.410000,41.599998,40.200001,41.080002,41.080002,3121800
2021-03-02,41.270000,41.990002,40.250000,40.250000,40.250000,2363900
2021-03-03,40.529999,41.430000,39.500000,39.509998,39.509998,2594100
2021-03-04,38.549999,39.169998,35.099998,36.930000,36.930000,5689900
2021-03-05,37.369999,38.099998,34.490002,37.799999,37.799999,4220300
2021-03-08,38.270000,39.000000,35.520000,35.779999,35.779999,2637500
2021-03-09,37.209999,38.919998,36.759998,38.320000,38.320000,3414500
2021-03-10,38.310001,40.180000,37.500000,39.709999,39.709999,5864000
2021-03-11,40.970001,41.950001,40.090000,41.439999,41.439999,4016300
2021-03-12,40.400002,41.630001,39.830002,41.560001,41.560001,1442500
2021-03-15,42.279999,43.709999,41.959999,42.700001,42.700001,2245000
2021-03-16,43.139999,43.590000,41.790001,42.250000,42.250000,2141900
2021-03-17,41.900002,43.560001,41.250000,43.090000,43.090000,2195300
2021-03-18,42.320000,43.000000,40.080002,40.360001,40.360001,3187800
2021-03-19,42.500000,42.880001,40.990002,41.570000,41.570000,7915300
2021-03-22,42.119999,42.759998,40.689999,41.090000,41.090000,2426500
2021-03-23,40.950001,41.099998,38.529999,38.799999,38.799999,3758800
2021-03-24,39.619999,39.970001,37.150002,37.169998,37.169998,2228400
2021-03-25,36.500000,37.790001,35.750000,37.490002,37.490002,2791900
2021-03-26,38.139999,38.349998,36.750000,37.840000,37.840000,1599100
2021-03-29,37.730000,38.000000,36.189999,36.599998,36.599998,1901300
2021-03-30,36.230000,37.439999,35.799999,36.880001,36.880001,1474700
2021-03-31,37.310001,37.950001,37.240002,37.470001,37.470001,1498000
2021-04-01,37.779999,39.240002,37.779999,38.959999,38.959999,1632900
2021-04-05,39.500000,40.310001,38.549999,40.250000,40.250000,2460500
2021-04-06,40.490002,42.000000,40.180000,40.580002,40.580002,2717400
2021-04-07,40.380001,40.639999,39.580002,40.230000,40.230000,1919300
2021-04-08,40.389999,42.470001,40.139999,42.240002,42.240002,8417000
2021-04-09,41.810001,42.389999,40.849998,41.669998,41.669998,1657500
2021-04-12,41.470001,41.650002,39.700001,41.490002,41.490002,1351800
2021-04-13,42.000000,43.139999,41.150002,42.750000,42.750000,2463500
2021-04-14,43.799999,44.720001,42.150002,43.209999,43.209999,2879900
2021-04-15,43.500000,44.250000,42.709999,43.889999,43.889999,1902600
2021-04-16,43.919998,44.000000,42.080002,43.410000,43.410000,1328700
2021-04-19,43.150002,43.250000,42.029999,42.810001,42.810001,1800700
2021-04-20,41.980000,42.430000,39.099998,39.590000,39.590000,2947800
2021-04-21,39.919998,41.820000,39.590000,41.779999,41.779999,1597900
2021-04-22,41.900002,42.189999,40.570000,40.830002,40.830002,1141300
2021-04-23,41.480000,41.849998,40.980000,41.340000,41.340000,1346000
2021-04-26,42.160000,43.389999,41.750000,42.369999,42.369999,1788900
2021-04-27,42.410000,42.830002,41.380001,42.630001,42.630001,1277000
2021-04-28,42.340000,42.430000,41.230000,41.619999,41.619999,889700
2021-04-29,42.070000,42.099998,40.610001,41.240002,41.240002,769600
2021-04-30,40.730000,41.110001,39.869999,40.029999,40.029999,1465300
2021-05-03,40.099998,40.639999,39.630001,39.980000,39.980000,1163700
2021-05-04,39.160000,39.419998,37.619999,39.299999,39.299999,3848600
2021-05-05,39.869999,40.150002,38.650002,39.349998,39.349998,1984500
2021-05-06,39.160000,39.349998,36.419998,37.590000,37.590000,2808300
2021-05-07,38.500000,38.580002,37.119999,37.580002,37.580002,3256900
2021-05-10,37.630001,37.630001,34.650002,34.849998,34.849998,3592900
2021-05-11,32.980000,35.139999,32.830002,34.869999,34.869999,2280200
2021-05-12,34.099998,34.250000,31.219999,31.490000,31.490000,8248700
2021-05-13,34.860001,35.290001,31.700001,33.830002,33.830002,16142100
2021-05-14,34.430000,34.779999,33.189999,33.880001,33.880001,3630500
2021-05-17,33.610001,34.200001,33.209999,33.869999,33.869999,2818300
2021-05-18,33.790001,35.099998,33.389999,34.230000,34.230000,2112700
2021-05-19,33.410000,34.070000,32.950001,33.759998,33.759998,1630000
2021-05-20,33.990002,34.099998,32.980000,33.360001,33.360001,2081400
2021-05-21,33.830002,35.380001,33.599998,34.990002,34.990002,3124800
2021-05-24,35.570000,36.299999,35.049999,36.020000,36.020000,2635400
2021-05-25,36.340000,36.520000,35.369999,35.509998,35.509998,1598500
2021-05-26,35.830002,36.590000,35.490002,36.520000,36.520000,1659400
2021-05-27,36.520000,37.619999,36.240002,37.560001,37.560001,1971000
2021-05-28,37.770000,37.770000,36.939999,37.000000,37.000000,2194900
2021-06-01,37.459999,38.060001,36.950001,37.369999,37.369999,1707700
2021-06-02,37.419998,37.560001,35.860001,36.549999,36.549999,1765000
2021-06-03,36.080002,36.080002,34.880001,34.889999,34.889999,2918900
2021-06-04,35.240002,35.720001,34.759998,35.430000,35.430000,1455100
2021-06-07,35.349998,36.189999,35.189999,36.099998,36.099998,1355700
2021-06-08,36.380001,36.900002,35.970001,36.130001,36.130001,1266400
2021-06-09,36.049999,36.209999,34.869999,34.910000,34.910000,1340200
2021-06-10,35.000000,35.369999,34.330002,34.439999,34.439999,1256500
2021-06-11,34.380001,35.480000,34.279999,35.330002,35.330002,1047400
2021-06-14,35.270000,35.400002,34.509998,34.810001,34.810001,1480600
2021-06-15,34.750000,35.009998,34.340000,34.480000,34.480000,1371600
2021-06-16,34.259998,34.799999,33.799999,34.549999,34.549999,1382900
2021-06-17,34.380001,34.740002,33.500000,33.590000,33.590000,1384400
2021-06-18,33.000000,33.779999,32.520000,33.049999,33.049999,2677300
2021-06-21,33.349998,34.369999,32.810001,34.250000,34.250000,3304900
2021-06-22,34.000000,34.500000,33.220001,34.250000,34.250000,1723300
2021-06-23,33.959999,34.570000,33.959999,34.139999,34.139999,1694700
2021-06-24,34.540001,34.540001,33.840000,33.880001,33.880001,991300
2021-06-25,34.150002,35.279999,33.549999,34.880001,34.880001,2928700
2021-06-28,35.060001,36.139999,34.950001,35.439999,35.439999,1683000
2021-06-29,35.570000,35.630001,34.959999,34.959999,34.959999,769300
2021-06-30,34.950001,35.520000,34.500000,35.230000,35.230000,1150600
2021-07-01,35.320000,35.680000,34.759998,35.650002,35.650002,1153900
2021-07-02,36.000000,36.200001,35.450001,35.919998,35.919998,1148200
2021-07-06,36.189999,36.549999,35.070000,35.619999,35.619999,1276100
2021-07-07,35.540001,35.730000,34.139999,34.189999,34.189999,1602200
2021-07-08,33.250000,33.939999,32.580002,33.480000,33.480000,1494800
2021-07-09,33.750000,34.919998,33.720001,34.880001,34.880001,1277800
2021-07-12,34.930000,35.139999,34.450001,35.070000,35.070000,929700
2021-07-13,34.990002,35.610001,34.560001,35.049999,35.049999,1287200
2021-07-14,35.250000,35.500000,34.110001,34.160000,34.160000,1497100
2021-07-15,34.000000,34.080002,32.660000,33.279999,33.279999,2539300
2021-07-16,33.500000,33.599998,32.310001,32.400002,32.400002,1148000
2021-07-19,31.500000,32.410000,31.059999,32.230000,32.230000,1314000
2021-07-20,32.230000,33.080002,31.860001,32.810001,32.810001,1063800
2021-07-21,33.090000,34.130001,32.980000,34.110001,34.110001,1496600
2021-07-22,34.240002,34.250000,33.000000,33.200001,33.200001,953500
2021-07-23,33.450001,33.529999,33.009998,33.389999,33.389999,645200
2021-07-26,33.639999,33.639999,32.560001,33.290001,33.290001,1056300
2021-07-27,33.080002,33.080002,31.840000,32.630001,32.630001,1177400
2021-07-28,32.959999,33.830002,32.880001,33.369999,33.369999,1209600
2021-07-29,33.590000,34.220001,33.389999,33.950001,33.950001,1150800
2021-07-30,33.470001,34.110001,33.080002,33.380001,33.380001,950000
2021-08-02,33.610001,33.950001,33.139999,33.330002,33.330002,1038400
2021-08-03,33.520000,33.549999,32.709999,33.470001,33.470001,1129500
2021-08-04,33.320000,33.779999,32.980000,33.049999,33.049999,1133700
2021-08-05,33.029999,34.090000,32.869999,34.080002,34.080002,1282900
2021-08-06,34.200001,34.720001,33.840000,34.270000,34.270000,1205700
2021-08-09,34.180000,35.040001,33.720001,34.740002,34.740002,1556500
2021-08-10,34.880001,35.959999,34.209999,35.209999,35.209999,3153200
2021-08-11,35.310001,35.509998,33.439999,34.799999,34.799999,4935700
2021-08-12,38.980000,39.290001,36.130001,37.380001,37.380001,10922000
2021-08-13,37.230000,38.720001,36.680000,38.139999,38.139999,7438100
2021-08-16,42.250000,42.570000,39.450001,39.930000,39.930000,37766500
2021-08-17,38.759998,39.689999,38.060001,38.540001,38.540001,5853600
2021-08-18,38.509998,39.590000,37.720001,37.860001,37.860001,4071300
2021-08-19,37.380001,37.849998,36.160000,36.590000,36.590000,3411200
2021-08-20,36.529999,37.860001,36.430000,37.810001,37.810001,3478600
2021-08-23,38.270000,39.060001,38.110001,38.689999,38.689999,2481400
2021-08-24,38.880001,40.320000,38.820000,40.150002,40.150002,3852500
2021-08-25,40.220001,41.990002,40.169998,41.310001,41.310001,3960400
2021-08-26,41.209999,41.480000,40.500000,40.580002,40.580002,2154500
2021-08-27,40.840000,41.389999,40.349998,40.950001,40.950001,2135900
2021-08-30,41.000000,41.189999,39.430000,39.490002,39.490002,2089700