Date,Open,High,Low,Close,Adj Close,Volume
2021-01-04,109.529999,112.330002,106.379997,112.190002,112.190002,456400
2021-01-05,112.900002,115.180000,111.080002,111.699997,111.699997,288700
2021-01-06,111.940002,115.680000,111.489998,113.989998,113.989998,292900
2021-01-07,114.550003,117.449997,113.430000,115.949997,115.949997,173400
2021-01-08,117.220001,118.059998,113.889999,114.449997,114.449997,208400
2021-01-11,113.019997,114.989998,111.309998,112.239998,112.239998,201000
2021-01-12,112.959999,113.540001,109.639999,110.519997,110.519997,234400
2021-01-13,110.730003,111.220001,107.389999,107.629997,107.629997,225100
2021-01-14,108.220001,109.209999,105.599998,106.580002,106.580002,313100
2021-01-15,106.139999,108.209999,105.839996,106.989998,106.989998,225300
2021-01-19,107.830002,110.430000,107.389999,110.309998,110.309998,334100
2021-01-20,111.309998,114.440002,111.309998,114.019997,114.019997,254700
2021-01-21,115.059998,115.989998,109.349998,109.379997,109.379997,161800
2021-01-22,109.349998,110.339996,106.540001,108.550003,108.550003,194400
2021-01-25,109.239998,110.519997,105.470001,107.349998,107.349998,113300
2021-01-26,108.220001,108.220001,104.620003,104.870003,104.870003,91000
2021-01-27,102.519997,106.660004,99.339996,102.940002,102.940002,270900
2021-01-28,104.019997,104.019997,101.250000,102.870003,102.870003,214700
2021-01-29,102.209999,103.050003,98.639999,98.889999,98.889999,199900
2021-02-01,98.940002,102.419998,98.940002,101.940002,101.940002,180200
2021-02-02,103.160004,106.150002,102.980003,105.440002,105.440002,131000
2021-02-03,105.610001,105.610001,102.919998,103.480003,103.480003,135000
2021-02-04,103.889999,106.699997,102.900002,106.699997,106.699997,117300
2021-02-05,107.879997,107.879997,106.070000,107.739998,107.739998,95100
2021-02-08,108.989998,109.839996,107.669998,108.940002,108.940002,107700
2021-02-09,109.430000,110.000000,108.339996,109.070000,109.070000,255800
2021-02-10,109.980003,110.660004,107.809998,108.620003,108.620003,150500
2021-02-11,109.430000,110.320000,107.830002,110.320000,110.320000,159800
2021-02-12,106.500000,110.199997,103.639999,110.099998,110.099998,285500
2021-02-16,111.050003,111.949997,109.320000,110.480003,110.480003,208400
2021-02-17,109.110001,109.610001,106.650002,108.870003,108.870003,187100
2021-02-18,108.290001,110.160004,107.110001,109.019997,109.019997,197200
2021-02-19,109.199997,110.980003,108.709999,110.419998,110.419998,162900
2021-02-22,109.010002,110.120003,105.019997,109.059998,109.059998,274600
2021-02-23,107.190002,107.330002,102.580002,106.309998,106.309998,263200
2021-02-24,105.779999,106.459999,102.809998,106.449997,106.449997,155100
2021-02-25,104.650002,107.239998,103.480003,104.300003,104.300003,175200
2021-02-26,103.680000,104.290001,99.489998,100.730003,100.730003,359400
2021-03-01,102.089996,103.500000,99.709999,103.389999,103.389999,282900
2021-03-02,103.970001,104.830002,99.599998,100.570000,100.570000,612700
2021-03-03,100.930000,101.400002,97.830002,98.779999,98.779999,260300
2021-03-04,97.930000,98.849998,95.239998,96.680000,96.680000,298000
2021-03-05,98.419998,103.760002,97.489998,103.290001,103.290001,398400
2021-03-08,103.580002,103.580002,98.769997,99.169998,99.169998,190300
2021-03-09,100.669998,103.480003,100.669998,102.949997,102.949997,169900
2021-03-10,103.800003,107.190002,103.599998,104.029999,104.029999,176800
2021-03-11,105.730003,108.459999,105.730003,106.879997,106.879997,168500
2021-03-12,105.910004,107.059998,103.779999,106.849998,106.849998,133000
2021-03-15,106.239998,107.739998,105.559998,107.550003,107.550003,111600
2021-03-16,107.349998,109.000000,105.919998,106.959999,106.959999,96100
2021-03-17,106.440002,107.480003,104.080002,107.019997,107.019997,131400
2021-03-18,105.690002,105.699997,100.639999,101.389999,101.389999,139000
2021-03-19,100.839996,103.820000,100.610001,102.150002,102.150002,372500
2021-03-22,103.040001,105.779999,103.040001,103.449997,103.449997,128300
2021-03-23,103.400002,104.330002,99.209999,100.279999,100.279999,184000
2021-03-24,100.699997,100.709999,95.879997,96.059998,96.059998,184500
2021-03-25,94.980003,96.690002,93.519997,95.330002,95.330002,223600
2021-03-26,95.650002,99.669998,95.650002,99.540001,99.540001,188700
2021-03-29,100.120003,100.160004,94.550003,95.370003,95.370003,181800
2021-03-30,94.669998,96.580002,93.400002,96.220001,96.220001,155000
2021-03-31,97.019997,100.349998,97.019997,99.309998,99.309998,261200
2021-04-01,100.620003,103.949997,100.620003,102.750000,102.750000,111300
2021-04-05,103.080002,103.080002,100.760002,101.910004,101.910004,158700
2021-04-06,101.150002,103.059998,99.940002,101.930000,101.930000,152400
2021-04-07,102.160004,102.160004,99.180000,99.230003,99.230003,137400
2021-04-08,99.809998,102.769997,97.209999,100.860001,100.860001,198200
2021-04-09,101.070000,101.879997,98.110001,101.269997,101.269997,108400
2021-04-12,100.760002,103.000000,100.470001,102.430000,102.430000,80200
2021-04-13,103.000000,103.839996,101.870003,103.139999,103.139999,103800
2021-04-14,102.900002,104.360001,102.160004,102.489998,102.489998,105900
2021-04-15,103.889999,106.500000,102.989998,105.860001,105.860001,131700
2021-04-16,106.669998,106.669998,104.550003,105.639999,105.639999,160400
2021-04-19,105.589996,105.589996,102.269997,103.050003,103.050003,172800
2021-04-20,103.199997,103.839996,101.260002,101.790001,101.790001,108600
2021-04-21,101.139999,105.750000,101.139999,103.860001,103.860001,187500
2021-04-22,104.120003,106.160004,103.419998,103.970001,103.970001,90900
2021-04-23,104.480003,105.940002,104.000000,104.720001,104.720001,121100
2021-04-26,105.480003,105.500000,103.769997,104.180000,104.180000,79300
2021-04-27,103.879997,103.989998,101.089996,102.089996,102.089996,94500
2021-04-28,101.309998,102.980003,101.029999,102.260002,102.260002,95300
2021-04-29,103.330002,103.330002,99.559998,101.050003,101.050003,98700
2021-04-30,106.050003,109.330002,100.989998,102.440002,102.440002,275600
2021-05-03,103.750000,103.790001,99.900002,100.889999,100.889999,277300
2021-05-04,99.660004,99.660004,97.589996,98.199997,98.199997,125000
2021-05-05,98.400002,101.220001,97.070000,97.589996,97.589996,112000
2021-05-06,97.370003,98.919998,95.470001,98.750000,98.750000,198600
2021-05-07,99.250000,100.500000,97.330002,98.360001,98.360001,89300
2021-05-10,97.760002,97.760002,95.610001,95.620003,95.620003,123300
2021-05-11,93.019997,96.419998,93.019997,95.400002,95.400002,85700
2021-05-12,93.779999,97.269997,92.139999,92.830002,92.830002,96000
2021-05-13,93.760002,95.389999,91.050003,92.879997,92.879997,129200
2021-05-14,94.269997,96.599998,93.500000,96.110001,96.110001,104900
2021-05-17,95.019997,95.500000,92.949997,94.139999,94.139999,72700
2021-05-18,94.209999,96.599998,93.790001,94.089996,94.089996,131400
2021-05-19,92.440002,93.760002,91.610001,93.400002,93.400002,83700
2021-05-20,93.879997,96.209999,93.800003,95.360001,95.360001,97200
2021-05-21,96.699997,96.699997,94.489998,95.199997,95.199997,126800
2021-05-24,95.660004,96.860001,95.370003,95.570000,95.570000,120700
2021-05-25,95.720001,96.279999,94.589996,94.610001,94.610001,100000
2021-05-26,95.419998,95.970001,94.379997,94.459999,94.459999,122500
2021-05-27,94.279999,94.639999,92.510002,92.669998,92.669998,197500
2021-05-28,93.610001,94.830002,92.720001,93.860001,93.860001,115000
2021-06-01,94.180000,95.220001,93.190002,94.300003,94.300003,140200
2021-06-02,94.550003,95.430000,93.169998,94.139999,94.139999,109800
2021-06-03,93.180000,94.650002,92.139999,92.430000,92.430000,118900
2021-06-04,93.300003,95.169998,91.610001,94.529999,94.529999,92200
2021-06-07,94.190002,95.519997,93.750000,94.180000,94.180000,113900
2021-06-08,94.540001,96.769997,94.180000,96.099998,96.099998,123900
2021-06-09,96.769997,98.239998,95.070000,95.800003,95.800003,209100
2021-06-10,95.839996,97.269997,95.029999,95.809998,95.809998,115500
2021-06-11,96.239998,98.000000,95.870003,97.800003,97.800003,114100
2021-06-14,98.010002,98.940002,97.459999,98.419998,98.419998,142100
2021-06-15,98.220001,98.500000,97.169998,97.750000,97.750000,134100
2021-06-16,97.650002,99.230003,97.269997,98.760002,98.760002,180200
2021-06-17,98.199997,101.050003,98.199997,98.629997,98.629997,144700
2021-06-18,98.870003,100.419998,98.019997,98.239998,98.239998,273900
2021-06-21,98.430000,100.500000,97.910004,100.389999,100.389999,175100
2021-06-22,100.260002,102.110001,99.680000,102.110001,102.110001,106800
2021-06-23,101.949997,103.709999,101.650002,102.589996,102.589996,143900
2021-06-24,103.510002,103.580002,101.800003,102.519997,102.519997,119900
2021-06-25,102.470001,103.029999,101.500000,102.639999,102.639999,327200
2021-06-28,103.099998,103.500000,100.839996,102.160004,102.160004,144400
2021-06-29,101.989998,101.989998,100.900002,101.309998,101.309998,82000
2021-06-30,100.919998,100.919998,99.790001,99.849998,99.849998,137500
2021-07-01,99.849998,101.800003,98.989998,101.529999,101.529999,109100
2021-07-02,102.000000,102.800003,101.690002,101.690002,101.690002,81800
2021-07-06,101.849998,103.070000,100.589996,102.820000,102.820000,89200
2021-07-07,103.230003,103.989998,100.790001,101.059998,101.059998,136000
2021-07-08,99.470001,100.510002,97.760002,99.790001,99.790001,99900
2021-07-09,99.760002,101.080002,99.019997,100.769997,100.769997,72100
2021-07-12,100.889999,100.889999,98.110001,98.699997,98.699997,121700
2021-07-13,98.400002,99.480003,97.570000,97.989998,97.989998,74500
2021-07-14,98.269997,99.000000,96.980003,97.139999,97.139999,76300
2021-07-15,97.129997,97.809998,95.339996,96.309998,96.309998,82800
2021-07-16,97.489998,97.610001,96.410004,96.410004,96.410004,81400
2021-07-19,95.089996,97.510002,94.839996,96.139999,96.139999,104300
2021-07-20,96.669998,100.230003,96.669998,99.040001,99.040001,175000
2021-07-21,99.220001,100.870003,99.199997,100.360001,100.360001,122600
2021-07-22,101.519997,101.519997,98.809998,99.099998,99.099998,89000
2021-07-23,99.419998,100.730003,98.709999,100.699997,100.699997,116100
2021-07-26,101.029999,101.529999,99.730003,100.290001,100.290001,72300
2021-07-27,99.860001,100.040001,96.389999,98.099998,98.099998,72200
2021-07-28,98.290001,99.910004,98.129997,99.320000,99.320000,90600
2021-07-29,99.349998,101.220001,98.739998,100.370003,100.370003,83700
2021-07-30,104.889999,109.389999,104.000000,108.949997,108.949997,212300
2021-08-02,109.669998,111.269997,107.000000,110.260002,110.260002,303700
2021-08-03,110.089996,112.070000,109.199997,111.839996,111.839996,248700
2021-08-04,110.570000,112.510002,110.430000,112.290001,112.290001,155700
2021-08-05,112.470001,113.949997,109.059998,113.779999,113.779999,123100
2021-08-06,113.610001,114.220001,112.580002,114.080002,114.080002,132500
2021-08-09,114.410004,114.410004,112.589996,112.610001,112.610001,74300
2021-08-10,112.639999,112.769997,109.989998,111.180000,111.180000,85500
2021-08-11,111.050003,112.839996,109.250000,112.669998,112.669998,161200
2021-08-12,112.919998,114.389999,111.629997,114.290001,114.290001,100200
2021-08-13,114.660004,116.730003,112.720001,116.570000,116.570000,218600
2021-08-16,116.709999,120.599998,115.500000,120.410004,120.410004,301600
2021-08-17,119.680000,119.680000,117.250000,118.870003,118.870003,296400
2021-08-18,119.110001,121.599998,118.379997,120.220001,120.220001,208100
2021-08-19,119.559998,122.169998,118.000000,120.930000,120.930000,139200
2021-08-20,120.680000,124.370003,120.489998,124.269997,124.269997,151700
2021-08-23,125.099998,128.770004,124.400002,128.429993,128.429993,355000
2021-08-24,128.190002,128.669998,126.449997,128.250000,128.250000,161900
2021-08-25,128.500000,129.699997,127.370003,127.930000,127.930000,156800
2021-08-26,127.709999,130.720001,127.709999,130.309998,130.309998,106900
2021-08-27,131.050003,134.820007,131.050003,134.389999,134.389999,229200
2021-08-30,134.630005,137.080002,134.259995,137.050003,137.050003,166800