Date,Open,High,Low,Close,Adj Close,Volume
2021-01-04,45.889999,47.619999,45.000000,47.560001,47.560001,815500
2021-01-05,47.689999,49.285000,47.285999,48.389999,48.389999,401700
2021-01-06,47.259998,48.480000,46.380001,47.230000,47.230000,489400
2021-01-07,47.439999,49.990002,47.340000,49.660000,49.660000,250200
2021-01-08,50.230000,52.180000,49.770000,51.119999,51.119999,389800
2021-01-11,50.259998,52.320000,49.730000,51.500000,51.500000,330000
2021-01-12,51.139999,52.377998,50.293999,52.009998,52.009998,358200
2021-01-13,52.090000,56.209999,51.935001,55.709999,55.709999,453700
2021-01-14,56.330002,58.419998,55.419998,55.860001,55.860001,360700
2021-01-15,55.770000,56.728001,54.599998,55.930000,55.930000,287700
2021-01-19,56.759998,62.700001,56.139999,62.700001,62.700001,605400
2021-01-20,63.520000,65.809998,63.000000,65.239998,65.239998,604400
2021-01-21,64.669998,65.489998,62.549999,63.290001,63.290001,622900
2021-01-22,62.490002,66.180000,62.000000,64.830002,64.830002,545200
2021-01-25,66.150002,70.959999,62.040001,63.700001,63.700001,777600
2021-01-26,63.500000,64.309998,62.450001,62.950001,62.950001,395200
2021-01-27,61.230000,63.209999,57.596001,60.220001,60.220001,720500
2021-01-28,61.000000,68.339996,59.505001,67.139999,67.139999,568000
2021-01-29,67.160004,68.650002,65.220001,66.000000,66.000000,355100
2021-02-01,66.639999,67.084999,63.240002,64.000000,64.000000,483500
2021-02-02,64.389999,66.160004,61.950001,64.320000,64.320000,308100
2021-02-03,64.440002,66.010002,62.095001,65.500000,65.500000,579900
2021-02-04,65.570000,67.709999,64.970001,67.199997,67.199997,246500
2021-02-05,68.199997,71.589996,67.599998,71.080002,71.080002,237000
2021-02-08,72.800003,74.570000,71.410004,71.900002,71.900002,402900
2021-02-09,72.559998,75.790001,72.410004,75.040001,75.040001,463400
2021-02-10,75.180000,78.199997,73.279999,77.370003,77.370003,516600
2021-02-11,78.169998,79.910004,76.809998,78.489998,78.489998,556900
2021-02-12,78.750000,81.415001,76.910004,80.269997,80.269997,381300
2021-02-16,81.570000,82.470001,80.370003,81.580002,81.580002,636900
2021-02-17,80.330002,80.721001,75.445000,76.180000,76.180000,888200
2021-02-18,74.739998,76.912003,71.680000,76.500000,76.500000,388900
2021-02-19,76.669998,78.849998,75.040001,78.370003,78.370003,947400
2021-02-22,77.220001,77.220001,69.470001,70.190002,70.190002,966900
2021-02-23,66.650002,69.419998,62.820000,67.650002,67.650002,783900
2021-02-24,71.500000,77.040001,70.110001,76.489998,76.489998,1009300
2021-02-25,72.559998,74.660004,65.165001,66.029999,66.029999,1341700
2021-02-26,67.529999,70.360001,67.010002,67.970001,67.970001,1282700
2021-03-01,68.720001,73.059998,68.300003,72.800003,72.800003,611900
2021-03-02,71.610001,72.800003,66.110001,66.239998,66.239998,722500
2021-03-03,65.559998,66.349998,57.770000,58.080002,58.080002,1016100
2021-03-04,56.459999,58.630001,51.490002,56.259998,56.259998,1740000
2021-03-05,58.299999,58.299999,51.599998,56.349998,56.349998,1391400
2021-03-08,57.110001,57.882999,50.490002,50.740002,50.740002,1048700
2021-03-09,54.230000,58.000000,53.325001,57.009998,57.009998,1005800
2021-03-10,57.650002,60.000000,56.810001,57.669998,57.669998,1099600
2021-03-11,59.580002,61.830002,58.849998,61.689999,61.689999,690500
2021-03-12,58.939999,61.070000,58.799999,60.049999,60.049999,499900
2021-03-15,60.860001,61.880001,59.299999,61.240002,61.240002,536100
2021-03-16,62.090000,65.110001,61.490002,63.099998,63.099998,863300
2021-03-17,61.230000,64.519997,59.224998,62.950001,62.950001,641900
2021-03-18,60.490002,61.869999,59.439999,60.599998,60.599998,798300
2021-03-19,59.730000,63.889999,59.189999,61.000000,61.000000,992900
2021-03-22,62.259998,64.430000,60.720001,62.700001,62.700001,621600
2021-03-23,62.980000,64.269997,61.250000,61.740002,61.740002,637000
2021-03-24,62.150002,62.150002,53.439999,53.889999,53.889999,697500
2021-03-25,53.169998,55.660000,51.509998,54.889999,54.889999,600200
2021-03-26,54.980000,56.360001,51.349998,54.340000,54.340000,502800
2021-03-29,53.919998,54.150002,51.230000,51.410000,51.410000,502600
2021-03-30,51.150002,53.590000,49.450001,53.209999,53.209999,388900
2021-03-31,54.389999,58.119999,54.389999,57.759998,57.759998,408600
2021-04-01,59.180000,61.389999,58.020000,58.279999,58.279999,377100
2021-04-05,58.680000,59.744999,55.965000,57.360001,57.360001,317700
2021-04-06,58.209999,60.889999,56.549999,58.529999,58.529999,301600
2021-04-07,57.689999,59.810001,56.630001,57.650002,57.650002,247200
2021-04-08,59.099998,62.240002,59.000000,61.099998,61.099998,404100
2021-04-09,60.560001,60.689999,58.000000,60.540001,60.540001,347900
2021-04-12,59.900002,60.500000,57.610001,59.450001,59.450001,337500
2021-04-13,60.279999,63.700001,59.939999,62.750000,62.750000,420700
2021-04-14,63.470001,65.309998,61.330002,61.980000,61.980000,266200
2021-04-15,62.799999,64.529999,61.000000,63.740002,63.740002,207300
2021-04-16,63.580002,64.220001,61.200001,62.110001,62.110001,201600
2021-04-19,60.860001,61.500000,58.270000,59.930000,59.930000,401500
2021-04-20,59.590000,59.790001,56.224998,57.720001,57.720001,357600
2021-04-21,57.240002,59.380001,56.009998,59.290001,59.290001,254000
2021-04-22,59.990002,62.130001,58.740002,60.639999,60.639999,319800
2021-04-23,60.750000,64.779999,60.630001,64.129997,64.129997,309100
2021-04-26,63.619999,68.459999,63.619999,67.779999,67.779999,399000
2021-04-27,68.500000,69.989998,66.519997,69.589996,69.589996,550100
2021-04-28,68.610001,71.930000,67.930000,71.309998,71.309998,510600
2021-04-29,71.620003,71.750000,67.124001,68.550003,68.550003,520000
2021-04-30,67.360001,68.830002,65.779999,66.290001,66.290001,513200
2021-05-03,66.599998,67.278999,65.110001,65.650002,65.650002,489300
2021-05-04,63.820000,64.720001,60.419998,60.939999,60.939999,417400
2021-05-05,60.009998,64.389999,60.009998,61.970001,61.970001,759400
2021-05-06,61.970001,63.570000,60.310001,61.540001,61.540001,710100
2021-05-07,63.849998,66.000000,62.369999,63.820000,63.820000,437200
2021-05-10,62.900002,63.490002,55.759998,56.570000,56.570000,670800
2021-05-11,53.279999,59.860001,52.980000,59.529999,59.529999,440600
2021-05-12,57.139999,58.740002,56.040001,57.480000,57.480000,407800
2021-05-13,59.049999,61.430000,56.189999,58.049999,58.049999,327800
2021-05-14,58.770000,62.299999,58.770000,61.820000,61.820000,422000
2021-05-17,61.529999,62.950001,59.842999,62.759998,62.759998,460200
2021-05-18,63.910000,67.419998,62.049999,64.000000,64.000000,340100
2021-05-19,59.369999,60.000000,55.320000,57.439999,57.439999,1311600
2021-05-20,59.000000,62.070000,56.240002,61.869999,61.869999,756400
2021-05-21,63.000000,63.830002,61.279999,61.669998,61.669998,419100
2021-05-24,62.570000,65.559998,62.570000,64.919998,64.919998,778300
2021-05-25,65.750000,66.949997,64.250000,65.650002,65.650002,574500
2021-05-26,65.989998,67.324997,65.019997,66.830002,66.830002,354700
2021-05-27,66.830002,69.349998,64.900002,69.150002,69.150002,944800
2021-05-28,69.830002,72.000000,69.300003,69.419998,69.419998,313500
2021-06-01,70.000000,71.080002,67.320000,69.660004,69.660004,393300
2021-06-02,69.839996,70.139999,68.294998,70.120003,70.120003,489700
2021-06-03,68.360001,71.220001,66.699997,67.610001,67.610001,466100
2021-06-04,68.489998,70.580002,66.099998,70.059998,70.059998,284300
2021-06-07,70.059998,74.199997,69.400002,74.199997,74.199997,619100
2021-06-08,74.580002,77.589996,73.419998,76.940002,76.940002,759600
2021-06-09,75.589996,78.550003,75.589996,76.540001,76.540001,459900
2021-06-10,75.760002,78.750000,75.629997,77.320000,77.320000,326100
2021-06-11,77.510002,79.230003,76.589996,78.029999,78.029999,540600
2021-06-14,78.000000,79.900002,77.250000,79.110001,79.110001,369700
2021-06-15,79.050003,80.612000,78.570000,80.330002,80.330002,608800
2021-06-16,80.389999,85.720001,80.059998,85.180000,85.180000,884100
2021-06-17,84.220001,86.345001,82.110001,85.940002,85.940002,934400
2021-06-18,85.949997,90.099998,85.309998,89.089996,89.089996,1126300
2021-06-21,90.330002,91.349998,86.459999,90.360001,90.360001,652000
2021-06-22,90.709999,91.845001,88.940002,90.529999,90.529999,694300
2021-06-23,90.779999,93.000000,88.080002,88.349998,88.349998,856900
2021-06-24,89.580002,94.150002,89.294998,92.309998,92.309998,1069100
2021-06-25,92.620003,93.279999,89.180000,89.470001,89.470001,2482500
2021-06-28,90.699997,93.709999,89.583000,92.989998,92.989998,365500
2021-06-29,93.529999,95.245003,92.769997,93.800003,93.800003,647100
2021-06-30,93.010002,93.809998,89.110001,89.419998,89.419998,693100
2021-07-01,88.870003,90.485001,86.580002,88.970001,88.970001,539400
2021-07-02,90.860001,91.660004,88.589996,89.180000,89.180000,299900
2021-07-06,89.400002,94.830002,89.400002,94.570000,94.570000,379400
2021-07-07,94.830002,95.750000,91.580002,91.610001,91.610001,395500
2021-07-08,87.529999,91.824997,86.010002,90.000000,90.000000,416900
2021-07-09,90.000000,91.730003,88.110001,90.000000,90.000000,417600
2021-07-12,90.680000,92.949997,87.860001,90.220001,90.220001,348200
2021-07-13,89.889999,91.370003,87.078003,87.650002,87.650002,471700
2021-07-14,88.930000,89.489998,83.339996,84.110001,84.110001,363800
2021-07-15,84.300003,85.772003,81.849998,82.599998,82.599998,279400
2021-07-16,84.209999,85.760002,82.800003,83.000000,83.000000,318700
2021-07-19,81.000000,85.050003,79.029999,84.269997,84.269997,309700
2021-07-20,84.959999,87.488998,82.489998,86.510002,86.510002,596900
2021-07-21,86.870003,91.430000,85.504997,90.279999,90.279999,312600
2021-07-22,90.760002,91.529999,89.180000,90.250000,90.250000,276700
2021-07-23,91.379997,93.370003,91.330002,92.860001,92.860001,275100
2021-07-26,93.360001,93.949997,91.000000,91.949997,91.949997,325300
2021-07-27,92.349998,92.360001,87.099998,89.730003,89.730003,229300
2021-07-28,90.080002,92.419998,89.720001,91.519997,91.519997,212000
2021-07-29,91.160004,93.589996,90.250000,91.279999,91.279999,223800
2021-07-30,89.900002,92.129997,88.209999,88.839996,88.839996,302200
2021-08-02,89.040001,90.589996,87.760002,88.949997,88.949997,352900
2021-08-03,88.750000,90.209999,86.660004,89.309998,89.309998,334600
2021-08-04,92.099998,102.720001,92.099998,100.930000,100.930000,945900
2021-08-05,102.599998,106.769997,101.699997,105.519997,105.519997,532300
2021-08-06,104.599998,105.599998,101.180000,104.989998,104.989998,361500
2021-08-09,105.000000,107.070000,102.000000,106.860001,106.860001,282500
2021-08-10,107.510002,112.089996,102.709999,103.589996,103.589996,329600
2021-08-11,103.599998,106.595001,101.379997,105.989998,105.989998,222300
2021-08-12,105.050003,108.129997,104.849998,107.410004,107.410004,211400
2021-08-13,107.720001,107.720001,101.300003,102.169998,102.169998,307300
2021-08-16,101.449997,101.945000,97.779999,101.489998,101.489998,190300
2021-08-17,100.489998,103.760002,99.135002,103.760002,103.760002,289000
2021-08-18,103.529999,104.978996,101.279999,102.870003,102.870003,232400
2021-08-19,101.879997,103.680000,100.279999,100.389999,100.389999,264900
2021-08-20,100.800003,104.839996,100.800003,104.419998,104.419998,439900
2021-08-23,105.320000,111.361000,105.320000,111.029999,111.029999,365200
2021-08-24,111.519997,114.889999,110.370003,114.500000,114.500000,336900
2021-08-25,114.910004,117.760002,113.917000,117.220001,117.220001,361500
2021-08-26,117.489998,118.690002,115.220001,116.040001,116.040001,347200
2021-08-27,116.580002,123.610001,116.220001,123.050003,123.050003,429800
2021-08-30,123.919998,123.919998,119.320000,122.769997,122.769997,382100