Date,Open,High,Low,Close,Adj Close,Volume
2021-01-04,64.419998,64.419998,62.840000,63.410000,62.284687,270900
2021-01-05,63.779999,64.129997,62.060001,62.389999,61.282791,280300
2021-01-06,63.040001,64.169998,62.919998,63.740002,62.608833,488800
2021-01-07,63.500000,63.509998,61.880001,62.240002,61.135456,279800
2021-01-08,62.209999,62.520000,61.259998,62.130001,61.027405,212500
2021-01-11,61.470001,62.340000,60.709999,60.950001,59.868347,275400
2021-01-12,61.250000,61.270000,60.400002,61.009998,59.927277,273700
2021-01-13,60.919998,62.049999,60.639999,61.540001,60.447876,329100
2021-01-14,62.090000,62.090000,60.970001,61.209999,60.123730,182100
2021-01-15,60.730000,61.910000,60.369999,61.650002,60.555923,234800
2021-01-19,62.270000,62.389999,60.810001,61.160000,60.074615,267200
2021-01-20,61.049999,61.689999,60.139999,60.750000,59.671894,244900
2021-01-21,61.520000,64.540001,60.299999,61.090000,60.005863,343600
2021-01-22,60.730000,61.830002,60.160000,61.750000,60.654148,192300
2021-01-25,61.270000,61.810001,60.439999,61.590000,60.496986,403700
2021-01-26,61.860001,61.860001,60.310001,60.320000,59.249527,317600
2021-01-27,60.000000,61.259998,59.290001,60.889999,59.809410,418600
2021-01-28,60.919998,63.130001,60.419998,60.459999,59.387039,241600
2021-01-29,60.880001,61.360001,59.880001,61.189999,60.104084,399800
2021-02-01,61.189999,62.500000,60.500000,62.349998,61.243500,317400
2021-02-02,62.660000,63.349998,61.910000,62.970001,61.852501,355400
2021-02-03,62.360001,62.709999,61.290001,62.259998,61.155094,319400
2021-02-04,61.919998,64.139999,61.150002,64.019997,62.883862,391000
2021-02-05,64.580002,65.720001,63.680000,65.099998,63.944698,304700
2021-02-08,65.440002,65.610001,64.410004,64.750000,63.600910,275500
2021-02-09,62.919998,64.510002,62.750000,64.239998,63.099957,542400
2021-02-10,64.680000,64.989998,63.220001,63.220001,62.098061,818700
2021-02-11,63.250000,63.849998,62.860001,63.820000,62.687412,497300
2021-02-12,63.830002,64.110001,63.290001,63.970001,62.834751,416100
2021-02-16,64.050003,64.830002,63.630001,64.809998,63.659843,527500
2021-02-17,64.760002,66.519997,64.370003,66.470001,65.290382,491000
2021-02-18,66.570000,68.050003,66.410004,67.610001,66.410149,384000
2021-02-19,67.540001,68.290001,67.120003,67.669998,66.469086,1027900
2021-02-22,67.830002,67.830002,66.220001,66.739998,65.555588,414900
2021-02-23,66.410004,69.389999,66.410004,68.690002,67.470985,439600
2021-02-24,68.980003,68.980003,67.839996,68.059998,66.852158,408200
2021-02-25,68.410004,69.150002,67.730003,67.940002,66.734299,279200
2021-02-26,67.980003,68.580002,66.320000,66.419998,65.241272,331000
2021-03-01,67.370003,67.699997,66.879997,66.970001,65.781509,274300
2021-03-02,66.839996,67.330002,65.790001,66.809998,65.624344,292400
2021-03-03,66.830002,67.639999,66.199997,67.279999,66.086014,260500
2021-03-04,67.089996,68.879997,66.989998,67.980003,66.773590,504000
2021-03-05,68.699997,71.779999,68.320000,70.919998,69.661415,621000
2021-03-08,71.309998,72.980003,69.540001,72.769997,71.478577,466500
2021-03-09,72.360001,73.110001,71.489998,71.970001,70.692780,390700
2021-03-10,71.139999,73.099998,70.709999,72.470001,71.832664,297000
2021-03-11,72.110001,73.459999,71.570000,72.870003,72.229149,344900
2021-03-12,73.529999,75.470001,72.849998,75.129997,74.469269,440800
2021-03-15,75.419998,75.690002,74.019997,74.639999,73.983582,365700
2021-03-16,74.230003,75.779999,74.000000,75.529999,74.865753,384200
2021-03-17,75.769997,75.769997,73.029999,73.480003,72.833786,357500
2021-03-18,73.570000,74.279999,72.910004,74.099998,73.448326,411900
2021-03-19,74.339996,74.699997,72.970001,73.739998,73.091492,726400
2021-03-22,73.709999,73.849998,71.580002,72.349998,71.713715,307000
2021-03-23,71.809998,73.269997,71.260002,71.599998,70.970314,381100
2021-03-24,72.199997,73.470001,71.480003,72.260002,71.624512,331800
2021-03-25,72.370003,73.750000,71.559998,72.989998,72.348091,281300
2021-03-26,73.540001,74.120003,71.180000,74.050003,73.398773,236500
2021-03-29,73.639999,74.500000,72.910004,73.620003,72.972549,272700
2021-03-30,73.199997,74.129997,72.790001,73.879997,73.230263,203900
2021-03-31,73.750000,74.330002,72.690002,73.889999,73.240173,301200
2021-04-01,73.849998,74.190002,73.029999,73.370003,72.724754,264700
2021-04-05,73.669998,74.419998,72.699997,74.099998,73.448326,294200
2021-04-06,73.970001,74.529999,73.739998,74.480003,73.824989,230400
2021-04-07,74.589996,75.089996,74.309998,74.739998,74.082695,162400
2021-04-08,74.900002,75.839996,74.790001,75.730003,75.063995,239900
2021-04-09,75.779999,76.459999,75.430000,76.160004,75.490219,247400
2021-04-12,76.540001,77.379997,76.320000,76.790001,76.114670,219600
2021-04-13,76.269997,76.930000,75.889999,76.199997,75.529854,239000
2021-04-14,76.260002,76.930000,76.029999,76.190002,75.519951,340100
2021-04-15,76.290001,77.500000,75.680000,77.400002,76.719307,268700
2021-04-16,77.580002,77.949997,76.699997,77.260002,76.580544,247600
2021-04-19,77.690002,77.849998,76.599998,77.160004,76.481422,298300
2021-04-20,76.790001,77.690002,76.440002,77.480003,76.798607,264000
2021-04-21,77.330002,77.760002,76.599998,77.379997,76.699478,229000
2021-04-22,77.500000,77.500000,76.519997,76.709999,76.035378,183400
2021-04-23,76.849998,77.129997,76.120003,76.370003,75.698364,153000
2021-04-26,76.519997,76.519997,75.419998,75.489998,74.826103,114400
2021-04-27,75.470001,75.610001,74.739998,75.019997,74.360237,223100
2021-04-28,75.089996,75.379997,74.239998,74.459999,73.805161,225500
2021-04-29,74.790001,75.519997,74.610001,75.070000,74.409798,216400
2021-04-30,74.720001,75.970001,74.550003,75.339996,74.677422,358500
2021-05-03,75.839996,76.430000,75.470001,75.900002,75.232498,260000
2021-05-04,76.010002,76.290001,75.419998,75.879997,75.212669,150500
2021-05-05,75.730003,75.730003,74.580002,75.300003,74.637779,182000
2021-05-06,75.730003,76.489998,75.339996,76.410004,75.738014,239300
2021-05-07,76.519997,77.199997,75.830002,75.889999,75.222588,491900
2021-05-10,76.290001,77.870003,76.290001,77.290001,76.610275,265400
2021-05-11,77.519997,77.519997,76.209999,76.589996,75.916428,218700
2021-05-12,76.830002,76.870003,73.809998,73.989998,73.339294,299700
2021-05-13,73.849998,75.870003,73.849998,75.500000,74.836014,262100
2021-05-14,75.849998,76.160004,75.360001,75.470001,74.806282,277800
2021-05-17,75.129997,75.250000,74.320000,74.480003,73.824989,311300
2021-05-18,74.059998,74.739998,73.680000,73.720001,73.071671,332100
2021-05-19,73.180000,74.260002,72.669998,72.800003,72.159767,239000
2021-05-20,72.550003,73.370003,72.489998,72.919998,72.278702,200600
2021-05-21,73.209999,73.720001,72.230003,72.739998,72.100288,802900
2021-05-24,72.830002,73.570000,72.489998,73.129997,72.486855,182100
2021-05-25,73.190002,73.190002,71.800003,71.889999,71.257767,179700
2021-05-26,72.029999,72.650002,71.809998,72.349998,71.713715,314900
2021-05-27,72.870003,72.900002,71.639999,71.769997,71.138817,261400
2021-05-28,72.019997,72.019997,71.480003,71.660004,71.029793,243000
2021-06-01,71.879997,72.290001,71.519997,72.199997,71.565033,129000
2021-06-02,72.389999,73.010002,72.129997,72.580002,71.941696,210800
2021-06-03,72.459999,72.959999,72.290001,72.839996,72.199409,143700
2021-06-04,72.949997,73.040001,72.019997,72.070000,71.436180,157600
2021-06-07,72.110001,72.750000,71.849998,72.500000,71.862396,216400
2021-06-08,72.620003,73.139999,72.260002,73.080002,72.437302,286900
2021-06-09,73.199997,73.989998,72.900002,73.910004,73.260002,241100
2021-06-10,73.800003,75.220001,73.220001,74.650002,74.650002,354600
2021-06-11,75.160004,75.690002,74.980003,75.690002,75.690002,200800
2021-06-14,75.739998,75.970001,75.070000,75.400002,75.400002,191600
2021-06-15,75.019997,76.050003,74.839996,75.620003,75.620003,219600
2021-06-16,75.820000,76.339996,75.449997,76.300003,76.300003,350300
2021-06-17,76.389999,76.849998,75.750000,76.010002,76.010002,243200
2021-06-18,75.650002,75.830002,72.500000,72.519997,72.519997,421800
2021-06-21,73.150002,74.769997,72.879997,74.669998,74.669998,215800
2021-06-22,74.500000,75.040001,70.879997,71.180000,71.180000,1029500
2021-06-23,70.930000,71.239998,69.879997,70.330002,70.330002,530600
2021-06-24,70.230003,71.089996,69.769997,71.070000,71.070000,232700
2021-06-25,70.849998,73.209999,70.660004,73.169998,73.169998,939300
2021-06-28,72.930000,73.190002,72.320000,72.959999,72.959999,254200
2021-06-29,73.089996,73.550003,72.139999,72.320000,72.320000,377100
2021-06-30,72.290001,73.360001,71.559998,72.269997,72.269997,243300
2021-07-01,72.550003,73.389999,72.150002,73.029999,73.029999,167500
2021-07-02,73.040001,73.279999,72.309998,72.800003,72.800003,170000
2021-07-06,72.760002,73.129997,71.019997,72.110001,72.110001,191600
2021-07-07,71.760002,72.660004,71.760002,72.220001,72.220001,163300
2021-07-08,71.769997,72.320000,71.080002,71.489998,71.489998,153400
2021-07-09,72.199997,72.320000,71.320000,72.160004,72.160004,210500
2021-07-12,71.610001,72.809998,71.349998,72.660004,72.660004,203500
2021-07-13,72.400002,72.889999,71.989998,72.099998,72.099998,164000
2021-07-14,72.370003,72.760002,71.660004,72.000000,72.000000,216000
2021-07-15,71.709999,73.680000,71.709999,73.650002,73.650002,174800
2021-07-16,74.000000,74.459999,73.139999,73.470001,73.470001,315000
2021-07-19,72.480003,73.019997,70.129997,70.739998,70.739998,338000
2021-07-20,70.690002,72.150002,70.669998,71.000000,71.000000,465200
2021-07-21,71.470001,71.620003,70.400002,70.540001,70.540001,325500
2021-07-22,70.290001,70.589996,68.699997,68.769997,68.769997,291500
2021-07-23,69.000000,70.500000,68.849998,70.339996,70.339996,215300
2021-07-26,70.750000,71.580002,70.300003,70.870003,70.870003,293100
2021-07-27,70.489998,72.089996,70.169998,71.870003,71.870003,319900
2021-07-28,72.019997,72.059998,70.989998,71.680000,71.680000,363300
2021-07-29,72.110001,72.110001,71.029999,71.809998,71.809998,236700
2021-07-30,71.930000,72.480003,70.629997,70.949997,70.949997,471200
2021-08-02,71.339996,72.370003,71.300003,71.650002,71.650002,300300
2021-08-03,72.110001,73.330002,71.449997,73.150002,73.150002,528800
2021-08-04,72.680000,72.959999,71.660004,72.919998,72.919998,321100
2021-08-05,72.949997,74.230003,72.300003,73.209999,73.209999,270800
2021-08-06,73.309998,73.570000,72.510002,72.589996,72.589996,193000
2021-08-09,72.489998,72.489998,71.660004,71.860001,71.860001,130900
2021-08-10,71.599998,71.930000,70.889999,71.589996,71.589996,148000
2021-08-11,71.949997,72.360001,71.540001,72.199997,72.199997,235000
2021-08-12,72.339996,72.339996,71.239998,71.580002,71.580002,207600
2021-08-13,71.940002,72.650002,71.440002,72.260002,72.260002,201900
2021-08-16,72.260002,72.910004,71.949997,72.279999,72.279999,164400
2021-08-17,71.699997,72.410004,71.500000,71.879997,71.879997,185400
2021-08-18,71.580002,72.290001,70.300003,70.360001,70.360001,263400
2021-08-19,69.739998,70.449997,68.820000,69.300003,69.300003,270300
2021-08-20,69.110001,69.889999,68.489998,69.599998,69.599998,203300
2021-08-23,69.639999,69.639999,68.790001,69.160004,69.160004,126500
2021-08-24,69.129997,69.129997,68.169998,68.629997,68.629997,237700
2021-08-25,68.940002,69.120003,67.760002,67.760002,67.760002,461800
2021-08-26,67.599998,67.739998,66.139999,66.180000,66.180000,347800
2021-08-27,66.180000,67.059998,66.150002,66.629997,66.629997,565100
2021-08-30,66.629997,67.129997,66.209999,66.690002,66.690002,196600