Date,Open,High,Low,Close,Adj Close,Volume
2021-01-04,72.250000,73.320000,70.180000,71.690002,70.398117,300400
2021-01-05,72.370003,74.540001,71.760002,73.470001,72.146034,294500
2021-01-06,75.000000,81.190002,74.449997,80.430000,78.980614,690300
2021-01-07,81.000000,82.349998,80.459999,81.620003,80.149178,443900
2021-01-08,80.099998,80.610001,77.830002,78.919998,77.497818,299400
2021-01-11,77.730003,80.580002,76.290001,80.410004,78.960983,153800
2021-01-12,81.000000,81.839996,80.440002,80.529999,79.078804,222700
2021-01-13,80.550003,80.769997,79.050003,79.709999,78.273582,233400
2021-01-14,80.410004,81.260002,78.940002,81.019997,79.559975,224800
2021-01-15,79.989998,80.690002,78.790001,80.089996,78.646736,185500
2021-01-19,80.989998,81.320000,79.839996,80.480003,79.029716,230100
2021-01-20,80.150002,80.389999,78.320000,79.339996,77.910248,238700
2021-01-21,79.739998,80.379997,76.949997,77.529999,76.132874,227700
2021-01-22,76.309998,79.809998,75.959999,79.580002,78.145935,264300
2021-01-25,79.269997,79.269997,76.739998,78.389999,76.977371,203100
2021-01-26,80.849998,80.849998,77.400002,77.650002,76.250710,212300
2021-01-27,75.349998,77.410004,74.849998,77.000000,75.612419,600700
2021-01-28,77.860001,79.029999,72.169998,73.250000,71.930000,437700
2021-01-29,70.959999,73.430000,69.720001,69.739998,68.483246,442700
2021-02-01,70.550003,71.269997,68.820000,70.650002,69.376862,367200
2021-02-02,71.300003,74.160004,70.169998,72.000000,70.702522,301300
2021-02-03,72.629997,72.959999,70.540001,72.629997,71.321167,268800
2021-02-04,72.930000,75.580002,72.379997,75.389999,74.031441,202000
2021-02-05,76.279999,76.790001,75.099998,76.129997,74.758095,342500
2021-02-08,76.370003,78.099998,74.010002,78.099998,76.692596,285000
2021-02-09,77.550003,80.540001,76.830002,80.459999,79.010071,289400
2021-02-10,80.300003,81.430000,79.400002,79.900002,78.460167,390600
2021-02-11,79.209999,81.480003,77.599998,78.570000,77.610664,313500
2021-02-12,78.080002,79.739998,77.750000,78.519997,77.561272,198300
2021-02-16,79.500000,80.919998,78.099998,80.389999,79.408440,273000
2021-02-17,80.879997,81.580002,78.690002,80.489998,79.507225,343100
2021-02-18,80.099998,80.930000,78.919998,79.989998,79.013329,293400
2021-02-19,80.300003,82.000000,79.940002,81.919998,80.919762,264000
2021-02-22,81.300003,84.150002,80.739998,83.309998,82.292786,329000
2021-02-23,83.820000,85.349998,82.389999,83.070000,82.055725,344800
2021-02-24,83.110001,85.519997,81.919998,84.260002,83.231194,532600
2021-02-25,84.550003,85.470001,80.559998,81.139999,80.149284,258600
2021-02-26,80.389999,81.199997,78.860001,78.860001,77.897125,311100
2021-03-01,80.669998,81.459999,79.440002,81.190002,80.198685,465700
2021-03-02,80.699997,81.599998,79.610001,79.739998,78.766373,269900
2021-03-03,80.730003,84.400002,80.680000,82.050003,81.048180,371300
2021-03-04,81.330002,84.559998,79.519997,81.129997,80.139412,396000
2021-03-05,82.940002,84.440002,81.050003,84.029999,83.003998,339500
2021-03-08,85.059998,88.000000,84.260002,87.260002,86.194565,549300
2021-03-09,85.800003,89.370003,83.860001,87.080002,86.016762,505800
2021-03-10,86.910004,88.089996,85.790001,87.910004,86.836624,381100
2021-03-11,87.260002,90.349998,87.050003,90.169998,89.069031,409900
2021-03-12,90.669998,93.260002,90.000000,91.699997,90.580345,425600
2021-03-15,91.559998,92.239998,87.650002,88.570000,87.488564,300600
2021-03-16,87.330002,88.199997,85.629997,87.599998,86.530411,308200
2021-03-17,88.970001,89.250000,86.820000,88.410004,87.330521,257100
2021-03-18,89.290001,91.669998,87.339996,87.940002,86.866264,211800
2021-03-19,87.370003,88.000000,85.639999,87.050003,85.987129,1019800
2021-03-22,86.120003,86.120003,82.599998,82.760002,81.749504,347600
2021-03-23,81.559998,82.720001,78.449997,79.059998,78.094681,362800
2021-03-24,80.500000,81.839996,78.150002,78.160004,77.205673,370600
2021-03-25,77.680000,79.940002,76.610001,79.260002,78.292244,381900
2021-03-26,81.000000,81.709999,79.379997,81.029999,80.040627,390000
2021-03-29,79.540001,80.739998,77.050003,77.559998,76.612999,303800
2021-03-30,78.019997,79.779999,77.769997,78.930000,77.966270,333900
2021-03-31,78.870003,79.830002,77.309998,78.510002,77.551399,362100
2021-04-01,78.370003,79.919998,77.650002,79.629997,78.657722,232800
2021-04-05,80.959999,81.019997,78.000000,78.480003,77.521774,276100
2021-04-06,78.029999,78.910004,76.900002,78.010002,77.057503,311900
2021-04-07,77.930000,79.160004,77.580002,77.820000,76.869827,267000
2021-04-08,77.389999,78.970001,76.129997,78.669998,77.709442,290400
2021-04-09,79.050003,80.059998,78.750000,79.860001,78.884918,210300
2021-04-12,80.360001,82.449997,80.360001,82.250000,81.245735,430000
2021-04-13,82.129997,82.129997,79.699997,79.910004,78.934311,445500
2021-04-14,80.000000,81.919998,79.629997,79.790001,78.815773,478500
2021-04-15,79.750000,80.699997,76.900002,79.290001,78.321877,409800
2021-04-16,80.430000,82.709999,79.720001,82.169998,81.166710,297000
2021-04-19,81.889999,82.930000,81.000000,81.860001,80.860497,329800
2021-04-20,81.220001,83.070000,78.550003,79.589996,78.618210,442200
2021-04-21,79.209999,81.580002,79.000000,81.459999,80.465378,236700
2021-04-22,81.589996,81.870003,79.750000,79.849998,78.875038,169200
2021-04-23,80.540001,83.800003,80.000000,83.160004,82.144623,391200
2021-04-26,84.250000,84.910004,83.139999,83.269997,82.253281,360500
2021-04-27,83.110001,84.790001,80.440002,83.959999,82.934853,392700
2021-04-28,84.080002,85.669998,83.570000,84.589996,83.557159,365400
2021-04-29,85.589996,86.830002,82.889999,84.540001,83.507774,354800
2021-04-30,84.440002,85.599998,83.739998,84.320000,83.290459,475600
2021-05-03,85.000000,85.849998,83.730003,84.830002,83.794235,326200
2021-05-04,84.669998,86.389999,83.620003,86.320000,85.266037,369500
2021-05-05,85.550003,87.339996,84.769997,87.040001,85.977249,396700
2021-05-06,88.250000,88.959999,86.129997,88.860001,87.775032,244500
2021-05-07,87.089996,89.750000,86.309998,89.639999,88.545502,250900
2021-05-10,90.000000,91.489998,89.139999,89.190002,88.100998,325800
2021-05-11,88.070000,89.430000,86.730003,86.900002,85.838959,249300
2021-05-12,87.879997,88.620003,85.959999,86.239998,85.187012,329900
2021-05-13,85.480003,89.629997,85.480003,89.089996,88.484444,229400
2021-05-14,89.150002,90.620003,86.919998,90.339996,89.725952,202300
2021-05-17,88.589996,90.440002,88.010002,89.660004,89.050575,233900
2021-05-18,89.489998,89.750000,87.800003,87.820000,87.223083,221900
2021-05-19,87.000000,89.449997,84.010002,88.669998,88.067299,320400
2021-05-20,88.209999,89.599998,87.139999,89.150002,88.544044,268700
2021-05-21,90.059998,91.629997,89.750000,90.949997,90.331802,217800
2021-05-24,90.970001,91.239998,89.529999,89.940002,89.328674,305400
2021-05-25,89.839996,90.589996,85.489998,85.669998,85.087692,322200
2021-05-26,85.989998,87.529999,85.269997,87.180000,86.587433,313600
2021-05-27,88.650002,89.379997,87.760002,88.330002,87.729614,322500
2021-05-28,88.360001,89.059998,87.160004,88.809998,88.206352,184100
2021-06-01,89.339996,90.309998,88.669998,89.919998,89.308807,214700
2021-06-02,91.010002,91.010002,88.690002,89.070000,88.464584,211300
2021-06-03,89.300003,90.400002,88.599998,89.760002,89.149895,188700
2021-06-04,89.379997,90.110001,88.589996,89.750000,89.139961,210800
2021-06-07,90.419998,90.809998,88.529999,90.300003,89.686226,229900
2021-06-08,89.800003,90.379997,88.190002,89.949997,89.338600,296800
2021-06-09,89.050003,89.709999,86.769997,86.849998,86.259674,229400
2021-06-10,88.220001,88.220001,85.419998,85.449997,84.869186,226600
2021-06-11,86.000000,87.320000,85.660004,86.239998,85.653816,224400
2021-06-14,86.550003,87.269997,84.750000,85.559998,84.978439,391400
2021-06-15,85.699997,87.839996,85.300003,86.970001,86.378860,346000
2021-06-16,86.389999,88.910004,85.900002,88.559998,87.958046,223500
2021-06-17,88.980003,89.000000,84.389999,84.980003,84.402390,442100
2021-06-18,83.559998,84.260002,80.720001,80.989998,80.439507,991300
2021-06-21,81.870003,84.089996,81.010002,83.970001,83.399254,491400
2021-06-22,83.739998,84.790001,82.580002,84.320000,83.746872,406700
2021-06-23,84.250000,84.519997,83.040001,83.360001,82.793396,394100
2021-06-24,83.500000,85.019997,82.660004,84.959999,84.382523,272100
2021-06-25,85.650002,85.650002,83.599998,84.349998,83.776665,757600
2021-06-28,80.900002,84.500000,80.900002,83.260002,82.694077,295500
2021-06-29,83.459999,84.260002,81.589996,82.040001,81.482368,182700
2021-06-30,81.750000,82.339996,81.389999,81.760002,81.204277,272800
2021-07-01,82.470001,83.120003,81.830002,82.070000,81.512161,217600
2021-07-02,82.080002,82.360001,80.510002,80.720001,80.171341,159000
2021-07-06,80.150002,80.150002,77.790001,78.070000,77.539352,407300
2021-07-07,77.339996,78.349998,77.099998,77.870003,77.340714,393800
2021-07-08,76.110001,77.940002,75.760002,77.209999,76.685196,337800
2021-07-09,78.489998,79.889999,77.769997,79.570000,79.029160,617700
2021-07-12,78.690002,79.500000,78.169998,79.250000,78.711334,241000
2021-07-13,79.040001,79.040001,77.129997,77.360001,76.834175,225400
2021-07-14,77.209999,78.199997,76.010002,76.839996,76.317711,480000
2021-07-15,76.230003,78.940002,76.029999,78.870003,78.333916,382500
2021-07-16,79.760002,79.760002,76.349998,76.400002,75.880707,234100
2021-07-19,75.099998,75.669998,73.010002,73.480003,72.980553,315000
2021-07-20,73.500000,77.160004,73.500000,74.610001,74.102867,357900
2021-07-21,75.730003,77.449997,75.519997,76.480003,75.960159,309200
2021-07-22,76.050003,76.050003,73.239998,73.419998,72.920959,221600
2021-07-23,71.230003,71.230003,66.889999,68.620003,68.153587,948500
2021-07-26,69.800003,71.449997,68.900002,71.220001,70.735916,812100
2021-07-27,70.570000,70.849998,69.059998,69.739998,69.265968,445900
2021-07-28,70.489998,72.169998,69.559998,71.080002,70.596863,542600
2021-07-29,71.580002,72.300003,70.470001,70.589996,70.110191,347700
2021-07-30,70.029999,71.379997,68.470001,68.839996,68.372086,480700
2021-08-02,69.059998,71.190002,68.199997,68.230003,67.766235,516000
2021-08-03,68.250000,70.660004,67.519997,70.080002,69.603661,462400
2021-08-04,69.019997,69.830002,68.519997,68.970001,68.501205,466100
2021-08-05,69.129997,70.839996,69.019997,69.980003,69.504341,391900
2021-08-06,71.360001,73.080002,70.089996,72.650002,72.156197,406700
2021-08-09,72.050003,73.360001,71.400002,71.949997,71.460945,519800
2021-08-10,71.839996,72.419998,71.099998,72.089996,71.599998,467000
2021-08-11,71.599998,72.040001,70.690002,71.959999,71.959999,471300
2021-08-12,71.940002,72.449997,71.070000,71.489998,71.489998,264500
2021-08-13,72.059998,72.059998,70.860001,71.720001,71.720001,744900
2021-08-16,70.000000,71.339996,69.889999,71.139999,71.139999,520800
2021-08-17,70.690002,71.339996,70.000000,70.540001,70.540001,499600
2021-08-18,70.279999,71.070000,68.610001,68.690002,68.690002,489000
2021-08-19,68.489998,69.160004,66.720001,67.570000,67.570000,396300
2021-08-20,67.529999,69.309998,67.300003,68.730003,68.730003,258200
2021-08-23,69.250000,69.769997,68.970001,69.589996,69.589996,198100
2021-08-24,69.580002,70.110001,69.459999,69.839996,69.839996,347600
2021-08-25,70.000000,70.540001,69.510002,69.690002,69.690002,383500
2021-08-26,70.269997,70.279999,68.900002,68.940002,68.940002,237600
2021-08-27,69.660004,70.870003,68.989998,70.540001,70.540001,422000
2021-08-30,70.489998,70.489998,68.000000,68.040001,68.040001,284600