Date,Open,High,Low,Close,Adj Close,Volume
2021-01-04,94.190002,95.669998,91.250000,92.610001,91.968414,262800
2021-01-05,92.620003,94.839996,92.599998,94.120003,93.467949,369700
2021-01-06,95.610001,99.040001,94.760002,98.269997,97.828255,438500
2021-01-07,98.489998,100.949997,97.959999,100.480003,100.028328,175400
2021-01-08,100.470001,101.360001,98.809998,99.870003,99.421074,188500
2021-01-11,98.910004,101.559998,98.910004,101.029999,100.575851,224800
2021-01-12,101.389999,102.669998,101.180000,102.379997,101.919785,118800
2021-01-13,102.580002,102.580002,100.870003,101.599998,101.143288,147200
2021-01-14,102.480003,102.480003,100.720001,100.970001,100.516129,159500
2021-01-15,99.919998,100.019997,97.300003,99.489998,99.042770,309200
2021-01-19,100.250000,102.489998,100.250000,102.419998,101.959602,299400
2021-01-20,102.750000,105.430000,102.480003,104.309998,103.841110,250100
2021-01-21,104.500000,105.889999,102.519997,102.760002,102.298080,180300
2021-01-22,101.440002,103.120003,100.139999,102.970001,102.507133,168400
2021-01-25,102.360001,102.820000,99.040001,100.279999,99.829224,170300
2021-01-26,100.830002,100.830002,96.820000,97.080002,96.643608,171500
2021-01-27,94.730003,96.599998,92.470001,93.769997,93.348488,284100
2021-01-28,94.820000,95.160004,93.629997,94.690002,94.264359,167900
2021-01-29,94.370003,94.989998,91.910004,92.000000,91.586449,217000
2021-02-01,93.110001,95.739998,92.150002,95.269997,94.841743,157000
2021-02-02,96.379997,97.669998,95.150002,96.449997,96.016441,143600
2021-02-03,95.970001,96.980003,95.300003,96.930000,96.494286,158800
2021-02-04,96.970001,99.169998,96.879997,97.139999,96.703339,240000
2021-02-05,97.000000,100.199997,97.000000,100.169998,99.719719,188900
2021-02-08,100.809998,103.660004,100.199997,103.550003,103.084526,207700
2021-02-09,102.919998,102.989998,94.570000,95.900002,95.468918,349200
2021-02-10,96.019997,97.089996,93.169998,93.500000,93.079704,271500
2021-02-11,93.709999,94.690002,92.860001,94.250000,93.826340,245200
2021-02-12,93.989998,95.720001,93.940002,95.529999,95.100578,151400
2021-02-16,95.860001,97.370003,95.199997,96.309998,95.877068,444000
2021-02-17,95.110001,96.800003,95.110001,96.199997,95.767563,173200
2021-02-18,96.139999,97.290001,95.660004,96.529999,96.096077,357800
2021-02-19,97.050003,98.470001,97.050003,97.820000,97.380287,238400
2021-02-22,97.129997,99.150002,96.120003,97.330002,96.892494,372000
2021-02-23,97.190002,99.209999,96.330002,98.589996,98.146820,261700
2021-02-24,99.070000,99.680000,97.959999,99.400002,98.953178,160200
2021-02-25,98.970001,99.709999,98.080002,98.180000,97.738663,342300
2021-02-26,98.519997,99.300003,97.279999,97.459999,97.021904,280200
2021-03-01,99.250000,100.529999,98.570000,100.019997,99.570389,142700
2021-03-02,99.779999,99.779999,97.129997,98.169998,97.728706,424100
2021-03-03,99.029999,99.940002,98.220001,98.389999,97.947723,216100
2021-03-04,98.839996,99.489998,96.790001,98.739998,98.296143,460700
2021-03-05,100.000000,100.540001,97.940002,100.379997,99.928772,551100
2021-03-08,101.480003,105.580002,100.839996,104.379997,103.910797,212700
2021-03-09,104.699997,105.610001,103.580002,104.580002,104.109901,333100
2021-03-10,105.489998,108.860001,104.669998,107.919998,107.434883,314400
2021-03-11,107.000000,109.849998,105.790001,106.160004,105.682800,363400
2021-03-12,106.480003,107.029999,105.470001,106.480003,106.001358,523000
2021-03-15,106.010002,108.570000,105.080002,108.559998,108.072006,276700
2021-03-16,108.239998,109.660004,107.370003,109.269997,108.778809,241800
2021-03-17,109.639999,109.639999,106.879997,107.879997,107.395065,293800
2021-03-18,107.800003,108.370003,106.300003,106.330002,105.852036,262600
2021-03-19,106.449997,106.449997,104.199997,104.809998,104.338867,530300
2021-03-22,104.860001,105.239998,102.620003,103.400002,102.935204,137100
2021-03-23,103.400002,103.400002,100.760002,101.190002,100.735138,230500
2021-03-24,102.730003,104.589996,100.660004,100.809998,100.356842,148100
2021-03-25,100.199997,102.690002,98.720001,102.290001,101.830193,131600
2021-03-26,103.529999,104.389999,102.500000,104.120003,103.651962,210400
2021-03-29,103.809998,105.730003,101.410004,101.500000,101.043747,212100
2021-03-30,101.180000,103.489998,100.540001,103.400002,102.935204,230800
2021-03-31,103.680000,104.519997,102.220001,103.730003,103.493935,264900
2021-04-01,103.500000,105.410004,102.970001,105.349998,105.110237,164600
2021-04-05,106.089996,106.440002,104.730003,105.540001,105.299812,160600
2021-04-06,105.980003,107.250000,105.000000,106.180000,105.938354,128800
2021-04-07,105.940002,106.559998,104.440002,104.519997,104.282127,108700
2021-04-08,104.639999,105.099998,102.910004,104.629997,104.391876,129300
2021-04-09,105.199997,106.529999,104.820000,106.220001,105.978264,96000
2021-04-12,106.220001,107.610001,105.580002,107.269997,107.025871,91400
2021-04-13,108.330002,108.419998,105.830002,106.809998,106.566917,132500
2021-04-14,106.900002,108.099998,106.900002,107.169998,106.926102,92600
2021-04-15,108.260002,108.260002,106.389999,106.839996,106.596848,105900
2021-04-16,107.699997,108.239998,106.730003,107.849998,107.604553,252000
2021-04-19,108.220001,108.500000,106.419998,107.269997,107.025871,148600
2021-04-20,106.629997,108.660004,104.040001,104.820000,104.581451,131900
2021-04-21,105.099998,106.230003,104.849998,105.430000,105.190063,184900
2021-04-22,106.099998,107.580002,105.029999,106.199997,105.958305,187500
2021-04-23,106.769997,107.930000,105.800003,107.370003,107.125648,135000
2021-04-26,108.150002,108.629997,107.150002,107.529999,107.285278,126800
2021-04-27,112.500000,114.400002,109.120003,114.349998,114.089760,308600
2021-04-28,114.269997,114.690002,110.870003,113.000000,112.742828,239400
2021-04-29,113.339996,113.489998,111.230003,113.019997,112.762779,225200
2021-04-30,111.900002,112.699997,110.739998,112.699997,112.443512,339000
2021-05-03,113.489998,116.169998,113.410004,115.529999,115.267075,226500
2021-05-04,114.940002,117.269997,114.940002,116.730003,116.464348,197100
2021-05-05,116.779999,116.779999,114.150002,115.529999,115.267075,139200
2021-05-06,116.129997,116.879997,115.400002,116.730003,116.464348,126500
2021-05-07,116.690002,118.570000,116.690002,118.459999,118.190407,99900
2021-05-10,118.669998,119.769997,116.410004,116.540001,116.274773,127900
2021-05-11,114.980003,114.980003,112.769997,112.940002,112.682968,116600
2021-05-12,113.739998,114.050003,108.169998,108.260002,108.013618,187500
2021-05-13,108.800003,112.620003,108.800003,112.080002,111.824928,196800
2021-05-14,112.510002,115.000000,111.720001,114.550003,114.289307,137600
2021-05-17,113.440002,113.709999,112.160004,113.489998,113.231712,103800
2021-05-18,113.370003,113.739998,111.080002,111.110001,110.857132,188600
2021-05-19,109.500000,111.720001,109.419998,111.519997,111.266197,147100
2021-05-20,111.419998,111.419998,110.360001,111.300003,111.046707,166100
2021-05-21,112.589996,112.720001,111.330002,112.269997,112.014488,145000
2021-05-24,112.790001,113.879997,111.949997,112.879997,112.623100,116800
2021-05-25,113.260002,113.750000,111.599998,111.849998,111.595444,166100
2021-05-26,112.540001,114.540001,112.199997,114.360001,114.099739,146100
2021-05-27,115.599998,115.599998,113.209999,113.220001,112.962334,128000
2021-05-28,112.870003,113.220001,110.989998,112.320000,112.064377,99200
2021-06-01,113.080002,114.220001,112.199997,113.449997,113.191803,118500
2021-06-02,113.680000,113.680000,109.589996,109.959999,109.709747,128100
2021-06-03,109.870003,110.250000,109.000000,109.199997,108.951477,175000
2021-06-04,109.970001,110.730003,109.250000,110.349998,110.098862,112200
2021-06-07,110.540001,111.220001,109.949997,110.559998,110.308380,163100
2021-06-08,110.970001,112.199997,109.959999,111.750000,111.495674,120100
2021-06-09,111.839996,112.260002,110.599998,110.739998,110.487976,153700
2021-06-10,111.110001,111.540001,108.739998,108.849998,108.602272,109600
2021-06-11,108.860001,111.199997,108.860001,111.089996,110.837173,144300
2021-06-14,111.269997,111.519997,109.269997,110.089996,109.839447,187400
2021-06-15,110.129997,111.440002,109.889999,110.209999,109.959183,146300
2021-06-16,109.809998,111.139999,109.610001,110.349998,110.098862,174500
2021-06-17,110.230003,111.010002,106.209999,108.370003,108.123375,185000
2021-06-18,107.900002,108.209999,106.820000,107.370003,107.125648,317500
2021-06-21,108.550003,110.169998,108.550003,109.879997,109.629929,136900
2021-06-22,109.900002,111.339996,109.180000,110.970001,110.717453,126000
2021-06-23,111.480003,111.480003,109.970001,110.230003,109.979141,142600
2021-06-24,110.589996,111.470001,109.430000,111.080002,110.827202,112000
2021-06-25,111.500000,111.739998,109.860001,110.089996,109.839447,574200
2021-06-28,110.110001,110.110001,108.290001,108.839996,108.592293,144100
2021-06-29,108.930000,110.129997,108.660004,109.849998,109.599998,110600
2021-06-30,109.309998,110.889999,108.180000,110.440002,110.440002,204000
2021-07-01,111.250000,111.980003,110.269997,110.879997,110.879997,162100
2021-07-02,111.349998,111.349998,109.989998,110.610001,110.610001,149100
2021-07-06,111.120003,111.260002,109.099998,110.180000,110.180000,267800
2021-07-07,109.330002,111.820000,109.330002,110.709999,110.709999,104000
2021-07-08,109.360001,110.639999,108.139999,108.750000,108.750000,170600
2021-07-09,110.339996,110.970001,109.599998,110.500000,110.500000,75600
2021-07-12,109.800003,111.220001,109.430000,111.110001,111.110001,108400
2021-07-13,110.550003,111.230003,109.889999,110.250000,110.250000,141600
2021-07-14,110.870003,110.870003,109.599998,109.790001,109.790001,95200
2021-07-15,109.349998,110.540001,107.760002,110.419998,110.419998,131300
2021-07-16,111.290001,111.589996,109.820000,109.980003,109.980003,175600
2021-07-19,108.550003,109.940002,107.120003,108.580002,108.580002,163200
2021-07-20,109.360001,112.239998,108.220001,111.269997,111.269997,185300
2021-07-21,111.589996,113.430000,111.300003,111.570000,111.570000,125800
2021-07-22,111.199997,112.220001,109.489998,109.669998,109.669998,140700
2021-07-23,111.019997,111.989998,110.160004,111.599998,111.599998,95600
2021-07-26,112.129997,112.650002,110.919998,111.169998,111.169998,109500
2021-07-27,110.059998,111.610001,108.230003,108.510002,108.510002,245400
2021-07-28,109.269997,111.449997,108.269997,110.239998,110.239998,135400
2021-07-29,111.709999,112.190002,111.110001,111.989998,111.989998,94600
2021-07-30,111.750000,113.290001,111.320000,112.480003,112.480003,124000
2021-08-02,113.330002,113.970001,110.559998,110.800003,110.800003,95400
2021-08-03,110.730003,112.940002,110.050003,112.510002,112.510002,200600
2021-08-04,111.379997,113.459999,111.339996,111.349998,111.349998,123700
2021-08-05,112.309998,112.849998,111.440002,111.709999,111.709999,92400
2021-08-06,112.779999,112.919998,111.070000,112.779999,112.779999,93600
2021-08-09,112.410004,112.449997,110.669998,110.720001,110.720001,68400
2021-08-10,110.720001,113.570000,109.269997,112.190002,112.190002,93400
2021-08-11,113.120003,114.529999,112.070000,114.459999,114.459999,90100
2021-08-12,115.209999,115.209999,112.830002,113.110001,113.110001,68700
2021-08-13,112.870003,112.870003,111.889999,112.540001,112.540001,67000
2021-08-16,111.620003,114.260002,111.010002,113.360001,113.360001,70000
2021-08-17,112.400002,112.400002,109.720001,110.650002,110.650002,63400
2021-08-18,110.860001,111.970001,110.230003,110.480003,110.480003,62600
2021-08-19,109.440002,111.029999,109.440002,110.660004,110.660004,78200
2021-08-20,110.489998,112.480003,109.980003,112.300003,112.300003,87200
2021-08-23,113.279999,113.430000,112.209999,113.139999,113.139999,89500
2021-08-24,113.779999,113.779999,112.660004,113.430000,113.430000,60800
2021-08-25,113.570000,114.589996,113.239998,113.440002,113.440002,71600
2021-08-26,112.959999,113.449997,110.820000,110.870003,110.870003,92500
2021-08-27,111.480003,115.860001,111.480003,114.970001,114.970001,156600
2021-08-30,115.879997,116.430000,114.430000,114.529999,114.529999,61400