Date,Open,High,Low,Close,Adj Close,Volume
2021-01-04,79.660004,85.959999,79.360001,81.589996,81.589996,821100
2021-01-05,80.650002,82.580002,78.500000,81.669998,81.669998,362300
2021-01-06,82.089996,83.830002,77.739998,78.500000,78.500000,648000
2021-01-07,79.209999,80.989998,78.559998,80.070000,80.070000,274300
2021-01-08,82.120003,85.620003,81.779999,84.370003,84.370003,520700
2021-01-11,82.370003,85.919998,82.059998,83.949997,83.949997,522400
2021-01-12,83.519997,89.959999,83.389999,89.419998,89.419998,1160800
2021-01-13,89.650002,92.269997,88.050003,88.449997,88.449997,592000
2021-01-14,88.000000,92.250000,87.199997,90.989998,90.989998,439300
2021-01-15,91.000000,91.849998,87.239998,88.059998,88.059998,655100
2021-01-19,87.870003,90.040001,83.099998,89.480003,89.480003,561800
2021-01-20,89.889999,91.809998,88.089996,88.849998,88.849998,233300
2021-01-21,89.680000,90.330002,86.790001,89.669998,89.669998,187800
2021-01-22,89.709999,91.440002,88.769997,91.370003,91.370003,227800
2021-01-25,91.230003,92.879997,88.709999,89.769997,89.769997,337900
2021-01-26,96.989998,105.440002,96.550003,104.470001,104.470001,3479200
2021-01-27,101.410004,106.709999,98.989998,103.849998,103.849998,1733800
2021-01-28,104.000000,108.809998,100.120003,106.690002,106.690002,10552700
2021-01-29,106.779999,108.110001,102.580002,102.580002,102.580002,929600
2021-02-01,103.389999,107.169998,102.650002,106.750000,106.750000,685000
2021-02-02,107.760002,111.260002,104.750000,109.580002,109.580002,720200
2021-02-03,109.500000,111.760002,107.989998,109.959999,109.959999,360300
2021-02-04,110.269997,111.889999,109.589996,111.199997,111.199997,503100
2021-02-05,111.699997,117.639999,111.000000,115.959999,115.959999,666600
2021-02-08,117.019997,124.230003,117.019997,122.900002,122.900002,747700
2021-02-09,123.750000,125.260002,122.000000,124.160004,124.160004,642600
2021-02-10,124.370003,127.699997,119.550003,123.779999,123.779999,633600
2021-02-11,125.089996,125.250000,121.019997,123.690002,123.690002,390300
2021-02-12,123.900002,125.059998,120.739998,124.059998,124.059998,479300
2021-02-16,125.029999,127.169998,122.209999,126.480003,126.480003,540800
2021-02-17,124.790001,125.050003,119.300003,121.000000,121.000000,372500
2021-02-18,118.989998,120.250000,113.599998,118.070000,118.070000,542300
2021-02-19,119.389999,128.229996,117.500000,123.339996,123.339996,571400
2021-02-22,121.349998,121.480003,114.419998,115.529999,115.529999,655000
2021-02-23,110.059998,112.070000,101.330002,111.050003,111.050003,1092400
2021-02-24,111.040001,115.599998,108.639999,114.860001,114.860001,536400
2021-02-25,111.559998,119.779999,104.760002,106.290001,106.290001,613800
2021-02-26,107.589996,108.779999,101.169998,104.010002,104.010002,585900
2021-03-01,106.370003,106.720001,102.139999,106.510002,106.510002,644500
2021-03-02,106.910004,107.180000,101.849998,103.750000,103.750000,354600
2021-03-03,102.309998,103.199997,95.050003,95.099998,95.099998,642700
2021-03-04,92.879997,95.190002,85.750000,90.639999,90.639999,867000
2021-03-05,91.010002,91.180000,82.470001,86.010002,86.010002,779900
2021-03-08,85.870003,86.370003,78.320000,79.010002,79.010002,665300
2021-03-09,83.599998,89.919998,82.050003,88.349998,88.349998,748000
2021-03-10,90.110001,92.349998,86.529999,87.760002,87.760002,455200
2021-03-11,91.139999,93.320000,90.309998,92.059998,92.059998,540700
2021-03-12,89.860001,90.739998,87.480003,90.379997,90.379997,452800
2021-03-15,90.870003,94.680000,89.830002,93.190002,93.190002,390500
2021-03-16,94.449997,95.889999,90.760002,92.500000,92.500000,364500
2021-03-17,91.610001,94.349998,89.230003,93.930000,93.930000,302200
2021-03-18,92.910004,94.540001,89.930000,91.660004,91.660004,534900
2021-03-19,92.889999,97.239998,91.500000,96.669998,96.669998,1154900
2021-03-22,96.370003,99.559998,94.919998,97.790001,97.790001,630700
2021-03-23,97.570000,99.330002,95.540001,98.650002,98.650002,740500
2021-03-24,99.300003,99.769997,94.760002,94.860001,94.860001,1454900
2021-03-25,93.349998,97.230003,90.570000,96.839996,96.839996,568500
2021-03-26,97.580002,100.320000,96.849998,100.239998,100.239998,450900
2021-03-29,99.779999,100.209999,93.209999,99.470001,99.470001,1727600
2021-03-30,99.459999,101.540001,97.620003,100.389999,100.389999,438700
2021-03-31,101.480003,106.699997,101.480003,105.410004,105.410004,388200
2021-04-01,107.000000,107.980003,104.150002,105.760002,105.760002,379600
2021-04-05,107.739998,107.760002,105.199997,106.580002,106.580002,172700
2021-04-06,106.739998,113.519997,106.400002,112.589996,112.589996,501200
2021-04-07,111.320000,113.820000,109.800003,110.139999,110.139999,700400
2021-04-08,113.540001,117.029999,111.519997,114.980003,114.980003,403300
2021-04-09,116.080002,116.430000,112.760002,115.949997,115.949997,211400
2021-04-12,115.940002,115.940002,112.019997,114.080002,114.080002,375000
2021-04-13,115.849998,116.500000,112.360001,115.629997,115.629997,301100
2021-04-14,115.989998,119.839996,114.629997,117.019997,117.019997,345300
2021-04-15,119.000000,120.250000,116.900002,119.889999,119.889999,235400
2021-04-16,120.000000,120.000000,117.160004,118.209999,118.209999,326600
2021-04-19,117.000000,118.930000,114.099998,117.660004,117.660004,318600
2021-04-20,117.650002,119.510002,115.699997,118.809998,118.809998,802200
2021-04-21,118.809998,128.899994,117.629997,128.839996,128.839996,577600
2021-04-22,128.820007,131.520004,126.610001,130.149994,130.149994,891200
2021-04-23,130.470001,135.000000,130.470001,133.800003,133.800003,374700
2021-04-26,134.130005,136.100006,131.880005,135.479996,135.479996,452600
2021-04-27,134.949997,138.300003,134.300003,136.130005,136.130005,277600
2021-04-28,136.429993,138.149994,134.570007,137.130005,137.130005,145300
2021-04-29,139.339996,139.970001,133.279999,139.160004,139.160004,305700
2021-04-30,137.009995,138.740005,135.630005,137.009995,137.009995,598100
2021-05-03,138.410004,139.729996,135.750000,138.940002,138.940002,533100
2021-05-04,136.610001,136.979996,119.669998,122.000000,122.000000,1384300
2021-05-05,122.660004,127.750000,121.169998,124.760002,124.760002,936500
2021-05-06,128.000000,136.880005,125.019997,132.479996,132.479996,809200
2021-05-07,132.729996,138.500000,130.470001,137.789993,137.789993,432100
2021-05-10,135.639999,137.350006,110.260002,111.510002,111.510002,1031600
2021-05-11,110.000000,113.620003,105.510002,113.029999,113.029999,673000
2021-05-12,110.360001,113.839996,107.599998,110.790001,110.790001,510100
2021-05-13,111.339996,113.500000,103.870003,106.269997,106.269997,429300
2021-05-14,107.699997,113.500000,107.000000,110.680000,110.680000,267900
2021-05-17,109.860001,119.589996,109.820000,113.919998,113.919998,414600
2021-05-18,114.919998,115.839996,111.209999,113.550003,113.550003,619800
2021-05-19,110.739998,121.120003,109.180000,120.589996,120.589996,437400
2021-05-20,121.699997,128.289993,121.699997,123.660004,123.660004,378900
2021-05-21,124.989998,128.009995,124.230003,127.339996,127.339996,353000
2021-05-24,128.649994,132.470001,127.519997,130.089996,130.089996,408300
2021-05-25,131.830002,135.000000,129.240005,132.949997,132.949997,233400
2021-05-26,131.800003,136.100006,130.089996,136.020004,136.020004,295900
2021-05-27,137.130005,145.419998,133.309998,143.300003,143.300003,652900
2021-05-28,144.830002,150.000000,144.000000,146.029999,146.029999,1080100
2021-06-01,146.500000,148.169998,137.940002,143.949997,143.949997,465700
2021-06-02,143.320007,145.600006,140.279999,143.669998,143.669998,327100
2021-06-03,141.649994,143.479996,137.830002,140.119995,140.119995,411300
2021-06-04,142.350006,143.380005,135.160004,137.360001,137.360001,387400
2021-06-07,136.429993,143.119995,136.429993,141.360001,141.360001,260200
2021-06-08,141.899994,143.059998,136.309998,142.839996,142.839996,303500
2021-06-09,143.880005,146.139999,139.429993,140.000000,140.000000,325100
2021-06-10,138.899994,145.160004,137.490005,144.229996,144.229996,244000
2021-06-11,145.089996,147.270004,142.020004,147.009995,147.009995,267400
2021-06-14,146.550003,149.880005,145.289993,146.899994,146.899994,311300
2021-06-15,147.149994,148.660004,145.229996,147.509995,147.509995,374700
2021-06-16,147.080002,151.000000,145.570007,147.970001,147.970001,433300
2021-06-17,147.110001,152.179993,147.110001,151.149994,151.149994,363400
2021-06-18,149.369995,154.449997,145.279999,145.479996,145.479996,592300
2021-06-21,146.139999,148.250000,140.940002,148.160004,148.160004,367500
2021-06-22,148.179993,150.160004,145.050003,149.279999,149.279999,328300
2021-06-23,148.929993,154.229996,148.929993,152.839996,152.839996,229300
2021-06-24,155.000000,161.710007,154.880005,154.960007,154.960007,498300
2021-06-25,154.580002,157.720001,152.770004,152.789993,152.789993,684900
2021-06-28,154.699997,158.509995,152.429993,154.949997,154.949997,885500
2021-06-29,154.559998,156.080002,152.279999,152.500000,152.500000,381800
2021-06-30,152.500000,154.660004,150.110001,152.500000,152.500000,835800
2021-07-01,151.880005,153.679993,148.500000,151.119995,151.119995,271400
2021-07-02,152.630005,152.630005,143.660004,144.729996,144.729996,372400
2021-07-06,145.300003,146.699997,141.679993,145.610001,145.610001,305500
2021-07-07,147.720001,148.850006,142.119995,145.639999,145.639999,287000
2021-07-08,141.000000,144.229996,130.080002,143.429993,143.429993,385100
2021-07-09,144.000000,144.460007,139.750000,143.220001,143.220001,294900
2021-07-12,145.000000,146.250000,141.369995,142.750000,142.750000,288900
2021-07-13,143.250000,143.669998,134.380005,135.080002,135.080002,587000
2021-07-14,135.460007,135.899994,129.119995,129.850006,129.850006,435000
2021-07-15,129.089996,132.300003,126.510002,128.889999,128.889999,385200
2021-07-16,130.119995,130.649994,127.320000,129.479996,129.479996,294000
2021-07-19,126.580002,134.789993,126.019997,132.449997,132.449997,410900
2021-07-20,133.770004,134.149994,130.669998,132.059998,132.059998,359100
2021-07-21,132.309998,134.669998,129.020004,134.470001,134.470001,260600
2021-07-22,135.490005,136.119995,132.029999,133.539993,133.539993,197900
2021-07-23,134.589996,134.589996,127.330002,131.880005,131.880005,234900
2021-07-26,131.320007,131.320007,124.120003,126.180000,126.180000,430800
2021-07-27,126.339996,126.339996,118.540001,122.750000,122.750000,415300
2021-07-28,123.480003,128.889999,123.480003,127.500000,127.500000,332100
2021-07-29,127.320000,131.770004,126.510002,127.839996,127.839996,226700
2021-07-30,127.459999,130.000000,127.220001,127.919998,127.919998,188400
2021-08-02,128.500000,131.389999,127.080002,128.250000,128.250000,274100
2021-08-03,127.910004,127.919998,123.040001,127.849998,127.849998,342200
2021-08-04,130.039993,131.839996,126.620003,128.750000,128.750000,254700
2021-08-05,134.380005,157.850006,134.380005,155.050003,155.050003,754500
2021-08-06,153.660004,154.250000,146.570007,149.009995,149.009995,362500
2021-08-09,149.820007,155.369995,147.509995,152.690002,152.690002,298700
2021-08-10,153.679993,153.889999,142.460007,143.320007,143.320007,364000
2021-08-11,142.259995,143.229996,134.899994,138.190002,138.190002,321100
2021-08-12,136.899994,137.210007,131.580002,136.289993,136.289993,298600
2021-08-13,136.199997,140.729996,134.990005,139.240005,139.240005,234800
2021-08-16,140.720001,145.320007,139.000000,142.750000,142.750000,361400
2021-08-17,141.080002,144.470001,140.669998,144.119995,144.119995,239300
2021-08-18,145.220001,148.479996,142.619995,143.690002,143.690002,301200
2021-08-19,140.369995,141.550003,135.360001,138.610001,138.610001,256400
2021-08-20,136.440002,137.899994,125.400002,129.710007,129.710007,1119300
2021-08-23,131.750000,136.539993,129.949997,133.399994,133.399994,416800
2021-08-24,133.399994,137.300003,132.119995,136.779999,136.779999,287300
2021-08-25,136.970001,138.119995,131.460007,134.899994,134.899994,283600
2021-08-26,135.029999,140.050003,134.869995,136.429993,136.429993,191300
2021-08-27,137.440002,145.210007,137.119995,143.399994,143.399994,320100
2021-08-30,143.429993,149.800003,142.009995,149.639999,149.639999,225000