Date,Open,High,Low,Close,Adj Close,Volume
2021-01-04,31.370001,31.430000,30.330000,30.360001,29.547848,1012900
2021-01-05,30.350000,30.650000,30.320000,30.370001,29.557585,799200
2021-01-06,30.420000,30.540001,29.750000,30.240000,29.431061,1228500
2021-01-07,30.030001,30.160000,29.590000,29.770000,28.973633,1515900
2021-01-08,29.770000,30.379999,29.740000,30.379999,29.567312,1058600
2021-01-11,30.190001,30.450001,30.080000,30.360001,29.547848,1037600
2021-01-12,30.170000,30.469999,30.080000,30.240000,29.431061,977100
2021-01-13,30.360001,30.700001,30.260000,30.530001,29.713301,542200
2021-01-14,30.639999,30.820000,30.309999,30.400000,29.586779,606100
2021-01-15,30.309999,30.660000,30.110001,30.600000,29.781427,578600
2021-01-19,30.840000,30.889999,30.500000,30.709999,29.888485,737800
2021-01-20,30.709999,31.219999,30.610001,31.170000,30.336180,784500
2021-01-21,31.110001,31.110001,30.410000,30.959999,30.131796,630200
2021-01-22,30.799999,31.080000,30.670000,31.059999,30.229122,636400
2021-01-25,31.100000,31.270000,30.680000,31.020000,30.190193,645300
2021-01-26,31.059999,31.430000,30.910000,31.270000,30.433502,740200
2021-01-27,31.000000,31.059999,30.030001,30.129999,29.323997,880800
2021-01-28,30.110001,30.379999,29.940001,30.010000,29.324978,692400
2021-01-29,30.010000,30.240000,29.400000,29.799999,29.119772,908000
2021-02-01,29.879999,30.930000,29.540001,30.930000,30.223980,872400
2021-02-02,31.000000,31.500000,30.639999,31.209999,30.497585,945400
2021-02-03,31.090000,31.219999,30.520000,30.969999,30.263065,716500
2021-02-04,31.000000,31.510000,30.900000,31.370001,30.653934,786300
2021-02-05,31.469999,31.469999,31.170000,31.389999,30.673479,687200
2021-02-08,31.389999,31.670000,31.200001,31.620001,30.898230,968500
2021-02-09,31.690001,32.259998,31.530001,32.080002,31.347731,1199800
2021-02-10,32.259998,32.689999,31.610001,31.740000,31.015486,1400900
2021-02-11,31.969999,32.630001,31.680000,31.940001,31.210924,1682700
2021-02-12,31.900000,32.599998,31.750000,32.560001,31.816774,1173900
2021-02-16,32.799999,32.799999,32.070000,32.439999,31.699505,1075400
2021-02-17,32.410000,32.549999,32.080002,32.139999,31.406357,989900
2021-02-18,32.150002,32.299999,31.719999,31.770000,31.044804,862700
2021-02-19,31.850000,32.049999,31.719999,31.910000,31.181608,870200
2021-02-22,32.000000,32.060001,31.590000,31.790001,31.064348,961100
2021-02-23,31.900000,32.180000,31.629999,31.740000,31.015486,991300
2021-02-24,31.940001,32.250000,31.830000,32.169998,31.435671,946500
2021-02-25,32.070000,32.459999,31.719999,31.860001,31.250292,989800
2021-02-26,31.850000,32.080002,31.510000,31.549999,30.946220,1386000
2021-03-01,31.879999,32.610001,31.879999,32.029999,31.417038,1220400
2021-03-02,32.060001,32.290001,31.750000,31.969999,31.358185,1245300
2021-03-03,32.000000,32.060001,31.480000,31.650000,31.044306,1144800
2021-03-04,31.809999,32.410000,31.420000,31.580000,30.975649,1752700
2021-03-05,31.740000,32.230000,31.420000,32.139999,31.524931,1357700
2021-03-08,32.310001,33.189999,32.150002,32.759998,32.133068,1257200
2021-03-09,33.009998,33.439999,32.759998,32.770000,32.142876,908200
2021-03-10,32.869999,33.230000,32.750000,32.779999,32.152679,1059800
2021-03-11,32.779999,33.130001,32.529999,32.700001,32.074215,1143800
2021-03-12,32.740002,33.500000,32.470001,33.490002,32.849102,1142200
2021-03-15,33.599998,34.529999,33.389999,34.400002,33.741684,1809800
2021-03-16,34.400002,34.700001,34.270000,34.459999,33.800533,1172700
2021-03-17,34.380001,34.450001,33.910000,34.330002,33.673023,1026100
2021-03-18,34.099998,34.450001,33.820000,34.189999,33.535698,1208100
2021-03-19,34.259998,34.389999,33.380001,33.450001,32.809864,3835200
2021-03-22,33.410000,33.639999,33.150002,33.259998,32.623497,1245800
2021-03-23,33.259998,34.080002,33.200001,33.709999,33.064884,1455000
2021-03-24,33.750000,34.099998,33.139999,33.189999,32.554836,1197700
2021-03-25,33.009998,33.660000,32.340000,33.439999,32.800053,1250300
2021-03-26,33.610001,34.200001,33.450001,34.200001,33.545513,1006200
2021-03-29,34.330002,34.470001,33.990002,34.230000,33.574936,1304000
2021-03-30,34.230000,34.270000,33.830002,33.919998,33.388893,687800
2021-03-31,33.869999,34.009998,33.470001,33.610001,33.083744,1128900
2021-04-01,33.869999,34.560001,33.580002,34.560001,34.018875,1350200
2021-04-05,34.700001,34.930000,34.230000,34.419998,33.881062,1596000
2021-04-06,34.250000,34.599998,34.250000,34.540001,33.999184,750400
2021-04-07,34.599998,34.799999,34.369999,34.549999,34.009033,743500
2021-04-08,34.639999,34.939999,34.639999,34.750000,34.205898,891600
2021-04-09,34.889999,34.980000,34.740002,34.910000,34.363396,668900
2021-04-12,35.000000,35.270000,34.810001,35.240002,34.688232,909000
2021-04-13,35.230000,35.549999,35.220001,35.480000,34.924469,1287000
2021-04-14,35.470001,35.650002,35.070000,35.099998,34.550419,668100
2021-04-15,35.349998,35.709999,35.209999,35.680000,35.121338,967500
2021-04-16,35.810001,35.880001,35.450001,35.560001,35.003220,683500
2021-04-19,35.560001,35.689999,35.310001,35.549999,34.993374,913900
2021-04-20,35.599998,36.750000,35.599998,36.630001,36.056461,1558300
2021-04-21,36.810001,36.930000,36.490002,36.680000,36.105682,868200
2021-04-22,36.830002,36.830002,36.119999,36.270000,35.702099,975500
2021-04-23,36.400002,36.509998,36.119999,36.270000,35.702099,735400
2021-04-26,36.459999,36.740002,36.259998,36.349998,35.780846,908500
2021-04-27,36.360001,36.509998,36.099998,36.270000,35.702099,699800
2021-04-28,36.369999,36.459999,36.160000,36.209999,35.643040,685700
2021-04-29,36.299999,36.730000,36.080002,36.380001,35.930439,783300
2021-04-30,36.259998,36.700001,36.180000,36.509998,36.058834,1246400
2021-05-03,36.730000,36.799999,36.389999,36.500000,36.048958,1107300
2021-05-04,36.480000,36.540001,36.049999,36.160000,35.713161,935300
2021-05-05,36.009998,36.130001,34.770000,34.939999,34.508232,1778600
2021-05-06,35.090000,35.810001,35.090000,35.799999,35.357609,768100
2021-05-07,35.900002,36.369999,35.849998,36.330002,35.881062,900500
2021-05-10,36.410000,37.160000,36.349998,36.520000,36.068714,1862300
2021-05-11,36.110001,36.200001,35.279999,35.500000,35.061317,1085600
2021-05-12,35.389999,35.560001,34.430000,34.490002,34.063801,833300
2021-05-13,34.549999,35.630001,34.549999,35.310001,34.873669,986700
2021-05-14,35.480000,35.700001,35.330002,35.660000,35.219341,993800
2021-05-17,35.570000,35.700001,35.419998,35.509998,35.071194,712600
2021-05-18,35.459999,35.740002,35.279999,35.389999,34.952679,648600
2021-05-19,35.110001,35.299999,34.779999,35.299999,34.863789,679400
2021-05-20,35.279999,35.759998,35.200001,35.619999,35.179836,701100
2021-05-21,35.700001,35.770000,35.369999,35.529999,35.090942,881800
2021-05-24,35.779999,36.070000,35.680000,35.830002,35.387245,760300
2021-05-25,36.130001,36.130001,35.580002,35.669998,35.229214,874600
2021-05-26,35.840000,36.139999,35.779999,36.070000,35.624271,792700
2021-05-27,36.070000,36.139999,35.599998,35.689999,35.367615,1245700
2021-05-28,35.869999,35.910000,35.580002,35.709999,35.387428,918000
2021-06-01,35.720001,36.480000,35.680000,36.430000,36.100929,671600
2021-06-02,36.560001,36.790001,36.389999,36.779999,36.447765,697900
2021-06-03,36.860001,37.000000,36.660000,36.919998,36.586502,752800
2021-06-04,37.060001,37.099998,36.700001,36.810001,36.477497,666300
2021-06-07,37.049999,37.500000,36.910000,37.450001,37.111717,648800
2021-06-08,37.590000,38.040001,37.560001,37.880001,37.537830,762000
2021-06-09,38.189999,38.349998,37.779999,38.169998,37.825211,1773200
2021-06-10,38.130001,38.790001,37.959999,38.660000,38.310783,795000
2021-06-11,38.790001,38.790001,38.549999,38.660000,38.310783,1105900
2021-06-14,38.619999,39.549999,38.590000,39.330002,38.974735,2275600
2021-06-15,39.349998,39.439999,38.549999,38.630001,38.281055,765900
2021-06-16,38.630001,39.000000,38.509998,38.520000,38.172050,1021900
2021-06-17,38.520000,38.580002,38.189999,38.580002,38.231510,1057700
2021-06-18,39.660000,39.660000,37.990002,38.029999,37.686474,2224100
2021-06-21,38.009998,39.209999,38.009998,39.020000,38.667538,778500
2021-06-22,38.830002,38.980000,38.520000,38.580002,38.231510,906100
2021-06-23,38.529999,38.619999,38.139999,38.150002,37.805397,899200
2021-06-24,38.189999,38.270000,37.330002,37.740002,37.399097,1784000
2021-06-25,37.869999,38.240002,37.730000,38.150002,37.805397,2168400
2021-06-28,38.189999,38.200001,37.590000,37.799999,37.458553,898000
2021-06-29,37.650002,37.919998,37.439999,37.580002,37.360134,674500
2021-06-30,37.570000,37.720001,37.410000,37.430000,37.211014,1018300
2021-07-01,37.439999,37.740002,37.240002,37.369999,37.151360,790500
2021-07-02,37.580002,37.830002,37.500000,37.740002,37.519199,464600
2021-07-06,37.759998,38.389999,37.509998,38.369999,38.145512,1340600
2021-07-07,38.340000,38.639999,38.070000,38.369999,38.145512,795300
2021-07-08,38.009998,38.430000,37.889999,38.310001,38.085861,2081600
2021-07-09,38.430000,39.070000,38.320000,39.040001,38.811592,650400
2021-07-12,39.130001,39.639999,39.000000,39.590000,39.358376,863500
2021-07-13,39.520000,39.689999,39.090000,39.259998,39.030304,762700
2021-07-14,39.220001,39.790001,39.200001,39.430000,39.199314,614700
2021-07-15,39.439999,39.740002,39.250000,39.639999,39.408081,724300
2021-07-16,39.820000,40.360001,39.779999,40.060001,39.825626,1103400
2021-07-19,39.750000,39.790001,38.950001,39.040001,38.811592,1347000
2021-07-20,39.279999,40.320000,39.189999,40.070000,39.835564,1382800
2021-07-21,40.090000,40.389999,39.900002,39.950001,39.716267,766900
2021-07-22,39.750000,39.939999,39.349998,39.590000,39.358376,535300
2021-07-23,39.639999,40.230000,39.630001,40.169998,39.934978,449300
2021-07-26,40.099998,40.290001,39.700001,39.880001,39.646679,515100
2021-07-27,39.840000,40.110001,39.610001,40.040001,39.805740,615400
2021-07-28,40.439999,41.169998,40.240002,40.980000,40.740242,972900
2021-07-29,41.080002,41.619999,41.009998,41.200001,41.080250,849400
2021-07-30,41.240002,41.919998,41.240002,41.320000,41.199902,962500
2021-08-02,41.490002,41.639999,40.910000,40.919998,40.801064,835700
2021-08-03,41.049999,41.330002,40.830002,41.250000,41.130104,867500
2021-08-04,41.299999,41.450001,40.980000,41.090000,40.970570,786300
2021-08-05,41.360001,41.570000,41.099998,41.570000,41.449173,570400
2021-08-06,41.520000,41.669998,41.270000,41.500000,41.379379,512200
2021-08-09,41.400002,41.630001,41.279999,41.509998,41.389347,484500
2021-08-10,41.380001,41.459999,40.810001,40.840000,40.721294,570700
2021-08-11,41.060001,41.369999,40.919998,41.240002,41.120136,618500
2021-08-12,41.480000,41.590000,41.299999,41.500000,41.379379,813400
2021-08-13,41.680000,42.040001,41.560001,41.939999,41.818096,895000
2021-08-16,41.939999,42.180000,41.880001,42.110001,41.987606,537700
2021-08-17,41.959999,42.299999,41.810001,42.080002,41.957695,933500
2021-08-18,42.020000,42.099998,41.310001,41.380001,41.259727,733300
2021-08-19,41.090000,41.820000,41.020000,41.810001,41.688477,851200
2021-08-20,41.810001,42.230000,41.580002,41.959999,41.838039,803600
2021-08-23,42.009998,42.200001,41.450001,41.520000,41.399319,991300
2021-08-24,41.580002,41.669998,40.830002,41.009998,40.890800,1064700
2021-08-25,41.009998,41.369999,40.730000,41.119999,41.000481,880000
2021-08-26,41.060001,41.330002,40.910000,41.160000,41.040367,634100
2021-08-27,41.189999,41.930000,41.160000,41.630001,41.509003,656200
2021-08-30,41.680000,42.590000,41.650002,42.570000,42.570000,1077300