Date,Open,High,Low,Close,Adj Close,Volume
2021-01-04,197.350006,206.250000,197.270004,202.910004,202.910004,304800
2021-01-05,202.399994,205.850006,200.100006,203.889999,203.889999,259700
2021-01-06,203.350006,209.949997,202.399994,208.220001,208.220001,311000
2021-01-07,210.539993,213.809998,208.850006,211.259995,211.259995,323200
2021-01-08,212.169998,216.220001,208.259995,210.630005,210.630005,234500
2021-01-11,208.050003,213.789993,205.440002,210.490005,210.490005,192400
2021-01-12,209.919998,217.220001,207.199997,217.110001,217.110001,235400
2021-01-13,217.750000,222.880005,214.250000,215.250000,215.250000,228100
2021-01-14,214.789993,217.550003,209.580002,212.360001,212.360001,266100
2021-01-15,211.850006,212.169998,207.039993,209.220001,209.220001,236200
2021-01-19,211.000000,215.479996,210.119995,213.529999,213.529999,280600
2021-01-20,215.000000,221.940002,214.000000,219.800003,219.800003,290400
2021-01-21,221.990005,227.309998,219.130005,225.210007,225.210007,251000
2021-01-22,223.899994,231.369995,223.169998,231.130005,231.130005,231200
2021-01-25,233.250000,241.080002,230.619995,237.600006,237.600006,388100
2021-01-26,237.500000,240.869995,232.380005,240.690002,240.690002,238400
2021-01-27,239.389999,244.649994,226.479996,238.330002,238.330002,755800
2021-01-28,238.500000,243.169998,234.389999,240.419998,240.419998,360300
2021-01-29,241.210007,244.000000,227.809998,228.309998,228.309998,274300
2021-02-01,231.500000,237.250000,225.949997,236.119995,236.119995,185200
2021-02-02,237.559998,242.750000,235.169998,238.240005,238.240005,163300
2021-02-03,237.630005,241.000000,235.029999,236.820007,236.820007,142100
2021-02-04,237.779999,241.300003,236.500000,240.419998,240.419998,161600
2021-02-05,248.820007,258.369995,246.750000,256.600006,256.600006,304800
2021-02-08,260.010010,265.529999,259.269989,265.209991,265.209991,197900
2021-02-09,266.730011,276.880005,266.160004,269.760010,269.760010,387500
2021-02-10,270.839996,273.489990,264.010010,267.209991,267.209991,247000
2021-02-11,268.730011,276.309998,268.730011,274.200012,274.200012,296800
2021-02-12,274.679993,280.149994,271.320007,276.730011,276.730011,366500
2021-02-16,283.170013,283.399994,272.609985,274.160004,274.160004,347200
2021-02-17,271.790009,275.980011,260.160004,260.880005,260.880005,605700
2021-02-18,220.759995,239.899994,210.100006,220.009995,220.009995,2129400
2021-02-19,219.850006,222.320007,202.410004,204.889999,204.889999,974100
2021-02-22,204.869995,205.389999,195.250000,199.929993,199.929993,726800
2021-02-23,191.910004,193.729996,180.300003,191.619995,191.619995,536700
2021-02-24,195.800003,195.960007,184.490005,189.479996,189.479996,570800
2021-02-25,189.059998,196.699997,183.039993,184.309998,184.309998,650200
2021-02-26,186.460007,186.639999,177.600006,181.929993,181.929993,440000
2021-03-01,184.830002,196.039993,184.460007,195.779999,195.779999,401800
2021-03-02,199.009995,201.410004,191.960007,193.050003,193.050003,268900
2021-03-03,193.529999,197.869995,189.339996,191.229996,191.229996,369500
2021-03-04,188.699997,192.000000,175.250000,179.059998,179.059998,552400
2021-03-05,182.460007,182.460007,167.449997,176.509995,176.509995,780100
2021-03-08,178.550003,181.860001,170.520004,170.520004,170.520004,404100
2021-03-09,178.000000,184.229996,175.039993,182.389999,182.389999,341400
2021-03-10,185.160004,189.570007,183.570007,186.059998,186.059998,283800
2021-03-11,189.470001,193.960007,187.660004,192.369995,192.369995,269800
2021-03-12,188.500000,192.250000,186.369995,190.229996,190.229996,230000
2021-03-15,191.899994,194.470001,189.550003,193.500000,193.500000,202300
2021-03-16,194.009995,197.220001,189.550003,190.759995,190.759995,257600
2021-03-17,187.570007,195.979996,186.050003,195.160004,195.160004,182800
2021-03-18,193.110001,196.740005,188.919998,189.100006,189.100006,242600
2021-03-19,189.520004,195.809998,188.539993,193.960007,193.960007,471100
2021-03-22,196.089996,197.839996,193.410004,194.050003,194.050003,169500
2021-03-23,194.889999,197.000000,189.929993,190.750000,190.750000,208900
2021-03-24,192.539993,193.559998,181.009995,181.330002,181.330002,209200
2021-03-25,178.550003,187.789993,175.860001,186.660004,186.660004,241500
2021-03-26,186.660004,198.399994,184.220001,197.889999,197.889999,341500
2021-03-29,198.690002,202.750000,192.759995,193.389999,193.389999,314000
2021-03-30,191.509995,194.899994,188.070007,193.169998,193.169998,214800
2021-03-31,196.000000,203.440002,196.000000,199.509995,199.509995,282300
2021-04-01,201.039993,205.679993,200.630005,204.339996,204.339996,198500
2021-04-05,206.500000,210.100006,202.699997,209.589996,209.589996,238500
2021-04-06,210.250000,213.740005,208.699997,210.220001,210.220001,204100
2021-04-07,210.479996,210.929993,204.429993,205.399994,205.399994,218200
2021-04-08,209.009995,209.009995,201.990005,204.600006,204.600006,173600
2021-04-09,204.179993,205.970001,202.460007,205.639999,205.639999,166000
2021-04-12,205.490005,208.789993,203.389999,207.610001,207.610001,171000
2021-04-13,209.690002,213.550003,207.440002,207.720001,207.720001,225100
2021-04-14,208.979996,214.589996,208.009995,212.750000,212.750000,274800
2021-04-15,214.529999,215.199997,206.630005,206.970001,206.970001,208600
2021-04-16,205.529999,207.669998,198.910004,205.699997,205.699997,249800
2021-04-19,205.190002,205.190002,198.520004,199.470001,199.470001,175600
2021-04-20,199.850006,200.000000,192.309998,193.789993,193.789993,242200
2021-04-21,193.000000,197.380005,187.589996,197.369995,197.369995,209800
2021-04-22,198.839996,202.630005,197.839996,199.380005,199.380005,120100
2021-04-23,199.039993,205.830002,197.949997,204.630005,204.630005,141300
2021-04-26,205.339996,206.289993,202.210007,205.380005,205.380005,160400
2021-04-27,207.880005,216.199997,207.259995,211.529999,211.529999,366500
2021-04-28,209.830002,214.820007,208.419998,213.539993,213.539993,216900
2021-04-29,214.089996,214.860001,207.850006,211.389999,211.389999,173200
2021-04-30,208.000000,212.910004,202.960007,205.369995,205.369995,191400
2021-05-03,206.929993,206.940002,199.509995,200.779999,200.779999,232300
2021-05-04,199.029999,199.630005,194.029999,195.330002,195.330002,227800
2021-05-05,197.639999,200.279999,189.009995,191.389999,191.389999,256300
2021-05-06,189.179993,194.789993,188.000000,192.660004,192.660004,351800
2021-05-07,179.529999,192.000000,178.529999,185.899994,185.899994,546800
2021-05-10,186.039993,186.039993,173.110001,173.190002,173.190002,389600
2021-05-11,167.470001,174.500000,166.949997,171.580002,171.580002,262000
2021-05-12,169.009995,172.570007,164.570007,166.509995,166.509995,378100
2021-05-13,169.059998,169.979996,159.220001,166.279999,166.279999,384400
2021-05-14,168.910004,176.779999,167.229996,174.970001,174.970001,328400
2021-05-17,173.630005,179.350006,172.490005,177.619995,177.619995,228200
2021-05-18,179.169998,184.910004,177.940002,180.740005,180.740005,229900
2021-05-19,178.220001,180.339996,174.910004,180.130005,180.130005,188100
2021-05-20,181.210007,185.660004,179.759995,184.259995,184.259995,147800
2021-05-21,185.029999,188.899994,183.479996,185.660004,185.660004,243100
2021-05-24,186.699997,189.320007,185.130005,186.029999,186.029999,156500
2021-05-25,187.520004,188.070007,182.669998,183.009995,183.009995,185600
2021-05-26,184.009995,188.899994,184.009995,188.240005,188.240005,119700
2021-05-27,187.720001,188.470001,185.289993,186.929993,186.929993,170200
2021-05-28,188.320007,189.100006,186.550003,187.679993,187.679993,134600
2021-06-01,188.089996,192.000000,187.100006,190.000000,190.000000,259800
2021-06-02,189.800003,191.059998,185.229996,190.389999,190.389999,187300
2021-06-03,187.929993,189.029999,186.350006,187.759995,187.759995,124800
2021-06-04,189.330002,193.470001,188.279999,192.660004,192.660004,154000
2021-06-07,192.070007,193.360001,190.509995,191.960007,191.960007,116000
2021-06-08,192.679993,194.679993,189.940002,194.179993,194.179993,198700
2021-06-09,194.600006,195.779999,191.500000,191.559998,191.559998,144100
2021-06-10,192.139999,195.089996,191.029999,193.479996,193.479996,126200
2021-06-11,194.350006,199.190002,193.940002,198.919998,198.919998,154700
2021-06-14,199.990005,201.179993,196.190002,198.000000,198.000000,131100
2021-06-15,198.389999,199.529999,196.330002,199.360001,199.360001,117200
2021-06-16,199.460007,203.250000,198.800003,199.649994,199.649994,141700
2021-06-17,199.250000,204.600006,199.250000,204.139999,204.139999,139000
2021-06-18,202.750000,205.679993,200.449997,200.740005,200.740005,202300
2021-06-21,202.000000,202.479996,198.990005,200.149994,200.149994,98300
2021-06-22,199.389999,202.839996,198.259995,202.839996,202.839996,90500
2021-06-23,202.589996,205.330002,200.139999,200.419998,200.419998,125300
2021-06-24,203.199997,209.169998,201.630005,207.419998,207.419998,159900
2021-06-25,208.259995,208.259995,203.949997,204.240005,204.240005,352700
2021-06-28,205.000000,209.949997,204.570007,209.139999,209.139999,146400
2021-06-29,208.779999,212.289993,207.660004,209.500000,209.500000,115300
2021-06-30,208.399994,209.669998,200.009995,200.289993,200.289993,235500
2021-07-01,201.500000,205.190002,200.630005,203.220001,203.220001,122300
2021-07-02,204.550003,204.550003,197.240005,199.190002,199.190002,101000
2021-07-06,199.350006,202.729996,198.500000,200.740005,200.740005,186100
2021-07-07,201.809998,203.949997,197.000000,197.009995,197.009995,117600
2021-07-08,193.059998,199.960007,190.479996,197.720001,197.720001,133800
2021-07-09,322.709991,324.500000,319.000000,324.230011,324.230011,4233300
2021-07-12,323.010010,323.989990,321.200012,322.350006,322.350006,1679400
2021-07-13,322.130005,325.980011,321.559998,321.959991,321.959991,1431200
2021-07-14,322.600006,324.000000,320.929993,321.500000,321.500000,1407300
2021-07-15,322.489990,324.220001,320.500000,324.220001,324.220001,769500
2021-07-16,323.730011,324.850006,321.850006,324.019989,324.019989,628400
2021-07-19,322.700012,324.820007,322.700012,324.279999,324.279999,1016000
2021-07-20,324.049988,324.850006,323.500000,324.609985,324.609985,637100
2021-07-21,324.000000,326.470001,324.000000,325.890015,325.890015,450600
2021-07-22,325.750000,326.200012,324.600006,325.880005,325.880005,274600
2021-07-23,325.510010,326.600006,324.899994,325.839996,325.839996,217800
2021-07-26,325.329987,326.089996,324.929993,325.170013,325.170013,319600
2021-07-27,325.000000,326.000000,324.500000,326.000000,326.000000,452600
2021-07-28,325.799988,326.190002,324.519989,325.089996,325.089996,674500
2021-07-29,325.799988,326.589996,325.450012,326.519989,326.519989,326900
2021-07-30,326.250000,327.850006,325.679993,326.760010,326.760010,370500
2021-08-02,326.510010,327.720001,326.359985,326.359985,326.359985,491200
2021-08-03,326.529999,328.420013,326.299988,327.380005,327.380005,462800
2021-08-04,327.000000,329.549988,327.000000,329.239990,329.239990,419600
2021-08-05,328.950012,329.000000,327.440002,328.350006,328.350006,392400
2021-08-06,328.130005,328.950012,327.440002,328.049988,328.049988,379700
2021-08-09,328.019989,328.399994,327.279999,327.600006,327.600006,296900
2021-08-10,327.609985,327.809998,325.179993,327.040009,327.040009,283900
2021-08-11,326.730011,327.640015,326.100006,327.190002,327.190002,254000
2021-08-12,327.000000,327.500000,326.600006,327.140015,327.140015,221800
2021-08-13,327.059998,327.299988,326.109985,326.859985,326.859985,181900
2021-08-16,326.320007,326.940002,325.899994,326.049988,326.049988,164500
2021-08-17,326.260010,326.700012,325.649994,326.059998,326.059998,199600
2021-08-18,325.760010,326.809998,325.760010,326.130005,326.130005,182300
2021-08-19,325.869995,327.929993,325.329987,327.890015,327.890015,503600
2021-08-20,327.500000,327.500000,326.899994,327.369995,327.369995,285600
2021-08-23,327.299988,327.489990,327.000000,327.130005,327.130005,192300
2021-08-24,327.260010,327.500000,327.000000,327.100006,327.100006,280500
2021-08-25,327.049988,327.299988,327.000000,327.119995,327.119995,289700
2021-08-26,327.179993,327.799988,327.140015,327.510010,327.510010,176300
2021-08-27,327.320007,327.899994,327.250000,327.839996,327.839996,249400
2021-08-30,327.700012,328.209991,327.500000,327.899994,327.899994,223000