Date,Open,High,Low,Close,Adj Close,Volume
2021-01-04,20.330000,20.950001,19.590000,20.420000,20.420000,3981100
2021-01-05,20.360001,21.070000,20.290001,20.820000,20.820000,1138900
2021-01-06,22.000000,24.450001,21.799999,23.500000,23.500000,4519200
2021-01-07,23.900000,24.440001,23.700001,23.920000,23.920000,1797400
2021-01-08,24.240000,24.475000,23.549999,23.950001,23.950001,1454700
2021-01-11,23.590000,24.219999,23.280001,24.219999,24.219999,717200
2021-01-12,24.150000,25.285000,23.790001,24.740000,24.740000,1702700
2021-01-13,24.459999,24.809999,23.680000,23.780001,23.780001,1157800
2021-01-14,23.990000,24.110001,23.469999,23.750000,23.750000,1361800
2021-01-15,23.350000,23.940001,23.219999,23.340000,23.340000,1368600
2021-01-19,23.590000,23.770000,23.100000,23.590000,23.590000,656500
2021-01-20,23.709999,23.924999,23.290001,23.760000,23.760000,783400
2021-01-21,23.709999,24.070000,23.080000,23.139999,23.139999,654200
2021-01-22,22.930000,23.690001,22.740000,23.680000,23.680000,1071000
2021-01-25,23.389999,24.100000,23.139999,23.629999,23.629999,859200
2021-01-26,23.799999,23.950001,22.120001,22.190001,22.190001,1047500
2021-01-27,21.389999,21.990000,20.770000,20.850000,20.850000,1371300
2021-01-28,21.280001,21.730000,20.959999,21.389999,21.389999,767900
2021-01-29,21.150000,21.379999,20.490000,20.530001,20.530001,1214400
2021-02-01,20.860001,23.480000,20.690001,22.590000,22.590000,3447700
2021-02-02,22.940001,22.990000,22.010000,22.180000,22.180000,961600
2021-02-03,22.379999,22.820000,22.260000,22.799999,22.799999,701800
2021-02-04,22.830000,23.860001,22.815001,23.639999,23.639999,1081400
2021-02-05,23.950001,24.559999,23.719999,24.040001,24.040001,995400
2021-02-08,24.129999,24.860001,24.020000,24.400000,24.400000,756700
2021-02-09,24.280001,24.990000,24.120001,24.700001,24.700001,1060300
2021-02-10,24.900000,25.230000,24.155001,24.270000,24.270000,942700
2021-02-11,24.299999,24.940001,23.730000,24.150000,24.150000,1016400
2021-02-12,24.170000,24.910000,24.110001,24.680000,24.680000,1446900
2021-02-16,24.920000,25.219999,24.100000,24.500000,24.500000,674500
2021-02-17,24.160000,24.549999,23.650000,24.469999,24.469999,540700
2021-02-18,24.120001,24.360001,22.940001,23.000000,23.000000,1064100
2021-02-19,23.250000,25.500000,23.250000,25.120001,25.120001,2925400
2021-02-22,24.900000,25.629999,24.389999,25.110001,25.110001,1644400
2021-02-23,25.030001,26.320000,24.270000,26.110001,26.110001,2063800
2021-02-24,26.709999,28.615000,26.254000,28.340000,28.340000,3534400
2021-02-25,28.570000,29.299999,26.740000,26.920000,26.920000,2241800
2021-02-26,26.570000,28.309999,26.260000,27.709999,27.709999,1895300
2021-03-01,28.580000,28.969999,27.820000,28.090000,28.090000,1617500
2021-03-02,28.030001,28.389999,27.500000,27.510000,27.510000,941000
2021-03-03,27.840000,28.610001,27.549999,28.500000,28.500000,1505600
2021-03-04,28.330000,29.219999,27.410000,28.059999,28.059999,1681600
2021-03-05,28.730000,29.230000,27.250000,29.180000,29.180000,1421700
2021-03-08,29.400000,30.459999,29.260000,29.629999,29.629999,1311200
2021-03-09,29.820000,29.910000,28.600000,29.160000,29.160000,994100
2021-03-10,29.469999,30.700001,29.170000,30.490000,30.490000,928900
2021-03-11,30.760000,31.000000,29.719999,30.129999,30.129999,986500
2021-03-12,30.139999,30.709999,30.010000,30.350000,30.350000,552900
2021-03-15,29.950001,30.177999,29.030001,30.100000,30.100000,977700
2021-03-16,30.000000,30.000000,28.340000,28.700001,28.700001,1635500
2021-03-17,28.370001,28.709999,27.600000,27.809999,27.809999,1913000
2021-03-18,27.950001,28.389999,27.280001,27.520000,27.520000,1250300
2021-03-19,27.469999,28.340000,27.030001,27.980000,27.980000,2019300
2021-03-22,27.980000,28.030001,26.715000,27.400000,27.400000,1791200
2021-03-23,26.910000,27.040001,25.719999,26.139999,26.139999,1882700
2021-03-24,27.040001,27.490000,26.059999,26.090000,26.090000,1719700
2021-03-25,25.770000,27.469999,25.450001,27.200001,27.200001,1486600
2021-03-26,27.770000,28.889999,27.350000,28.780001,28.780001,2285500
2021-03-29,28.600000,29.770000,28.260000,28.860001,28.860001,2038500
2021-03-30,28.620001,30.299999,28.620001,29.500000,29.500000,1955100
2021-03-31,30.100000,30.466000,27.219999,28.020000,28.020000,2669600
2021-04-01,27.920000,28.389999,27.139999,27.809999,27.809999,1448900
2021-04-05,28.389999,29.634001,27.900000,29.379999,29.379999,1640500
2021-04-06,29.040001,29.559999,28.200001,28.410000,28.410000,855400
2021-04-07,28.790001,28.900000,28.030001,28.379999,28.379999,625600
2021-04-08,28.160000,28.629999,27.551001,28.559999,28.559999,732300
2021-04-09,28.709999,29.379999,28.629999,29.180000,29.180000,904700
2021-04-12,29.180000,29.629999,28.915001,29.540001,29.540001,652900
2021-04-13,29.250000,29.500000,28.754999,29.000000,29.000000,604600
2021-04-14,28.950001,29.889999,28.780001,29.620001,29.620001,914800
2021-04-15,29.840000,29.870001,29.180000,29.370001,29.370001,1047000
2021-04-16,29.870001,30.209999,29.370001,29.440001,29.440001,1000800
2021-04-19,29.350000,29.850000,29.100000,29.280001,29.280001,593200
2021-04-20,29.059999,29.330999,27.860001,28.190001,28.190001,1002800
2021-04-21,28.030001,29.129999,27.680000,29.090000,29.090000,659100
2021-04-22,28.930000,29.150000,28.565001,28.660000,28.660000,766800
2021-04-23,28.799999,29.129999,28.690001,29.010000,29.010000,723200
2021-04-26,29.260000,29.670000,29.129999,29.190001,29.190001,642200
2021-04-27,29.129999,29.350000,28.770000,29.030001,29.030001,961800
2021-04-28,29.230000,29.230000,28.299999,28.420000,28.420000,549400
2021-04-29,28.570000,29.309999,28.469999,29.270000,29.270000,620200
2021-04-30,28.950001,28.995001,28.420000,28.790001,28.790001,904500
2021-05-03,29.170000,29.299999,28.510000,28.889999,28.889999,1015300
2021-05-04,28.830000,30.607000,28.590000,30.590000,30.590000,1224600
2021-05-05,31.000000,31.815001,30.660000,31.350000,31.350000,3182500
2021-05-06,31.270000,31.379999,30.049999,30.990000,30.990000,1182500
2021-05-07,30.709999,31.040001,30.020000,30.950001,30.950001,904900
2021-05-10,31.379999,31.719999,30.514999,30.570000,30.570000,1996100
2021-05-11,29.969999,32.639999,29.309999,32.540001,32.540001,3413800
2021-05-12,33.000000,33.700001,32.310001,32.669998,32.669998,2116100
2021-05-13,32.700001,33.139999,32.270000,32.730000,32.730000,1879700
2021-05-14,33.090000,34.470001,32.880001,34.290001,34.290001,1237600
2021-05-17,34.000000,34.320000,33.349998,34.130001,34.130001,961600
2021-05-18,34.180000,34.250000,32.779999,32.799999,32.799999,1492300
2021-05-19,32.070000,32.070000,31.230000,31.820000,31.820000,751700
2021-05-20,31.930000,32.299999,31.274000,32.169998,32.169998,768900
2021-05-21,32.660000,33.220001,32.520000,33.040001,33.040001,933900
2021-05-24,33.080002,33.860001,32.840000,33.270000,33.270000,1117700
2021-05-25,33.310001,33.639999,32.570000,32.799999,32.799999,1013700
2021-05-26,33.480000,34.110001,33.200001,33.869999,33.869999,717400
2021-05-27,34.500000,34.840000,34.110001,34.529999,34.529999,1315300
2021-05-28,34.599998,34.980000,33.919998,34.820000,34.820000,1048200
2021-06-01,35.650002,35.750000,35.130001,35.150002,35.150002,954300
2021-06-02,35.279999,35.459999,34.604000,34.669998,34.669998,1729700
2021-06-03,34.779999,35.369999,34.389999,35.099998,35.099998,668200
2021-06-04,35.070000,35.360001,34.400002,34.740002,34.740002,598300
2021-06-07,35.419998,35.900002,35.119999,35.360001,35.360001,843800
2021-06-08,35.160000,35.730000,35.020000,35.490002,35.490002,523700
2021-06-09,35.279999,36.189999,35.070000,35.299999,35.299999,1240300
2021-06-10,35.480000,35.810001,34.639999,34.669998,34.669998,585200
2021-06-11,34.980000,35.700001,34.610001,34.750000,34.750000,468500
2021-06-14,34.639999,34.910000,34.000000,34.470001,34.470001,737100
2021-06-15,34.639999,34.869999,34.349998,34.580002,34.580002,616100
2021-06-16,34.330002,34.570000,34.020000,34.310001,34.310001,560000
2021-06-17,33.970001,34.169998,32.200001,32.779999,32.779999,1071100
2021-06-18,32.169998,32.470001,31.549999,32.200001,32.200001,1319800
2021-06-21,32.919998,33.689999,32.740002,33.599998,33.599998,1001300
2021-06-22,33.459999,34.250000,33.150002,34.160000,34.160000,644800
2021-06-23,34.250000,35.099998,34.080002,34.650002,34.650002,658900
2021-06-24,35.029999,36.369999,34.700001,36.160000,36.160000,1000700
2021-06-25,36.849998,37.125000,35.590000,35.590000,35.590000,1700200
2021-06-28,35.380001,35.709999,34.951000,35.669998,35.669998,557100
2021-06-29,35.970001,36.139999,34.910000,34.970001,34.970001,517000
2021-06-30,34.660000,35.060001,34.119999,34.849998,34.849998,906600
2021-07-01,34.980000,35.200001,34.650002,34.880001,34.880001,564800
2021-07-02,34.779999,34.900002,34.189999,34.730000,34.730000,274600
2021-07-06,34.549999,34.650002,33.619999,34.029999,34.029999,574800
2021-07-07,34.000000,34.830002,34.000000,34.610001,34.610001,603900
2021-07-08,33.549999,34.400002,33.389999,33.790001,33.790001,510100
2021-07-09,34.509998,35.330002,34.299999,34.779999,34.779999,581000
2021-07-12,34.310001,35.180000,34.060001,35.000000,35.000000,396900
2021-07-13,34.790001,35.169998,34.240002,34.330002,34.330002,447500
2021-07-14,34.500000,34.860001,33.889999,34.259998,34.259998,623900
2021-07-15,34.000000,34.470001,33.709999,34.009998,34.009998,1209100
2021-07-16,34.270000,34.365002,32.400002,32.660000,32.660000,853800
2021-07-19,31.370001,31.719999,30.790001,31.580000,31.580000,1175400
2021-07-20,31.510000,32.849998,31.372000,32.139999,32.139999,1018000
2021-07-21,32.459999,33.345001,32.415001,33.220001,33.220001,744800
2021-07-22,33.009998,33.009998,31.950001,32.320000,32.320000,531300
2021-07-23,32.720001,33.139999,32.334999,33.110001,33.110001,300300
2021-07-26,33.349998,33.700001,32.520000,32.639999,32.639999,466900
2021-07-27,32.270000,32.740002,32.020000,32.619999,32.619999,627600
2021-07-28,32.799999,34.509998,32.340000,34.169998,34.169998,1069700
2021-07-29,34.520000,35.029999,33.990002,34.270000,34.270000,481500
2021-07-30,34.000000,34.610001,33.470001,33.599998,33.599998,487000
2021-08-02,33.770000,34.770000,33.119999,33.139999,33.139999,710000
2021-08-03,33.349998,33.759998,32.650002,33.540001,33.540001,518700
2021-08-04,33.230000,34.230000,33.220001,33.720001,33.720001,943900
2021-08-05,31.885000,33.650002,31.885000,32.990002,32.990002,896500
2021-08-06,33.380001,33.910000,33.009998,33.570000,33.570000,502300
2021-08-09,33.380001,34.189999,32.990002,33.480000,33.480000,827100
2021-08-10,33.250000,35.650002,33.189999,35.349998,35.349998,1168600
2021-08-11,35.500000,36.349998,34.759998,36.250000,36.250000,855400
2021-08-12,36.500000,36.549999,35.299999,35.529999,35.529999,559900
2021-08-13,35.419998,35.529999,34.459999,34.580002,34.580002,323200
2021-08-16,34.240002,34.860001,33.900002,34.450001,34.450001,366800
2021-08-17,33.970001,34.450001,33.480000,34.009998,34.009998,682800
2021-08-18,33.910000,34.448002,33.380001,33.889999,33.889999,619100
2021-08-19,33.169998,33.435001,32.150002,32.410000,32.410000,674700
2021-08-20,32.549999,32.685001,31.850000,32.209999,32.209999,679300
2021-08-23,32.520000,33.240002,32.220001,33.150002,33.150002,473400
2021-08-24,33.169998,33.740002,32.779999,33.709999,33.709999,608400
2021-08-25,33.700001,35.279999,33.700001,34.599998,34.599998,624700
2021-08-26,34.430000,34.514999,33.560001,33.770000,33.770000,375900
2021-08-27,34.029999,34.700001,34.000000,34.389999,34.389999,554000
2021-08-30,34.389999,34.765999,33.799999,33.840000,33.840000,391400