Date,Open,High,Low,Close,Adj Close,Volume
2021-01-04,103.720001,104.669998,100.870003,102.059998,102.059998,503800
2021-01-05,102.250000,113.754997,102.250000,111.190002,111.190002,665800
2021-01-06,112.860001,115.507004,109.080002,115.309998,115.309998,621400
2021-01-07,115.309998,122.360001,115.160004,119.970001,119.970001,472100
2021-01-08,120.959999,121.599998,115.339996,118.559998,118.559998,302400
2021-01-11,115.750000,119.599998,113.726997,117.389999,117.389999,295000
2021-01-12,119.489998,121.970001,117.309998,121.620003,121.620003,418700
2021-01-13,122.849998,133.779999,122.059998,127.970001,127.970001,546900
2021-01-14,128.779999,138.899994,128.779999,136.979996,136.979996,603300
2021-01-15,136.940002,138.110992,133.250000,136.869995,136.869995,471700
2021-01-19,141.990005,143.785004,138.169998,142.050003,142.050003,580000
2021-01-20,139.460007,143.315002,130.160004,132.380005,132.380005,685000
2021-01-21,133.289993,133.880005,128.139999,131.490005,131.490005,325900
2021-01-22,130.500000,131.210007,129.050003,129.979996,129.979996,230600
2021-01-25,130.289993,132.860992,125.125000,127.949997,127.949997,355500
2021-01-26,128.990005,128.990005,121.019997,121.419998,121.419998,442200
2021-01-27,118.360001,121.430000,113.760002,120.570000,120.570000,764100
2021-01-28,121.870003,123.218002,118.540001,120.080002,120.080002,346500
2021-01-29,119.699997,120.794998,114.050003,116.040001,116.040001,378900
2021-02-01,117.199997,120.239998,115.910004,118.389999,118.389999,332500
2021-02-02,120.180000,122.440002,119.570000,120.940002,120.940002,295600
2021-02-03,121.500000,122.670998,117.050003,119.019997,119.019997,254900
2021-02-04,120.190002,124.260002,119.379997,122.059998,122.059998,159300
2021-02-05,124.220001,128.669998,122.220001,127.669998,127.669998,435800
2021-02-08,130.369995,132.550003,127.318001,131.520004,131.520004,351000
2021-02-09,131.800003,132.595001,128.714996,129.970001,129.970001,246500
2021-02-10,130.479996,133.149994,129.050003,130.250000,130.250000,220500
2021-02-11,131.300003,131.960007,127.730003,130.610001,130.610001,185800
2021-02-12,130.610001,136.000000,130.009995,133.500000,133.500000,335400
2021-02-16,139.949997,140.009995,129.335007,131.300003,131.300003,377400
2021-02-17,135.820007,136.229996,126.010002,130.679993,130.679993,356900
2021-02-18,125.269997,127.970001,118.010002,123.190002,123.190002,812800
2021-02-19,123.599998,135.820007,121.500000,131.970001,131.970001,475000
2021-02-22,130.580002,134.949997,128.380005,130.360001,130.360001,525000
2021-02-23,126.680000,126.680000,116.639999,121.800003,121.800003,506900
2021-02-24,123.370003,128.130005,122.269997,126.040001,126.040001,305100
2021-02-25,123.550003,126.927002,115.099998,116.540001,116.540001,362400
2021-02-26,117.610001,120.349998,112.650002,116.760002,116.760002,401100
2021-03-01,119.449997,125.070000,118.445000,122.889999,122.889999,274200
2021-03-02,122.739998,122.739998,118.660004,120.989998,120.989998,187100
2021-03-03,119.500000,120.489998,110.099998,110.180000,110.180000,488100
2021-03-04,109.070000,110.870003,100.580002,105.290001,105.290001,795800
2021-03-05,104.720001,106.750000,92.089996,98.419998,98.419998,1046000
2021-03-08,99.040001,99.870003,91.464996,92.730003,92.730003,498700
2021-03-09,94.000000,102.845001,94.000000,101.910004,101.910004,422000
2021-03-10,103.400002,106.449997,102.000000,102.459999,102.459999,307900
2021-03-11,105.480003,112.339996,104.860001,111.900002,111.900002,328100
2021-03-12,110.209999,113.260002,107.230003,112.209999,112.209999,373400
2021-03-15,112.930000,116.620003,111.379997,115.699997,115.699997,330700
2021-03-16,116.419998,119.723999,112.190002,114.449997,114.449997,811100
2021-03-17,111.629997,117.040001,108.529999,114.889999,114.889999,380500
2021-03-18,117.800003,120.709999,113.739998,114.459999,114.459999,428300
2021-03-19,113.110001,120.739998,113.110001,119.129997,119.129997,583300
2021-03-22,119.379997,121.000000,114.239998,118.739998,118.739998,370400
2021-03-23,116.860001,120.489998,115.400002,116.639999,116.639999,369700
2021-03-24,117.760002,117.870003,107.550003,108.980003,108.980003,464300
2021-03-25,107.500000,112.709999,105.000000,111.610001,111.610001,319700
2021-03-26,112.989998,113.389999,102.150002,104.449997,104.449997,421400
2021-03-29,103.410004,104.989998,98.889999,102.980003,102.980003,262300
2021-03-30,115.000000,124.989998,113.529999,122.889999,122.889999,2062000
2021-03-31,124.190002,131.649994,124.190002,130.259995,130.259995,1012400
2021-04-01,132.039993,134.130005,128.024002,131.449997,131.449997,503100
2021-04-05,132.750000,134.574997,130.639999,133.179993,133.179993,313000
2021-04-06,132.820007,136.699997,130.059998,132.369995,132.369995,635300
2021-04-07,132.070007,134.529999,130.389999,131.979996,131.979996,265700
2021-04-08,133.899994,138.699997,131.630005,137.990005,137.990005,345200
2021-04-09,139.679993,139.800003,136.520004,137.009995,137.009995,368700
2021-04-12,135.979996,136.910004,130.050003,131.539993,131.539993,484200
2021-04-13,131.619995,142.320007,130.791000,141.399994,141.399994,755500
2021-04-14,141.220001,146.070007,137.270004,137.970001,137.970001,572100
2021-04-15,139.669998,142.108002,137.229996,140.000000,140.000000,262400
2021-04-16,140.000000,141.404999,136.009995,138.270004,138.270004,463000
2021-04-19,135.649994,140.389999,133.563995,140.389999,140.389999,381700
2021-04-20,140.600006,142.899994,135.000000,139.580002,139.580002,285500
2021-04-21,140.089996,154.229996,137.550003,153.479996,153.479996,454400
2021-04-22,153.869995,161.250000,152.460007,158.309998,158.309998,452500
2021-04-23,158.309998,162.580002,157.009995,159.380005,159.380005,265600
2021-04-26,161.089996,163.061005,156.089996,162.630005,162.630005,311600
2021-04-27,162.490005,164.285004,157.940002,159.039993,159.039993,270700
2021-04-28,157.529999,167.059998,151.690002,166.570007,166.570007,311900
2021-04-29,169.000000,169.000000,160.550003,162.529999,162.529999,207700
2021-04-30,160.380005,165.199997,160.220001,163.460007,163.460007,227600
2021-05-03,165.759995,165.759995,154.919998,157.649994,157.649994,316200
2021-05-04,155.169998,156.000000,147.309998,150.279999,150.279999,404900
2021-05-05,154.869995,154.869995,147.520004,148.460007,148.460007,192600
2021-05-06,147.139999,147.919998,138.210007,144.889999,144.889999,383700
2021-05-07,148.490005,153.470001,146.690002,147.869995,147.869995,217100
2021-05-10,148.169998,148.169998,133.740005,134.800003,134.800003,507600
2021-05-11,145.500000,167.899994,142.000000,158.789993,158.789993,1452100
2021-05-12,154.660004,157.645996,146.070007,147.119995,147.119995,571500
2021-05-13,148.660004,153.679001,143.417007,148.500000,148.500000,529100
2021-05-14,145.759995,152.080002,145.600006,150.389999,150.389999,385900
2021-05-17,149.350006,158.369995,149.240005,157.479996,157.479996,239400
2021-05-18,158.389999,162.250000,153.000000,159.270004,159.270004,341000
2021-05-19,156.369995,162.449005,153.130005,161.050003,161.050003,370000
2021-05-20,161.399994,169.529999,158.320007,168.869995,168.869995,401400
2021-05-21,170.000000,173.589996,165.315002,168.720001,168.720001,365600
2021-05-24,171.479996,177.546005,170.000000,174.300003,174.300003,317800
2021-05-25,174.419998,177.970001,172.014999,176.179993,176.179993,258500
2021-05-26,176.179993,176.740005,166.619995,171.710007,171.710007,426800
2021-05-27,173.490005,176.500000,168.339996,175.619995,175.619995,314700
2021-05-28,177.000000,182.283997,175.729996,179.899994,179.899994,373100
2021-06-01,180.929993,181.979996,176.339996,180.309998,180.309998,194200
2021-06-02,179.820007,179.820007,169.080002,171.080002,171.080002,347700
2021-06-03,169.500000,172.000000,167.000000,169.210007,169.210007,244800
2021-06-04,171.960007,173.669998,169.220001,169.550003,169.550003,278700
2021-06-07,171.889999,179.820007,169.550003,176.220001,176.220001,638800
2021-06-08,177.369995,178.589996,173.850006,176.139999,176.139999,319000
2021-06-09,176.259995,176.570007,170.679993,171.089996,171.089996,336200
2021-06-10,171.089996,175.000000,169.632004,173.460007,173.460007,195000
2021-06-11,173.929993,179.289993,172.300003,178.960007,178.960007,239900
2021-06-14,184.000000,189.860001,182.770004,187.710007,187.710007,384000
2021-06-15,188.570007,190.960007,185.059998,190.649994,190.649994,250500
2021-06-16,190.649994,195.919998,189.100006,193.690002,193.690002,442400
2021-06-17,190.089996,193.169998,175.050003,188.270004,188.270004,514500
2021-06-18,182.190002,189.460007,181.369995,188.169998,188.169998,516200
2021-06-21,191.380005,198.460007,187.000000,196.039993,196.039993,277800
2021-06-22,194.789993,197.839996,191.682999,194.570007,194.570007,345300
2021-06-23,193.580002,196.559998,190.539993,194.169998,194.169998,234600
2021-06-24,197.029999,201.125000,192.350006,192.740005,192.740005,290400
2021-06-25,193.139999,200.410004,192.740005,194.089996,194.089996,892900
2021-06-28,197.210007,201.985001,195.039993,201.490005,201.490005,332200
2021-06-29,202.839996,203.740005,191.050003,192.389999,192.389999,440000
2021-06-30,193.070007,194.994995,189.119995,189.729996,189.729996,404500
2021-07-01,189.729996,192.470001,187.570999,189.020004,189.020004,286900
2021-07-02,189.619995,190.309998,186.490005,187.649994,187.649994,274800
2021-07-06,187.259995,193.960007,184.220001,192.470001,192.470001,332900
2021-07-07,194.320007,195.050003,185.000000,188.830002,188.830002,187000
2021-07-08,182.309998,191.279999,182.309998,189.630005,189.630005,175100
2021-07-09,191.440002,193.929993,188.641998,189.259995,189.259995,131300
2021-07-12,185.960007,189.610001,181.250000,188.009995,188.009995,260700
2021-07-13,187.000000,187.880005,178.630005,181.289993,181.289993,313400
2021-07-14,181.639999,181.639999,169.410004,171.630005,171.630005,397300
2021-07-15,171.679993,173.179993,158.410004,163.990005,163.990005,812100
2021-07-16,166.490005,170.660004,164.179993,169.580002,169.580002,399400
2021-07-19,165.000000,172.574997,163.710007,168.070007,168.070007,248900
2021-07-20,168.850006,172.389999,165.029999,170.169998,170.169998,294700
2021-07-21,171.529999,176.970001,169.434998,175.960007,175.960007,222900
2021-07-22,176.270004,176.899994,171.600006,173.410004,173.410004,171500
2021-07-23,173.679993,174.977997,168.529999,174.679993,174.679993,137200
2021-07-26,174.830002,174.830002,166.729996,169.539993,169.539993,164100
2021-07-27,169.490005,171.000000,164.000000,170.289993,170.289993,170700
2021-07-28,171.000000,179.330002,171.000000,177.979996,177.979996,203300
2021-07-29,177.990005,181.970001,175.710007,177.699997,177.699997,211800
2021-07-30,176.000000,182.660004,175.000000,182.000000,182.000000,286200
2021-08-02,183.000000,184.419998,169.229996,170.639999,170.639999,323200
2021-08-03,170.470001,171.740005,164.929993,170.850006,170.850006,182000
2021-08-04,169.320007,176.949997,169.320007,174.699997,174.699997,166600
2021-08-05,174.119995,182.240005,173.660004,180.259995,180.259995,309400
2021-08-06,180.039993,183.720001,173.500000,182.860001,182.860001,399000
2021-08-09,199.690002,201.750000,183.000000,189.820007,189.820007,715500
2021-08-10,192.000000,192.994995,170.500000,172.179993,172.179993,628300
2021-08-11,173.210007,175.210007,166.029999,175.199997,175.199997,367000
2021-08-12,175.720001,187.500000,174.645004,185.000000,185.000000,390000
2021-08-13,184.179993,188.800003,182.947998,186.929993,186.929993,280000
2021-08-16,186.914993,191.639999,181.050003,190.330002,190.330002,379200
2021-08-17,187.929993,191.149994,179.960007,189.080002,189.080002,393700
2021-08-18,189.919998,192.449997,183.070007,187.089996,187.089996,389400
2021-08-19,184.600006,191.770004,184.240005,187.639999,187.639999,212700
2021-08-20,187.259995,194.729996,186.789993,191.940002,191.940002,269600
2021-08-23,195.000000,196.899994,188.020004,191.589996,191.589996,330400
2021-08-24,191.919998,206.389999,190.863998,204.600006,204.600006,484800
2021-08-25,204.580002,211.479996,200.020004,209.660004,209.660004,375300
2021-08-26,209.110001,217.240005,206.559998,207.610001,207.610001,309300
2021-08-27,207.750000,218.479996,207.220001,210.940002,210.940002,333800
2021-08-30,211.000000,214.600006,208.679993,211.830002,211.830002,241100