Date,Open,High,Low,Close,Adj Close,Volume
2021-01-04,3.030000,3.130000,3.000000,3.060000,3.060000,16828200
2021-01-05,3.120000,3.330000,3.110000,3.160000,3.160000,29379700
2021-01-06,3.190000,3.310000,3.130000,3.300000,3.300000,22720100
2021-01-07,3.300000,3.340000,3.160000,3.210000,3.210000,21749300
2021-01-08,3.210000,3.230000,3.080000,3.160000,3.160000,16154200
2021-01-11,3.100000,3.290000,3.080000,3.280000,3.280000,20103300
2021-01-12,3.390000,3.680000,3.390000,3.660000,3.660000,34041400
2021-01-13,3.700000,3.900000,3.650000,3.750000,3.750000,30437600
2021-01-14,3.810000,3.870000,3.710000,3.830000,3.830000,27629800
2021-01-15,3.830000,3.990000,3.750000,3.960000,3.960000,21907600
2021-01-19,3.970000,4.020000,3.780000,3.870000,3.870000,27995700
2021-01-20,3.900000,3.950000,3.290000,3.440000,3.440000,43862300
2021-01-21,3.410000,3.520000,3.280000,3.390000,3.390000,17919800
2021-01-22,3.300000,3.430000,3.230000,3.410000,3.410000,19294300
2021-01-25,3.460000,3.530000,3.320000,3.410000,3.410000,18288000
2021-01-26,3.440000,3.530000,3.290000,3.300000,3.300000,15935800
2021-01-27,3.270000,3.740000,3.220000,3.670000,3.670000,33126300
2021-01-28,3.660000,3.840000,3.560000,3.750000,3.750000,21773300
2021-01-29,3.730000,4.030000,3.700000,3.770000,3.770000,25959000
2021-02-01,3.980000,4.100000,3.870000,3.960000,3.960000,20012800
2021-02-02,4.060000,4.250000,3.890000,3.990000,3.990000,25365000
2021-02-03,4.040000,4.230000,3.920000,4.140000,4.140000,29341100
2021-02-04,4.180000,4.200000,3.990000,4.090000,4.090000,14224100
2021-02-05,4.140000,4.160000,3.960000,4.140000,4.140000,21720200
2021-02-08,4.180000,4.430000,4.120000,4.420000,4.420000,23698600
2021-02-09,4.430000,4.610000,4.340000,4.500000,4.500000,21463300
2021-02-10,4.540000,4.610000,4.330000,4.380000,4.380000,21996100
2021-02-11,4.420000,4.460000,4.070000,4.170000,4.170000,20746000
2021-02-12,4.120000,4.420000,4.050000,4.340000,4.340000,14552300
2021-02-16,4.580000,4.670000,4.360000,4.510000,4.510000,17642900
2021-02-17,4.500000,4.690000,4.340000,4.600000,4.600000,18966200
2021-02-18,4.550000,4.620000,4.220000,4.220000,4.220000,18992600
2021-02-19,4.280000,4.370000,4.170000,4.270000,4.270000,11608200
2021-02-22,4.230000,4.410000,4.210000,4.220000,4.220000,14212600
2021-02-23,4.230000,4.230000,3.900000,4.140000,4.140000,16351700
2021-02-24,4.190000,4.380000,4.100000,4.320000,4.320000,14675100
2021-02-25,4.370000,4.500000,4.160000,4.210000,4.210000,18239800
2021-02-26,4.130000,4.190000,3.920000,4.050000,4.050000,17239400
2021-03-01,4.130000,4.270000,4.040000,4.260000,4.260000,14381800
2021-03-02,4.260000,4.340000,4.110000,4.130000,4.130000,12345100
2021-03-03,4.210000,4.250000,3.980000,4.000000,4.000000,19130700
2021-03-04,4.010000,4.190000,3.950000,4.080000,4.080000,23004500
2021-03-05,4.160000,4.190000,3.800000,3.960000,3.960000,22444400
2021-03-08,3.990000,4.080000,3.750000,3.780000,3.780000,18015600
2021-03-09,3.830000,3.990000,3.740000,3.870000,3.870000,17533700
2021-03-10,3.900000,4.450000,3.860000,4.400000,4.400000,30808600
2021-03-11,4.380000,4.500000,4.280000,4.420000,4.420000,17037700
2021-03-12,4.450000,4.570000,4.360000,4.420000,4.420000,13940700
2021-03-15,4.420000,4.510000,4.200000,4.320000,4.320000,15112200
2021-03-16,4.270000,4.470000,4.220000,4.330000,4.330000,14640300
2021-03-17,4.290000,4.500000,4.270000,4.420000,4.420000,11273900
2021-03-18,4.380000,4.440000,4.130000,4.170000,4.170000,13960000
2021-03-19,4.170000,4.560000,4.110000,4.550000,4.550000,33113000
2021-03-22,4.650000,4.790000,4.530000,4.590000,4.590000,23930700
2021-03-23,4.490000,4.500000,4.180000,4.230000,4.230000,19874000
2021-03-24,4.280000,4.430000,4.220000,4.280000,4.280000,12359300
2021-03-25,4.200000,4.510000,4.100000,4.510000,4.510000,15083500
2021-03-26,4.570000,4.870000,4.510000,4.810000,4.810000,23144400
2021-03-29,4.750000,4.850000,4.570000,4.650000,4.650000,14358600
2021-03-30,4.650000,4.700000,4.460000,4.590000,4.590000,11352000
2021-03-31,4.580000,4.780000,4.530000,4.650000,4.650000,11790700
2021-04-01,4.700000,4.880000,4.630000,4.850000,4.850000,12920400
2021-04-05,4.830000,4.840000,4.580000,4.610000,4.610000,12699300
2021-04-06,4.640000,4.780000,4.640000,4.680000,4.680000,9431800
2021-04-07,4.690000,4.770000,4.560000,4.700000,4.700000,9770300
2021-04-08,4.650000,4.670000,4.170000,4.300000,4.300000,30813200
2021-04-09,4.300000,4.380000,4.100000,4.120000,4.120000,15368400
2021-04-12,4.200000,4.270000,3.980000,3.990000,3.990000,16270800
2021-04-13,4.020000,4.120000,3.950000,4.060000,4.060000,11320300
2021-04-14,4.100000,4.320000,4.100000,4.170000,4.170000,16950200
2021-04-15,4.150000,4.280000,4.040000,4.250000,4.250000,19718000
2021-04-16,4.250000,4.260000,4.080000,4.140000,4.140000,11743700
2021-04-19,4.140000,4.250000,4.070000,4.160000,4.160000,12475200
2021-04-20,4.100000,4.150000,3.870000,3.930000,3.930000,21062000
2021-04-21,3.880000,3.990000,3.870000,3.940000,3.940000,11394700
2021-04-22,3.960000,4.100000,3.890000,4.020000,4.020000,13311400
2021-04-23,3.950000,4.000000,3.890000,3.910000,3.910000,10357100
2021-04-26,3.910000,4.120000,3.880000,4.050000,4.050000,11694600
2021-04-27,4.090000,4.260000,4.080000,4.250000,4.250000,11165800
2021-04-28,4.250000,4.480000,4.250000,4.450000,4.450000,13362800
2021-04-29,4.470000,4.530000,4.270000,4.310000,4.310000,19569100
2021-04-30,4.210000,4.380000,4.170000,4.270000,4.270000,15512400
2021-05-03,4.360000,4.600000,4.320000,4.590000,4.590000,16346100
2021-05-04,4.530000,4.600000,4.410000,4.560000,4.560000,10584700
2021-05-05,4.600000,4.730000,4.520000,4.670000,4.670000,13368200
2021-05-06,4.690000,4.690000,4.550000,4.680000,4.680000,8149800
2021-05-07,4.630000,4.750000,4.590000,4.740000,4.740000,12092000
2021-05-10,4.760000,4.840000,4.650000,4.650000,4.650000,10260000
2021-05-11,4.710000,4.910000,4.610000,4.790000,4.790000,14157600
2021-05-12,4.850000,5.180000,4.790000,4.930000,4.930000,21869200
2021-05-13,4.900000,5.060000,4.630000,4.720000,4.720000,14516300
2021-05-14,4.820000,5.110000,4.810000,5.070000,5.070000,15756200
2021-05-17,5.090000,5.440000,5.050000,5.410000,5.410000,17448600
2021-05-18,5.390000,5.470000,5.280000,5.380000,5.380000,14915600
2021-05-19,5.260000,5.410000,5.160000,5.320000,5.320000,14072200
2021-05-20,5.380000,5.380000,5.130000,5.270000,5.270000,12392400
2021-05-21,5.350000,5.510000,5.320000,5.410000,5.410000,10653000
2021-05-24,5.450000,5.500000,5.340000,5.430000,5.430000,11749800
2021-05-25,5.410000,5.430000,5.140000,5.150000,5.150000,14618100
2021-05-26,5.210000,5.330000,5.150000,5.250000,5.250000,10062000
2021-05-27,5.250000,5.400000,5.240000,5.330000,5.330000,11644400
2021-05-28,5.340000,5.370000,5.150000,5.170000,5.170000,9046200
2021-06-01,5.340000,5.830000,5.310000,5.750000,5.750000,21242300
2021-06-02,5.750000,5.850000,5.560000,5.580000,5.580000,24303700
2021-06-03,5.600000,5.650000,5.490000,5.550000,5.550000,11502500
2021-06-04,5.630000,5.640000,5.340000,5.400000,5.400000,10622500
2021-06-07,5.390000,5.550000,5.360000,5.470000,5.470000,9428500
2021-06-08,5.350000,5.620000,5.290000,5.540000,5.540000,10756400
2021-06-09,5.530000,5.690000,5.510000,5.530000,5.530000,10072400
2021-06-10,5.640000,5.690000,5.380000,5.580000,5.580000,10739500
2021-06-11,5.660000,5.810000,5.650000,5.710000,5.710000,11479900
2021-06-14,5.700000,5.750000,5.420000,5.440000,5.440000,13445700
2021-06-15,5.460000,5.570000,5.390000,5.530000,5.530000,10402200
2021-06-16,5.510000,5.530000,5.330000,5.490000,5.490000,12186000
2021-06-17,5.500000,5.520000,4.980000,5.050000,5.050000,23378100
2021-06-18,4.970000,5.150000,4.890000,4.960000,4.960000,28829000
2021-06-21,5.010000,5.260000,4.950000,5.250000,5.250000,11778200
2021-06-22,5.230000,5.230000,5.050000,5.190000,5.190000,9572900
2021-06-23,5.260000,5.540000,5.260000,5.410000,5.410000,12805600
2021-06-24,5.360000,5.590000,5.350000,5.580000,5.580000,9049400
2021-06-25,5.580000,5.750000,5.580000,5.630000,5.630000,38176000
2021-06-28,5.660000,5.670000,5.300000,5.380000,5.380000,15664200
2021-06-29,5.460000,5.610000,5.400000,5.440000,5.440000,9321700
2021-06-30,5.530000,5.700000,5.510000,5.670000,5.670000,9285200
2021-07-01,5.750000,5.810000,5.540000,5.620000,5.620000,11479900
2021-07-02,5.550000,5.610000,5.470000,5.550000,5.550000,8597900
2021-07-06,5.610000,5.610000,5.250000,5.290000,5.290000,12006000
2021-07-07,5.260000,5.400000,5.030000,5.130000,5.130000,15805600
2021-07-08,5.050000,5.420000,5.020000,5.340000,5.340000,13319600
2021-07-09,5.360000,5.480000,5.310000,5.420000,5.420000,8295800
2021-07-12,5.340000,5.470000,5.260000,5.350000,5.350000,8030900
2021-07-13,5.480000,5.600000,5.380000,5.410000,5.410000,9477200
2021-07-14,5.440000,5.470000,5.110000,5.120000,5.120000,9426100
2021-07-15,5.100000,5.190000,4.950000,5.030000,5.030000,10100500
2021-07-16,5.120000,5.120000,4.790000,4.810000,4.810000,11690200
2021-07-19,4.650000,4.780000,4.490000,4.590000,4.590000,15075000
2021-07-20,4.630000,4.820000,4.590000,4.730000,4.730000,11681000
2021-07-21,4.850000,4.990000,4.800000,4.930000,4.930000,12202300
2021-07-22,4.990000,5.000000,4.720000,4.820000,4.820000,11765900
2021-07-23,4.830000,4.860000,4.670000,4.860000,4.860000,11722100
2021-07-26,4.900000,5.190000,4.900000,5.180000,5.180000,11838200
2021-07-27,5.150000,5.150000,4.880000,4.960000,4.960000,14332100
2021-07-28,5.040000,5.150000,4.910000,5.070000,5.070000,9784600
2021-07-29,5.050000,5.070000,4.690000,4.900000,4.900000,24434200
2021-07-30,4.670000,4.810000,4.560000,4.710000,4.710000,16920500
2021-08-02,4.700000,4.850000,4.570000,4.600000,4.600000,12705200
2021-08-03,4.570000,4.820000,4.470000,4.760000,4.760000,16769400
2021-08-04,4.660000,4.910000,4.620000,4.750000,4.750000,12862700
2021-08-05,4.780000,4.920000,4.730000,4.740000,4.740000,13634500
2021-08-06,4.780000,4.860000,4.740000,4.790000,4.790000,11785200
2021-08-09,4.700000,4.810000,4.660000,4.760000,4.760000,9092200
2021-08-10,4.760000,4.890000,4.720000,4.870000,4.870000,8015800
2021-08-11,4.810000,4.830000,4.640000,4.820000,4.820000,7649800
2021-08-12,4.800000,4.890000,4.620000,4.680000,4.680000,7591100
2021-08-13,4.670000,4.680000,4.360000,4.360000,4.360000,8883800
2021-08-16,4.330000,4.340000,4.140000,4.230000,4.230000,10837500
2021-08-17,4.180000,4.330000,4.170000,4.230000,4.230000,7398200
2021-08-18,4.230000,4.320000,4.090000,4.100000,4.100000,10636300
2021-08-19,4.000000,4.090000,3.900000,3.970000,3.970000,14515300
2021-08-20,3.960000,4.050000,3.920000,3.980000,3.980000,10829400
2021-08-23,4.100000,4.150000,4.020000,4.060000,4.060000,8718300
2021-08-24,4.100000,4.150000,4.050000,4.120000,4.120000,8141800
2021-08-25,4.120000,4.320000,4.050000,4.220000,4.220000,7775600
2021-08-26,4.200000,4.280000,4.120000,4.210000,4.210000,9713700
2021-08-27,4.290000,4.640000,4.290000,4.560000,4.560000,15000200
2021-08-30,4.530000,4.600000,4.400000,4.500000,4.500000,10816300