Date,Open,High,Low,Close,Adj Close,Volume
2021-01-04,61.150002,61.169998,59.189999,59.439999,57.924152,302800
2021-01-05,59.570000,60.110001,58.250000,58.919998,57.417412,328400
2021-01-06,59.740002,61.279999,59.740002,60.959999,59.405384,501700
2021-01-07,60.770000,60.770000,58.860001,59.220001,57.709763,455000
2021-01-08,59.099998,59.540001,57.970001,58.509998,57.017868,437600
2021-01-11,58.509998,59.310001,57.730000,58.110001,56.628071,417000
2021-01-12,58.360001,60.070000,57.950001,59.790001,58.265228,546700
2021-01-13,59.790001,60.000000,59.130001,59.599998,58.080067,349100
2021-01-14,59.830002,60.650002,59.470001,59.889999,58.362675,322600
2021-01-15,59.360001,60.180000,59.009998,60.110001,58.577068,274600
2021-01-19,60.110001,60.830002,58.889999,58.889999,57.388176,463700
2021-01-20,58.889999,59.230000,57.650002,58.270000,56.783985,418300
2021-01-21,58.270000,58.270000,57.250000,57.549999,56.082352,423300
2021-01-22,57.549999,58.700001,57.000000,58.619999,57.125061,471700
2021-01-25,58.189999,61.070000,58.189999,60.560001,59.015591,576600
2021-01-26,60.880001,61.189999,59.930000,60.849998,59.298191,398600
2021-01-27,60.009998,61.029999,59.439999,60.419998,58.879158,343700
2021-01-28,60.750000,61.290001,60.250000,60.330002,58.791458,380800
2021-01-29,59.700001,60.259998,58.779999,59.959999,58.430889,743400
2021-02-01,59.959999,60.779999,58.910000,60.759998,59.210484,423400
2021-02-02,60.759998,61.599998,60.150002,60.619999,59.074059,316400
2021-02-03,60.070000,60.700001,58.910000,60.509998,58.966866,370400
2021-02-04,60.509998,61.959999,60.270000,61.910000,60.331161,358100
2021-02-05,61.910000,62.689999,61.740002,62.549999,60.954842,391300
2021-02-08,62.549999,62.549999,60.759998,61.389999,59.824425,345600
2021-02-09,61.650002,61.939999,60.770000,61.250000,59.687992,245200
2021-02-10,61.790001,62.080002,60.959999,61.730000,60.155746,265900
2021-02-11,61.730000,62.549999,61.490002,62.529999,60.935349,304700
2021-02-12,61.900002,62.580002,61.470001,61.830002,60.807503,259700
2021-02-16,61.910000,62.490002,61.380001,62.360001,61.328735,236400
2021-02-17,62.389999,64.279999,62.080002,63.660000,62.607239,320300
2021-02-18,63.849998,64.580002,63.700001,64.339996,63.275990,319500
2021-02-19,64.260002,65.900002,64.010002,64.800003,63.728386,459500
2021-02-22,64.879997,65.110001,63.369999,64.260002,63.197315,469300
2021-02-23,64.650002,66.449997,64.260002,65.860001,64.770851,486500
2021-02-24,66.129997,66.190002,64.160004,65.010002,63.934910,426800
2021-02-25,65.440002,66.180000,64.089996,64.110001,63.049797,363400
2021-02-26,64.629997,66.639999,62.340000,62.349998,61.318901,672300
2021-03-01,63.349998,63.869999,62.720001,63.639999,62.587570,992600
2021-03-02,63.689999,63.900002,61.770000,63.380001,62.331867,729200
2021-03-03,63.410000,64.540001,62.250000,63.730000,62.676079,431800
2021-03-04,64.059998,66.410004,64.059998,65.169998,64.092262,337400
2021-03-05,65.750000,69.480003,65.730003,69.279999,68.134300,475600
2021-03-08,69.769997,71.349998,68.379997,71.080002,69.904533,357100
2021-03-09,70.370003,71.339996,68.690002,68.690002,67.554054,484200
2021-03-10,68.510002,69.750000,67.730003,67.949997,66.826294,936200
2021-03-11,67.290001,67.410004,65.290001,65.510002,64.426651,960200
2021-03-12,66.120003,66.419998,64.180000,65.330002,64.249626,1927800
2021-03-15,65.470001,66.480003,65.349998,66.269997,65.174065,1185800
2021-03-16,66.269997,68.430000,65.900002,67.260002,66.147705,1652200
2021-03-17,67.099998,67.260002,65.620003,66.070000,64.977379,813000
2021-03-18,66.239998,67.489998,65.510002,67.120003,66.010017,846800
2021-03-19,67.220001,69.209999,66.260002,67.800003,66.678772,2982700
2021-03-22,67.610001,67.790001,65.220001,66.500000,65.400276,504400
2021-03-23,65.790001,67.930000,65.680000,67.220001,66.108360,536600
2021-03-24,67.480003,69.639999,67.470001,68.559998,67.426201,381800
2021-03-25,68.849998,69.320000,67.730003,68.510002,67.377037,385800
2021-03-26,68.779999,68.779999,66.639999,67.260002,66.147705,743700
2021-03-29,66.989998,70.129997,66.989998,69.330002,68.183472,454200
2021-03-30,69.070000,69.250000,68.269997,69.099998,67.957275,296500
2021-03-31,68.779999,69.070000,68.120003,68.709999,67.573723,375900
2021-04-01,68.470001,68.900002,67.610001,68.239998,67.111496,281300
2021-04-05,68.510002,69.389999,67.800003,68.739998,67.603226,336900
2021-04-06,68.529999,69.040001,68.169998,68.959999,67.819588,281800
2021-04-07,69.080002,69.690002,69.080002,69.540001,68.389999,200000
2021-04-08,69.550003,69.550003,68.650002,69.370003,68.222809,334300
2021-04-09,69.190002,69.800003,68.970001,69.199997,68.055618,222700
2021-04-12,69.580002,69.970001,69.360001,69.839996,68.685028,286400
2021-04-13,69.820000,70.220001,69.279999,69.760002,68.606361,210200
2021-04-14,69.959999,70.739998,69.879997,70.650002,69.481644,235400
2021-04-15,70.739998,72.529999,70.309998,72.320000,71.124023,302000
2021-04-16,72.669998,72.790001,71.489998,72.379997,71.183037,230600
2021-04-19,72.339996,72.830002,71.559998,71.870003,70.681465,331600
2021-04-20,71.870003,73.540001,71.510002,72.900002,71.694435,360500
2021-04-21,72.870003,73.250000,72.110001,72.959999,71.753441,228700
2021-04-22,72.949997,72.949997,71.559998,71.919998,70.730637,236400
2021-04-23,72.239998,72.680000,71.680000,71.930000,70.740479,187900
2021-04-26,72.239998,72.260002,70.889999,70.900002,69.727509,335100
2021-04-27,70.889999,71.000000,69.139999,69.239998,68.094955,320500
2021-04-28,69.570000,69.870003,68.930000,69.279999,68.134300,287400
2021-04-29,69.480003,70.430000,69.370003,69.839996,68.685028,251600
2021-04-30,69.449997,70.199997,69.410004,69.720001,68.567024,345400
2021-05-03,70.110001,71.459999,69.800003,70.910004,69.737343,272600
2021-05-04,70.760002,71.309998,69.870003,70.260002,69.098099,260700
2021-05-05,70.279999,70.279999,69.120003,69.330002,68.183472,486500
2021-05-06,69.699997,70.559998,69.309998,70.180000,69.019417,415600
2021-05-07,69.260002,71.160004,69.260002,70.370003,69.206276,451100
2021-05-10,71.010002,72.570000,71.010002,71.900002,70.710976,348000
2021-05-11,71.930000,72.059998,70.339996,70.699997,69.530807,352700
2021-05-12,70.769997,71.510002,68.620003,68.889999,67.750748,248200
2021-05-13,68.680000,72.410004,68.599998,71.750000,70.563454,623200
2021-05-14,71.410004,71.440002,69.730003,69.860001,69.279221,385000
2021-05-17,69.610001,69.680000,68.150002,68.879997,68.307358,297900
2021-05-18,68.330002,68.940002,67.709999,67.750000,67.186760,466300
2021-05-19,67.540001,67.750000,65.900002,66.489998,65.937233,497800
2021-05-20,67.570000,68.160004,66.889999,66.970001,66.413246,944900
2021-05-21,67.169998,67.989998,65.889999,66.250000,65.699226,1244600
2021-05-24,66.309998,67.089996,65.550003,66.559998,66.006645,1730700
2021-05-25,66.430000,67.089996,65.290001,66.610001,66.056236,745700
2021-05-26,66.489998,67.199997,65.820000,66.570000,66.016571,513500
2021-05-27,67.010002,67.010002,65.930000,65.930000,65.381889,302200
2021-05-28,66.070000,66.290001,65.900002,66.010002,65.461227,336300
2021-06-01,66.010002,67.320000,65.940002,67.169998,66.611580,386200
2021-06-02,66.080002,67.470001,65.870003,66.769997,66.214905,658800
2021-06-03,66.809998,67.519997,66.269997,67.080002,66.522331,407100
2021-06-04,67.040001,67.230003,66.419998,66.480003,65.927322,344600
2021-06-07,66.699997,66.790001,66.150002,66.339996,65.788475,189200
2021-06-08,66.279999,66.389999,65.730003,66.269997,65.719055,319600
2021-06-09,66.349998,67.419998,65.940002,67.209999,66.651245,574300
2021-06-10,67.510002,67.529999,66.820000,66.970001,66.413246,240100
2021-06-11,67.000000,67.699997,66.910004,67.669998,67.107422,223400
2021-06-14,67.959999,68.199997,66.620003,66.779999,66.224823,247200
2021-06-15,66.709999,67.379997,66.430000,66.940002,66.383492,243200
2021-06-16,67.040001,67.400002,66.080002,66.250000,65.699226,280900
2021-06-17,66.199997,66.400002,65.669998,65.779999,65.233131,219500
2021-06-18,65.180000,65.400002,62.889999,63.189999,62.664665,820200
2021-06-21,63.630001,64.599998,63.310001,64.540001,64.003448,330400
2021-06-22,64.540001,64.540001,63.450001,63.450001,62.922508,359400
2021-06-23,63.259998,63.580002,62.540001,63.270000,62.744003,286900
2021-06-24,63.220001,63.700001,62.700001,63.700001,63.170429,220500
2021-06-25,63.990002,64.769997,63.459999,64.540001,64.003448,799300
2021-06-28,64.339996,65.699997,63.650002,65.500000,64.955460,559700
2021-06-29,66.160004,67.250000,65.029999,65.089996,64.548866,537800
2021-06-30,65.160004,66.260002,64.669998,66.190002,65.639732,846100
2021-07-01,66.669998,67.339996,65.349998,66.889999,66.333908,569400
2021-07-02,66.660004,67.029999,66.230003,66.959999,66.403328,349500
2021-07-06,66.809998,66.849998,64.629997,66.040001,65.490974,325700
2021-07-07,65.760002,67.739998,65.470001,67.599998,67.038002,442000
2021-07-08,67.180000,68.169998,66.739998,67.250000,66.690918,541400
2021-07-09,67.820000,68.559998,67.650002,68.449997,67.880936,397100
2021-07-12,68.550003,69.320000,67.959999,69.230003,68.654457,375600
2021-07-13,68.879997,69.779999,68.300003,68.750000,68.178444,684800
2021-07-14,69.019997,69.589996,68.500000,69.570000,68.991631,347900
2021-07-15,69.589996,70.809998,69.029999,70.620003,70.032898,497700
2021-07-16,70.809998,71.900002,70.440002,71.070000,70.479156,623400
2021-07-19,70.610001,70.959999,68.419998,69.419998,68.842873,770400
2021-07-20,69.269997,71.500000,69.269997,70.989998,70.399818,641300
2021-07-21,71.330002,71.389999,70.309998,70.419998,69.834557,353100
2021-07-22,70.139999,71.160004,69.199997,69.410004,68.832962,284700
2021-07-23,69.669998,70.739998,69.120003,70.720001,70.132065,190100
2021-07-26,70.620003,71.209999,70.099998,70.260002,69.675896,233700
2021-07-27,70.230003,71.360001,69.639999,71.169998,70.578323,269900
2021-07-28,70.930000,71.129997,69.989998,70.430000,69.844475,343400
2021-07-29,70.669998,70.680000,69.510002,70.529999,69.943642,263400
2021-07-30,70.680000,71.199997,69.669998,69.930000,69.348633,290000
2021-08-02,70.379997,71.150002,70.239998,71.040001,70.449409,265100
2021-08-03,70.860001,73.000000,70.580002,72.919998,72.313774,425400
2021-08-04,72.260002,72.870003,71.010002,71.980003,71.381592,640700
2021-08-05,72.070000,72.480003,71.459999,72.029999,71.431175,323600
2021-08-06,72.480003,73.050003,71.900002,72.099998,71.500595,313500
2021-08-09,72.000000,72.000000,70.870003,71.139999,70.548576,373500
2021-08-10,70.820000,70.879997,69.690002,70.650002,70.062653,311600
2021-08-11,70.959999,71.889999,70.379997,71.830002,71.232841,326800
2021-08-12,72.040001,72.099998,71.320000,71.570000,70.974998,239000
2021-08-13,70.809998,71.690002,70.389999,71.480003,71.480003,223100
2021-08-16,71.500000,72.410004,71.089996,72.169998,72.169998,290400
2021-08-17,71.849998,72.720001,71.739998,72.629997,72.629997,291600
2021-08-18,72.720001,72.720001,71.370003,71.500000,71.500000,289300
2021-08-19,71.629997,72.639999,71.480003,71.849998,71.849998,338900
2021-08-20,71.500000,72.400002,71.320000,72.129997,72.129997,453800
2021-08-23,72.349998,72.400002,70.690002,70.760002,70.760002,492800
2021-08-24,70.760002,70.760002,68.989998,69.220001,69.220001,683400
2021-08-25,69.410004,69.500000,69.000000,69.160004,69.160004,485900
2021-08-26,69.000000,69.699997,67.790001,68.160004,68.160004,438900
2021-08-27,68.290001,69.220001,68.099998,69.199997,69.199997,447800
2021-08-30,69.400002,70.089996,68.849998,70.040001,70.040001,451800