Date,Open,High,Low,Close,Adj Close,Volume
2021-01-04,74.019997,74.959999,72.870003,73.160004,72.091446,370900
2021-01-05,73.370003,75.459999,73.349998,75.110001,74.012955,177900
2021-01-06,76.360001,78.690002,75.800003,77.940002,76.801628,288300
2021-01-07,78.180000,78.480003,77.199997,77.500000,76.368042,166300
2021-01-08,77.570000,77.699997,76.250000,77.330002,76.200531,177300
2021-01-11,76.550003,77.690002,76.449997,77.150002,76.023155,357500
2021-01-12,77.419998,77.639999,76.760002,77.250000,76.121696,423500
2021-01-13,77.169998,77.250000,74.300003,74.529999,73.441429,245900
2021-01-14,74.940002,76.510002,74.550003,75.570000,74.466232,336500
2021-01-15,74.690002,75.510002,73.800003,75.129997,74.032661,265400
2021-01-19,75.480003,76.449997,75.139999,75.599998,74.495796,159700
2021-01-20,75.930000,75.930000,75.389999,75.849998,74.742142,185200
2021-01-21,75.900002,75.989998,75.330002,75.650002,74.545067,257400
2021-01-22,74.910004,76.279999,74.379997,76.239998,75.126450,270200
2021-01-25,75.790001,77.629997,75.790001,77.050003,75.924622,280700
2021-01-26,77.559998,77.720001,76.519997,76.860001,75.737389,342500
2021-01-27,75.110001,75.300003,71.250000,72.360001,71.303116,512300
2021-01-28,73.080002,73.080002,71.239998,72.050003,70.997658,233400
2021-01-29,71.730003,72.400002,69.959999,70.529999,69.499847,528100
2021-02-01,70.489998,75.300003,70.160004,75.250000,74.563217,432900
2021-02-02,76.320000,76.360001,74.559998,75.120003,74.434402,330300
2021-02-03,74.669998,76.169998,74.400002,75.029999,74.345215,286600
2021-02-04,74.760002,75.379997,74.099998,75.089996,74.404671,307900
2021-02-05,75.449997,75.699997,73.290001,74.459999,73.780418,258500
2021-02-08,75.000000,75.580002,74.839996,75.080002,74.394768,229100
2021-02-09,75.309998,75.839996,74.750000,75.419998,74.731659,274300
2021-02-10,76.070000,77.370003,76.070000,77.010002,76.307152,251000
2021-02-11,77.190002,77.959999,77.129997,77.500000,76.792671,223100
2021-02-12,77.900002,79.459999,76.019997,78.660004,77.942093,365200
2021-02-16,78.160004,78.540001,75.150002,75.169998,74.483940,212700
2021-02-17,74.730003,76.930000,74.730003,76.839996,76.138702,276200
2021-02-18,76.699997,78.290001,76.570000,78.059998,77.347565,320100
2021-02-19,78.500000,79.250000,77.790001,78.339996,77.625008,247800
2021-02-22,77.709999,79.809998,77.589996,78.919998,78.199715,195100
2021-02-23,78.720001,80.029999,78.000000,78.360001,77.644829,311100
2021-02-24,78.779999,79.419998,78.309998,79.050003,78.328537,171400
2021-02-25,78.769997,79.410004,77.910004,78.180000,77.466469,132700
2021-02-26,78.220001,79.029999,77.790001,77.849998,77.139488,237300
2021-03-01,79.190002,79.470001,78.180000,78.190002,77.476379,331200
2021-03-02,77.930000,78.349998,76.339996,76.550003,75.851357,369400
2021-03-03,76.709999,76.820000,74.639999,74.650002,73.968689,196800
2021-03-04,74.360001,75.400002,73.010002,74.029999,73.354347,323900
2021-03-05,75.230003,77.110001,74.050003,77.099998,76.396332,308800
2021-03-08,77.400002,79.040001,77.139999,78.449997,77.734001,187600
2021-03-09,78.949997,78.949997,77.430000,77.580002,76.871956,274000
2021-03-10,77.769997,81.059998,77.769997,80.239998,79.507668,178200
2021-03-11,81.010002,82.000000,80.349998,81.019997,80.280548,205200
2021-03-12,81.370003,81.690002,80.169998,80.480003,79.745483,188400
2021-03-15,79.970001,80.010002,78.860001,79.529999,78.804146,228900
2021-03-16,79.250000,80.480003,78.519997,80.250000,79.517586,273200
2021-03-17,80.330002,81.309998,79.610001,80.889999,80.151741,212000
2021-03-18,80.800003,81.540001,79.330002,79.709999,78.982513,350300
2021-03-19,79.449997,79.449997,77.559998,78.000000,77.288116,843100
2021-03-22,78.320000,78.330002,77.570000,78.019997,77.307930,330200
2021-03-23,77.389999,77.610001,75.550003,75.730003,75.038841,231000
2021-03-24,76.360001,77.529999,75.669998,75.730003,75.038841,411100
2021-03-25,75.449997,76.970001,75.169998,76.589996,75.890976,285000
2021-03-26,77.080002,78.199997,76.949997,78.129997,77.416931,260000
2021-03-29,78.080002,79.599998,77.099998,77.279999,76.574684,215700
2021-03-30,77.290001,78.029999,76.800003,77.750000,77.040398,181600
2021-03-31,77.809998,79.040001,77.589996,78.000000,77.288116,264200
2021-04-01,78.209999,79.370003,77.699997,79.320000,78.596069,193300
2021-04-05,80.199997,80.389999,78.970001,79.220001,78.496979,187600
2021-04-06,78.849998,80.739998,78.849998,79.339996,78.615883,147900
2021-04-07,79.400002,79.400002,77.900002,78.000000,77.288116,131200
2021-04-08,78.059998,78.650002,77.260002,78.370003,77.654739,138400
2021-04-09,78.589996,79.540001,78.190002,79.440002,78.714973,169000
2021-04-12,79.440002,79.900002,79.239998,79.690002,78.962692,123800
2021-04-13,79.260002,80.019997,78.769997,79.650002,78.923058,211800
2021-04-14,79.720001,80.650002,79.279999,79.750000,79.022141,112800
2021-04-15,80.180000,80.919998,79.739998,80.709999,79.973381,107700
2021-04-16,81.540001,82.000000,80.769997,81.169998,80.429184,145200
2021-04-19,80.989998,81.199997,79.900002,80.419998,79.686028,181200
2021-04-20,79.949997,80.589996,79.269997,80.050003,79.319412,184000
2021-04-21,80.379997,81.300003,79.820000,80.500000,79.765297,306000
2021-04-22,80.690002,82.440002,80.320000,81.510002,80.766083,371400
2021-04-23,81.440002,86.010002,81.000000,84.949997,84.174683,473200
2021-04-26,85.339996,85.540001,83.150002,83.339996,82.579376,248100
2021-04-27,83.279999,83.480003,82.360001,83.110001,82.351479,169900
2021-04-28,83.209999,83.559998,82.510002,82.650002,81.895683,210900
2021-04-29,83.260002,83.650002,82.440002,83.309998,82.549644,186900
2021-04-30,82.269997,82.839996,81.820000,82.239998,81.872688,242000
2021-05-03,83.080002,83.809998,82.629997,83.029999,82.659157,162200
2021-05-04,82.830002,83.370003,82.029999,83.309998,82.937904,310600
2021-05-05,83.470001,84.519997,83.019997,83.690002,83.316216,191900
2021-05-06,83.820000,84.510002,83.059998,84.419998,84.042946,146300
2021-05-07,84.029999,85.019997,84.029999,84.839996,84.461067,125200
2021-05-10,84.980003,85.709999,84.580002,84.739998,84.361519,291900
2021-05-11,84.059998,86.010002,84.059998,85.760002,85.376968,174600
2021-05-12,85.139999,85.589996,82.800003,82.849998,82.479958,291100
2021-05-13,82.860001,85.110001,82.860001,84.900002,84.520805,243900
2021-05-14,85.570000,85.820000,84.529999,85.660004,85.277412,136500
2021-05-17,85.230003,85.660004,84.599998,85.529999,85.147995,190100
2021-05-18,85.510002,85.940002,84.809998,85.400002,85.018578,250300
2021-05-19,84.559998,85.680000,84.080002,85.570000,85.187813,245500
2021-05-20,85.570000,86.309998,85.400002,86.139999,85.755264,183600
2021-05-21,86.910004,87.760002,86.620003,86.849998,86.462097,205200
2021-05-24,87.180000,87.400002,86.779999,86.940002,86.551697,147700
2021-05-25,87.430000,87.559998,86.290001,86.309998,85.924507,139500
2021-05-26,86.750000,87.150002,86.650002,86.779999,86.392410,198300
2021-05-27,87.050003,87.410004,86.580002,86.669998,86.282898,366000
2021-05-28,86.849998,86.849998,86.000000,86.750000,86.362541,206400
2021-06-01,87.940002,88.160004,86.970001,87.870003,87.477547,151200
2021-06-02,88.010002,88.430000,87.500000,87.720001,87.328209,243800
2021-06-03,87.440002,88.190002,87.110001,87.870003,87.477547,130000
2021-06-04,88.220001,89.040001,87.879997,88.919998,88.522850,138300
2021-06-07,89.220001,89.599998,88.500000,89.000000,88.602493,154900
2021-06-08,89.000000,89.970001,88.860001,89.589996,89.189857,224400
2021-06-09,89.320000,89.639999,88.500000,88.570000,88.174416,344400
2021-06-10,89.010002,89.010002,88.300003,88.360001,87.965355,255500
2021-06-11,88.540001,89.139999,88.389999,88.930000,88.532806,127100
2021-06-14,89.150002,89.150002,88.239998,88.639999,88.244102,214500
2021-06-15,88.820000,89.389999,88.500000,89.160004,88.761780,154400
2021-06-16,89.250000,89.250000,88.250000,88.739998,88.343651,133400
2021-06-17,88.669998,89.150002,87.440002,87.980003,87.587051,274300
2021-06-18,87.440002,87.620003,86.260002,86.940002,86.551697,440300
2021-06-21,87.730003,88.779999,87.129997,88.300003,87.905624,161400
2021-06-22,88.010002,88.230003,87.209999,87.419998,87.029549,189500
2021-06-23,87.459999,87.459999,86.519997,86.769997,86.382454,287300
2021-06-24,87.010002,87.660004,86.580002,87.580002,87.188835,146500
2021-06-25,87.199997,87.879997,87.029999,87.190002,86.800583,780500
2021-06-28,87.279999,87.949997,86.040001,86.580002,86.193306,190700
2021-06-29,86.699997,87.349998,86.169998,86.330002,85.944420,125100
2021-06-30,86.000000,86.919998,85.730003,86.559998,86.173393,239800
2021-07-01,87.040001,87.919998,86.639999,87.510002,87.119148,212600
2021-07-02,87.669998,87.669998,87.059998,87.449997,87.059418,133800
2021-07-06,87.239998,87.239998,85.010002,86.099998,85.715446,102800
2021-07-07,85.809998,87.040001,85.580002,86.750000,86.362541,104600
2021-07-08,85.680000,86.449997,85.250000,85.879997,85.496429,130700
2021-07-09,86.629997,87.290001,85.860001,85.989998,85.605934,319700
2021-07-12,85.459999,86.949997,85.099998,86.489998,86.103706,265100
2021-07-13,85.769997,86.230003,84.070000,84.150002,83.774155,136000
2021-07-14,84.269997,85.510002,83.180000,84.599998,84.222145,277300
2021-07-15,84.300003,84.559998,83.339996,83.739998,83.365982,116400
2021-07-16,83.989998,83.989998,82.139999,82.250000,81.882645,138600
2021-07-19,81.019997,81.089996,79.279999,79.470001,79.115059,338600
2021-07-20,79.279999,81.629997,78.209999,80.930000,80.568535,294700
2021-07-21,81.750000,82.919998,81.750000,82.250000,81.882645,274300
2021-07-22,81.870003,82.309998,81.089996,81.510002,81.145950,187900
2021-07-23,84.419998,86.010002,82.580002,85.559998,85.177856,375000
2021-07-26,86.089996,87.080002,85.339996,86.430000,86.043976,288200
2021-07-27,85.940002,86.440002,84.660004,85.900002,85.516342,384800
2021-07-28,85.639999,86.099998,84.129997,85.989998,85.605934,226400
2021-07-29,86.720001,87.440002,86.360001,87.320000,86.930000,168600
2021-07-30,87.099998,88.400002,86.849998,87.180000,87.180000,210800
2021-08-02,87.320000,88.190002,86.480003,86.779999,86.779999,209300
2021-08-03,86.570000,87.500000,85.830002,87.070000,87.070000,127900
2021-08-04,86.360001,86.709999,85.050003,85.080002,85.080002,92700
2021-08-05,85.739998,86.510002,85.239998,86.180000,86.180000,95700
2021-08-06,86.919998,87.339996,86.809998,87.120003,87.120003,73400
2021-08-09,86.790001,87.050003,86.349998,86.660004,86.660004,93800
2021-08-10,86.529999,87.930000,86.300003,87.540001,87.540001,80600
2021-08-11,87.720001,88.430000,87.720001,88.349998,88.349998,67900
2021-08-12,88.510002,88.559998,87.750000,88.400002,88.400002,83900
2021-08-13,88.339996,88.989998,87.830002,88.870003,88.870003,68300
2021-08-16,88.339996,89.059998,87.459999,88.839996,88.839996,79500
2021-08-17,87.959999,88.430000,87.320000,87.400002,87.400002,125000
2021-08-18,87.190002,87.790001,85.980003,86.040001,86.040001,92200
2021-08-19,85.379997,86.779999,85.300003,85.459999,85.459999,167300
2021-08-20,85.639999,86.209999,85.250000,86.199997,86.199997,206000
2021-08-23,87.019997,87.669998,86.519997,86.919998,86.919998,112800
2021-08-24,86.739998,87.660004,86.739998,87.059998,87.059998,131600
2021-08-25,86.709999,87.470001,86.610001,86.610001,86.610001,127900
2021-08-26,86.580002,86.720001,85.320000,85.360001,85.360001,120800
2021-08-27,85.820000,88.000000,85.820000,87.720001,87.720001,205500
2021-08-30,88.000000,88.139999,86.900002,86.989998,86.989998,121400