Date,Open,High,Low,Close,Adj Close,Volume
2021-01-04,97.959999,99.800003,96.610001,97.400002,97.400002,652700
2021-01-05,97.279999,100.989998,97.279999,98.500000,98.500000,632500
2021-01-06,96.730003,102.389999,95.900002,101.269997,101.269997,971900
2021-01-07,101.500000,104.089996,100.790001,102.639999,102.639999,582600
2021-01-08,103.879997,104.779999,101.510002,104.250000,104.250000,627900
2021-01-11,103.019997,105.529999,103.019997,105.330002,105.330002,725400
2021-01-12,106.269997,107.500000,105.059998,106.660004,106.660004,574100
2021-01-13,106.330002,107.500000,100.500000,102.199997,102.199997,656400
2021-01-14,103.220001,104.589996,101.550003,101.900002,101.900002,487000
2021-01-15,100.699997,101.080002,96.879997,100.959999,100.959999,706600
2021-01-19,102.500000,104.349998,101.570000,103.510002,103.510002,521800
2021-01-20,104.919998,105.830002,102.180000,103.849998,103.849998,284900
2021-01-21,107.360001,108.010002,105.639999,106.089996,106.089996,576900
2021-01-22,104.809998,106.190002,103.959999,105.900002,105.900002,314500
2021-01-25,106.139999,106.489998,102.709999,105.400002,105.400002,372100
2021-01-26,106.269997,106.269997,104.000000,104.870003,104.870003,228200
2021-01-27,102.089996,104.489998,100.239998,102.519997,102.519997,483900
2021-01-28,104.459999,104.459999,101.080002,101.160004,101.160004,386100
2021-01-29,102.379997,103.800003,99.000000,99.220001,99.220001,868400
2021-02-01,100.709999,105.000000,100.709999,104.150002,104.150002,400700
2021-02-02,104.800003,107.750000,103.540001,106.709999,106.709999,599600
2021-02-03,106.669998,107.239998,104.470001,105.120003,105.120003,574600
2021-02-04,104.309998,107.809998,101.330002,106.870003,106.870003,917800
2021-02-05,117.309998,125.879997,117.000000,119.010002,119.010002,2142800
2021-02-08,119.919998,124.129997,116.559998,123.790001,123.790001,1012100
2021-02-09,122.779999,124.830002,120.949997,122.800003,122.800003,544900
2021-02-10,123.000000,124.849998,121.050003,122.989998,122.989998,392500
2021-02-11,124.129997,126.500000,122.360001,125.919998,125.919998,534800
2021-02-12,125.250000,130.500000,124.320000,130.100006,130.100006,600900
2021-02-16,133.270004,135.839996,132.669998,134.460007,134.460007,797900
2021-02-17,134.300003,137.279999,130.880005,133.399994,133.399994,615800
2021-02-18,132.500000,134.190002,130.500000,131.839996,131.839996,441900
2021-02-19,133.990005,136.779999,132.759995,135.059998,135.059998,357700
2021-02-22,134.600006,135.639999,131.169998,131.960007,131.960007,356900
2021-02-23,129.880005,132.850006,127.699997,130.119995,130.119995,470300
2021-02-24,137.619995,137.889999,134.000000,137.240005,137.240005,634600
2021-02-25,136.639999,137.880005,129.750000,130.300003,130.300003,544200
2021-02-26,132.000000,136.279999,129.000000,134.029999,134.029999,453600
2021-03-01,136.000000,138.339996,134.000000,137.690002,137.690002,448900
2021-03-02,138.320007,138.820007,134.910004,136.300003,136.300003,528400
2021-03-03,137.570007,138.800003,130.789993,133.440002,133.440002,848600
2021-03-04,132.389999,134.039993,127.160004,128.809998,128.809998,649000
2021-03-05,131.339996,132.330002,125.410004,132.169998,132.169998,415900
2021-03-08,131.809998,133.800003,126.410004,127.160004,127.160004,604900
2021-03-09,130.910004,135.960007,130.020004,134.570007,134.570007,386800
2021-03-10,140.000000,140.000000,131.449997,131.479996,131.479996,806900
2021-03-11,134.110001,137.149994,133.369995,136.979996,136.979996,550000
2021-03-12,135.070007,137.000000,134.179993,136.750000,136.750000,277700
2021-03-15,137.619995,138.919998,135.889999,137.210007,137.210007,330900
2021-03-16,136.309998,142.289993,135.419998,140.360001,140.360001,464500
2021-03-17,137.910004,143.509995,136.229996,142.839996,142.839996,416100
2021-03-18,143.729996,143.729996,137.929993,138.059998,138.059998,365300
2021-03-19,137.729996,141.429993,135.419998,139.750000,139.750000,706000
2021-03-22,140.509995,144.449997,140.509995,143.199997,143.199997,346300
2021-03-23,141.669998,141.669998,135.009995,135.600006,135.600006,432300
2021-03-24,137.779999,138.250000,130.300003,130.559998,130.559998,366500
2021-03-25,128.100006,129.990005,124.320000,128.100006,128.100006,507400
2021-03-26,129.240005,137.160004,127.260002,136.910004,136.910004,284600
2021-03-29,137.470001,138.830002,129.580002,131.130005,131.130005,583800
2021-03-30,131.250000,132.649994,129.720001,130.979996,130.979996,329200
2021-03-31,131.899994,136.820007,131.899994,135.419998,135.419998,405700
2021-04-01,137.100006,139.000000,136.679993,138.139999,138.139999,374300
2021-04-05,140.039993,141.580002,138.149994,141.169998,141.169998,325900
2021-04-06,141.380005,142.490005,138.500000,139.179993,139.179993,243900
2021-04-07,139.279999,140.160004,136.360001,136.660004,136.660004,274900
2021-04-08,137.990005,139.020004,135.550003,138.639999,138.639999,349100
2021-04-09,138.210007,138.210007,134.330002,135.740005,135.740005,254600
2021-04-12,134.199997,134.350006,131.199997,132.250000,132.250000,267600
2021-04-13,132.210007,133.380005,128.059998,130.899994,130.899994,382500
2021-04-14,130.479996,133.860001,130.139999,131.910004,131.910004,239300
2021-04-15,133.779999,133.779999,130.580002,132.720001,132.720001,137000
2021-04-16,132.779999,134.669998,131.729996,134.199997,134.199997,412600
2021-04-19,132.720001,133.889999,131.289993,131.940002,131.940002,254800
2021-04-20,131.259995,131.600006,125.860001,127.110001,127.110001,485900
2021-04-21,127.070000,132.750000,127.070000,132.520004,132.520004,249100
2021-04-22,133.339996,134.570007,130.600006,131.119995,131.119995,261600
2021-04-23,133.679993,137.399994,132.889999,136.050003,136.050003,294400
2021-04-26,136.440002,139.589996,136.399994,139.520004,139.520004,285600
2021-04-27,144.699997,146.929993,142.850006,144.660004,144.660004,477500
2021-04-28,144.630005,145.199997,142.289993,143.910004,143.910004,217300
2021-04-29,146.199997,146.500000,141.529999,144.100006,144.100006,166200
2021-04-30,140.860001,143.509995,138.850006,139.869995,139.869995,342900
2021-05-03,141.410004,142.100006,136.740005,138.210007,138.210007,380900
2021-05-04,136.500000,138.169998,132.050003,135.300003,135.300003,652000
2021-05-05,136.919998,137.479996,133.889999,134.350006,134.350006,255000
2021-05-06,133.929993,135.149994,130.350006,133.300003,133.300003,540400
2021-05-07,131.369995,136.139999,126.930000,130.830002,130.830002,925700
2021-05-10,130.130005,130.380005,122.739998,122.910004,122.910004,499400
2021-05-11,118.089996,124.959999,117.870003,124.080002,124.080002,364900
2021-05-12,121.750000,122.639999,116.449997,117.080002,117.080002,374200
2021-05-13,118.839996,120.610001,114.050003,119.360001,119.360001,409600
2021-05-14,120.410004,124.489998,119.000000,123.720001,123.720001,237700
2021-05-17,121.080002,123.010002,120.300003,122.489998,122.489998,250200
2021-05-18,124.139999,124.430000,120.519997,120.730003,120.730003,739100
2021-05-19,117.779999,122.599998,117.000000,121.040001,121.040001,254500
2021-05-20,122.099998,124.790001,121.500000,123.849998,123.849998,238600
2021-05-21,124.760002,125.000000,120.550003,120.599998,120.599998,322200
2021-05-24,122.449997,126.139999,122.080002,125.940002,125.940002,356000
2021-05-25,126.720001,127.589996,123.650002,125.389999,125.389999,267300
2021-05-26,125.510002,126.620003,123.989998,125.489998,125.489998,176400
2021-05-27,126.040001,127.699997,125.589996,126.580002,126.580002,223600
2021-05-28,127.589996,128.050003,125.769997,126.330002,126.330002,151300
2021-06-01,127.320000,127.989998,125.070000,126.419998,126.419998,259800
2021-06-02,126.220001,129.500000,124.059998,129.229996,129.229996,1308400
2021-06-03,127.930000,130.339996,126.430000,129.259995,129.259995,688800
2021-06-04,130.190002,139.990005,130.190002,136.960007,136.960007,780300
2021-06-07,136.220001,138.570007,134.089996,136.460007,136.460007,481000
2021-06-08,136.860001,138.639999,135.820007,137.539993,137.539993,406500
2021-06-09,139.440002,140.160004,136.710007,136.770004,136.770004,314000
2021-06-10,136.869995,138.449997,136.130005,137.330002,137.330002,330900
2021-06-11,138.110001,141.360001,135.919998,141.220001,141.220001,290900
2021-06-14,141.970001,148.000000,141.970001,145.479996,145.479996,591500
2021-06-15,144.990005,147.550003,142.679993,144.580002,144.580002,520200
2021-06-16,144.500000,145.990005,142.570007,144.880005,144.880005,433300
2021-06-17,144.850006,147.679993,142.800003,147.100006,147.100006,369600
2021-06-18,145.460007,147.149994,143.750000,145.759995,145.759995,681000
2021-06-21,146.070007,147.410004,144.789993,145.929993,145.929993,351800
2021-06-22,145.820007,148.669998,145.350006,148.369995,148.369995,366300
2021-06-23,148.559998,150.000000,146.539993,146.940002,146.940002,492300
2021-06-24,148.919998,150.380005,146.979996,149.289993,149.289993,375500
2021-06-25,149.830002,151.190002,146.979996,147.580002,147.580002,789500
2021-06-28,148.449997,151.589996,148.300003,150.990005,150.990005,486500
2021-06-29,150.750000,153.880005,149.300003,153.660004,153.660004,396900
2021-06-30,153.690002,155.910004,152.339996,155.580002,155.580002,543600
2021-07-01,155.089996,156.009995,152.199997,153.639999,153.639999,530100
2021-07-02,155.000000,156.779999,153.130005,156.610001,156.610001,353300
2021-07-06,157.339996,158.100006,155.369995,157.259995,157.259995,335500
2021-07-07,158.500000,158.820007,151.520004,153.160004,153.160004,462800
2021-07-08,148.119995,153.919998,148.119995,151.100006,151.100006,381600
2021-07-09,151.100006,155.740005,148.229996,154.919998,154.919998,338600
2021-07-12,155.000000,158.490005,154.660004,157.750000,157.750000,443000
2021-07-13,157.240005,158.449997,155.610001,156.179993,156.179993,381700
2021-07-14,158.199997,160.000000,151.729996,152.649994,152.649994,534400
2021-07-15,151.139999,152.410004,146.419998,150.279999,150.279999,514800
2021-07-16,152.139999,152.899994,144.649994,144.949997,144.949997,688900
2021-07-19,142.020004,148.149994,141.600006,146.139999,146.139999,419600
2021-07-20,145.949997,148.539993,145.160004,146.910004,146.910004,468400
2021-07-21,148.149994,152.580002,148.149994,151.770004,151.770004,456500
2021-07-22,151.020004,152.410004,148.710007,148.940002,148.940002,350600
2021-07-23,148.990005,151.259995,147.830002,150.080002,150.080002,279900
2021-07-26,150.889999,153.240005,149.869995,150.479996,150.479996,338700
2021-07-27,148.899994,149.940002,140.380005,144.300003,144.300003,574700
2021-07-28,143.160004,149.000000,143.009995,147.929993,147.929993,453400
2021-07-29,149.259995,151.429993,148.039993,149.240005,149.240005,319600
2021-07-30,148.210007,152.000000,148.210007,151.919998,151.919998,366300
2021-08-02,153.660004,155.070007,149.699997,150.009995,150.009995,403200
2021-08-03,150.960007,151.660004,148.000000,148.759995,148.759995,323600
2021-08-04,148.539993,149.350006,144.949997,145.679993,145.679993,361400
2021-08-05,146.250000,148.000000,144.479996,146.389999,146.389999,501300
2021-08-06,158.899994,173.119995,158.000000,170.500000,170.500000,1217500
2021-08-09,170.500000,171.419998,166.050003,169.330002,169.330002,437600
2021-08-10,169.410004,171.449997,168.250000,171.259995,171.259995,289100
2021-08-11,169.149994,172.179993,167.000000,171.360001,171.360001,405300
2021-08-12,170.550003,171.600006,167.919998,169.339996,169.339996,231200
2021-08-13,169.699997,172.979996,168.529999,172.929993,172.929993,400700
2021-08-16,172.580002,174.339996,169.410004,170.220001,170.220001,240900
2021-08-17,168.619995,171.080002,164.740005,167.740005,167.740005,441000
2021-08-18,166.850006,169.139999,164.000000,165.369995,165.369995,260200
2021-08-19,163.850006,168.000000,163.250000,166.059998,166.059998,234400
2021-08-20,165.899994,169.729996,165.000000,169.589996,169.589996,296600
2021-08-23,170.000000,173.990005,169.029999,173.160004,173.160004,266700
2021-08-24,174.500000,175.199997,173.309998,174.910004,174.910004,211900
2021-08-25,175.289993,179.630005,175.130005,177.300003,177.300003,293700
2021-08-26,176.940002,178.759995,175.610001,176.669998,176.669998,220900
2021-08-27,176.919998,182.699997,176.919998,181.520004,181.520004,303100
2021-08-30,183.270004,189.479996,182.389999,188.229996,188.229996,484800