Date,Open,High,Low,Close,Adj Close,Volume
2021-01-04,59.779999,60.230000,57.470001,58.680000,58.680000,474900
2021-01-05,58.849998,60.500000,58.570000,59.680000,59.680000,317400
2021-01-06,61.599998,65.809998,61.599998,64.599998,64.599998,366800
2021-01-07,65.449997,66.959999,64.660004,65.879997,65.879997,362900
2021-01-08,66.769997,66.769997,63.459999,64.559998,64.559998,503900
2021-01-11,63.500000,66.989998,63.009998,65.900002,65.900002,368600
2021-01-12,66.730003,68.150002,66.300003,67.809998,67.809998,428200
2021-01-13,67.900002,68.430000,66.480003,68.169998,68.169998,209200
2021-01-14,68.820000,70.610001,68.239998,69.870003,69.870003,364400
2021-01-15,68.349998,69.459999,67.580002,68.430000,68.430000,250300
2021-01-19,68.699997,70.180000,67.820000,69.239998,69.239998,295300
2021-01-20,68.930000,69.720001,68.300003,68.980003,68.980003,358500
2021-01-21,68.980003,69.839996,65.660004,66.599998,66.599998,513600
2021-01-22,64.190002,67.250000,62.849998,66.370003,66.370003,802400
2021-01-25,65.180000,65.739998,62.820000,65.510002,65.510002,440200
2021-01-26,63.490002,65.349998,62.119999,63.520000,63.520000,593700
2021-01-27,61.389999,63.259998,59.880001,61.509998,61.509998,545400
2021-01-28,62.980000,63.369999,61.759998,62.389999,62.389999,245200
2021-01-29,62.490002,63.139999,60.209999,60.220001,60.220001,253900
2021-02-01,61.209999,62.320000,59.720001,62.000000,62.000000,268600
2021-02-02,62.740002,64.860001,62.189999,64.570000,64.570000,352700
2021-02-03,64.099998,65.169998,62.759998,65.099998,65.099998,258300
2021-02-04,65.910004,67.709999,65.250000,67.029999,67.029999,749600
2021-02-05,67.769997,67.769997,64.959999,66.720001,66.720001,704900
2021-02-08,67.309998,67.940002,66.440002,67.760002,67.760002,548500
2021-02-09,66.510002,69.279999,66.510002,69.089996,69.089996,422500
2021-02-10,69.879997,70.410004,68.830002,69.339996,69.339996,581300
2021-02-11,69.889999,70.809998,67.010002,69.260002,69.260002,377400
2021-02-12,68.370003,69.900002,67.330002,69.800003,69.800003,208800
2021-02-16,70.059998,72.690002,69.470001,71.750000,71.750000,1063600
2021-02-17,71.650002,72.139999,70.370003,70.879997,70.879997,314300
2021-02-18,71.120003,71.610001,70.110001,70.919998,70.919998,457500
2021-02-19,71.000000,75.089996,71.000000,74.959999,74.959999,343600
2021-02-22,74.190002,77.849998,74.190002,76.970001,76.970001,342600
2021-02-23,77.639999,78.510002,75.150002,78.199997,78.199997,1066800
2021-02-24,78.989998,80.610001,77.669998,79.709999,79.709999,497000
2021-02-25,80.879997,80.879997,77.000000,77.610001,77.610001,568200
2021-02-26,76.910004,78.529999,74.129997,76.199997,76.199997,301400
2021-03-01,77.760002,81.910004,77.760002,81.169998,81.169998,382400
2021-03-02,80.360001,81.519997,78.330002,78.459999,78.459999,389800
2021-03-03,79.300003,81.720001,79.139999,80.400002,80.400002,398400
2021-03-04,80.199997,82.089996,78.489998,80.559998,80.559998,373800
2021-03-05,83.050003,84.620003,79.860001,84.139999,84.139999,352400
2021-03-08,85.000000,88.000000,84.139999,85.519997,85.519997,720900
2021-03-09,84.209999,85.470001,81.110001,84.709999,84.709999,569600
2021-03-10,85.040001,86.989998,84.360001,86.589996,86.589996,1059100
2021-03-11,85.790001,88.910004,85.790001,87.220001,87.220001,640400
2021-03-12,88.519997,90.860001,87.870003,89.519997,89.519997,403600
2021-03-15,90.360001,90.360001,86.570000,88.290001,88.290001,349700
2021-03-16,87.339996,87.500000,85.720001,86.739998,86.739998,486800
2021-03-17,87.790001,89.389999,86.800003,89.290001,89.290001,248600
2021-03-18,90.559998,93.260002,87.879997,88.580002,88.580002,433400
2021-03-19,87.129997,90.519997,85.129997,88.489998,88.489998,1487900
2021-03-22,87.260002,87.260002,84.110001,84.680000,84.680000,1253300
2021-03-23,83.260002,86.360001,79.279999,80.599998,80.599998,1156300
2021-03-24,82.449997,84.430000,78.930000,79.300003,79.300003,501000
2021-03-25,78.250000,83.029999,76.860001,82.629997,82.629997,494100
2021-03-26,84.269997,85.019997,72.019997,77.500000,77.500000,4623400
2021-03-29,76.430000,76.599998,63.209999,69.000000,69.000000,9274800
2021-03-30,70.760002,73.769997,70.360001,71.540001,71.540001,3493200
2021-03-31,72.000000,73.610001,70.699997,70.919998,70.919998,4231100
2021-04-01,70.370003,72.559998,70.040001,70.199997,70.199997,1352300
2021-04-05,71.989998,72.250000,69.300003,69.500000,69.500000,1198100
2021-04-06,67.290001,69.180000,67.290001,67.739998,67.739998,1553300
2021-04-07,69.900002,69.900002,66.349998,66.410004,66.410004,1625700
2021-04-08,65.919998,66.739998,64.830002,66.260002,66.260002,2108900
2021-04-09,67.000000,67.330002,65.160004,66.449997,66.449997,1541300
2021-04-12,66.870003,67.820000,66.220001,66.300003,66.300003,1108500
2021-04-13,65.559998,66.470001,64.449997,65.050003,65.050003,976600
2021-04-14,64.940002,67.050003,64.940002,65.599998,65.599998,1257600
2021-04-15,65.800003,66.110001,63.709999,65.180000,65.180000,1022100
2021-04-16,65.879997,66.410004,64.599998,65.639999,65.639999,1028600
2021-04-19,65.839996,66.790001,64.639999,65.660004,65.660004,929700
2021-04-20,65.000000,65.129997,63.070000,64.080002,64.080002,1670900
2021-04-21,63.639999,66.680000,63.480000,66.050003,66.050003,1531000
2021-04-22,62.009998,66.040001,62.009998,63.369999,63.369999,1908600
2021-04-23,63.689999,66.570000,63.540001,65.889999,65.889999,1073200
2021-04-26,66.650002,67.849998,66.370003,66.660004,66.660004,794500
2021-04-27,67.010002,67.379997,66.059998,66.900002,66.900002,425600
2021-04-28,67.389999,68.970001,67.029999,68.080002,68.080002,696700
2021-04-29,68.800003,70.349998,68.470001,68.680000,68.680000,1107700
2021-04-30,68.720001,70.239998,68.290001,68.629997,68.629997,1282300
2021-05-03,69.160004,70.029999,67.849998,68.849998,68.849998,574500
2021-05-04,68.199997,70.470001,68.199997,69.879997,69.879997,608900
2021-05-05,69.900002,70.830002,68.930000,70.269997,70.269997,702700
2021-05-06,70.779999,70.970001,68.070000,69.839996,69.839996,581800
2021-05-07,68.480003,70.470001,67.949997,70.230003,70.230003,750800
2021-05-10,70.489998,71.680000,69.089996,69.139999,69.139999,780700
2021-05-11,69.680000,70.970001,68.830002,69.480003,69.480003,694100
2021-05-12,70.349998,70.449997,66.269997,66.599998,66.599998,647000
2021-05-13,66.209999,68.879997,66.209999,68.400002,68.400002,736800
2021-05-14,68.610001,69.290001,68.019997,69.129997,69.129997,485100
2021-05-17,68.650002,69.870003,68.160004,69.830002,69.830002,340100
2021-05-18,69.959999,70.480003,68.860001,68.940002,68.940002,576200
2021-05-19,68.139999,68.580002,66.379997,68.449997,68.449997,497300
2021-05-20,68.169998,68.449997,66.949997,68.330002,68.330002,379700
2021-05-21,69.029999,69.660004,68.239998,68.870003,68.870003,532400
2021-05-24,68.930000,69.320000,67.980003,68.959999,68.959999,258100
2021-05-25,68.879997,70.180000,65.849998,66.059998,66.059998,488100
2021-05-26,65.879997,68.250000,65.720001,68.070000,68.070000,527900
2021-05-27,69.279999,69.769997,68.800003,69.389999,69.389999,552400
2021-05-28,69.410004,69.570000,67.970001,68.879997,68.879997,213400
2021-06-01,69.190002,70.209999,69.190002,69.529999,69.529999,552000
2021-06-02,70.040001,70.150002,68.940002,69.190002,69.190002,291200
2021-06-03,69.269997,70.110001,68.709999,69.220001,69.220001,287800
2021-06-04,69.419998,69.830002,68.089996,69.610001,69.610001,231500
2021-06-07,70.080002,70.820000,69.339996,70.459999,70.459999,460600
2021-06-08,69.550003,70.940002,69.110001,70.589996,70.589996,331000
2021-06-09,70.099998,70.099998,68.650002,68.790001,68.790001,221800
2021-06-10,69.870003,69.930000,67.070000,67.129997,67.129997,308300
2021-06-11,68.830002,68.830002,67.220001,68.110001,68.110001,288300
2021-06-14,68.540001,68.949997,65.739998,66.010002,66.010002,439100
2021-06-15,65.930000,67.730003,65.550003,67.209999,67.209999,371400
2021-06-16,66.900002,69.500000,65.919998,69.239998,69.239998,520800
2021-06-17,69.720001,70.220001,65.070000,65.459999,65.459999,685700
2021-06-18,64.239998,65.110001,62.310001,62.349998,62.349998,1787300
2021-06-21,63.040001,65.599998,63.040001,65.419998,65.419998,557900
2021-06-22,65.089996,66.040001,64.190002,65.500000,65.500000,398500
2021-06-23,65.540001,65.720001,64.910004,65.129997,65.129997,270300
2021-06-24,65.459999,65.779999,64.269997,65.589996,65.589996,315200
2021-06-25,66.279999,67.019997,65.099998,65.849998,65.849998,1905500
2021-06-28,65.000000,65.309998,63.270000,63.680000,63.680000,904600
2021-06-29,64.139999,64.930000,62.650002,63.080002,63.080002,375900
2021-06-30,62.730000,63.939999,62.730000,63.490002,63.490002,658700
2021-07-01,64.089996,65.139999,63.939999,64.620003,64.620003,285500
2021-07-02,64.519997,64.529999,63.549999,64.190002,64.190002,226700
2021-07-06,63.540001,63.689999,61.720001,62.349998,62.349998,408900
2021-07-07,61.619999,63.049999,61.220001,62.119999,62.119999,409600
2021-07-08,61.759998,63.520000,61.110001,62.599998,62.599998,591900
2021-07-09,64.199997,65.529999,63.799999,65.400002,65.400002,396400
2021-07-12,64.080002,65.440002,63.580002,65.300003,65.300003,409200
2021-07-13,64.879997,65.230003,63.169998,63.189999,63.189999,302100
2021-07-14,63.369999,64.459999,61.750000,62.580002,62.580002,303500
2021-07-15,61.869999,64.199997,61.869999,64.120003,64.120003,386700
2021-07-16,64.580002,64.580002,61.799999,61.919998,61.919998,330100
2021-07-19,60.119999,60.990002,58.820000,59.220001,59.220001,437400
2021-07-20,59.419998,62.380001,59.419998,60.389999,60.389999,532000
2021-07-21,61.500000,62.540001,61.189999,62.410000,62.410000,539200
2021-07-22,64.379997,64.570000,61.400002,61.630001,61.630001,799700
2021-07-23,62.160000,63.250000,61.419998,62.610001,62.610001,355500
2021-07-26,62.660000,63.799999,62.029999,62.799999,62.799999,316600
2021-07-27,63.009998,63.430000,62.150002,62.939999,62.939999,399500
2021-07-28,63.029999,64.529999,62.169998,64.139999,64.139999,348800
2021-07-29,66.580002,66.580002,64.010002,64.839996,64.839996,323000
2021-07-30,64.290001,65.320000,62.880001,62.980000,62.980000,441200
2021-08-02,63.709999,64.959999,61.759998,62.000000,62.000000,319200
2021-08-03,62.160000,62.959999,60.759998,62.820000,62.820000,388400
2021-08-04,61.740002,63.119999,61.430000,62.549999,62.549999,249700
2021-08-05,62.689999,64.059998,62.689999,63.790001,63.790001,278600
2021-08-06,64.919998,66.150002,64.709999,65.029999,65.029999,312000
2021-08-09,64.440002,65.320000,63.450001,64.199997,64.199997,502000
2021-08-10,64.199997,65.040001,63.150002,64.769997,64.769997,225600
2021-08-11,64.669998,67.040001,63.910000,66.940002,66.940002,403000
2021-08-12,66.940002,66.940002,65.610001,66.160004,66.160004,269600
2021-08-13,66.230003,66.239998,64.849998,65.120003,65.120003,213500
2021-08-16,64.269997,65.250000,63.410000,65.059998,65.059998,192500
2021-08-17,64.320000,65.019997,62.990002,64.080002,64.080002,239000
2021-08-18,63.930000,65.519997,63.360001,64.250000,64.250000,350200
2021-08-19,63.509998,63.930000,62.439999,63.349998,63.349998,343600
2021-08-20,63.189999,64.820000,62.830002,64.800003,64.800003,247800
2021-08-23,65.089996,66.220001,64.809998,65.639999,65.639999,172000
2021-08-24,65.940002,66.419998,65.529999,65.820000,65.820000,354300
2021-08-25,66.370003,67.519997,65.860001,67.110001,67.110001,454600
2021-08-26,67.260002,67.919998,66.290001,66.360001,66.360001,291700
2021-08-27,66.459999,67.849998,66.459999,67.639999,67.639999,293700
2021-08-30,67.680000,67.680000,66.459999,66.540001,66.540001,404800