Date,Open,High,Low,Close,Adj Close,Volume
2021-01-04,53.000000,54.049999,50.680000,52.240002,52.240002,1349100
2021-01-05,52.619999,53.080002,51.040001,51.439999,51.439999,461200
2021-01-06,50.860001,51.860001,49.570000,50.919998,50.919998,888500
2021-01-07,51.570000,53.259998,51.549999,52.880001,52.880001,810800
2021-01-08,54.349998,55.040001,53.459999,54.310001,54.310001,578300
2021-01-11,54.270000,55.500000,52.070000,54.990002,54.990002,782400
2021-01-12,55.110001,55.950001,54.029999,54.880001,54.880001,589000
2021-01-13,54.740002,55.150002,52.900002,53.509998,53.509998,725700
2021-01-14,53.590000,54.770000,53.509998,54.360001,54.360001,441600
2021-01-15,54.259998,54.919998,52.950001,53.770000,53.770000,598300
2021-01-19,54.650002,58.450001,53.990002,56.259998,56.259998,1805100
2021-01-20,56.700001,57.430000,55.380001,56.180000,56.180000,742500
2021-01-21,56.529999,56.849998,55.430000,55.590000,55.590000,392800
2021-01-22,55.369999,55.560001,52.939999,53.669998,53.669998,902600
2021-01-25,53.849998,55.180000,50.580002,51.549999,51.549999,843400
2021-01-26,52.770000,53.380001,48.320000,48.490002,48.490002,1340600
2021-01-27,47.669998,50.189999,45.259998,48.439999,48.439999,1423300
2021-01-28,49.330002,51.400002,48.270000,50.580002,50.580002,966900
2021-01-29,50.799999,51.189999,49.099998,49.490002,49.490002,702600
2021-02-01,49.759998,50.950001,49.000000,50.770000,50.770000,849700
2021-02-02,52.119999,52.950001,51.540001,52.790001,52.790001,1073400
2021-02-03,48.279999,49.500000,45.849998,46.689999,46.689999,3848600
2021-02-04,48.130001,48.330002,46.459999,47.660000,47.660000,1287500
2021-02-05,47.709999,48.500000,46.160000,46.250000,46.250000,2139800
2021-02-08,46.349998,46.959999,44.419998,45.560001,45.560001,1823000
2021-02-09,45.279999,45.869999,44.060001,45.820000,45.820000,1276300
2021-02-10,46.490002,46.540001,44.160000,44.529999,44.529999,1074300
2021-02-11,44.799999,47.189999,44.700001,46.700001,46.700001,1670900
2021-02-12,46.330002,46.619999,44.310001,45.529999,45.529999,819000
2021-02-16,46.439999,46.459999,44.250000,44.930000,44.930000,1055400
2021-02-17,45.020000,45.110001,43.520000,43.849998,43.849998,1157200
2021-02-18,43.209999,44.360001,42.700001,44.000000,44.000000,1316100
2021-02-19,44.000000,44.980000,43.509998,44.840000,44.840000,1095800
2021-02-22,44.880001,44.880001,42.509998,42.860001,42.860001,1343500
2021-02-23,41.660000,42.689999,40.000000,42.180000,42.180000,1907700
2021-02-24,41.830002,42.459999,40.869999,42.360001,42.360001,1215200
2021-02-25,42.090000,42.689999,40.389999,40.650002,40.650002,1479700
2021-02-26,41.119999,41.549999,40.060001,40.910000,40.910000,1446300
2021-03-01,41.930000,42.220001,40.919998,41.430000,41.430000,1225300
2021-03-02,41.759998,41.980000,40.619999,40.630001,40.630001,1203000
2021-03-03,40.119999,40.820000,39.419998,39.540001,39.540001,2078600
2021-03-04,39.230000,40.230000,37.290001,38.150002,38.150002,1944200
2021-03-05,37.599998,39.180000,37.049999,39.049999,39.049999,1514100
2021-03-08,39.000000,39.310001,37.310001,37.580002,37.580002,1731000
2021-03-09,40.380001,41.360001,39.820000,41.000000,41.000000,1973100
2021-03-10,41.450001,42.490002,39.930000,40.230000,40.230000,1055500
2021-03-11,41.689999,41.990002,41.020000,41.410000,41.410000,653600
2021-03-12,40.509998,41.000000,40.080002,40.849998,40.849998,572700
2021-03-15,40.500000,41.070000,39.860001,40.130001,40.130001,954900
2021-03-16,40.330002,41.130001,39.590000,40.279999,40.279999,630600
2021-03-17,39.650002,40.820000,38.450001,40.430000,40.430000,1441500
2021-03-18,39.889999,40.240002,38.090000,38.139999,38.139999,888700
2021-03-19,37.900002,39.209999,37.560001,37.740002,37.740002,1887000
2021-03-22,37.860001,39.500000,37.860001,38.810001,38.810001,762800
2021-03-23,38.680000,39.410000,38.040001,38.790001,38.790001,941700
2021-03-24,39.310001,39.990002,37.560001,37.590000,37.590000,659200
2021-03-25,36.840000,38.270000,36.279999,37.580002,37.580002,1323000
2021-03-26,38.130001,38.509998,36.930000,37.799999,37.799999,903700
2021-03-29,37.560001,37.570000,36.150002,36.360001,36.360001,1085200
2021-03-30,36.070000,36.119999,35.320000,35.840000,35.840000,1755600
2021-03-31,36.410000,36.799999,36.000000,36.189999,36.189999,1539500
2021-04-01,36.730000,37.799999,36.720001,37.459999,37.459999,738600
2021-04-05,37.840000,38.000000,36.520000,37.070000,37.070000,638400
2021-04-06,37.020000,38.110001,36.849998,37.439999,37.439999,520500
2021-04-07,37.619999,37.639999,37.000000,37.520000,37.520000,600500
2021-04-08,38.000000,38.549999,37.779999,38.450001,38.450001,843200
2021-04-09,37.810001,38.560001,37.389999,37.910000,37.910000,765000
2021-04-12,37.580002,38.799999,37.500000,38.560001,38.560001,532500
2021-04-13,38.910000,39.540001,38.570000,39.360001,39.360001,1212700
2021-04-14,39.490002,40.330002,39.240002,39.810001,39.810001,652200
2021-04-15,40.500000,41.070000,40.200001,40.740002,40.740002,554500
2021-04-16,40.869999,41.520000,40.419998,41.430000,41.430000,818400
2021-04-19,40.860001,41.500000,40.250000,40.770000,40.770000,702200
2021-04-20,40.770000,41.189999,38.939999,39.360001,39.360001,1327500
2021-04-21,39.290001,40.139999,38.799999,40.070000,40.070000,1526300
2021-04-22,40.279999,41.049999,39.939999,40.349998,40.349998,1684800
2021-04-23,40.709999,41.090000,40.029999,40.650002,40.650002,858800
2021-04-26,42.160000,43.750000,41.919998,43.119999,43.119999,2114500
2021-04-27,42.810001,43.349998,41.160000,41.700001,41.700001,1289600
2021-04-28,42.490002,42.599998,39.480000,39.610001,39.610001,2256100
2021-04-29,39.750000,39.759998,38.160000,38.900002,38.900002,1279400
2021-04-30,38.590000,38.959999,37.480000,37.490002,37.490002,1461800
2021-05-03,37.730000,38.160000,37.230000,37.770000,37.770000,1060600
2021-05-04,37.200001,37.380001,36.270000,36.880001,36.880001,846500
2021-05-05,37.209999,37.349998,36.189999,36.520000,36.520000,1242800
2021-05-06,36.320000,36.900002,35.529999,36.869999,36.869999,1531100
2021-05-07,37.669998,37.930000,37.070000,37.099998,37.099998,1368600
2021-05-10,36.869999,38.599998,36.770000,37.380001,37.380001,1284100
2021-05-11,36.020000,38.939999,35.930000,38.790001,38.790001,956500
2021-05-12,38.180000,38.580002,37.790001,38.230000,38.230000,779500
2021-05-13,38.689999,39.570000,38.060001,38.669998,38.669998,904300
2021-05-14,39.119999,40.000000,38.959999,39.720001,39.720001,638200
2021-05-17,39.419998,39.840000,38.450001,39.250000,39.250000,825500
2021-05-18,39.549999,40.959999,39.400002,39.720001,39.720001,1191800
2021-05-19,39.160000,39.680000,38.430000,39.650002,39.650002,911400
2021-05-20,39.939999,40.770000,39.939999,40.669998,40.669998,558200
2021-05-21,41.209999,41.730000,40.869999,41.119999,41.119999,670900
2021-05-24,41.299999,42.070000,41.000000,41.480000,41.480000,661700
2021-05-25,40.959999,41.880001,40.230000,40.299999,40.299999,1343500
2021-05-26,40.750000,42.880001,40.619999,42.299999,42.299999,1111300
2021-05-27,42.160000,42.299999,41.130001,42.049999,42.049999,645700
2021-05-28,42.439999,42.540001,41.709999,41.799999,41.799999,357900
2021-06-01,41.820000,41.990002,40.590000,41.230000,41.230000,1022600
2021-06-02,41.169998,41.470001,40.660000,40.990002,40.990002,570900
2021-06-03,40.630001,40.700001,39.779999,40.380001,40.380001,516100
2021-06-04,40.939999,42.060001,40.720001,41.779999,41.779999,634800
2021-06-07,41.439999,42.779999,41.439999,42.599998,42.599998,1354800
2021-06-08,43.000000,43.580002,42.630001,42.959999,42.959999,457100
2021-06-09,43.220001,43.419998,42.040001,42.270000,42.270000,861100
2021-06-10,42.430000,43.070000,42.259998,42.990002,42.990002,374700
2021-06-11,43.090000,43.730000,42.330002,43.470001,43.470001,1113200
2021-06-14,43.360001,43.930000,42.820000,43.880001,43.880001,1232000
2021-06-15,43.880001,43.990002,42.860001,42.900002,42.900002,583200
2021-06-16,42.880001,43.720001,42.020000,42.900002,42.900002,1417400
2021-06-17,42.279999,43.380001,42.139999,43.320000,43.320000,1122800
2021-06-18,43.360001,44.310001,42.990002,43.799999,43.799999,2089400
2021-06-21,43.400002,43.950001,42.730000,43.570000,43.570000,1058000
2021-06-22,43.770000,45.139999,43.009998,45.020000,45.020000,1230600
2021-06-23,44.810001,45.290001,43.910000,44.360001,44.360001,1032600
2021-06-24,44.759998,44.950001,43.009998,43.500000,43.500000,1070100
2021-06-25,43.709999,44.180000,42.709999,43.689999,43.689999,3391400
2021-06-28,44.169998,44.360001,42.669998,42.930000,42.930000,986100
2021-06-29,42.660000,42.950001,41.279999,42.040001,42.040001,1720000
2021-06-30,42.150002,42.270000,41.049999,41.349998,41.349998,742600
2021-07-01,41.560001,41.560001,40.450001,40.700001,40.700001,941800
2021-07-02,40.840000,41.090000,40.160000,40.560001,40.560001,1097800
2021-07-06,41.139999,42.790001,40.650002,42.709999,42.709999,1255100
2021-07-07,43.139999,43.830002,41.799999,42.459999,42.459999,1202800
2021-07-08,41.700001,42.250000,40.570000,41.930000,41.930000,752100
2021-07-09,41.959999,42.020000,41.290001,41.939999,41.939999,671700
2021-07-12,42.310001,42.330002,41.020000,41.200001,41.200001,522300
2021-07-13,41.130001,41.330002,40.680000,40.889999,40.889999,536200
2021-07-14,41.040001,41.040001,39.720001,39.740002,39.740002,605000
2021-07-15,39.820000,40.209999,39.230000,39.650002,39.650002,1072600
2021-07-16,40.009998,40.320000,39.369999,39.500000,39.500000,613400
2021-07-19,39.320000,39.970001,38.770000,39.830002,39.830002,531200
2021-07-20,40.660000,42.700001,40.070000,42.110001,42.110001,1085500
2021-07-21,41.860001,43.169998,41.540001,43.119999,43.119999,1224500
2021-07-22,43.439999,44.400002,43.290001,43.959999,43.959999,951500
2021-07-23,44.380001,46.090000,44.009998,46.020000,46.020000,1475600
2021-07-26,45.849998,46.009998,45.119999,45.299999,45.299999,1094000
2021-07-27,45.310001,45.549999,43.549999,44.599998,44.599998,1638600
2021-07-28,46.900002,47.099998,43.400002,45.040001,45.040001,1976400
2021-07-29,44.380001,44.880001,43.480000,43.869999,43.869999,1075500
2021-07-30,43.349998,44.439999,42.560001,42.799999,42.799999,1137600
2021-08-02,42.810001,45.759998,42.080002,45.000000,45.000000,2076100
2021-08-03,44.910000,45.290001,44.180000,45.220001,45.220001,921300
2021-08-04,45.099998,46.009998,44.680000,45.590000,45.590000,1849800
2021-08-05,45.410000,45.410000,43.380001,43.820000,43.820000,1832400
2021-08-06,43.759998,44.279999,42.369999,43.090000,43.090000,1792200
2021-08-09,43.160000,44.000000,42.900002,43.090000,43.090000,683300
2021-08-10,43.660000,43.660000,41.529999,42.029999,42.029999,976500
2021-08-11,42.139999,42.279999,41.450001,41.630001,41.630001,504400
2021-08-12,41.450001,42.570000,41.380001,42.110001,42.110001,1297800
2021-08-13,42.299999,43.060001,41.950001,42.820000,42.820000,317200
2021-08-16,42.500000,42.619999,41.250000,41.590000,41.590000,1289000
2021-08-17,41.139999,41.430000,40.750000,40.970001,40.970001,431400
2021-08-18,40.939999,41.419998,40.369999,40.750000,40.750000,394400
2021-08-19,40.490002,41.080002,40.169998,40.279999,40.279999,405100
2021-08-20,40.220001,40.730000,40.049999,40.520000,40.520000,564500
2021-08-23,40.650002,41.700001,40.619999,41.619999,41.619999,607300
2021-08-24,42.090000,42.919998,42.090000,42.590000,42.590000,569700
2021-08-25,43.349998,43.889999,43.290001,43.570000,43.570000,624500
2021-08-26,43.410000,44.169998,43.400002,43.720001,43.720001,596500
2021-08-27,43.970001,44.980000,43.810001,44.709999,44.709999,611000
2021-08-30,44.860001,45.340000,44.740002,44.860001,44.860001,801600