Date,Open,High,Low,Close,Adj Close,Volume
2021-01-04,35.310001,35.580002,33.959999,34.419998,34.165356,604600
2021-01-05,34.529999,35.500000,34.430000,35.119999,34.860180,492000
2021-01-06,36.500000,38.580002,35.669998,38.310001,38.026577,1261100
2021-01-07,38.169998,38.810001,37.990002,38.500000,38.215172,395000
2021-01-08,38.889999,39.090000,37.209999,37.860001,37.579910,469000
2021-01-11,36.759998,38.250000,36.759998,37.950001,37.669243,469900
2021-01-12,38.060001,39.160000,37.709999,38.970001,38.681698,585800
2021-01-13,39.000000,39.299999,36.970001,37.160000,36.885086,446300
2021-01-14,37.650002,38.189999,37.160000,37.779999,37.500496,265000
2021-01-15,37.459999,37.910000,36.349998,37.509998,37.232494,513300
2021-01-19,37.880001,38.669998,37.810001,38.450001,38.165543,499700
2021-01-20,39.270000,39.599998,38.040001,38.360001,38.076206,385700
2021-01-21,38.480000,38.849998,38.040001,38.360001,38.076206,310800
2021-01-22,37.570000,38.840000,37.330002,38.779999,38.493099,342800
2021-01-25,38.590000,38.590000,36.000000,37.290001,37.014126,826000
2021-01-26,37.810001,37.810001,36.230000,36.340000,36.071156,353900
2021-01-27,34.750000,36.630001,34.130001,34.930000,34.671585,738100
2021-01-28,36.389999,37.820000,36.189999,36.980000,36.706417,1028500
2021-01-29,37.110001,37.110001,35.310001,35.759998,35.495441,536100
2021-02-01,36.320000,36.689999,35.630001,36.450001,36.180336,584200
2021-02-02,36.959999,36.959999,36.099998,36.450001,36.180336,704500
2021-02-03,36.389999,36.599998,35.630001,36.560001,36.289524,345400
2021-02-04,36.730000,38.040001,36.700001,38.000000,37.718872,461500
2021-02-05,38.299999,38.630001,37.750000,38.169998,37.887611,383000
2021-02-08,38.540001,40.619999,38.299999,39.770000,39.475777,1371300
2021-02-09,39.709999,39.980000,38.500000,39.400002,39.108517,445300
2021-02-10,39.560001,39.860001,38.720001,39.180000,38.890144,561100
2021-02-11,39.330002,39.689999,38.119999,38.540001,38.254875,821000
2021-02-12,39.070000,40.049999,37.669998,39.430000,39.138290,881700
2021-02-16,40.250000,41.189999,39.619999,40.139999,39.843040,931900
2021-02-17,39.980000,40.439999,38.830002,39.779999,39.485703,740300
2021-02-18,39.480000,39.500000,37.779999,38.099998,37.818130,643800
2021-02-19,38.639999,40.770000,38.639999,40.650002,40.349266,891400
2021-02-22,40.209999,42.349998,39.910000,41.369999,41.063934,763200
2021-02-23,41.060001,42.910000,40.349998,42.360001,42.046616,830600
2021-02-24,42.680000,44.430000,42.360001,43.049999,42.731510,767200
2021-02-25,43.049999,43.439999,40.880001,41.279999,40.974606,570300
2021-02-26,41.150002,42.130001,40.070000,41.180000,40.875343,536800
2021-03-01,42.200001,44.160000,42.040001,43.419998,43.098774,569600
2021-03-02,43.470001,44.090000,42.919998,43.000000,42.681881,555200
2021-03-03,43.000000,43.779999,42.610001,43.220001,42.900257,705100
2021-03-04,42.889999,43.750000,41.619999,42.810001,42.611599,775700
2021-03-05,43.700001,43.880001,41.380001,43.799999,43.597008,1139800
2021-03-08,44.000000,45.700001,43.419998,44.610001,44.403255,712800
2021-03-09,45.099998,46.209999,44.180000,45.459999,45.249317,816900
2021-03-10,45.669998,46.810001,45.139999,46.000000,45.786812,438600
2021-03-11,46.520000,48.259998,45.500000,46.299999,46.085423,694800
2021-03-12,46.240002,47.389999,45.830002,47.250000,47.031021,484600
2021-03-15,47.250000,47.410000,45.639999,47.349998,47.130558,543800
2021-03-16,47.209999,47.570000,46.400002,46.830002,46.612968,592300
2021-03-17,47.160000,48.570000,46.740002,48.450001,48.225460,594900
2021-03-18,48.389999,50.090000,46.720001,47.009998,46.792133,940000
2021-03-19,46.799999,47.910000,45.009998,46.849998,46.632874,1170500
2021-03-22,46.840000,46.860001,45.189999,45.709999,45.498158,374200
2021-03-23,44.779999,45.490002,42.259998,42.689999,42.492153,536000
2021-03-24,43.680000,45.660000,43.200001,43.230000,43.029652,748100
2021-03-25,42.639999,45.130001,41.930000,44.810001,44.602329,602400
2021-03-26,45.660000,46.410000,45.099998,46.410000,46.194912,948100
2021-03-29,46.230000,47.110001,44.740002,44.799999,44.592373,668900
2021-03-30,44.599998,46.630001,44.599998,46.160000,45.946072,481300
2021-03-31,46.660000,47.169998,45.590000,46.070000,45.856487,773700
2021-04-01,46.160000,46.820000,45.520000,46.270000,46.055565,437300
2021-04-05,47.500000,48.000000,46.000000,46.540001,46.324314,545000
2021-04-06,46.340000,47.389999,45.009998,45.209999,45.000473,621000
2021-04-07,45.230000,45.660000,44.299999,44.480000,44.273857,376000
2021-04-08,44.389999,44.610001,43.040001,44.119999,43.915524,616500
2021-04-09,44.500000,44.810001,43.849998,44.619999,44.413208,759700
2021-04-12,45.060001,45.869999,44.189999,45.790001,45.577789,531100
2021-04-13,46.180000,46.419998,44.810001,45.380001,45.169689,612600
2021-04-14,45.119999,46.340000,45.119999,45.410000,45.199551,576700
2021-04-15,45.669998,45.880001,44.700001,45.779999,45.567833,374100
2021-04-16,47.360001,47.599998,46.189999,46.810001,46.593060,704700
2021-04-19,46.200001,46.860001,45.650002,46.349998,46.135189,545600
2021-04-20,46.049999,46.200001,44.240002,44.880001,44.672005,686900
2021-04-21,44.740002,46.939999,44.340000,46.759998,46.543289,532800
2021-04-22,47.060001,47.230000,46.090000,46.180000,45.965981,551900
2021-04-23,46.480000,47.779999,46.459999,47.279999,47.060883,505000
2021-04-26,47.730000,48.430000,47.669998,47.759998,47.538658,402900
2021-04-27,47.500000,47.869999,46.919998,47.320000,47.100697,330600
2021-04-28,47.630001,49.189999,47.259998,48.650002,48.424534,572200
2021-04-29,49.130001,49.130001,47.349998,48.200001,47.976616,624400
2021-04-30,47.650002,48.150002,46.279999,46.990002,46.772228,1005100
2021-05-03,48.080002,49.660000,47.490002,49.299999,49.071522,1056200
2021-05-04,48.990002,51.000000,48.700001,50.759998,50.524754,1159100
2021-05-05,51.290001,52.110001,50.480000,51.939999,51.699284,1132600
2021-05-06,51.770000,53.990002,51.540001,53.959999,53.709923,1114400
2021-05-07,53.180000,54.740002,52.029999,54.660000,54.406681,924000
2021-05-10,55.000000,55.599998,53.500000,53.540001,53.291870,872800
2021-05-11,52.230000,52.709999,50.580002,51.730000,51.490257,954100
2021-05-12,52.110001,53.869999,50.980000,51.169998,50.932854,885400
2021-05-13,51.180000,53.400002,51.180000,52.919998,52.674740,626400
2021-05-14,53.490002,54.650002,52.930000,54.590000,54.337006,870100
2021-05-17,54.490002,55.490002,53.759998,55.459999,55.202969,503800
2021-05-18,55.369999,55.580002,52.849998,52.880001,52.634930,573200
2021-05-19,51.970001,52.299999,50.320000,51.799999,51.559933,527300
2021-05-20,51.889999,52.000000,49.490002,50.169998,49.937485,1018400
2021-05-21,50.840000,51.799999,50.529999,50.619999,50.385403,400400
2021-05-24,50.990002,51.419998,50.240002,51.110001,50.873135,422100
2021-05-25,51.299999,51.939999,50.299999,50.430000,50.196285,529100
2021-05-26,50.360001,51.150002,49.590000,50.630001,50.395355,493500
2021-05-27,51.709999,52.630001,51.450001,52.209999,51.968033,501700
2021-05-28,52.310001,52.740002,51.009998,52.369999,52.127293,455200
2021-06-01,53.080002,54.250000,52.939999,54.119999,53.869183,528200
2021-06-02,54.000000,54.000000,51.849998,52.200001,51.958080,836200
2021-06-03,51.720001,53.029999,51.590000,52.560001,52.436958,524300
2021-06-04,52.680000,53.320000,51.910000,52.759998,52.636486,471300
2021-06-07,52.680000,52.810001,51.290001,51.320000,51.199860,696000
2021-06-08,51.389999,51.459999,50.049999,51.099998,50.980373,642600
2021-06-09,50.900002,50.900002,49.419998,49.450001,49.334236,480400
2021-06-10,49.759998,50.150002,47.450001,47.520000,47.408756,652300
2021-06-11,48.000000,48.590000,47.200001,48.150002,48.037281,667700
2021-06-14,47.919998,48.490002,46.310001,46.759998,46.650532,610200
2021-06-15,46.709999,47.160000,46.040001,46.820000,46.710392,636900
2021-06-16,46.549999,46.820000,45.259998,45.500000,45.393482,809500
2021-06-17,45.419998,45.509998,41.450001,42.209999,42.111183,1168200
2021-06-18,41.840000,42.299999,40.790001,40.919998,40.824203,1376700
2021-06-21,41.580002,43.660000,41.480000,42.869999,42.769638,858300
2021-06-22,42.240002,43.700001,42.000000,43.650002,43.547817,764400
2021-06-23,43.919998,45.200001,43.779999,44.709999,44.605331,950700
2021-06-24,45.139999,47.639999,44.439999,46.509998,46.401115,973000
2021-06-25,47.029999,47.740002,46.610001,47.250000,47.139385,3708500
2021-06-28,47.150002,47.220001,45.669998,46.520000,46.411095,730700
2021-06-29,47.279999,47.849998,46.259998,46.500000,46.391144,446800
2021-06-30,46.090000,47.759998,46.090000,47.619999,47.508518,495700
2021-07-01,48.730000,48.730000,47.220001,47.349998,47.239151,430400
2021-07-02,47.419998,47.470001,46.360001,47.029999,46.919899,453100
2021-07-06,47.049999,47.049999,44.360001,44.959999,44.854748,805800
2021-07-07,44.400002,45.689999,44.130001,45.320000,45.213905,676500
2021-07-08,43.770000,45.020000,43.060001,44.450001,44.345943,594900
2021-07-09,46.259998,47.130001,46.080002,46.930000,46.820137,576200
2021-07-12,46.840000,47.680000,45.959999,47.540001,47.428707,811600
2021-07-13,48.259998,48.299999,45.759998,46.090000,45.982101,629800
2021-07-14,46.520000,47.180000,45.490002,45.680000,45.573063,428900
2021-07-15,45.000000,45.919998,44.770000,45.150002,45.044304,455900
2021-07-16,45.349998,45.380001,43.070000,43.560001,43.458027,1290600
2021-07-19,42.070000,43.259998,41.770000,42.430000,42.330669,1050000
2021-07-20,42.650002,45.070000,42.480000,44.580002,44.475639,691600
2021-07-21,45.169998,46.290001,45.169998,45.820000,45.712734,564600
2021-07-22,45.820000,45.820000,44.970001,45.000000,44.894653,555700
2021-07-23,45.630001,45.900002,45.119999,45.799999,45.692780,327600
2021-07-26,46.040001,47.029999,45.650002,46.980000,46.870018,1045800
2021-07-27,46.900002,47.310001,45.770000,46.520000,46.411095,800200
2021-07-28,46.580002,47.009998,45.340000,46.520000,46.411095,642000
2021-07-29,47.180000,47.840000,46.209999,47.090000,46.979759,586000
2021-07-30,47.139999,49.139999,46.590000,47.919998,47.807816,734900
2021-08-02,48.419998,49.880001,47.619999,47.669998,47.558403,1079000
2021-08-03,47.700001,50.990002,46.419998,50.730000,50.611240,1301300
2021-08-04,50.000000,50.669998,48.630001,48.770000,48.655827,1131200
2021-08-05,49.430000,50.070000,49.099998,49.430000,49.314281,491100
2021-08-06,50.290001,50.970001,49.669998,50.950001,50.830727,482100
2021-08-09,50.500000,50.650002,49.480000,50.049999,49.932831,471200
2021-08-10,49.930000,51.500000,49.630001,51.259998,51.139996,435000
2021-08-11,51.529999,53.060001,50.639999,53.040001,53.040001,642300
2021-08-12,52.919998,53.820000,52.029999,53.750000,53.750000,718000
2021-08-13,53.750000,53.750000,51.810001,52.299999,52.299999,526300
2021-08-16,51.840000,52.520000,50.970001,51.250000,51.250000,507400
2021-08-17,51.000000,51.000000,49.779999,50.169998,50.169998,387600
2021-08-18,49.759998,50.990002,49.470001,49.480000,49.480000,440500
2021-08-19,48.709999,49.189999,47.799999,48.520000,48.520000,404100
2021-08-20,48.470001,49.349998,47.799999,48.730000,48.730000,453700
2021-08-23,49.230000,49.889999,48.900002,49.820000,49.820000,325200
2021-08-24,50.000000,51.529999,49.880001,51.189999,51.189999,401900
2021-08-25,51.310001,52.139999,50.840000,51.619999,51.619999,313200
2021-08-26,51.459999,51.830002,50.599998,50.740002,50.740002,245800
2021-08-27,50.910000,52.380001,50.689999,52.200001,52.200001,484600
2021-08-30,52.500000,52.500000,51.439999,52.200001,52.200001,581200