Date,Open,High,Low,Close,Adj Close,Volume
2021-01-04,14.080000,14.140000,13.750000,13.970000,13.847165,1651500
2021-01-05,13.960000,14.250000,13.960000,14.180000,14.055318,1492000
2021-01-06,14.520000,15.550000,14.460000,15.450000,15.314151,3059900
2021-01-07,15.410000,16.150000,15.120000,15.640000,15.502481,3034100
2021-01-08,15.760000,15.760000,15.070000,15.450000,15.314151,1538000
2021-01-11,15.170000,15.640000,15.170000,15.480000,15.343887,1140800
2021-01-12,15.630000,15.720000,15.320000,15.320000,15.185293,969700
2021-01-13,15.310000,15.310000,14.820000,14.820000,14.689691,1257100
2021-01-14,14.990000,15.050000,14.510000,14.820000,14.689691,1439200
2021-01-15,14.670000,14.950000,14.590000,14.900000,14.768987,1759100
2021-01-19,14.990000,15.570000,14.800000,15.570000,15.433096,1917500
2021-01-20,15.650000,15.740000,15.120000,15.220000,15.086174,1824600
2021-01-21,15.300000,16.389999,15.110000,15.680000,15.542129,2375600
2021-01-22,15.590000,15.740000,15.320000,15.730000,15.591688,928200
2021-01-25,15.600000,16.160000,15.570000,15.980000,15.839490,1158900
2021-01-26,16.110001,16.160000,15.900000,16.080000,15.938611,1084300
2021-01-27,15.900000,16.240000,15.470000,15.550000,15.413272,1715700
2021-01-28,15.650000,16.090000,15.520000,15.770000,15.631337,1739600
2021-01-29,15.700000,16.170000,15.660000,16.030001,15.889052,2880400
2021-02-01,16.150000,16.719999,15.930000,16.570000,16.424301,1812900
2021-02-02,16.690001,16.799999,16.240000,16.469999,16.325182,1698200
2021-02-03,16.389999,16.549999,16.240000,16.299999,16.156677,1166300
2021-02-04,16.299999,17.070000,16.260000,17.020000,16.870346,1812600
2021-02-05,17.180000,17.430000,17.049999,17.290001,17.137972,1832200
2021-02-08,17.320000,17.559999,17.110001,17.520000,17.365950,2108200
2021-02-09,17.430000,17.600000,17.200001,17.520000,17.365950,955300
2021-02-10,17.620001,17.690001,17.129999,17.450001,17.296566,1461200
2021-02-11,17.440001,17.610001,17.180000,17.469999,17.316387,826200
2021-02-12,17.450001,17.840000,17.379999,17.680000,17.524544,899000
2021-02-16,17.790001,17.900000,17.450001,17.600000,17.445248,1125700
2021-02-17,17.600000,18.100000,17.450001,17.990000,17.831818,1869700
2021-02-18,17.980000,18.180000,17.770000,17.879999,17.722784,966800
2021-02-19,17.910000,18.090000,17.850000,18.040001,17.881378,1097300
2021-02-22,18.100000,18.570000,18.000000,18.420000,18.258036,1658800
2021-02-23,18.430000,18.930000,18.290001,18.889999,18.723904,2048600
2021-02-24,18.950001,19.129999,18.770000,19.020000,18.852760,2022100
2021-02-25,19.049999,19.270000,18.230000,18.290001,18.129181,3841200
2021-02-26,18.309999,18.740000,18.080000,18.230000,18.069706,2894000
2021-03-01,18.200001,18.200001,16.770000,18.049999,17.891289,5708100
2021-03-02,18.090000,18.090000,17.400000,17.680000,17.524544,2049500
2021-03-03,17.750000,18.250000,17.680000,18.020000,17.861555,1998200
2021-03-04,17.990000,18.280001,17.830000,18.049999,17.961060,1886000
2021-03-05,18.219999,18.980000,18.020000,18.910000,18.816822,2264500
2021-03-08,18.990000,19.440001,18.639999,19.070000,18.976034,2416200
2021-03-09,19.120001,19.389999,18.610001,18.879999,18.786970,1943900
2021-03-10,18.910000,19.690001,18.900000,19.430000,19.334261,1781400
2021-03-11,19.389999,19.910000,19.150000,19.590000,19.493473,1857400
2021-03-12,19.719999,19.870001,19.559999,19.690001,19.592979,1246200
2021-03-15,19.700001,19.809999,19.469999,19.650000,19.553177,1604800
2021-03-16,19.580000,19.840000,19.320000,19.719999,19.622831,1673600
2021-03-17,19.850000,19.850000,19.549999,19.799999,19.702436,2083100
2021-03-18,19.850000,20.780001,19.730000,20.400000,20.299480,2646100
2021-03-19,20.480000,20.709999,19.910000,20.620001,20.518398,4462600
2021-03-22,20.680000,20.680000,20.270000,20.480000,20.379086,2087200
2021-03-23,20.250000,20.430000,19.719999,19.770000,19.672586,1633900
2021-03-24,19.950001,20.170000,18.790001,18.830000,18.737217,2157200
2021-03-25,18.730000,19.309999,18.660000,19.180000,19.085493,1600900
2021-03-26,19.260000,19.420000,18.100000,18.639999,18.548153,3119500
2021-03-29,18.650000,18.900000,18.299999,18.650000,18.558104,2298600
2021-03-30,19.129999,19.790001,18.860001,19.709999,19.612881,1843900
2021-03-31,19.670000,19.719999,18.820000,18.830000,18.737217,1974600
2021-04-01,19.000000,19.500000,18.940001,19.500000,19.403915,1785900
2021-04-05,19.660000,19.799999,19.450001,19.799999,19.702436,1369900
2021-04-06,19.780001,20.209999,19.780001,20.200001,20.100468,1388900
2021-04-07,20.270000,20.330000,19.760000,19.900000,19.801945,1552900
2021-04-08,19.980000,20.450001,19.719999,20.440001,20.339285,1771900
2021-04-09,20.459999,20.590000,20.049999,20.400000,20.299480,1326300
2021-04-12,20.500000,20.840000,20.469999,20.610001,20.508448,1522000
2021-04-13,20.549999,20.650000,19.950001,20.309999,20.209925,1028500
2021-04-14,20.320000,20.670000,20.200001,20.430000,20.329334,1728600
2021-04-15,20.600000,21.020000,20.549999,20.969999,20.866673,1260800
2021-04-16,21.139999,21.450001,21.010000,21.410000,21.304504,1298300
2021-04-19,21.500000,21.520000,20.830000,20.879999,20.777115,1597200
2021-04-20,20.790001,20.940001,20.620001,20.650000,20.548248,926100
2021-04-21,20.709999,21.320000,20.709999,21.200001,21.095539,1291200
2021-04-22,21.230000,21.280001,20.940001,21.160000,21.055737,1246500
2021-04-23,21.299999,21.299999,20.950001,20.959999,20.856720,1149400
2021-04-26,21.170000,21.170000,20.830000,20.870001,20.767166,817600
2021-04-27,20.969999,21.040001,20.840000,20.900000,20.797016,1111000
2021-04-28,20.860001,20.940001,20.520000,20.540001,20.438791,789200
2021-04-29,20.790001,20.790001,20.389999,20.480000,20.379086,1069200
2021-04-30,20.400000,20.480000,20.059999,20.059999,19.961155,1470200
2021-05-03,20.320000,20.480000,20.160000,20.370001,20.269630,1181700
2021-05-04,20.209999,20.360001,19.440001,19.730000,19.632782,1620300
2021-05-05,19.830000,19.910000,19.549999,19.860001,19.762142,1049200
2021-05-06,19.940001,20.120001,19.730000,20.110001,20.010910,803900
2021-05-07,20.090000,20.379999,19.740000,19.950001,19.851700,1663000
2021-05-10,19.700001,20.219999,19.600000,19.690001,19.592979,2167700
2021-05-11,19.410000,19.530001,18.969999,19.160000,19.065592,1514100
2021-05-12,19.080000,19.340000,18.700001,18.750000,18.657612,2102100
2021-05-13,18.950001,19.520000,18.860001,19.410000,19.314360,1446100
2021-05-14,19.430000,19.620001,19.270000,19.540001,19.443720,1367100
2021-05-17,19.600000,19.719999,19.330000,19.379999,19.284506,942500
2021-05-18,19.410000,19.490000,19.180000,19.190001,19.095444,1150700
2021-05-19,18.959999,19.010000,18.660000,18.959999,18.866575,767500
2021-05-20,18.990000,19.200001,18.889999,19.139999,19.045689,860000
2021-05-21,19.360001,19.490000,19.200001,19.370001,19.274557,1368100
2021-05-24,19.459999,19.680000,19.209999,19.530001,19.433769,1101000
2021-05-25,19.590000,19.740000,19.190001,19.190001,19.095444,1264400
2021-05-26,19.270000,19.500000,19.170000,19.299999,19.204901,1031200
2021-05-27,19.480000,19.639999,19.450001,19.480000,19.384014,1726900
2021-05-28,19.510000,19.559999,19.190001,19.389999,19.294456,2134600
2021-06-01,19.469999,19.850000,19.230000,19.840000,19.742241,1651700
2021-06-02,19.870001,19.930000,19.180000,19.280001,19.185001,1368100
2021-06-03,19.110001,19.139999,18.719999,18.940001,18.940001,1166800
2021-06-04,18.920000,19.160000,18.799999,19.090000,19.090000,800600
2021-06-07,19.129999,19.309999,19.010000,19.129999,19.129999,1060700
2021-06-08,19.090000,19.180000,18.910000,19.110001,19.110001,846700
2021-06-09,19.100000,19.120001,19.000000,19.090000,19.090000,767100
2021-06-10,19.160000,19.230000,19.010000,19.049999,19.049999,902300
2021-06-11,19.059999,19.240000,19.040001,19.150000,19.150000,685700
2021-06-14,19.160000,19.209999,18.750000,18.790001,18.790001,859300
2021-06-15,18.860001,18.930000,18.650000,18.730000,18.730000,742600
2021-06-16,18.670000,18.930000,18.559999,18.910000,18.910000,1235500
2021-06-17,18.950001,19.080000,18.389999,18.610001,18.610001,950800
2021-06-18,18.400000,18.530001,18.030001,18.270000,18.270000,2421100
2021-06-21,18.270000,18.719999,18.270000,18.690001,18.690001,887800
2021-06-22,18.690001,18.780001,18.410000,18.719999,18.719999,1142000
2021-06-23,18.709999,18.830000,18.610001,18.709999,18.709999,847700
2021-06-24,18.799999,18.850000,18.610001,18.809999,18.809999,1153500
2021-06-25,18.840000,19.219999,18.840000,18.870001,18.870001,2774800
2021-06-28,18.879999,19.020000,18.450001,18.610001,18.610001,1471900
2021-06-29,18.680000,19.030001,18.280001,18.299999,18.299999,2897900
2021-06-30,18.340000,18.820000,18.270000,18.760000,18.760000,1424800
2021-07-01,18.910000,19.240000,18.820000,19.000000,19.000000,1247200
2021-07-02,19.059999,19.070000,18.790001,18.809999,18.809999,628400
2021-07-06,18.750000,18.809999,18.059999,18.389999,18.389999,888800
2021-07-07,18.309999,18.469999,18.129999,18.309999,18.309999,1086200
2021-07-08,18.000000,18.280001,17.670000,17.950001,17.950001,992700
2021-07-09,18.180000,18.469999,18.010000,18.370001,18.370001,654300
2021-07-12,18.299999,18.430000,18.129999,18.389999,18.389999,497900
2021-07-13,18.290001,18.360001,17.900000,17.959999,17.959999,682200
2021-07-14,18.040001,18.240000,17.860001,17.920000,17.920000,653500
2021-07-15,17.830000,18.160000,17.780001,17.980000,17.980000,845600
2021-07-16,18.030001,18.160000,17.549999,17.590000,17.590000,679900
2021-07-19,17.240000,17.440001,16.980000,17.129999,17.129999,862000
2021-07-20,17.049999,17.580000,16.990000,17.360001,17.360001,1290400
2021-07-21,17.480000,17.780001,17.469999,17.540001,17.540001,572200
2021-07-22,17.469999,17.469999,17.059999,17.230000,17.230000,721400
2021-07-23,17.230000,17.320000,17.020000,17.299999,17.299999,632500
2021-07-26,17.410000,17.620001,17.230000,17.450001,17.450001,787400
2021-07-27,17.230000,17.469999,17.110001,17.450001,17.450001,1058400
2021-07-28,17.520000,17.879999,17.070000,17.639999,17.639999,1098300
2021-07-29,17.780001,17.969999,17.700001,17.719999,17.719999,615300
2021-07-30,17.629999,17.809999,17.530001,17.719999,17.719999,934400
2021-08-02,17.850000,18.080000,17.540001,17.549999,17.549999,761100
2021-08-03,17.549999,17.580000,17.180000,17.500000,17.500000,872600
2021-08-04,17.280001,17.540001,17.160000,17.290001,17.290001,688600
2021-08-05,17.389999,17.760000,17.320000,17.750000,17.750000,506000
2021-08-06,17.990000,18.170000,17.590000,17.600000,17.600000,703300
2021-08-09,17.559999,17.940001,17.150000,17.590000,17.590000,735400
2021-08-10,17.600000,18.040001,17.389999,17.820000,17.820000,1577900
2021-08-11,17.740000,17.889999,17.540001,17.879999,17.879999,979300
2021-08-12,17.879999,17.969999,17.430000,17.540001,17.540001,500500
2021-08-13,17.559999,17.629999,17.240000,17.340000,17.340000,661200
2021-08-16,17.330000,17.610001,17.110001,17.459999,17.459999,611400
2021-08-17,17.260000,17.520000,17.170000,17.379999,17.379999,820900
2021-08-18,17.389999,17.719999,17.290001,17.420000,17.420000,1547300
2021-08-19,17.350000,17.350000,16.809999,17.020000,17.020000,1035200
2021-08-20,16.969999,17.280001,16.910000,17.230000,17.230000,671900
2021-08-23,17.200001,17.430000,17.100000,17.350000,17.350000,971000
2021-08-24,17.500000,17.610001,17.340000,17.520000,17.520000,723800
2021-08-25,17.540001,17.860001,17.340000,17.680000,17.680000,980500
2021-08-26,17.580000,17.610001,17.370001,17.459999,17.459999,938700
2021-08-27,17.430000,17.969999,17.389999,17.900000,17.900000,898800
2021-08-30,17.870001,17.870001,17.580000,17.790001,17.790001,1076200