Date,Open,High,Low,Close,Adj Close,Volume
2021-01-04,51.160000,52.410000,50.349998,51.000000,51.000000,2030200
2021-01-05,50.980000,51.810001,50.200001,51.000000,51.000000,1781200
2021-01-06,50.866001,53.840000,50.330002,52.360001,52.360001,2363700
2021-01-07,52.220001,53.766998,51.700001,53.689999,53.689999,1246000
2021-01-08,55.106998,55.700001,52.400002,54.000000,54.000000,1656600
2021-01-11,52.500000,53.500000,51.310001,52.509998,52.509998,1227700
2021-01-12,52.500000,53.439999,52.058998,52.450001,52.450001,1055300
2021-01-13,52.009998,56.740002,51.959999,53.090000,53.090000,3290900
2021-01-14,53.123001,53.799999,51.060001,51.189999,51.189999,1607600
2021-01-15,51.029999,51.535999,48.560001,49.619999,49.619999,1810800
2021-01-19,50.810001,51.349998,49.139999,50.189999,50.189999,1614100
2021-01-20,51.006001,51.240002,49.349998,50.180000,50.180000,912900
2021-01-21,50.450001,50.493000,47.200001,47.520000,47.520000,1648400
2021-01-22,47.090000,49.529999,46.790001,49.419998,49.419998,1384800
2021-01-25,49.813999,50.259998,48.590000,50.250000,50.250000,925900
2021-01-26,50.279999,51.400002,49.500000,50.005001,50.005001,1813700
2021-01-27,49.029999,49.810001,46.279999,46.410000,46.410000,1647600
2021-01-28,46.810001,49.462002,46.500000,48.049999,48.049999,1375900
2021-01-29,47.660000,48.900002,46.520000,48.270000,48.270000,1190900
2021-02-01,49.070000,49.070000,47.619999,48.470001,48.470001,1152400
2021-02-02,49.439999,49.959999,48.830002,48.900002,48.900002,1049000
2021-02-03,49.000000,49.410000,47.389999,48.470001,48.470001,943900
2021-02-04,48.866001,49.279999,47.700001,48.529999,48.529999,1126500
2021-02-05,50.939999,54.869999,49.400002,54.299999,54.299999,3924600
2021-02-08,56.250000,56.500000,51.708000,52.430000,52.430000,2839000
2021-02-09,52.380001,53.070000,51.099998,51.470001,51.470001,1876000
2021-02-10,51.500000,52.000000,49.029999,49.450001,49.450001,1468000
2021-02-11,50.270000,50.915001,48.549999,48.810001,48.810001,879500
2021-02-12,48.500000,50.301998,47.790001,47.950001,47.950001,1388400
2021-02-16,48.500000,48.880001,46.730000,46.810001,46.810001,1589400
2021-02-17,46.529999,46.654999,44.310001,45.889999,45.889999,1591600
2021-02-18,45.590000,46.987999,45.099998,46.130001,46.130001,1126800
2021-02-19,46.500000,48.250000,46.360001,47.279999,47.279999,1000100
2021-02-22,46.959999,48.016998,44.650002,44.820000,44.820000,1294600
2021-02-23,43.560001,45.799999,43.040001,44.730000,44.730000,1610300
2021-02-24,44.709999,46.209999,44.279999,45.080002,45.080002,864400
2021-02-25,44.650002,45.730000,42.900002,43.500000,43.500000,1075300
2021-02-26,44.230000,44.823002,42.419998,43.770000,43.770000,1201600
2021-03-01,44.410000,45.340000,43.959999,45.000000,45.000000,930000
2021-03-02,44.910000,46.259998,44.529999,44.860001,44.860001,1285200
2021-03-03,44.599998,45.185001,42.535000,42.730000,42.730000,1532900
2021-03-04,42.950001,43.970001,40.834999,41.610001,41.610001,1843400
2021-03-05,41.900002,43.330002,38.445000,43.279999,43.279999,2138700
2021-03-08,43.419998,44.610001,41.470001,41.709999,41.709999,1334700
2021-03-09,42.299999,45.759998,42.299999,45.049999,45.049999,1626400
2021-03-10,44.869999,47.410000,44.500000,46.639999,46.639999,1088300
2021-03-11,47.310001,50.669998,47.000000,50.290001,50.290001,1585900
2021-03-12,49.580002,49.990002,47.250000,49.830002,49.830002,1163700
2021-03-15,49.759998,50.500000,47.680000,48.099998,48.099998,1175400
2021-03-16,48.200001,48.720001,46.419998,47.099998,47.099998,1063200
2021-03-17,46.389999,48.810001,45.750000,48.209999,48.209999,846600
2021-03-18,47.610001,48.750000,46.009998,46.040001,46.040001,836400
2021-03-19,46.480000,49.470001,46.330002,49.105000,49.105000,3638000
2021-03-22,48.970001,51.299999,48.330002,50.200001,50.200001,2036100
2021-03-23,49.849998,50.480000,48.169998,48.349998,48.349998,1316800
2021-03-24,48.730000,48.730000,45.240002,45.360001,45.360001,1663900
2021-03-25,44.349998,46.740002,43.820000,46.639999,46.639999,1392400
2021-03-26,46.790001,46.950001,43.730000,46.099998,46.099998,1085000
2021-03-29,45.410000,45.669998,42.680000,43.099998,43.099998,1048600
2021-03-30,43.000000,46.000000,42.314999,45.279999,45.279999,1062300
2021-03-31,45.380001,48.610001,45.200001,48.200001,48.200001,3299000
2021-04-01,48.930000,50.000000,48.439999,48.959999,48.959999,1422100
2021-04-05,49.869999,49.880001,47.240002,47.869999,47.869999,1406500
2021-04-06,47.830002,48.509998,46.720001,46.730000,46.730000,1498400
2021-04-07,46.759998,47.090000,45.720001,46.130001,46.130001,1167000
2021-04-08,46.169998,47.360001,46.000000,46.700001,46.700001,634500
2021-04-09,46.730000,46.730000,44.400002,44.790001,44.790001,866400
2021-04-12,44.799999,44.799999,43.294998,43.900002,43.900002,744800
2021-04-13,44.369999,44.980000,43.200001,44.650002,44.650002,638600
2021-04-14,44.560001,46.400002,44.520000,44.570000,44.570000,1005200
2021-04-15,45.150002,46.000000,44.660000,45.830002,45.830002,1525300
2021-04-16,47.900002,49.388000,44.389999,44.779999,44.779999,3970300
2021-04-19,45.009998,45.360001,42.209999,42.810001,42.810001,1826600
2021-04-20,41.959999,42.610001,39.645000,39.959999,39.959999,2409700
2021-04-21,38.994999,40.889999,38.715000,40.720001,40.720001,1965700
2021-04-22,41.020000,42.130001,40.150002,41.090000,41.090000,1187600
2021-04-23,41.610001,43.000000,41.169998,42.410000,42.410000,1331700
2021-04-26,42.860001,44.849998,42.119999,44.430000,44.430000,1650300
2021-04-27,44.650002,44.939999,42.330002,42.790001,42.790001,2279700
2021-04-28,42.570000,44.000000,42.110001,43.610001,43.610001,736400
2021-04-29,43.769001,43.980000,42.540001,43.020000,43.020000,762400
2021-04-30,43.589001,45.279999,43.400002,44.709999,44.709999,1615800
2021-05-03,45.250000,45.500000,43.240002,43.310001,43.310001,1247500
2021-05-04,42.750000,42.980000,40.500000,40.970001,40.970001,1360700
2021-05-05,41.240002,42.310001,40.660000,41.480000,41.480000,910200
2021-05-06,41.049999,41.294998,37.400002,39.849998,39.849998,1971500
2021-05-07,40.330002,40.939999,39.820000,40.200001,40.200001,1030900
2021-05-10,39.119999,39.480000,37.689999,37.900002,37.900002,1483900
2021-05-11,36.419998,38.689999,35.560001,37.520000,37.520000,1831800
2021-05-12,37.009998,37.603001,36.169998,36.330002,36.330002,1828300
2021-05-13,36.599998,36.799999,33.349998,34.240002,34.240002,2002000
2021-05-14,34.299999,34.980000,33.529999,34.259998,34.259998,1591900
2021-05-17,33.680000,34.259998,33.195000,33.849998,33.849998,1050000
2021-05-18,34.250000,35.900002,33.174999,34.009998,34.009998,1491200
2021-05-19,33.369999,33.770000,32.375000,32.525002,32.525002,1139500
2021-05-20,32.599998,33.630001,32.299999,32.500000,32.500000,1434800
2021-05-21,33.299999,33.830002,32.810001,33.200001,33.200001,1892100
2021-05-24,34.070000,34.189999,33.000000,33.720001,33.720001,1074400
2021-05-25,34.750000,35.439999,33.279999,33.529999,33.529999,2026800
2021-05-26,33.919998,34.660000,33.360001,34.360001,34.360001,1132200
2021-05-27,34.250000,34.470001,33.099998,33.590000,33.590000,2389400
2021-05-28,33.919998,35.380001,33.919998,34.869999,34.869999,1261500
2021-06-01,35.000000,36.259998,34.220001,34.459999,34.459999,1264200
2021-06-02,34.320000,34.919998,33.700001,34.400002,34.400002,978700
2021-06-03,34.130001,34.709999,33.590000,34.439999,34.439999,1009900
2021-06-04,34.669998,35.250000,34.209999,35.169998,35.169998,921300
2021-06-07,35.360001,37.189999,35.299999,37.150002,37.150002,1575800
2021-06-08,37.639999,37.990002,36.029999,37.160000,37.160000,1241200
2021-06-09,37.480000,37.799999,37.049999,37.299999,37.299999,575400
2021-06-10,37.310001,38.080002,36.740002,37.970001,37.970001,972300
2021-06-11,37.880001,38.119999,37.220001,37.770000,37.770000,863300
2021-06-14,38.000000,38.580002,37.770000,38.299999,38.299999,1118500
2021-06-15,38.209999,38.900002,36.869999,37.410000,37.410000,950300
2021-06-16,37.410000,37.807999,35.880001,36.700001,36.700001,883800
2021-06-17,36.389999,37.980000,36.049999,37.849998,37.849998,881700
2021-06-18,37.270000,38.070000,37.029999,37.560001,37.560001,1922900
2021-06-21,37.750000,38.259998,36.980000,37.709999,37.709999,958500
2021-06-22,37.750000,38.160000,37.209999,37.540001,37.540001,891600
2021-06-23,37.590000,38.250000,37.404999,37.910000,37.910000,684000
2021-06-24,38.119999,38.840000,37.990002,38.810001,38.810001,851000
2021-06-25,39.070000,40.000000,38.974998,39.889999,39.889999,1983900
2021-06-28,39.900002,40.060001,38.880001,39.400002,39.400002,684900
2021-06-29,39.410000,39.419998,37.540001,37.610001,37.610001,891900
2021-06-30,37.500000,39.240002,36.849998,38.790001,38.790001,747200
2021-07-01,38.445000,40.590000,38.445000,40.450001,40.450001,862600
2021-07-02,40.900002,41.000000,39.669998,40.110001,40.110001,760500
2021-07-06,40.400002,40.660000,38.665001,38.860001,38.860001,728600
2021-07-07,38.959999,39.470001,37.259998,37.529999,37.529999,534300
2021-07-08,36.720001,38.720001,36.400002,38.689999,38.689999,637600
2021-07-09,39.000000,40.535000,38.580002,40.340000,40.340000,681600
2021-07-12,40.169998,40.340000,38.950001,39.320000,39.320000,599400
2021-07-13,39.250000,39.310001,38.369999,38.700001,38.700001,540800
2021-07-14,38.840000,38.950001,37.000000,37.029999,37.029999,723800
2021-07-15,36.750000,37.360001,35.985001,37.230000,37.230000,952800
2021-07-16,37.639999,38.365002,36.840000,37.020000,37.020000,712700
2021-07-19,36.209999,37.459999,35.750000,36.860001,36.860001,638400
2021-07-20,36.939999,38.150002,36.680000,37.959999,37.959999,853600
2021-07-21,37.970001,38.198002,37.299999,38.119999,38.119999,600500
2021-07-22,38.130001,38.700001,37.450001,38.070000,38.070000,561500
2021-07-23,38.259998,38.389999,37.470001,37.830002,37.830002,525300
2021-07-26,37.919998,38.369999,35.119999,35.250000,35.250000,1071600
2021-07-27,35.139999,35.828999,33.340000,34.090000,34.090000,1111400
2021-07-28,34.529999,36.799999,34.389999,36.610001,36.610001,719500
2021-07-29,36.770000,37.139999,35.509998,35.680000,35.680000,551700
2021-07-30,35.500000,36.090000,34.910000,34.990002,34.990002,617400
2021-08-02,32.270000,32.340000,26.282000,27.420000,27.420000,8580800
2021-08-03,27.504999,27.660000,25.260000,25.469999,25.469999,4314100
2021-08-04,25.200001,25.490000,24.020000,24.250000,24.250000,3531300
2021-08-05,24.250000,24.959999,23.250000,24.450001,24.450001,3005500
2021-08-06,24.570000,24.639999,23.320000,23.520000,23.520000,1884900
2021-08-09,23.549999,24.649000,23.330000,23.540001,23.540001,1487900
2021-08-10,23.650000,23.750000,22.059999,22.170000,22.170000,2194900
2021-08-11,22.219999,22.959999,21.730000,22.260000,22.260000,1867900
2021-08-12,22.160000,22.760000,21.219999,22.469999,22.469999,2158500
2021-08-13,22.860001,23.500000,22.610001,22.790001,22.790001,2448600
2021-08-16,22.809999,23.219999,22.180000,22.299999,22.299999,1743900
2021-08-17,22.004999,22.350000,21.058001,22.299999,22.299999,2178900
2021-08-18,22.389999,23.020000,21.730000,22.250000,22.250000,983900
2021-08-19,22.030001,22.280001,21.160000,21.780001,21.780001,2243900
2021-08-20,22.309999,24.430000,22.200001,24.000000,24.000000,2551100
2021-08-23,24.540001,26.670000,24.540001,26.170000,26.170000,2674100
2021-08-24,26.440001,26.440001,25.059999,25.700001,25.700001,1693300
2021-08-25,25.629999,26.389999,25.475000,25.930000,25.930000,1160800
2021-08-26,25.790001,26.490000,25.180000,25.200001,25.200001,1247500
2021-08-27,25.740000,27.559999,25.450001,27.070000,27.070000,2747600
2021-08-30,27.500000,27.669001,26.410000,26.709999,26.709999,1339600