Date,Open,High,Low,Close,Adj Close,Volume
2021-01-04,40.330002,40.419998,38.029999,38.980000,38.980000,883600
2021-01-05,39.900002,42.200001,39.590000,41.410000,41.410000,1745400
2021-01-06,42.389999,46.189999,42.389999,44.389999,44.389999,1872400
2021-01-07,44.939999,45.430000,43.590000,44.740002,44.740002,849200
2021-01-08,47.169998,48.110001,44.810001,46.000000,46.000000,953500
2021-01-11,45.000000,46.500000,44.660000,45.439999,45.439999,698100
2021-01-12,46.000000,46.410000,44.849998,45.169998,45.169998,814300
2021-01-13,44.750000,45.349998,43.869999,44.889999,44.889999,892300
2021-01-14,45.639999,47.650002,45.230000,46.770000,46.770000,837100
2021-01-15,46.119999,47.700001,45.040001,47.380001,47.380001,815300
2021-01-19,48.180000,48.450001,46.250000,47.650002,47.650002,1031700
2021-01-20,47.090000,48.900002,46.910000,48.009998,48.009998,728300
2021-01-21,48.689999,50.439999,47.939999,50.049999,50.049999,1314400
2021-01-22,49.200001,50.799999,48.770000,50.740002,50.740002,883400
2021-01-25,50.139999,51.049999,49.549999,50.060001,50.060001,1053000
2021-01-26,50.410000,50.590000,49.459999,49.759998,49.759998,1058700
2021-01-27,47.970001,49.200001,47.200001,48.250000,48.250000,1243700
2021-01-28,48.959999,49.919998,48.110001,48.570000,48.570000,1062300
2021-01-29,48.509998,48.779999,46.009998,47.270000,47.270000,944200
2021-02-01,48.000000,50.889999,47.709999,50.720001,50.720001,999300
2021-02-02,51.680000,51.970001,49.549999,49.570000,49.570000,746200
2021-02-03,49.410000,50.459999,49.040001,49.880001,49.880001,989600
2021-02-04,49.930000,50.340000,49.459999,49.869999,49.869999,912900
2021-02-05,50.509998,50.810001,48.970001,50.650002,50.650002,1567600
2021-02-08,50.750000,52.590000,49.650002,52.310001,52.310001,1425600
2021-02-09,51.970001,52.439999,50.759998,51.599998,51.599998,1189500
2021-02-10,50.060001,52.630001,48.200001,49.650002,49.650002,2727500
2021-02-11,50.349998,51.400002,49.450001,50.540001,50.540001,1735500
2021-02-12,50.090000,50.529999,48.619999,49.830002,49.830002,1115700
2021-02-16,50.500000,50.619999,48.880001,50.619999,50.619999,839000
2021-02-17,50.090000,51.369999,49.580002,50.230000,50.230000,794100
2021-02-18,50.259998,50.459999,49.439999,49.959999,49.959999,997100
2021-02-19,50.119999,51.419998,49.799999,50.900002,50.900002,580900
2021-02-22,50.349998,51.340000,49.849998,50.529999,50.529999,688900
2021-02-23,50.150002,51.880001,49.259998,51.299999,51.299999,666200
2021-02-24,51.740002,53.799999,51.310001,52.849998,52.849998,774100
2021-02-25,52.810001,53.700001,50.880001,51.080002,51.080002,859100
2021-02-26,51.150002,53.000000,50.139999,51.020000,51.020000,973300
2021-03-01,51.419998,53.500000,51.099998,52.880001,52.880001,747300
2021-03-02,52.599998,54.250000,52.230000,53.180000,53.180000,948800
2021-03-03,53.450001,54.889999,53.279999,53.700001,53.700001,921600
2021-03-04,53.200001,54.630001,51.439999,52.689999,52.689999,856600
2021-03-05,53.279999,54.049999,50.840000,53.779999,53.779999,904200
2021-03-08,53.910000,56.099998,53.540001,55.500000,55.500000,813300
2021-03-09,56.540001,57.000000,53.910000,53.980000,53.980000,770400
2021-03-10,54.169998,55.900002,53.869999,55.580002,55.580002,704500
2021-03-11,56.119999,56.770000,55.389999,55.619999,55.619999,1477700
2021-03-12,55.680000,56.520000,54.389999,55.290001,55.290001,868900
2021-03-15,55.080002,57.650002,54.910000,57.560001,57.560001,1164800
2021-03-16,57.490002,57.880001,53.700001,54.470001,54.470001,685700
2021-03-17,53.810001,55.119999,52.790001,54.840000,54.840000,650000
2021-03-18,54.840000,55.279999,52.880001,53.180000,53.180000,833400
2021-03-19,53.349998,55.720001,52.770000,54.180000,54.180000,1555700
2021-03-22,54.630001,55.480000,53.860001,54.810001,54.810001,820000
2021-03-23,53.070000,53.840000,49.570000,50.490002,50.490002,1879400
2021-03-24,51.290001,52.950001,50.000000,50.029999,50.029999,1063100
2021-03-25,49.740002,53.700001,49.150002,53.240002,53.240002,1281500
2021-03-26,54.369999,55.029999,52.669998,53.259998,53.259998,854900
2021-03-29,52.869999,54.450001,51.360001,51.799999,51.799999,672400
2021-03-30,52.220001,53.340000,51.000000,53.150002,53.150002,778400
2021-03-31,53.509998,54.500000,51.939999,52.000000,52.000000,1265600
2021-04-01,52.060001,52.220001,50.849998,51.189999,51.189999,934100
2021-04-05,51.650002,52.360001,50.669998,50.770000,50.770000,1160200
2021-04-06,50.869999,51.950001,50.509998,51.299999,51.299999,598800
2021-04-07,51.189999,51.799999,49.939999,50.490002,50.490002,812800
2021-04-08,50.490002,51.060001,49.369999,50.770000,50.770000,829900
2021-04-09,51.099998,52.279999,50.400002,52.189999,52.189999,578500
2021-04-12,52.150002,53.000000,51.980000,52.389999,52.389999,677000
2021-04-13,52.330002,52.330002,50.380001,51.570000,51.570000,975500
2021-04-14,51.480000,53.259998,51.480000,52.230000,52.230000,673800
2021-04-15,53.029999,53.470001,52.439999,53.189999,53.189999,706400
2021-04-16,53.639999,54.880001,53.459999,54.419998,54.419998,793300
2021-04-19,54.470001,54.639999,51.900002,52.549999,52.549999,1290700
2021-04-20,53.000000,53.540001,50.779999,52.020000,52.020000,1155500
2021-04-21,53.000000,55.880001,51.020000,54.529999,54.529999,1668900
2021-04-22,55.740002,57.680000,54.540001,56.180000,56.180000,3015900
2021-04-23,56.200001,57.320000,55.009998,55.700001,55.700001,2582600
2021-04-26,56.119999,56.450001,54.619999,55.880001,55.880001,1672300
2021-04-27,55.660000,57.090000,55.369999,56.459999,56.459999,1883100
2021-04-28,56.570000,59.020000,56.180000,58.939999,58.939999,1159700
2021-04-29,59.130001,61.240002,58.900002,59.590000,59.590000,1704700
2021-04-30,58.860001,59.930000,58.360001,59.259998,59.259998,1165000
2021-05-03,60.759998,63.139999,60.250000,62.299999,62.299999,1334700
2021-05-04,61.939999,63.840000,61.189999,63.750000,63.750000,1017900
2021-05-05,64.379997,64.500000,62.910000,64.129997,64.129997,1094900
2021-05-06,64.000000,65.449997,63.490002,65.410004,65.410004,940900
2021-05-07,65.550003,67.260002,64.589996,66.839996,66.839996,945900
2021-05-10,67.349998,67.849998,64.870003,64.919998,64.919998,1622100
2021-05-11,63.150002,66.220001,62.060001,65.290001,65.290001,1339300
2021-05-12,63.939999,64.690002,61.770000,62.029999,62.029999,1082900
2021-05-13,62.169998,64.279999,61.720001,63.849998,63.849998,929200
2021-05-14,64.629997,64.959999,63.250000,64.220001,64.220001,789600
2021-05-17,63.930000,65.320000,63.119999,65.139999,65.139999,808900
2021-05-18,65.220001,65.419998,61.880001,62.029999,62.029999,1252000
2021-05-19,60.830002,61.740002,59.740002,61.669998,61.669998,1101700
2021-05-20,62.220001,63.320000,60.959999,62.770000,62.770000,652700
2021-05-21,63.590000,64.019997,62.750000,63.169998,63.169998,589600
2021-05-24,63.520000,64.059998,62.799999,63.610001,63.610001,505800
2021-05-25,64.199997,64.800003,63.340000,63.419998,63.419998,661100
2021-05-26,64.160004,65.199997,63.310001,64.769997,64.769997,606700
2021-05-27,65.440002,66.720001,65.209999,66.250000,66.250000,886900
2021-05-28,67.430000,67.519997,64.919998,66.910004,66.910004,808600
2021-06-01,67.279999,68.760002,66.510002,68.510002,68.510002,936900
2021-06-02,68.900002,69.260002,67.099998,67.300003,67.300003,1162600
2021-06-03,66.809998,68.190002,65.000000,67.660004,67.660004,701600
2021-06-04,68.379997,68.379997,66.910004,67.730003,67.730003,392400
2021-06-07,67.779999,68.589996,67.320000,68.089996,68.089996,570600
2021-06-08,68.129997,68.209999,66.809998,67.709999,67.709999,526100
2021-06-09,67.849998,68.349998,67.000000,67.690002,67.690002,681500
2021-06-10,68.519997,68.820000,66.949997,68.150002,68.150002,647700
2021-06-11,68.419998,68.919998,67.779999,68.779999,68.779999,603000
2021-06-14,68.800003,68.800003,67.010002,67.500000,67.500000,838200
2021-06-15,67.430000,68.250000,66.440002,67.379997,67.379997,460100
2021-06-16,67.000000,67.010002,65.610001,66.769997,66.769997,1187500
2021-06-17,67.989998,70.750000,67.500000,68.629997,68.629997,1535400
2021-06-18,67.699997,67.900002,65.400002,65.930000,65.930000,1685200
2021-06-21,66.559998,68.790001,66.029999,68.580002,68.580002,1028100
2021-06-22,68.239998,68.720001,67.820000,68.419998,68.419998,741800
2021-06-23,68.519997,68.820000,67.389999,68.040001,68.040001,1089500
2021-06-24,69.010002,69.510002,67.900002,68.889999,68.889999,695300
2021-06-25,68.750000,70.110001,68.300003,69.940002,69.940002,1898500
2021-06-28,69.610001,70.000000,67.930000,68.419998,68.419998,572600
2021-06-29,68.919998,69.529999,66.019997,66.040001,66.040001,957700
2021-06-30,65.949997,67.480003,65.550003,66.989998,66.989998,1009000
2021-07-01,67.470001,68.900002,66.489998,67.919998,67.919998,1026500
2021-07-02,67.639999,68.709999,67.150002,68.529999,68.529999,594000
2021-07-06,68.199997,68.470001,66.190002,68.010002,68.010002,962300
2021-07-07,67.769997,68.779999,67.059998,67.959999,67.959999,520000
2021-07-08,66.269997,68.309998,65.989998,67.080002,67.080002,718500
2021-07-09,68.610001,69.309998,67.790001,68.919998,68.919998,844500
2021-07-12,68.559998,70.220001,67.959999,69.099998,69.099998,927800
2021-07-13,68.660004,68.970001,67.120003,68.239998,68.239998,608500
2021-07-14,68.330002,69.279999,66.430000,66.779999,66.779999,727400
2021-07-15,66.169998,67.919998,66.059998,67.330002,67.330002,803100
2021-07-16,67.760002,68.120003,66.500000,66.629997,66.629997,647800
2021-07-19,64.910004,65.879997,63.490002,64.660004,64.660004,1425600
2021-07-20,67.750000,71.750000,67.570000,70.519997,70.519997,2175500
2021-07-21,71.180000,73.650002,70.849998,72.250000,72.250000,1490900
2021-07-22,69.870003,70.820000,67.120003,70.000000,70.000000,2487100
2021-07-23,71.419998,72.199997,70.699997,71.629997,71.629997,1057900
2021-07-26,71.870003,73.110001,70.139999,71.669998,71.669998,824000
2021-07-27,72.019997,72.480003,70.339996,71.709999,71.709999,740600
2021-07-28,71.190002,72.309998,69.199997,71.529999,71.529999,630300
2021-07-29,72.339996,73.459999,71.940002,72.139999,72.139999,534700
2021-07-30,71.330002,72.750000,71.330002,71.839996,71.839996,603100
2021-08-02,72.110001,74.400002,71.029999,71.209999,71.209999,819400
2021-08-03,71.239998,72.419998,69.800003,72.129997,72.129997,596500
2021-08-04,71.029999,72.120003,69.160004,69.220001,69.220001,918200
2021-08-05,69.500000,70.300003,68.129997,69.230003,69.230003,663000
2021-08-06,69.379997,69.930000,67.860001,68.739998,68.739998,641100
2021-08-09,68.349998,68.349998,66.419998,67.760002,67.760002,587000
2021-08-10,67.180000,67.970001,65.000000,65.269997,65.269997,1745400
2021-08-11,65.410004,67.610001,64.099998,67.519997,67.519997,1172300
2021-08-12,69.529999,70.120003,67.900002,70.000000,70.000000,955100
2021-08-13,69.730003,70.089996,68.309998,70.010002,70.010002,712400
2021-08-16,70.010002,71.900002,69.660004,71.089996,71.089996,624300
2021-08-17,69.650002,70.790001,69.220001,70.339996,70.339996,740500
2021-08-18,70.230003,71.389999,69.599998,69.769997,69.769997,503600
2021-08-19,68.379997,69.459999,68.260002,69.430000,69.430000,654600
2021-08-20,69.750000,73.089996,69.639999,72.629997,72.629997,801900
2021-08-23,73.400002,73.919998,72.220001,72.989998,72.989998,905400
2021-08-24,73.449997,74.220001,72.620003,72.680000,72.680000,997000
2021-08-25,72.680000,74.669998,71.980003,73.669998,73.669998,750800
2021-08-26,73.279999,74.300003,72.570000,73.559998,73.559998,452200
2021-08-27,73.930000,75.599998,73.830002,74.989998,74.989998,738400
2021-08-30,75.250000,76.160004,74.470001,75.459999,75.459999,444500