Date,Open,High,Low,Close,Adj Close,Volume
2021-01-04,65.120003,66.099998,62.480000,63.459999,63.459999,217500
2021-01-05,62.990002,65.620003,62.990002,65.459999,65.459999,122700
2021-01-06,66.370003,69.510002,66.370003,68.570000,68.570000,313000
2021-01-07,69.000000,70.120003,68.769997,69.599998,69.599998,140100
2021-01-08,70.050003,70.400002,68.660004,69.459999,69.459999,168800
2021-01-11,69.709999,70.470001,68.239998,69.139999,69.139999,160300
2021-01-12,69.580002,70.400002,69.120003,70.239998,70.239998,151700
2021-01-13,70.029999,70.930000,68.910004,69.169998,69.169998,120900
2021-01-14,69.690002,70.059998,68.290001,68.800003,68.800003,137000
2021-01-15,67.769997,68.750000,66.510002,68.199997,68.199997,115900
2021-01-19,68.669998,69.800003,68.199997,69.750000,69.750000,116600
2021-01-20,69.919998,71.209999,69.900002,70.940002,70.940002,111400
2021-01-21,71.070000,71.500000,70.379997,70.379997,70.379997,153500
2021-01-22,66.629997,68.839996,66.070000,68.360001,68.360001,264100
2021-01-25,68.000000,68.629997,66.449997,66.940002,66.940002,182600
2021-01-26,67.680000,67.760002,65.349998,65.959999,65.959999,116500
2021-01-27,63.980000,65.870003,62.360001,63.820000,63.820000,212300
2021-01-28,64.730003,64.730003,62.840000,63.470001,63.470001,126500
2021-01-29,63.490002,64.000000,60.889999,61.259998,61.259998,208700
2021-02-01,62.009998,64.239998,61.730000,63.889999,63.889999,155600
2021-02-02,64.300003,65.230003,63.900002,64.860001,64.860001,111800
2021-02-03,64.750000,65.309998,64.269997,64.779999,64.779999,99800
2021-02-04,65.209999,66.230003,65.070000,65.900002,65.900002,109500
2021-02-05,66.250000,67.550003,66.000000,67.459999,67.459999,142000
2021-02-08,67.779999,69.800003,67.690002,69.669998,69.669998,137900
2021-02-09,69.400002,70.889999,63.580002,70.790001,70.790001,146300
2021-02-10,71.010002,71.220001,70.040001,70.389999,70.389999,118200
2021-02-11,70.250000,71.360001,69.580002,70.809998,70.809998,245400
2021-02-12,70.500000,70.809998,69.169998,69.769997,69.769997,89500
2021-02-16,70.489998,71.709999,70.470001,70.750000,70.750000,122900
2021-02-17,70.089996,70.639999,69.389999,70.400002,70.400002,130900
2021-02-18,70.290001,70.290001,68.139999,69.489998,69.489998,133100
2021-02-19,70.160004,74.040001,69.620003,72.800003,72.800003,283600
2021-02-22,72.410004,75.000000,72.410004,74.250000,74.250000,121900
2021-02-23,73.599998,73.599998,71.470001,72.300003,72.300003,143000
2021-02-24,72.800003,73.900002,71.870003,72.839996,72.839996,161600
2021-02-25,72.239998,73.040001,70.269997,70.529999,70.529999,110100
2021-02-26,70.540001,71.970001,68.959999,70.790001,70.790001,201900
2021-03-01,74.370003,79.449997,73.720001,76.639999,76.639999,301100
2021-03-02,73.570000,76.629997,71.410004,72.430000,72.430000,275600
2021-03-03,72.459999,75.199997,72.459999,74.699997,74.699997,225000
2021-03-04,74.800003,75.339996,71.269997,72.000000,72.000000,174000
2021-03-05,73.120003,75.080002,69.190002,75.000000,75.000000,272700
2021-03-08,76.110001,77.309998,74.510002,76.139999,76.139999,189600
2021-03-09,77.209999,78.279999,76.099998,76.470001,76.470001,129700
2021-03-10,77.180000,79.160004,76.620003,78.309998,78.309998,127700
2021-03-11,79.059998,79.260002,78.059998,79.260002,79.260002,155200
2021-03-12,79.379997,79.889999,78.430000,79.489998,79.489998,118800
2021-03-15,79.180000,80.779999,77.940002,80.720001,80.720001,202500
2021-03-16,81.110001,81.980003,80.040001,80.849998,80.849998,170000
2021-03-17,80.209999,80.709999,77.370003,80.150002,80.150002,164700
2021-03-18,79.900002,80.940002,77.580002,77.959999,77.959999,150300
2021-03-19,77.860001,79.250000,76.559998,77.180000,77.180000,366400
2021-03-22,76.940002,77.790001,74.010002,74.430000,74.430000,96400
2021-03-23,73.199997,74.480003,69.470001,69.800003,69.800003,169400
2021-03-24,70.160004,71.050003,65.440002,65.500000,65.500000,333300
2021-03-25,64.449997,68.620003,64.449997,68.150002,68.150002,218400
2021-03-26,68.949997,69.919998,67.730003,69.849998,69.849998,286200
2021-03-29,69.349998,71.040001,69.260002,69.500000,69.500000,357100
2021-03-30,69.040001,73.639999,69.029999,73.449997,73.449997,450100
2021-03-31,73.989998,75.000000,72.940002,74.110001,74.110001,319500
2021-04-01,74.669998,78.980003,74.000000,77.199997,77.199997,310500
2021-04-05,78.449997,78.449997,76.199997,76.480003,76.480003,145700
2021-04-06,76.220001,78.750000,76.220001,77.389999,77.389999,101200
2021-04-07,77.639999,78.339996,75.349998,75.500000,75.500000,85300
2021-04-08,75.669998,75.680000,73.980003,74.680000,74.680000,188900
2021-04-09,74.980003,76.550003,74.139999,76.300003,76.300003,119200
2021-04-12,76.440002,77.570000,75.279999,77.099998,77.099998,76100
2021-04-13,76.860001,76.860001,73.709999,74.839996,74.839996,109000
2021-04-14,75.070000,77.029999,74.889999,76.639999,76.639999,83200
2021-04-15,76.919998,77.540001,75.379997,77.370003,77.370003,48200
2021-04-16,78.110001,78.489998,77.070000,77.129997,77.129997,97500
2021-04-19,76.830002,77.139999,75.849998,76.779999,76.779999,95200
2021-04-20,76.349998,76.720001,73.410004,73.989998,73.989998,77900
2021-04-21,73.980003,77.430000,73.610001,77.199997,77.199997,111800
2021-04-22,77.209999,77.970001,74.529999,74.669998,74.669998,198000
2021-04-23,75.419998,77.550003,75.279999,76.480003,76.480003,182200
2021-04-26,77.339996,77.820000,75.419998,75.680000,75.680000,165500
2021-04-27,75.809998,76.879997,74.839996,75.379997,75.379997,184300
2021-04-28,74.930000,76.790001,73.800003,76.059998,76.059998,146900
2021-04-29,76.690002,76.690002,71.470001,72.910004,72.910004,131500
2021-04-30,71.989998,72.720001,70.690002,71.199997,71.199997,194100
2021-05-03,72.410004,73.830002,71.230003,73.550003,73.550003,228600
2021-05-04,72.940002,73.269997,71.250000,71.459999,71.459999,122800
2021-05-05,71.809998,72.690002,71.779999,72.169998,72.169998,78400
2021-05-06,72.510002,72.510002,70.860001,72.110001,72.110001,150300
2021-05-07,71.949997,73.580002,71.949997,73.349998,73.349998,90300
2021-05-10,72.709999,72.709999,70.449997,70.500000,70.500000,114400
2021-05-11,69.440002,70.849998,69.129997,70.360001,70.360001,128800
2021-05-12,69.570000,70.889999,69.269997,69.370003,69.370003,169200
2021-05-13,70.129997,72.260002,70.129997,71.150002,71.150002,121100
2021-05-14,71.769997,72.690002,71.050003,72.650002,72.650002,117500
2021-05-17,72.099998,72.099998,70.580002,71.029999,71.029999,100200
2021-05-18,71.529999,71.529999,69.650002,69.650002,69.650002,89900
2021-05-19,68.519997,70.199997,67.260002,69.900002,69.900002,121400
2021-05-20,69.889999,70.470001,69.419998,70.330002,70.330002,138700
2021-05-21,71.419998,71.580002,70.510002,70.639999,70.639999,116500
2021-05-24,71.300003,71.599998,70.330002,70.879997,70.879997,102400
2021-05-25,71.120003,71.120003,70.419998,70.500000,70.500000,176100
2021-05-26,70.570000,71.199997,70.419998,70.860001,70.860001,112000
2021-05-27,71.529999,72.699997,70.870003,71.989998,71.989998,144900
2021-05-28,72.000000,72.690002,71.139999,72.529999,72.529999,84800
2021-06-01,73.199997,75.459999,72.000000,74.879997,74.879997,166900
2021-06-02,75.489998,75.489998,71.519997,72.059998,72.059998,108300
2021-06-03,71.459999,73.220001,71.089996,72.690002,72.690002,122600
2021-06-04,73.040001,74.139999,72.419998,74.050003,74.050003,80000
2021-06-07,73.970001,74.809998,72.879997,73.190002,73.190002,77300
2021-06-08,73.290001,74.269997,72.760002,73.680000,73.680000,71600
2021-06-09,73.809998,73.809998,72.500000,72.690002,72.690002,72200
2021-06-10,72.879997,73.029999,71.599998,71.650002,71.650002,59600
2021-06-11,72.300003,72.779999,72.040001,72.739998,72.739998,70600
2021-06-14,72.940002,72.940002,70.699997,71.400002,71.400002,170100
2021-06-15,71.209999,71.760002,70.339996,71.239998,71.239998,159800
2021-06-16,70.989998,71.180000,69.440002,69.790001,69.790001,113700
2021-06-17,69.879997,71.769997,67.690002,68.959999,68.959999,241200
2021-06-18,67.360001,68.629997,66.559998,67.970001,67.970001,535600
2021-06-21,68.419998,70.160004,68.419998,69.459999,69.459999,122100
2021-06-22,69.180000,70.750000,68.500000,70.430000,70.430000,132000
2021-06-23,70.570000,71.150002,69.839996,70.760002,70.760002,119200
2021-06-24,71.370003,72.629997,70.739998,72.529999,72.529999,108700
2021-06-25,72.760002,73.309998,72.110001,72.339996,72.339996,315900
2021-06-28,73.849998,73.849998,71.239998,71.919998,71.919998,111400
2021-06-29,72.279999,72.779999,71.550003,71.809998,71.809998,193400
2021-06-30,71.339996,71.680000,70.779999,71.050003,71.050003,192500
2021-07-01,70.750000,71.949997,70.750000,71.849998,71.849998,99900
2021-07-02,72.110001,72.110001,70.849998,71.370003,71.370003,78200
2021-07-06,71.040001,71.040001,68.930000,69.709999,69.709999,111400
2021-07-07,69.529999,70.290001,67.970001,68.550003,68.550003,158300
2021-07-08,67.000000,68.889999,66.709999,67.930000,67.930000,75600
2021-07-09,69.099998,70.000000,67.400002,69.580002,69.580002,76500
2021-07-12,69.040001,69.570000,68.620003,69.459999,69.459999,67100
2021-07-13,69.230003,69.570000,67.910004,68.760002,68.760002,87700
2021-07-14,69.070000,69.330002,67.750000,67.879997,67.879997,105000
2021-07-15,67.250000,68.370003,67.080002,67.720001,67.720001,101700
2021-07-16,68.419998,68.910004,67.059998,68.620003,68.620003,270100
2021-07-19,67.440002,69.680000,66.559998,66.839996,66.839996,177100
2021-07-20,67.339996,71.000000,67.190002,70.379997,70.379997,191200
2021-07-21,71.010002,72.599998,70.300003,70.900002,70.900002,128600
2021-07-22,70.400002,70.400002,68.610001,68.900002,68.900002,73200
2021-07-23,69.419998,72.150002,69.070000,72.000000,72.000000,175600
2021-07-26,72.510002,72.970001,70.720001,71.690002,71.690002,87100
2021-07-27,70.940002,71.279999,69.900002,70.769997,70.769997,100200
2021-07-28,71.099998,72.629997,69.959999,72.139999,72.139999,95300
2021-07-29,76.000000,83.989998,73.199997,81.480003,81.480003,534500
2021-07-30,82.099998,83.250000,81.000000,82.930000,82.930000,322200
2021-08-02,83.300003,85.570000,83.239998,83.989998,83.989998,225300
2021-08-03,83.830002,84.720001,82.790001,83.290001,83.290001,194000
2021-08-04,82.330002,83.190002,81.029999,81.849998,81.849998,116100
2021-08-05,82.230003,82.860001,81.150002,82.489998,82.489998,77700
2021-08-06,83.089996,84.180000,81.389999,84.040001,84.040001,62900
2021-08-09,83.410004,83.620003,81.580002,82.059998,82.059998,90000
2021-08-10,82.209999,83.440002,81.809998,83.320000,83.320000,71700
2021-08-11,84.089996,84.500000,83.169998,84.489998,84.489998,88100
2021-08-12,84.580002,85.000000,82.900002,84.580002,84.580002,102400
2021-08-13,84.489998,85.489998,83.720001,85.000000,85.000000,82700
2021-08-16,84.410004,85.970001,84.000000,85.620003,85.620003,110200
2021-08-17,84.570000,84.800003,81.639999,83.010002,83.010002,125100
2021-08-18,83.040001,84.610001,82.029999,82.220001,82.220001,63000
2021-08-19,80.980003,82.480003,80.370003,82.220001,82.220001,174000
2021-08-20,81.889999,84.209999,81.720001,84.150002,84.150002,288400
2021-08-23,84.110001,84.510002,82.440002,83.870003,83.870003,175400
2021-08-24,84.269997,87.309998,83.449997,86.269997,86.269997,293100
2021-08-25,85.959999,87.349998,85.959999,86.300003,86.300003,116800
2021-08-26,86.239998,86.279999,83.970001,84.629997,84.629997,125000
2021-08-27,84.889999,88.239998,83.629997,87.980003,87.980003,201000
2021-08-30,88.500000,88.940002,87.279999,87.870003,87.870003,216100