Date,Open,High,Low,Close,Adj Close,Volume
2021-01-04,25.959999,25.959999,24.330000,24.840000,24.840000,1023000
2021-01-05,24.690001,25.240000,24.580000,24.780001,24.780001,1062500
2021-01-06,24.870001,25.049999,23.870001,24.950001,24.950001,1339700
2021-01-07,25.010000,25.940001,25.010000,25.780001,25.780001,1068200
2021-01-08,24.780001,25.430000,23.790001,24.000000,24.000000,1633400
2021-01-11,23.709999,24.740000,23.389999,24.530001,24.530001,1025000
2021-01-12,24.719999,24.809999,24.320000,24.730000,24.730000,1578500
2021-01-13,25.139999,26.059999,24.629999,24.629999,24.629999,1157200
2021-01-14,24.840000,25.080000,24.360001,24.680000,24.680000,1322200
2021-01-15,24.350000,25.049999,24.299999,24.820000,24.820000,1648000
2021-01-19,25.100000,25.639999,24.799999,25.639999,25.639999,1584300
2021-01-20,25.809999,28.980000,25.680000,28.719999,28.719999,3018500
2021-01-21,28.940001,30.150000,28.610001,29.660000,29.660000,2679900
2021-01-22,29.320000,30.450001,28.760000,30.360001,30.360001,1904700
2021-01-25,30.400000,30.809999,29.290001,30.280001,30.280001,1544300
2021-01-26,30.480000,31.110001,29.190001,29.440001,29.440001,1139000
2021-01-27,28.629999,29.250000,27.309999,27.740000,27.740000,1233800
2021-01-28,27.600000,28.100000,26.700001,27.160000,27.160000,1352500
2021-01-29,26.969999,26.969999,25.740000,25.980000,25.980000,1623500
2021-02-01,26.379999,26.590000,25.340000,26.490000,26.490000,1207700
2021-02-02,26.730000,27.400000,26.000000,27.150000,27.150000,803900
2021-02-03,27.150000,27.570000,26.700001,26.990000,26.990000,640600
2021-02-04,26.969999,27.450001,26.379999,27.180000,27.180000,617100
2021-02-05,27.309999,29.100000,27.129999,28.910000,28.910000,1254300
2021-02-08,29.080000,30.280001,29.030001,30.010000,30.010000,1209800
2021-02-09,30.030001,31.030001,29.610001,30.309999,30.309999,2154600
2021-02-10,29.639999,30.020000,28.090000,29.410000,29.410000,2064400
2021-02-11,30.000000,30.780001,29.770000,30.150000,30.150000,1406100
2021-02-12,29.900000,30.090000,29.160000,29.400000,29.400000,824500
2021-02-16,29.400000,29.400000,27.900000,28.320000,28.320000,1448900
2021-02-17,27.910000,28.270000,27.500000,28.090000,28.090000,835900
2021-02-18,28.110001,28.450001,27.830000,27.990000,27.990000,852400
2021-02-19,28.240000,29.030001,28.139999,28.610001,28.610001,1014200
2021-02-22,28.340000,28.799999,27.870001,27.990000,27.990000,891600
2021-02-23,27.700001,28.559999,27.190001,28.500000,28.500000,891100
2021-02-24,28.450001,29.370001,27.350000,29.330000,29.330000,1004900
2021-02-25,29.000000,29.299999,26.570000,26.690001,26.690001,1370500
2021-02-26,27.080000,27.990000,26.680000,27.510000,27.510000,1136300
2021-03-01,28.110001,28.530001,27.590000,28.040001,28.040001,796800
2021-03-02,28.059999,28.400000,27.500000,28.090000,28.090000,1153400
2021-03-03,28.080000,28.139999,26.770000,26.799999,26.799999,956200
2021-03-04,26.850000,27.549999,25.480000,26.080000,26.080000,1283800
2021-03-05,26.490000,27.129999,25.030001,27.100000,27.100000,1921400
2021-03-08,27.420000,28.600000,27.100000,27.790001,27.790001,1390800
2021-03-09,28.299999,28.629999,27.740000,28.170000,28.170000,1052300
2021-03-10,28.500000,29.770000,28.360001,29.490000,29.490000,867000
2021-03-11,29.980000,30.730000,29.610001,29.760000,29.760000,1544000
2021-03-12,29.080000,29.629999,28.219999,29.340000,29.340000,1029300
2021-03-15,29.360001,30.400000,29.040001,30.360001,30.360001,783000
2021-03-16,30.600000,30.910000,29.590000,29.639999,29.639999,743100
2021-03-17,29.260000,30.990000,28.750000,30.959999,30.959999,814200
2021-03-18,30.350000,30.500000,28.840000,29.059999,29.059999,1082600
2021-03-19,29.440001,30.280001,28.820000,29.910000,29.910000,2301600
2021-03-22,30.090000,30.600000,29.420000,30.070000,30.070000,788400
2021-03-23,29.959999,30.340000,28.510000,28.760000,28.760000,887400
2021-03-24,29.150000,29.959999,28.809999,28.809999,28.809999,971600
2021-03-25,28.469999,29.860001,28.139999,29.620001,29.620001,1225700
2021-03-26,30.090000,31.440001,29.410000,31.370001,31.370001,1010900
2021-03-29,31.290001,31.850000,30.100000,30.190001,30.190001,988900
2021-03-30,30.000000,31.240000,29.670000,31.090000,31.090000,834100
2021-03-31,31.129999,31.389999,30.780001,30.809999,30.809999,1137600
2021-04-01,31.260000,31.690001,30.860001,31.670000,31.670000,866900
2021-04-05,32.000000,32.680000,31.510000,32.480000,32.480000,1705800
2021-04-06,32.500000,32.619999,32.029999,32.230000,32.230000,660400
2021-04-07,32.279999,32.509998,31.250000,31.459999,31.459999,893100
2021-04-08,31.570000,31.570000,30.469999,30.600000,30.600000,914000
2021-04-09,30.450001,31.670000,30.410000,31.639999,31.639999,1251500
2021-04-12,31.809999,32.029999,31.520000,31.980000,31.980000,586800
2021-04-13,31.610001,31.799999,30.650000,31.260000,31.260000,741600
2021-04-14,31.139999,32.080002,31.120001,31.790001,31.790001,953500
2021-04-15,32.099998,32.220001,31.500000,31.629999,31.629999,855700
2021-04-16,31.799999,32.520000,31.680000,32.360001,32.360001,1170000
2021-04-19,32.470001,32.549999,31.570000,32.040001,32.040001,609000
2021-04-20,32.060001,32.200001,30.180000,30.889999,30.889999,993900
2021-04-21,30.790001,31.450001,30.790001,31.389999,31.389999,746800
2021-04-22,31.450001,31.480000,30.680000,31.240000,31.240000,869100
2021-04-23,31.260000,31.850000,31.160000,31.570000,31.570000,716600
2021-04-26,31.950001,32.450001,31.799999,32.310001,32.310001,803900
2021-04-27,32.570000,33.060001,32.250000,32.700001,32.700001,1077200
2021-04-28,32.740002,33.040001,32.419998,32.799999,32.799999,607800
2021-04-29,32.340000,32.720001,31.049999,31.889999,31.889999,1853500
2021-04-30,31.790001,31.889999,30.750000,31.209999,31.209999,1169000
2021-05-03,31.620001,32.099998,31.420000,31.730000,31.730000,1333200
2021-05-04,31.500000,31.799999,31.000000,31.549999,31.549999,990300
2021-05-05,31.680000,31.959999,30.490000,31.010000,31.010000,1540800
2021-05-06,31.270000,31.340000,30.190001,31.040001,31.040001,1735700
2021-05-07,31.100000,32.110001,30.830000,32.020000,32.020000,1065900
2021-05-10,32.009998,32.939999,31.510000,32.009998,32.009998,1173200
2021-05-11,31.309999,31.309999,29.719999,30.129999,30.129999,1548300
2021-05-12,29.830000,29.980000,27.920000,28.080000,28.080000,2218100
2021-05-13,28.320000,29.520000,28.280001,29.180000,29.180000,1632200
2021-05-14,29.350000,29.900000,29.240000,29.610001,29.610001,1182100
2021-05-17,29.430000,29.900000,28.799999,29.750000,29.750000,909900
2021-05-18,29.690001,29.940001,28.809999,28.870001,28.870001,1273100
2021-05-19,28.090000,28.709999,27.750000,28.459999,28.459999,1555800
2021-05-20,28.230000,29.000000,28.230000,28.840000,28.840000,1136300
2021-05-21,29.170000,29.420000,28.340000,28.350000,28.350000,927000
2021-05-24,28.459999,28.969999,28.430000,28.600000,28.600000,1052300
2021-05-25,28.730000,29.360001,28.650000,28.680000,28.680000,1558400
2021-05-26,28.870001,29.750000,28.860001,29.540001,29.540001,880400
2021-05-27,29.910000,29.920000,29.389999,29.520000,29.520000,917400
2021-05-28,29.940001,29.969999,28.870001,29.620001,29.620001,811000
2021-06-01,30.129999,30.139999,29.680000,29.910000,29.910000,1659200
2021-06-02,29.900000,30.590000,29.549999,30.120001,30.120001,2899500
2021-06-03,29.820000,29.820000,29.030001,29.299999,29.299999,2071300
2021-06-04,29.530001,29.870001,28.860001,29.709999,29.709999,1678400
2021-06-07,29.770000,29.840000,29.139999,29.290001,29.290001,1280100
2021-06-08,29.660000,29.799999,29.209999,29.260000,29.260000,1013600
2021-06-09,29.350000,29.469999,28.500000,28.549999,28.549999,1024000
2021-06-10,28.400000,28.549999,27.379999,27.590000,27.590000,1315500
2021-06-11,27.770000,28.100000,27.760000,27.870001,27.870001,1439700
2021-06-14,27.760000,28.070000,27.150000,27.350000,27.350000,1621100
2021-06-15,27.410000,27.830000,27.170000,27.559999,27.559999,1321400
2021-06-16,27.520000,27.610001,27.010000,27.030001,27.030001,1174700
2021-06-17,27.000000,27.400000,26.290001,27.010000,27.010000,1796700
2021-06-18,26.709999,27.260000,26.620001,26.700001,26.700001,2026300
2021-06-21,26.969999,27.190001,26.730000,26.950001,26.950001,1410000
2021-06-22,26.870001,26.870001,26.049999,26.389999,26.389999,2214700
2021-06-23,26.400000,26.500000,25.620001,26.049999,26.049999,1848600
2021-06-24,26.129999,26.219999,25.680000,26.000000,26.000000,1473500
2021-06-25,26.049999,26.420000,25.870001,25.930000,25.930000,3280700
2021-06-28,26.100000,26.410000,25.959999,26.230000,26.230000,1677800
2021-06-29,26.260000,26.750000,26.139999,26.219999,26.219999,1516300
2021-06-30,26.120001,26.530001,26.020000,26.420000,26.420000,1164800
2021-07-01,26.350000,27.180000,26.350000,27.059999,27.059999,1278100
2021-07-02,27.280001,27.280001,26.730000,26.740000,26.740000,1074900
2021-07-06,26.670000,26.670000,25.450001,25.719999,25.719999,1541600
2021-07-07,25.719999,26.219999,25.520000,25.990000,25.990000,1569100
2021-07-08,25.290001,25.350000,24.299999,24.400000,24.400000,1777800
2021-07-09,24.750000,25.290001,24.709999,24.809999,24.809999,972300
2021-07-12,24.559999,24.760000,24.389999,24.740000,24.740000,1024600
2021-07-13,24.510000,24.580000,23.799999,23.840000,23.840000,1291900
2021-07-14,24.120001,24.340000,23.719999,23.959999,23.959999,890600
2021-07-15,23.790001,23.889999,23.160000,23.670000,23.670000,1123000
2021-07-16,23.820000,24.040001,23.290001,23.320000,23.320000,1242700
2021-07-19,22.700001,23.459999,22.639999,22.940001,22.940001,1466700
2021-07-20,23.049999,23.900000,22.910000,23.719999,23.719999,1202000
2021-07-21,23.950001,24.559999,23.809999,24.540001,24.540001,1289300
2021-07-22,24.350000,24.540001,23.870001,24.420000,24.420000,1414900
2021-07-23,24.629999,25.350000,24.500000,25.299999,25.299999,1369300
2021-07-26,25.389999,25.549999,24.870001,24.930000,24.930000,846800
2021-07-27,24.650000,25.190001,24.440001,25.100000,25.100000,875200
2021-07-28,25.170000,25.530001,24.940001,25.230000,25.230000,1132700
2021-07-29,25.530001,27.070000,25.379999,26.959999,26.959999,2507600
2021-07-30,27.000000,27.440001,26.730000,26.820000,26.820000,1204500
2021-08-02,27.040001,27.370001,26.870001,27.049999,27.049999,1270600
2021-08-03,27.180000,27.370001,26.690001,27.330000,27.330000,881000
2021-08-04,26.959999,27.250000,26.420000,26.490000,26.490000,1196400
2021-08-05,26.740000,27.059999,26.629999,26.980000,26.980000,774300
2021-08-06,27.280001,27.459999,26.750000,26.799999,26.799999,837700
2021-08-09,26.670000,26.980000,26.360001,26.650000,26.650000,614000
2021-08-10,26.799999,27.190001,26.530001,27.040001,27.040001,637000
2021-08-11,27.080000,28.230000,26.920000,28.200001,28.200001,1141500
2021-08-12,28.219999,28.580000,27.840000,28.200001,28.200001,1083000
2021-08-13,28.330000,28.490000,27.850000,28.170000,28.170000,660800
2021-08-16,27.969999,28.930000,27.879999,28.650000,28.650000,1303900
2021-08-17,28.209999,28.240000,27.030001,27.400000,27.400000,1012500
2021-08-18,27.190001,27.719999,26.910000,27.120001,27.120001,900600
2021-08-19,26.799999,27.350000,26.580000,27.200001,27.200001,1003100
2021-08-20,27.150000,27.870001,27.150000,27.639999,27.639999,819900
2021-08-23,27.629999,27.629999,26.690001,27.240000,27.240000,989300
2021-08-24,27.469999,28.530001,27.410000,27.879999,27.879999,1022500
2021-08-25,27.930000,28.540001,27.750000,28.270000,28.270000,743000
2021-08-26,28.219999,28.320000,27.690001,27.900000,27.900000,1065100
2021-08-27,27.879999,28.860001,27.879999,28.549999,28.549999,863300
2021-08-30,28.700001,28.700001,28.180000,28.260000,28.260000,645600