Date,Open,High,Low,Close,Adj Close,Volume
2021-01-04,81.470001,81.959999,78.610001,79.239998,79.239998,298700
2021-01-05,78.750000,79.519997,78.110001,78.830002,78.830002,279300
2021-01-06,79.430000,82.349998,79.139999,81.970001,81.970001,281800
2021-01-07,82.500000,84.040001,82.500000,83.900002,83.900002,128300
2021-01-08,84.180000,85.080002,81.930000,82.540001,82.540001,143500
2021-01-11,81.699997,83.269997,81.699997,83.110001,83.110001,125700
2021-01-12,82.739998,84.559998,82.650002,84.360001,84.360001,296400
2021-01-13,84.339996,84.760002,82.820000,82.949997,82.949997,267500
2021-01-14,83.349998,84.269997,82.660004,83.250000,83.250000,189900
2021-01-15,82.230003,82.230003,79.959999,80.370003,80.370003,169300
2021-01-19,80.510002,81.660004,79.959999,81.360001,81.360001,365200
2021-01-20,81.800003,83.260002,81.800003,83.120003,83.120003,182000
2021-01-21,83.620003,83.620003,80.809998,80.900002,80.900002,150000
2021-01-22,80.150002,80.830002,79.730003,80.669998,80.669998,160800
2021-01-25,80.070000,81.309998,78.519997,79.889999,79.889999,442700
2021-01-26,80.000000,81.459999,79.779999,80.599998,80.599998,314900
2021-01-27,78.639999,79.349998,74.260002,74.910004,74.910004,437300
2021-01-28,76.010002,78.000000,75.040001,77.150002,77.150002,321300
2021-01-29,76.620003,77.379997,74.099998,74.110001,74.110001,341700
2021-02-01,74.879997,76.730003,74.879997,76.360001,76.360001,236900
2021-02-02,77.599998,78.000000,76.699997,77.790001,77.790001,237900
2021-02-03,77.519997,77.650002,76.400002,77.139999,77.139999,272200
2021-02-04,77.050003,79.459999,76.839996,78.870003,78.870003,226200
2021-02-05,79.660004,80.180000,76.839996,77.959999,77.959999,234800
2021-02-08,78.500000,79.870003,77.660004,79.650002,79.650002,293900
2021-02-09,79.629997,81.150002,79.290001,80.879997,80.879997,192200
2021-02-10,81.500000,82.589996,80.660004,82.410004,82.410004,323500
2021-02-11,82.959999,85.139999,82.959999,84.099998,84.099998,386000
2021-02-12,84.139999,85.360001,83.010002,84.449997,84.449997,435800
2021-02-16,84.379997,84.820000,79.250000,79.250000,79.250000,509300
2021-02-17,76.040001,79.900002,75.250000,78.519997,78.519997,386400
2021-02-18,77.220001,80.330002,77.220001,79.309998,79.309998,373200
2021-02-19,79.139999,80.389999,79.139999,80.010002,80.010002,434900
2021-02-22,79.000000,82.410004,79.000000,81.989998,81.989998,242900
2021-02-23,81.139999,84.570000,80.029999,83.830002,83.830002,309500
2021-02-24,83.750000,85.989998,83.290001,85.639999,85.639999,195500
2021-02-25,85.599998,86.309998,82.489998,82.580002,82.580002,219300
2021-02-26,82.809998,83.300003,80.190002,80.269997,80.269997,373700
2021-03-01,81.739998,84.040001,81.419998,83.730003,83.730003,210700
2021-03-02,83.489998,83.889999,81.800003,81.800003,81.800003,314800
2021-03-03,81.680000,83.410004,80.239998,80.330002,80.330002,267100
2021-03-04,80.320000,80.529999,75.510002,76.250000,76.250000,308100
2021-03-05,77.570000,79.730003,75.209999,79.650002,79.650002,287700
2021-03-08,79.919998,81.620003,79.120003,80.830002,80.830002,249800
2021-03-09,82.089996,84.139999,81.230003,83.660004,83.660004,212000
2021-03-10,84.040001,84.930000,82.639999,83.529999,83.529999,260300
2021-03-11,84.260002,84.919998,83.080002,84.860001,84.860001,186100
2021-03-12,84.639999,87.599998,84.639999,87.129997,87.129997,259000
2021-03-15,87.000000,87.000000,83.260002,83.680000,83.680000,190500
2021-03-16,83.720001,84.010002,82.949997,83.769997,83.769997,147200
2021-03-17,83.599998,83.730003,82.180000,82.849998,82.849998,205000
2021-03-18,82.370003,83.330002,80.739998,80.900002,80.900002,208400
2021-03-19,81.169998,82.660004,79.309998,80.720001,80.720001,503700
2021-03-22,80.760002,80.760002,78.690002,79.680000,79.680000,155400
2021-03-23,78.669998,79.959999,77.889999,78.470001,78.470001,210500
2021-03-24,78.919998,80.550003,77.559998,77.639999,77.639999,250300
2021-03-25,76.919998,78.029999,75.760002,77.709999,77.709999,173600
2021-03-26,78.419998,78.879997,77.599998,78.680000,78.680000,303100
2021-03-29,78.320000,80.029999,77.330002,77.330002,77.330002,188100
2021-03-30,77.260002,78.150002,76.599998,77.489998,77.489998,155500
2021-03-31,77.830002,78.489998,77.430000,77.959999,77.959999,238200
2021-04-01,78.629997,79.830002,78.629997,79.400002,79.400002,211600
2021-04-05,80.360001,81.320000,79.589996,79.949997,79.949997,143700
2021-04-06,79.489998,80.690002,79.489998,79.750000,79.750000,193800
2021-04-07,79.379997,79.690002,77.970001,78.320000,78.320000,129800
2021-04-08,78.860001,80.080002,78.779999,79.660004,79.660004,193700
2021-04-09,79.820000,81.290001,79.449997,81.160004,81.160004,211000
2021-04-12,81.160004,82.029999,81.160004,82.000000,82.000000,147700
2021-04-13,81.989998,82.059998,80.870003,81.489998,81.489998,149800
2021-04-14,81.860001,83.500000,81.860001,82.730003,82.730003,124200
2021-04-15,83.570000,83.830002,82.269997,83.760002,83.760002,103800
2021-04-16,84.180000,84.680000,83.800003,84.349998,84.349998,157200
2021-04-19,84.110001,84.430000,82.699997,83.370003,83.370003,181100
2021-04-20,83.180000,83.910004,82.180000,82.599998,82.599998,210900
2021-04-21,82.669998,84.110001,82.529999,83.690002,83.690002,251400
2021-04-22,84.139999,85.059998,83.639999,83.760002,83.760002,217700
2021-04-23,83.900002,85.989998,83.900002,85.730003,85.730003,142800
2021-04-26,85.930000,86.379997,84.300003,84.300003,84.300003,265900
2021-04-27,82.680000,84.370003,76.239998,77.750000,77.750000,659700
2021-04-28,77.290001,79.470001,77.290001,78.980003,78.980003,519700
2021-04-29,78.879997,80.190002,78.489998,79.760002,79.760002,439800
2021-04-30,78.889999,79.510002,77.610001,78.709999,78.709999,371500
2021-05-03,79.760002,80.500000,79.309998,79.500000,79.500000,280800
2021-05-04,78.980003,79.699997,78.180000,79.000000,79.000000,204200
2021-05-05,79.199997,79.510002,77.660004,79.040001,79.040001,162400
2021-05-06,79.199997,79.779999,78.269997,79.750000,79.750000,193400
2021-05-07,80.300003,81.900002,79.790001,81.730003,81.730003,175700
2021-05-10,81.699997,81.910004,79.410004,79.449997,79.449997,150100
2021-05-11,77.870003,78.699997,77.070000,77.489998,77.489998,130400
2021-05-12,76.940002,77.449997,75.879997,76.089996,76.089996,168400
2021-05-13,76.410004,79.790001,76.410004,79.040001,79.040001,250800
2021-05-14,79.599998,80.309998,79.070000,80.239998,80.239998,106500
2021-05-17,79.419998,79.930000,78.540001,79.760002,79.760002,114800
2021-05-18,79.209999,79.320000,78.129997,78.209999,78.209999,141300
2021-05-19,76.129997,77.470001,75.629997,77.400002,77.400002,153600
2021-05-20,76.620003,78.739998,76.019997,77.800003,77.800003,230500
2021-05-21,78.720001,78.720001,76.849998,77.309998,77.309998,201000
2021-05-24,77.669998,78.839996,77.059998,78.589996,78.589996,256400
2021-05-25,78.779999,79.449997,77.699997,77.779999,77.779999,187800
2021-05-26,77.910004,78.120003,76.809998,77.519997,77.519997,291300
2021-05-27,77.730003,78.139999,76.650002,76.660004,76.660004,311500
2021-05-28,77.169998,77.300003,75.260002,75.339996,75.339996,256600
2021-06-01,76.059998,76.059998,74.760002,74.989998,74.989998,219200
2021-06-02,75.129997,75.199997,71.419998,73.080002,73.080002,436000
2021-06-03,72.730003,73.470001,72.300003,73.220001,73.220001,452200
2021-06-04,73.620003,74.120003,73.010002,73.169998,73.169998,276700
2021-06-07,72.650002,73.250000,72.650002,72.879997,72.879997,266800
2021-06-08,73.330002,74.199997,72.879997,73.800003,73.800003,242500
2021-06-09,74.199997,74.199997,72.570000,72.690002,72.690002,137200
2021-06-10,72.889999,72.940002,72.160004,72.300003,72.300003,177600
2021-06-11,72.570000,73.930000,72.570000,73.930000,73.930000,251800
2021-06-14,74.000000,74.000000,72.599998,72.900002,72.900002,179400
2021-06-15,73.089996,74.059998,72.540001,73.889999,73.889999,206300
2021-06-16,73.760002,73.760002,72.279999,72.709999,72.709999,158200
2021-06-17,72.510002,72.599998,71.209999,71.919998,71.919998,127100
2021-06-18,70.820000,71.400002,70.199997,70.389999,70.389999,285000
2021-06-21,71.019997,72.610001,70.709999,72.180000,72.180000,190100
2021-06-22,71.779999,72.599998,71.129997,72.279999,72.279999,119200
2021-06-23,72.279999,72.510002,71.669998,72.120003,72.120003,158500
2021-06-24,72.730003,73.489998,72.290001,73.260002,73.260002,126600
2021-06-25,73.500000,74.730003,72.860001,74.389999,74.389999,664100
2021-06-28,74.230003,74.230003,72.570000,73.360001,73.360001,201600
2021-06-29,73.500000,74.139999,73.260002,73.790001,73.790001,151500
2021-06-30,73.370003,73.769997,72.199997,72.480003,72.480003,164600
2021-07-01,73.110001,73.110001,72.389999,72.730003,72.730003,223200
2021-07-02,72.760002,73.010002,71.919998,72.790001,72.790001,137500
2021-07-06,72.459999,72.680000,70.470001,71.279999,71.279999,136500
2021-07-07,71.120003,71.820000,70.320000,70.889999,70.889999,185900
2021-07-08,69.779999,71.639999,69.430000,70.489998,70.489998,165900
2021-07-09,71.330002,71.639999,70.930000,71.000000,71.000000,409400
2021-07-12,70.440002,72.080002,70.389999,71.919998,71.919998,310300
2021-07-13,71.970001,72.330002,71.290001,71.500000,71.500000,189000
2021-07-14,71.959999,72.629997,71.559998,72.349998,72.349998,177200
2021-07-15,72.269997,73.120003,72.029999,72.639999,72.639999,153700
2021-07-16,73.440002,73.610001,72.339996,72.389999,72.389999,155700
2021-07-19,71.059998,72.089996,70.029999,70.730003,70.730003,154300
2021-07-20,71.160004,73.620003,71.160004,72.570000,72.570000,275500
2021-07-21,72.930000,73.519997,72.050003,72.690002,72.690002,222700
2021-07-22,72.639999,72.639999,71.610001,72.279999,72.279999,169900
2021-07-23,72.629997,73.529999,71.949997,73.309998,73.309998,213800
2021-07-26,73.050003,73.349998,71.779999,73.190002,73.190002,198600
2021-07-27,75.000000,80.000000,75.000000,78.910004,78.910004,454200
2021-07-28,78.690002,80.180000,78.400002,79.860001,79.860001,336300
2021-07-29,80.430000,82.230003,80.040001,81.900002,81.900002,271900
2021-07-30,81.300003,83.550003,81.300003,82.980003,82.980003,423100
2021-08-02,83.540001,84.529999,83.389999,83.660004,83.660004,202500
2021-08-03,83.559998,85.230003,83.239998,85.120003,85.120003,219800
2021-08-04,84.559998,85.900002,84.449997,85.010002,85.010002,272700
2021-08-05,85.660004,86.989998,85.089996,86.449997,86.449997,231600
2021-08-06,87.000000,87.500000,85.989998,87.209999,87.209999,212500
2021-08-09,86.989998,87.370003,85.580002,86.919998,86.919998,266900
2021-08-10,87.000000,88.750000,87.000000,88.410004,88.410004,136700
2021-08-11,88.650002,89.870003,88.419998,89.769997,89.769997,136200
2021-08-12,89.760002,90.589996,89.559998,89.779999,89.779999,433100
2021-08-13,90.000000,90.820000,89.720001,90.639999,90.639999,155300
2021-08-16,90.510002,91.300003,90.360001,91.059998,91.059998,123200
2021-08-17,89.680000,90.500000,89.540001,90.290001,90.290001,199000
2021-08-18,90.000000,90.500000,89.059998,89.129997,89.129997,199100
2021-08-19,87.529999,91.629997,87.449997,91.120003,91.120003,228000
2021-08-20,91.000000,91.709999,90.089996,91.290001,91.290001,154900
2021-08-23,91.519997,91.970001,91.300003,91.639999,91.639999,104800
2021-08-24,92.000000,92.620003,91.320000,92.070000,92.070000,117300
2021-08-25,92.470001,92.580002,91.360001,91.449997,91.449997,127300
2021-08-26,91.500000,92.000000,90.699997,91.150002,91.150002,238700
2021-08-27,91.529999,92.830002,91.290001,91.739998,91.739998,248400
2021-08-30,92.029999,92.269997,90.849998,91.019997,91.019997,219700