Date,Open,High,Low,Close,Adj Close,Volume
2021-01-04,122.440002,122.440002,114.379997,118.760002,118.760002,280300
2021-01-05,119.089996,122.735001,118.074997,122.000000,122.000000,232300
2021-01-06,120.309998,126.419998,119.139999,122.690002,122.690002,235700
2021-01-07,122.500000,126.250000,119.769997,125.949997,125.949997,323300
2021-01-08,126.209999,131.679993,125.970001,131.070007,131.070007,363500
2021-01-11,126.930000,131.259995,123.260002,129.380005,129.380005,318500
2021-01-12,131.410004,132.190002,126.360001,127.610001,127.610001,249100
2021-01-13,128.860001,131.360001,127.250000,128.029999,128.029999,200400
2021-01-14,129.529999,139.809998,128.580002,136.990005,136.990005,383100
2021-01-15,136.350006,139.645004,130.667999,131.600006,131.600006,207000
2021-01-19,135.940002,136.199997,131.500000,135.320007,135.320007,185500
2021-01-20,135.850006,136.720001,132.289993,133.000000,133.000000,226300
2021-01-21,134.399994,134.399994,127.160004,129.520004,129.520004,273700
2021-01-22,128.419998,132.796997,127.125000,131.960007,131.960007,189600
2021-01-25,131.869995,134.125000,129.410004,134.059998,134.059998,170800
2021-01-26,135.199997,135.380005,127.830002,128.070007,128.070007,204600
2021-01-27,125.019997,126.800003,117.343002,119.019997,119.019997,519000
2021-01-28,120.099998,125.290001,118.790001,120.680000,120.680000,290800
2021-01-29,125.500000,129.539993,123.489998,125.489998,125.489998,393000
2021-02-01,126.550003,126.739998,121.949997,124.459999,124.459999,352300
2021-02-02,127.720001,132.899994,125.190002,131.559998,131.559998,293700
2021-02-03,131.179993,132.848007,127.389999,127.620003,127.620003,173600
2021-02-04,128.059998,133.850006,127.330002,131.119995,131.119995,201700
2021-02-05,131.729996,136.330002,130.449005,133.389999,133.389999,231300
2021-02-08,133.619995,141.300003,133.619995,140.009995,140.009995,360400
2021-02-09,139.289993,140.240005,135.470001,136.380005,136.380005,154300
2021-02-10,136.339996,138.169998,133.589996,135.899994,135.899994,160300
2021-02-11,136.479996,139.000000,133.410004,134.630005,134.630005,160300
2021-02-12,132.770004,136.806000,132.279999,133.639999,133.639999,202500
2021-02-16,133.610001,136.139999,128.779999,130.350006,130.350006,219900
2021-02-17,128.320007,129.529999,123.500000,124.529999,124.529999,275900
2021-02-18,122.430000,123.379997,119.470001,120.750000,120.750000,198000
2021-02-19,121.449997,128.871994,121.449997,121.930000,121.930000,303700
2021-02-22,120.410004,122.445000,116.120003,116.769997,116.769997,247400
2021-02-23,113.570000,118.959999,108.930000,117.279999,117.279999,372800
2021-02-24,116.570000,121.110001,115.355003,118.099998,118.099998,196500
2021-02-25,117.260002,119.400002,112.621002,116.910004,116.910004,270100
2021-02-26,118.230003,119.910004,110.839996,117.910004,117.910004,295500
2021-03-01,119.070000,122.449997,118.355003,121.220001,121.220001,247800
2021-03-02,119.099998,123.574997,114.570000,116.930000,116.930000,248100
2021-03-03,116.150002,122.209999,111.029999,111.680000,111.680000,312600
2021-03-04,111.199997,112.099998,101.364998,103.089996,103.089996,465700
2021-03-05,104.980003,112.180000,100.230003,111.949997,111.949997,394300
2021-03-08,110.129997,113.730003,103.300003,106.980003,106.980003,344100
2021-03-09,109.660004,116.650002,109.139999,113.290001,113.290001,279300
2021-03-10,114.910004,116.133003,105.849998,106.000000,106.000000,250800
2021-03-11,108.440002,117.080002,108.440002,115.779999,115.779999,561400
2021-03-12,114.330002,115.589996,109.699997,114.599998,114.599998,369400
2021-03-15,113.779999,113.779999,107.510002,109.790001,109.790001,406700
2021-03-16,109.779999,112.680000,103.930000,106.849998,106.849998,229500
2021-03-17,105.750000,109.544998,103.629997,108.459999,108.459999,342200
2021-03-18,107.660004,109.230003,101.820000,102.709999,102.709999,359700
2021-03-19,102.519997,105.760002,101.705002,105.720001,105.720001,870000
2021-03-22,106.860001,108.230003,102.290001,103.099998,103.099998,374800
2021-03-23,102.349998,104.309998,97.339996,97.699997,97.699997,354100
2021-03-24,99.349998,99.349998,93.989998,94.019997,94.019997,361500
2021-03-25,92.010002,95.824997,89.730003,95.500000,95.500000,563500
2021-03-26,96.070000,96.639999,89.129997,91.540001,91.540001,515100
2021-03-29,91.360001,91.800003,87.379997,88.190002,88.190002,375500
2021-03-30,88.019997,91.730003,86.860001,89.500000,89.500000,291100
2021-03-31,89.559998,95.525002,88.660004,94.589996,94.589996,421100
2021-04-01,95.500000,95.500000,89.529999,90.589996,90.589996,384900
2021-04-05,91.599998,92.820000,89.589996,89.949997,89.949997,323100
2021-04-06,90.529999,91.309998,81.779999,82.360001,82.360001,753500
2021-04-07,82.019997,82.919998,80.180000,80.699997,80.699997,636800
2021-04-08,81.570000,84.550003,80.110001,82.059998,82.059998,530200
2021-04-09,81.660004,81.660004,78.099998,78.949997,78.949997,352300
2021-04-12,78.949997,78.949997,74.665001,74.940002,74.940002,824600
2021-04-13,74.730003,75.930000,73.019997,74.809998,74.809998,922600
2021-04-14,76.120003,78.995003,75.110001,75.900002,75.900002,749200
2021-04-15,76.559998,79.154999,76.199997,77.239998,77.239998,283000
2021-04-16,77.989998,78.355003,72.500000,73.029999,73.029999,449700
2021-04-19,72.160004,74.339996,71.500000,72.660004,72.660004,275200
2021-04-20,72.389999,73.389999,70.470001,71.540001,71.540001,205700
2021-04-21,70.809998,73.580002,70.002998,73.400002,73.400002,404200
2021-04-22,73.669998,75.449997,71.769997,73.309998,73.309998,674000
2021-04-23,73.419998,74.550003,71.000000,72.349998,72.349998,462600
2021-04-26,73.430000,78.699997,72.349998,78.010002,78.010002,770800
2021-04-27,78.129997,79.360001,76.720001,78.260002,78.260002,486500
2021-04-28,77.669998,79.930000,76.070000,78.309998,78.309998,451800
2021-04-29,78.690002,79.339996,76.150002,77.959999,77.959999,272800
2021-04-30,76.949997,79.589996,75.834999,76.230003,76.230003,271500
2021-05-03,76.650002,78.779999,76.129997,77.070000,77.070000,413100
2021-05-04,76.449997,76.449997,71.790001,72.239998,72.239998,319000
2021-05-05,72.720001,73.665001,69.739998,70.570000,70.570000,769000
2021-05-06,69.500000,69.889999,63.759998,64.779999,64.779999,827500
2021-05-07,65.250000,65.510002,63.560001,64.959999,64.959999,741800
2021-05-10,64.760002,65.169998,62.160000,62.930000,62.930000,441600
2021-05-11,60.430000,65.300003,60.270000,64.949997,64.949997,914800
2021-05-12,63.860001,68.330002,63.860001,65.940002,65.940002,699700
2021-05-13,66.379997,68.449997,65.040001,68.279999,68.279999,417900
2021-05-14,67.620003,70.580002,67.620003,69.349998,69.349998,372200
2021-05-17,68.110001,71.349998,66.440002,70.449997,70.449997,314700
2021-05-18,70.739998,73.000000,70.035004,70.690002,70.690002,283600
2021-05-19,69.160004,70.540001,66.809998,68.279999,68.279999,145500
2021-05-20,68.489998,70.970001,67.510002,70.360001,70.360001,175700
2021-05-21,71.139999,71.360001,68.470001,70.339996,70.339996,284800
2021-05-24,70.930000,72.150002,69.489998,70.599998,70.599998,734800
2021-05-25,68.169998,70.830002,66.750000,68.860001,68.860001,615000
2021-05-26,69.430000,69.709999,67.934998,68.510002,68.510002,310100
2021-05-27,69.410004,69.410004,67.550003,67.779999,67.779999,481900
2021-05-28,68.230003,69.599998,65.389999,66.180000,66.180000,578000
2021-06-01,65.949997,65.980003,64.750000,65.680000,65.680000,451600
2021-06-02,66.400002,66.769997,64.949997,65.639999,65.639999,292600
2021-06-03,65.500000,67.949997,63.099998,65.110001,65.110001,338600
2021-06-04,65.150002,65.510002,64.129997,64.860001,64.860001,293400
2021-06-07,65.190002,72.550003,64.254997,72.540001,72.540001,612900
2021-06-08,72.750000,73.660004,67.970001,71.500000,71.500000,486300
2021-06-09,72.320000,73.680000,69.970001,70.230003,70.230003,316900
2021-06-10,70.309998,72.669998,68.440002,72.470001,72.470001,416400
2021-06-11,72.269997,75.019997,71.410004,74.930000,74.930000,352600
2021-06-14,75.349998,77.809998,74.190002,77.680000,77.680000,605300
2021-06-15,77.699997,80.150002,75.489998,77.989998,77.989998,818500
2021-06-16,77.720001,80.209999,76.404999,77.599998,77.599998,775700
2021-06-17,78.349998,81.180000,77.040001,80.580002,80.580002,550300
2021-06-18,79.660004,83.059998,77.124001,81.110001,81.110001,1246500
2021-06-21,81.339996,82.400002,78.199997,80.540001,80.540001,644200
2021-06-22,81.080002,82.269997,78.790001,80.120003,80.120003,443900
2021-06-23,79.730003,81.410004,78.349998,79.889999,79.889999,360800
2021-06-24,80.379997,82.230003,79.010002,80.769997,80.769997,406700
2021-06-25,81.250000,82.480003,78.760002,80.400002,80.400002,3066100
2021-06-28,81.209999,81.445000,76.459999,76.519997,76.519997,526100
2021-06-29,76.610001,77.400002,74.745003,75.870003,75.870003,660900
2021-06-30,75.690002,79.860001,75.290001,78.019997,78.019997,483000
2021-07-01,78.019997,78.379997,75.099998,77.480003,77.480003,631700
2021-07-02,77.820000,77.820000,75.860001,76.220001,76.220001,314900
2021-07-06,76.120003,76.120003,72.589996,73.339996,73.339996,749800
2021-07-07,73.349998,74.099998,70.504997,71.500000,71.500000,349600
2021-07-08,70.180000,74.839996,69.629997,71.480003,71.480003,612000
2021-07-09,71.580002,74.449997,71.260002,74.430000,74.430000,188900
2021-07-12,74.180000,75.830002,73.080002,75.379997,75.379997,173200
2021-07-13,74.650002,76.180000,73.629997,74.769997,74.769997,228700
2021-07-14,74.900002,75.620003,69.790001,69.910004,69.910004,238400
2021-07-15,69.750000,70.199997,66.330002,67.449997,67.449997,387800
2021-07-16,67.919998,68.930000,66.614998,67.349998,67.349998,354900
2021-07-19,66.419998,68.449997,65.860001,67.070000,67.070000,201100
2021-07-20,67.489998,69.610001,66.860001,69.389999,69.389999,482700
2021-07-21,69.860001,70.000000,66.190002,69.150002,69.150002,467800
2021-07-22,69.209999,69.830002,67.510002,67.570000,67.570000,265500
2021-07-23,67.589996,67.779999,64.980003,65.059998,65.059998,372000
2021-07-26,65.050003,65.550003,62.261002,62.630001,62.630001,319700
2021-07-27,62.040001,62.830002,59.730000,61.000000,61.000000,442700
2021-07-28,61.910000,65.889999,61.500000,65.459999,65.459999,577800
2021-07-29,65.570000,68.180000,64.955002,65.820000,65.820000,443600
2021-07-30,64.680000,65.839996,62.599998,63.820000,63.820000,298300
2021-08-02,64.279999,65.849998,63.855000,64.730003,64.730003,313900
2021-08-03,64.699997,64.709999,63.189999,64.019997,64.019997,212300
2021-08-04,63.259998,65.290001,61.549999,61.860001,61.860001,244100
2021-08-05,61.509998,65.449997,61.320000,65.330002,65.330002,232800
2021-08-06,65.910004,65.910004,63.529999,64.209999,64.209999,208000
2021-08-09,63.779999,64.980003,61.750000,62.070000,62.070000,274400
2021-08-10,67.540001,69.839996,64.650002,65.570000,65.570000,541900
2021-08-11,65.389999,66.150002,63.900002,65.300003,65.300003,221900
2021-08-12,65.059998,66.860001,64.080002,65.110001,65.110001,220300
2021-08-13,65.419998,66.584999,64.000000,66.349998,66.349998,230800
2021-08-16,65.529999,67.720001,64.190002,66.739998,66.739998,284900
2021-08-17,66.839996,67.000000,64.129997,66.040001,66.040001,269900
2021-08-18,66.440002,66.690002,63.930000,63.930000,63.930000,171800
2021-08-19,64.430000,66.419998,62.639999,62.950001,62.950001,376500
2021-08-20,62.509998,64.269997,61.200001,64.110001,64.110001,255400
2021-08-23,65.470001,70.269997,64.955002,69.620003,69.620003,435000
2021-08-24,69.989998,72.150002,68.169998,71.940002,71.940002,262800
2021-08-25,72.279999,77.239998,71.669998,76.440002,76.440002,403600
2021-08-26,76.010002,78.400002,75.199997,75.470001,75.470001,241300
2021-08-27,76.150002,79.160004,74.690002,77.529999,77.529999,312300
2021-08-30,78.199997,80.820000,76.820000,77.199997,77.199997,306100