Date,Open,High,Low,Close,Adj Close,Volume
2021-01-04,58.450001,58.529999,55.980000,55.980000,55.456402,329400
2021-01-05,56.130001,56.799999,55.759998,56.349998,55.822945,239400
2021-01-06,56.840000,56.889999,55.480000,55.810001,55.287994,453900
2021-01-07,55.560001,55.970001,55.150002,55.750000,55.228554,286900
2021-01-08,55.900002,56.709999,55.779999,56.230000,55.704067,402800
2021-01-11,55.880001,56.169998,55.290001,55.549999,55.030426,479300
2021-01-12,55.700001,55.779999,54.590000,54.770000,54.257725,452700
2021-01-13,55.160000,55.919998,55.160000,55.439999,54.921455,441500
2021-01-14,55.730000,55.860001,54.869999,55.320000,54.802578,281400
2021-01-15,55.160000,56.060001,54.959999,56.060001,55.535656,399100
2021-01-19,56.419998,56.419998,55.480000,55.509998,54.990799,292900
2021-01-20,55.599998,56.849998,55.570000,56.540001,56.011169,390500
2021-01-21,56.419998,57.169998,55.799999,56.880001,56.347988,193100
2021-01-22,56.490002,57.189999,56.349998,57.060001,56.526302,204000
2021-01-25,57.139999,57.919998,56.650002,57.290001,56.754150,258900
2021-01-26,57.450001,58.459999,57.450001,58.020000,57.477325,281900
2021-01-27,57.270000,58.070000,56.090000,56.439999,55.912102,413700
2021-01-28,56.689999,57.160000,56.040001,56.470001,55.941826,287500
2021-01-29,56.110001,57.230000,55.320000,56.580002,56.050797,347700
2021-02-01,56.770000,58.570000,56.009998,58.369999,57.824051,217300
2021-02-02,58.830002,59.669998,58.279999,59.400002,58.844418,238100
2021-02-03,59.040001,59.049999,58.150002,58.950001,58.398624,266900
2021-02-04,58.900002,60.040001,58.639999,59.970001,59.409084,332600
2021-02-05,60.220001,60.439999,59.700001,59.930000,59.369461,157800
2021-02-08,60.439999,60.490002,59.189999,60.419998,59.854874,268500
2021-02-09,60.340000,60.660000,59.119999,59.290001,58.735447,345500
2021-02-10,59.750000,60.130001,59.119999,59.400002,58.844418,280400
2021-02-11,59.509998,61.240002,59.509998,61.029999,60.459171,302700
2021-02-12,60.750000,61.230000,60.580002,61.119999,60.548328,280800
2021-02-16,61.299999,61.299999,59.610001,59.980000,59.418991,268800
2021-02-17,59.680000,60.169998,59.340000,59.480000,58.923668,202500
2021-02-18,59.549999,59.799999,58.570000,58.660000,58.111336,159000
2021-02-19,58.820000,58.970001,58.200001,58.459999,57.913208,234200
2021-02-22,58.279999,58.669998,57.740002,58.459999,57.913208,209900
2021-02-23,58.570000,59.320000,58.230000,58.900002,58.349094,428700
2021-02-24,59.049999,59.049999,58.000000,58.139999,57.596203,293600
2021-02-25,57.740002,58.599998,56.810001,57.029999,56.496582,238400
2021-02-26,57.299999,57.650002,56.040001,56.040001,55.515842,574600
2021-03-01,56.529999,57.299999,56.160000,56.400002,55.872478,440200
2021-03-02,56.070000,56.230000,54.860001,55.439999,54.921455,282700
2021-03-03,55.189999,55.310001,54.439999,54.520000,54.010059,276900
2021-03-04,54.680000,55.669998,54.070000,54.340000,53.831745,359800
2021-03-05,54.820000,56.070000,53.980000,55.900002,55.377155,415200
2021-03-08,55.980000,56.290001,55.380001,55.419998,54.901642,287300
2021-03-09,55.910000,56.299999,55.340000,55.509998,54.990799,354500
2021-03-10,55.509998,56.009998,55.169998,55.520000,55.000710,772900
2021-03-11,55.700001,56.400002,55.529999,56.349998,55.822945,325500
2021-03-12,56.410000,57.610001,56.169998,57.439999,56.902748,458100
2021-03-15,57.380001,58.430000,57.000000,58.310001,57.764614,451800
2021-03-16,58.310001,58.590000,57.900002,58.349998,57.804237,352500
2021-03-17,58.279999,58.279999,57.299999,58.049999,57.507042,207300
2021-03-18,57.770000,58.480000,57.430000,58.360001,57.814144,308300
2021-03-19,58.480000,58.610001,57.130001,57.139999,56.605553,856800
2021-03-22,56.889999,57.840000,56.830002,57.740002,57.199947,271000
2021-03-23,57.560001,59.189999,57.560001,58.820000,58.269840,424900
2021-03-24,58.779999,59.439999,58.220001,58.509998,57.962738,402900
2021-03-25,58.130001,58.580002,57.040001,58.090000,57.833317,290500
2021-03-26,58.090000,59.310001,58.090000,59.250000,58.988190,226700
2021-03-29,59.250000,59.500000,58.470001,58.509998,58.251457,226800
2021-03-30,58.320000,58.730000,57.880001,58.570000,58.311195,269700
2021-03-31,58.540001,59.150002,57.770000,57.770000,57.514729,525800
2021-04-01,58.099998,59.220001,57.970001,59.209999,58.948364,474200
2021-04-05,59.500000,60.160000,58.709999,59.160000,58.898586,407100
2021-04-06,59.189999,59.980000,59.090000,59.889999,59.625362,338900
2021-04-07,60.130001,60.459999,59.220001,59.490002,59.227131,332800
2021-04-08,59.740002,60.310001,59.459999,59.630001,59.366512,221400
2021-04-09,59.820000,60.110001,59.389999,59.959999,59.695053,190200
2021-04-12,59.900002,60.439999,59.529999,60.259998,59.993725,161500
2021-04-13,60.580002,61.599998,60.520000,61.419998,61.148602,285700
2021-04-14,61.369999,62.020000,60.310001,60.439999,60.172932,319900
2021-04-15,60.750000,62.220001,60.750000,62.119999,61.845509,224400
2021-04-16,62.310001,62.310001,61.389999,61.590000,61.317852,254400
2021-04-19,61.459999,62.349998,61.200001,62.310001,62.034672,275200
2021-04-20,62.320000,63.830002,62.320000,63.669998,63.388657,225600
2021-04-21,64.000000,64.139999,63.529999,63.580002,63.299061,229200
2021-04-22,63.860001,63.860001,62.730000,62.919998,62.641972,220600
2021-04-23,62.990002,63.410000,62.689999,63.349998,63.070072,196000
2021-04-26,63.680000,63.750000,63.259998,63.459999,63.179588,215000
2021-04-27,63.520000,63.680000,62.799999,63.570000,63.289101,206500
2021-04-28,63.740002,64.150002,63.470001,63.650002,63.368748,388600
2021-04-29,63.919998,64.620003,63.549999,64.050003,63.766983,273200
2021-04-30,63.790001,64.830002,63.790001,64.519997,64.234901,363500
2021-05-03,64.820000,64.820000,63.840000,63.990002,63.707249,386800
2021-05-04,63.970001,64.360001,63.320000,63.700001,63.418530,260500
2021-05-05,63.700001,63.889999,62.119999,62.619999,62.343300,281800
2021-05-06,62.990002,64.029999,61.560001,63.689999,63.408569,238300
2021-05-07,63.630001,64.230003,63.480000,64.160004,63.876499,234900
2021-05-10,64.410004,64.870003,63.799999,63.799999,63.518085,159500
2021-05-11,63.310001,63.310001,62.070000,62.599998,62.323387,193100
2021-05-12,62.200001,62.770000,61.250000,61.340000,61.068954,187500
2021-05-13,61.930000,62.599998,61.380001,62.310001,62.034672,247800
2021-05-14,62.500000,63.330002,62.389999,63.020000,62.741531,253800
2021-05-17,63.119999,63.150002,62.610001,62.840000,62.562328,213800
2021-05-18,62.759998,63.480000,62.279999,63.110001,62.831135,197600
2021-05-19,62.630001,63.150002,62.009998,63.150002,62.870960,298200
2021-05-20,63.029999,63.860001,62.759998,63.720001,63.438438,255000
2021-05-21,63.840000,64.040001,63.110001,63.549999,63.269188,210800
2021-05-24,63.720001,64.779999,63.630001,64.500000,64.214989,172100
2021-05-25,64.599998,64.599998,63.599998,63.930000,63.647511,325300
2021-05-26,64.080002,64.449997,63.910000,63.939999,63.657467,173200
2021-05-27,63.459999,64.059998,63.139999,63.250000,62.970516,342400
2021-05-28,63.610001,63.830002,63.270000,63.619999,63.338879,202800
2021-06-01,63.730000,64.169998,63.299999,64.120003,63.836674,233900
2021-06-02,64.510002,64.980003,64.150002,64.839996,64.553482,254000
2021-06-03,64.669998,65.139999,64.320000,64.739998,64.453926,257100
2021-06-04,64.949997,64.949997,64.400002,64.690002,64.404152,236100
2021-06-07,64.809998,65.570000,64.809998,65.139999,64.852165,197000
2021-06-08,65.290001,66.110001,65.290001,65.940002,65.648628,298100
2021-06-09,66.230003,66.279999,65.800003,65.940002,65.648628,186400
2021-06-10,65.959999,66.870003,65.620003,66.550003,66.255936,272300
2021-06-11,66.190002,66.650002,65.910004,66.519997,66.226059,190600
2021-06-14,66.540001,67.349998,66.110001,67.349998,67.052399,315300
2021-06-15,67.669998,67.720001,66.739998,67.120003,66.823418,296200
2021-06-16,67.440002,67.440002,66.019997,66.029999,65.738228,296800
2021-06-17,65.860001,66.709999,65.790001,66.470001,66.176285,302800
2021-06-18,66.330002,66.690002,65.059998,65.059998,64.772514,493800
2021-06-21,65.540001,66.900002,65.139999,66.510002,66.216110,334200
2021-06-22,66.370003,66.449997,66.040001,66.110001,65.817879,155800
2021-06-23,65.860001,66.500000,65.660004,65.720001,65.429604,225200
2021-06-24,65.930000,65.970001,65.089996,65.629997,65.339996,167700
2021-06-25,65.540001,66.339996,65.500000,66.180000,65.887566,2030400
2021-06-28,66.339996,66.519997,65.040001,65.629997,65.339996,330300
2021-06-29,65.349998,65.830002,65.099998,65.269997,65.269997,257000
2021-06-30,65.050003,65.489998,64.470001,64.519997,64.519997,308200
2021-07-01,64.550003,65.250000,64.349998,64.519997,64.519997,197700
2021-07-02,64.830002,65.169998,64.449997,64.760002,64.760002,153100
2021-07-06,65.260002,65.769997,64.500000,65.550003,65.550003,184300
2021-07-07,65.779999,66.070000,65.419998,66.029999,66.029999,320200
2021-07-08,65.519997,66.410004,65.120003,65.730003,65.730003,286900
2021-07-09,65.809998,66.870003,65.660004,66.809998,66.809998,180500
2021-07-12,66.919998,67.500000,66.919998,67.269997,67.269997,201000
2021-07-13,67.010002,67.099998,66.120003,66.239998,66.239998,247800
2021-07-14,66.139999,66.919998,66.080002,66.529999,66.529999,181500
2021-07-15,66.779999,67.019997,66.239998,66.849998,66.849998,176900
2021-07-16,67.230003,67.489998,66.699997,67.010002,67.010002,232300
2021-07-19,66.449997,67.000000,65.610001,66.040001,66.040001,274100
2021-07-20,66.370003,68.650002,66.120003,68.089996,68.089996,461500
2021-07-21,68.010002,68.389999,67.180000,67.370003,67.370003,214100
2021-07-22,67.150002,67.650002,66.839996,67.220001,67.220001,222000
2021-07-23,67.480003,68.180000,67.070000,68.019997,68.019997,142800
2021-07-26,68.139999,68.660004,67.389999,67.570000,67.570000,188400
2021-07-27,67.220001,68.080002,67.220001,67.739998,67.739998,170600
2021-07-28,68.080002,68.260002,67.419998,67.959999,67.959999,230200
2021-07-29,68.019997,68.790001,67.739998,68.260002,68.260002,157600
2021-07-30,68.349998,69.279999,68.239998,68.360001,68.360001,254200
2021-08-02,68.639999,68.989998,67.989998,68.120003,68.120003,144000
2021-08-03,68.139999,68.349998,67.750000,68.199997,68.199997,116000
2021-08-04,67.860001,68.379997,67.190002,67.410004,67.410004,179600
2021-08-05,67.910004,68.650002,67.570000,68.410004,68.410004,172100
2021-08-06,68.599998,68.910004,68.129997,68.190002,68.190002,197900
2021-08-09,68.010002,68.269997,67.500000,68.120003,68.120003,147500
2021-08-10,68.120003,68.120003,66.870003,66.989998,66.989998,109700
2021-08-11,67.290001,67.440002,66.870003,67.190002,67.190002,212400
2021-08-12,67.470001,67.470001,66.860001,67.250000,67.250000,186300
2021-08-13,67.529999,67.650002,67.120003,67.489998,67.489998,147900
2021-08-16,67.459999,67.809998,67.010002,67.290001,67.290001,202800
2021-08-17,66.949997,67.430000,66.760002,66.989998,66.989998,370900
2021-08-18,66.919998,67.309998,65.750000,66.019997,66.019997,277100
2021-08-19,65.559998,66.349998,65.540001,66.239998,66.239998,416400
2021-08-20,65.889999,66.599998,65.330002,66.209999,66.209999,336300
2021-08-23,66.300003,66.930000,66.070000,66.489998,66.489998,597500
2021-08-24,66.489998,66.730003,65.459999,65.480003,65.480003,293300
2021-08-25,65.430000,65.639999,64.860001,65.120003,65.120003,224900
2021-08-26,64.989998,65.480003,64.870003,65.110001,65.110001,175100
2021-08-27,65.199997,66.010002,65.160004,65.709999,65.709999,182800
2021-08-30,65.949997,67.000000,65.809998,66.980003,66.980003,281000