Date,Open,High,Low,Close,Adj Close,Volume
2021-01-04,48.750000,49.000000,47.119999,47.360001,46.398800,418600
2021-01-05,47.509998,48.480000,47.509998,48.110001,47.133575,404800
2021-01-06,49.119999,50.930000,48.779999,50.919998,49.886543,666100
2021-01-07,50.970001,51.750000,50.540001,51.209999,50.170658,339700
2021-01-08,51.209999,51.220001,49.110001,50.209999,49.190952,424600
2021-01-11,49.970001,51.490002,49.869999,50.959999,49.925732,275200
2021-01-12,51.369999,52.400002,51.150002,52.139999,51.081787,342200
2021-01-13,52.340000,52.340000,50.919998,51.119999,50.082485,311400
2021-01-14,51.610001,51.830002,50.549999,50.599998,49.573040,283500
2021-01-15,50.150002,50.779999,49.400002,50.389999,49.367302,443100
2021-01-19,50.610001,50.910000,50.119999,50.290001,49.269333,270300
2021-01-20,50.480000,50.529999,49.570000,50.000000,48.985218,207600
2021-01-21,50.029999,50.070000,48.590000,49.250000,48.250443,273700
2021-01-22,48.810001,49.200001,47.910000,49.110001,48.113281,319500
2021-01-25,48.759998,49.230000,47.630001,48.279999,47.300125,360400
2021-01-26,48.490002,48.590000,47.450001,47.630001,46.663319,290900
2021-01-27,47.000000,47.119999,44.759998,45.119999,44.204262,653900
2021-01-28,45.669998,46.779999,45.240002,46.470001,45.526863,402300
2021-01-29,46.439999,46.980000,45.599998,46.340000,45.399498,585000
2021-02-01,46.610001,47.799999,46.599998,47.650002,46.682915,366800
2021-02-02,47.860001,48.389999,46.849998,48.169998,47.192356,379400
2021-02-03,47.919998,48.360001,47.080002,48.070000,47.094387,351500
2021-02-04,48.000000,48.599998,47.509998,48.310001,47.329521,227100
2021-02-05,48.709999,49.779999,48.509998,49.779999,48.769680,266400
2021-02-08,50.029999,51.380001,49.959999,51.020000,49.984520,325300
2021-02-09,51.419998,51.450001,50.549999,51.270000,50.229446,328800
2021-02-10,51.500000,51.860001,50.560001,51.349998,50.307819,275700
2021-02-11,51.340000,51.849998,50.000000,50.590000,49.563244,277400
2021-02-12,50.419998,54.720001,50.070000,54.360001,53.256729,930200
2021-02-16,57.259998,57.509998,52.980000,53.689999,52.600323,929200
2021-02-17,54.389999,54.610001,51.830002,53.099998,52.022301,686800
2021-02-18,53.000000,54.320000,53.000000,53.799999,52.708092,763700
2021-02-19,54.820000,56.900002,54.529999,56.619999,55.470860,502100
2021-02-22,56.950001,57.900002,56.209999,57.580002,56.411381,866100
2021-02-23,57.840000,59.189999,56.139999,58.660000,57.469460,590300
2021-02-24,59.380001,60.770000,58.419998,59.830002,58.615715,864500
2021-02-25,60.130001,60.849998,56.500000,56.770000,55.617817,548200
2021-02-26,56.639999,58.630001,55.500000,57.779999,56.607315,542900
2021-03-01,58.959999,59.500000,56.700001,57.250000,56.088078,506000
2021-03-02,57.259998,58.380001,56.410000,57.799999,56.626911,435200
2021-03-03,58.060001,59.689999,57.599998,59.080002,57.880936,444600
2021-03-04,59.009998,59.750000,55.490002,55.840000,54.706692,761700
2021-03-05,56.590000,57.410000,54.560001,56.490002,55.343502,597800
2021-03-08,56.660000,57.900002,55.900002,57.169998,56.009693,644700
2021-03-09,57.160000,59.840000,56.080002,59.189999,57.988701,1635700
2021-03-10,60.119999,61.880001,59.849998,60.369999,59.144753,1010900
2021-03-11,60.439999,61.080002,59.279999,60.900002,60.232700,464600
2021-03-12,60.900002,61.310001,59.080002,60.189999,59.530479,436400
2021-03-15,60.150002,60.150002,58.650002,59.790001,59.134865,468000
2021-03-16,59.590000,59.590000,57.580002,57.910000,57.275463,470400
2021-03-17,58.110001,58.799999,57.380001,58.770000,58.126041,417700
2021-03-18,58.700001,59.720001,57.590000,57.709999,57.077652,433000
2021-03-19,58.150002,58.570000,56.790001,57.660000,57.028202,956000
2021-03-22,57.450001,57.660000,56.660000,56.970001,56.345764,520300
2021-03-23,56.389999,56.889999,53.340000,53.770000,53.180828,807500
2021-03-24,54.500000,55.820000,54.080002,54.110001,53.517101,513600
2021-03-25,53.889999,55.680000,52.869999,55.380001,54.773186,430400
2021-03-26,56.180000,57.230000,55.770000,57.169998,56.543568,458100
2021-03-29,57.000000,57.799999,55.099998,55.160000,54.555595,470200
2021-03-30,55.189999,56.869999,54.900002,55.689999,55.079788,507800
2021-03-31,56.000000,56.000000,54.540001,54.990002,54.387459,595400
2021-04-01,55.209999,56.070000,54.619999,55.639999,55.030334,523100
2021-04-05,56.180000,57.200001,55.509998,56.360001,55.742447,625700
2021-04-06,56.290001,56.750000,55.650002,55.869999,55.257816,453900
2021-04-07,55.759998,56.070000,54.500000,54.840000,54.239101,475700
2021-04-08,54.750000,55.049999,53.060001,54.990002,54.387459,611000
2021-04-09,54.889999,55.000000,53.799999,54.820000,54.219322,431000
2021-04-12,54.939999,56.750000,54.939999,56.669998,56.049049,356300
2021-04-13,56.270000,56.529999,55.110001,55.570000,54.961102,556800
2021-04-14,55.799999,57.400002,55.630001,56.709999,56.088612,358700
2021-04-15,57.080002,57.509998,56.099998,57.500000,56.869957,388700
2021-04-16,57.500000,57.959999,56.450001,56.549999,55.930363,555900
2021-04-19,56.549999,56.990002,56.099998,56.950001,56.325981,224900
2021-04-20,56.500000,57.049999,53.270000,53.340000,52.755539,482400
2021-04-21,53.369999,54.349998,53.090000,53.990002,53.398418,499900
2021-04-22,53.939999,54.200001,52.650002,52.889999,52.310467,439800
2021-04-23,53.599998,54.980000,53.009998,54.610001,54.011623,419300
2021-04-26,55.110001,55.750000,54.560001,54.720001,54.120419,482300
2021-04-27,54.259998,55.709999,54.259998,55.240002,54.634720,616800
2021-04-28,55.799999,56.889999,55.150002,55.630001,55.020447,612400
2021-04-29,55.919998,56.389999,50.669998,51.130001,50.569756,1330800
2021-04-30,51.130001,51.430000,49.599998,50.169998,49.620270,918300
2021-05-03,50.610001,52.299999,50.250000,51.700001,51.133507,575300
2021-05-04,51.060001,51.759998,49.910000,51.430000,50.866467,500200
2021-05-05,51.650002,52.480000,51.340000,51.919998,51.351093,395900
2021-05-06,52.279999,52.599998,51.509998,52.470001,51.895073,584000
2021-05-07,52.310001,53.230000,52.090000,52.919998,52.340137,544700
2021-05-10,52.970001,53.060001,50.939999,51.090000,50.530193,661300
2021-05-11,50.509998,51.490002,49.509998,50.919998,50.362053,599700
2021-05-12,50.770000,51.270000,49.509998,49.669998,49.125748,532800
2021-05-13,49.880001,51.630001,49.709999,51.360001,50.797234,485700
2021-05-14,51.980000,52.970001,51.799999,52.930000,52.350029,566500
2021-05-17,52.740002,54.040001,52.000000,53.990002,53.398418,778700
2021-05-18,53.910000,54.220001,52.759998,52.779999,52.201672,445800
2021-05-19,52.049999,52.310001,51.029999,52.139999,51.568687,373800
2021-05-20,52.070000,52.970001,51.730000,52.820000,52.241234,362500
2021-05-21,53.500000,53.880001,52.349998,52.380001,51.806057,296000
2021-05-24,52.500000,52.959999,51.759998,52.470001,51.895073,274300
2021-05-25,52.500000,53.240002,51.380001,51.410000,50.846684,380000
2021-05-26,51.560001,52.520000,51.080002,51.709999,51.143398,649400
2021-05-27,52.360001,52.840000,51.849998,52.230000,51.657700,387300
2021-05-28,52.419998,54.410000,51.869999,54.250000,53.655567,496400
2021-06-01,54.500000,55.250000,54.060001,54.560001,53.962170,1486000
2021-06-02,55.070000,55.230000,53.860001,54.180000,53.586334,446300
2021-06-03,53.650002,54.000000,52.910000,52.939999,52.359921,382000
2021-06-04,53.169998,53.200001,51.810001,51.820000,51.252193,750500
2021-06-07,52.169998,52.750000,51.500000,52.450001,51.875290,732400
2021-06-08,52.500000,52.509998,51.880001,52.020000,51.450001,572600
2021-06-09,51.230000,51.959999,50.619999,51.590000,51.590000,525800
2021-06-10,51.889999,52.150002,50.310001,50.540001,50.540001,623600
2021-06-11,50.570000,51.389999,50.500000,51.139999,51.139999,483700
2021-06-14,51.200001,51.570000,50.799999,51.320000,51.320000,396500
2021-06-15,51.250000,51.750000,51.040001,51.750000,51.750000,445000
2021-06-16,51.360001,52.250000,51.299999,52.090000,52.090000,446600
2021-06-17,52.000000,52.400002,48.299999,48.740002,48.740002,1055000
2021-06-18,49.099998,50.650002,48.770000,50.200001,50.200001,1244200
2021-06-21,50.540001,52.110001,50.310001,51.790001,51.790001,658600
2021-06-22,51.959999,51.959999,50.910000,51.419998,51.419998,372500
2021-06-23,51.840000,52.580002,51.360001,51.799999,51.799999,461500
2021-06-24,51.799999,52.500000,51.150002,52.290001,52.290001,342700
2021-06-25,52.630001,53.709999,52.419998,52.980000,52.980000,1318800
2021-06-28,53.070000,53.139999,51.730000,52.250000,52.250000,457700
2021-06-29,52.240002,52.660000,51.450001,51.450001,51.450001,389400
2021-06-30,51.349998,52.459999,51.000000,52.340000,52.340000,423100
2021-07-01,52.750000,52.990002,51.709999,51.750000,51.750000,328900
2021-07-02,51.810001,52.169998,50.980000,51.320000,51.320000,436500
2021-07-06,51.180000,51.400002,49.900002,50.419998,50.419998,508300
2021-07-07,50.110001,50.939999,49.790001,50.000000,50.000000,457900
2021-07-08,49.000000,50.070000,48.549999,49.119999,49.119999,385800
2021-07-09,49.689999,50.480000,49.419998,50.160000,50.160000,413100
2021-07-12,49.900002,50.930000,49.290001,50.799999,50.799999,273600
2021-07-13,50.650002,50.650002,49.200001,50.049999,50.049999,563800
2021-07-14,50.560001,51.180000,49.450001,50.250000,50.250000,329000
2021-07-15,49.680000,50.299999,49.509998,50.020000,50.020000,379600
2021-07-16,50.490002,50.500000,48.529999,48.730000,48.730000,331300
2021-07-19,47.860001,48.070000,46.750000,47.130001,47.130001,601900
2021-07-20,47.189999,49.220001,47.189999,48.750000,48.750000,477600
2021-07-21,49.180000,49.759998,49.090000,49.279999,49.279999,344100
2021-07-22,49.169998,49.169998,48.340000,48.889999,48.889999,310200
2021-07-23,49.220001,49.790001,49.000000,49.650002,49.650002,300100
2021-07-26,49.930000,50.619999,49.580002,50.459999,50.459999,500100
2021-07-27,50.340000,50.770000,48.119999,49.349998,49.349998,721200
2021-07-28,50.820000,51.480000,49.840000,50.470001,50.470001,603700
2021-07-29,51.099998,52.439999,50.650002,52.330002,52.330002,491300
2021-07-30,52.830002,53.209999,51.919998,52.790001,52.790001,471100
2021-08-02,53.110001,53.750000,51.730000,51.939999,51.939999,342200
2021-08-03,52.270000,52.869999,51.250000,52.619999,52.619999,302200
2021-08-04,52.099998,52.279999,51.320000,51.549999,51.549999,214400
2021-08-05,51.540001,52.150002,51.330002,51.610001,51.610001,186700
2021-08-06,52.240002,53.160000,51.740002,53.060001,53.060001,309600
2021-08-09,53.000000,53.200001,52.119999,52.560001,52.560001,314100
2021-08-10,52.439999,53.930000,52.270000,53.380001,53.380001,250600
2021-08-11,53.840000,55.450001,53.250000,55.410000,55.410000,418700
2021-08-12,55.639999,55.840000,54.650002,55.119999,55.119999,270800
2021-08-13,54.980000,55.090000,54.230000,54.360001,54.360001,205900
2021-08-16,53.970001,54.209999,53.459999,53.700001,53.700001,268500
2021-08-17,53.110001,53.380001,52.610001,53.209999,53.209999,347900
2021-08-18,52.939999,54.070000,52.500000,53.150002,53.150002,280200
2021-08-19,52.730000,53.450001,51.230000,51.869999,51.869999,386300
2021-08-20,51.630001,52.119999,51.080002,51.939999,51.939999,268400
2021-08-23,52.650002,53.150002,52.150002,52.889999,52.889999,289400
2021-08-24,53.090000,53.810001,53.060001,53.320000,53.320000,207800
2021-08-25,53.650002,54.040001,53.099998,53.540001,53.540001,269600
2021-08-26,53.709999,54.709999,53.400002,54.139999,54.139999,338700
2021-08-27,54.500000,56.090000,54.380001,56.029999,56.029999,440900
2021-08-30,56.259998,56.279999,55.290001,55.900002,55.900002,409100