Date,Open,High,Low,Close,Adj Close,Volume
2021-01-04,120.974998,121.000000,112.059998,114.440002,114.440002,445200
2021-01-05,113.400002,118.900002,113.400002,116.459999,116.459999,320800
2021-01-06,116.430000,122.269997,114.559998,117.080002,117.080002,471600
2021-01-07,118.040001,121.930000,117.910004,118.779999,118.779999,443300
2021-01-08,119.320000,122.360001,115.099998,116.000000,116.000000,596100
2021-01-11,115.680000,121.970001,115.110001,116.970001,116.970001,424000
2021-01-12,118.309998,119.404999,112.300003,112.500000,112.500000,427000
2021-01-13,113.410004,117.370003,112.300003,116.360001,116.360001,299000
2021-01-14,117.129997,124.730003,116.639999,121.669998,121.669998,378600
2021-01-15,121.139999,122.940002,115.235001,117.449997,117.449997,312200
2021-01-19,119.089996,124.000000,117.680000,120.410004,120.410004,364800
2021-01-20,121.330002,125.573997,115.660004,117.650002,117.650002,447700
2021-01-21,119.510002,119.510002,114.839996,115.660004,115.660004,338700
2021-01-22,115.660004,118.529999,113.510002,118.070000,118.070000,245900
2021-01-25,118.500000,121.669998,115.639999,117.879997,117.879997,322700
2021-01-26,117.760002,121.258003,116.879997,119.089996,119.089996,273900
2021-01-27,117.000000,125.050003,112.269997,118.510002,118.510002,503800
2021-01-28,119.000000,119.750000,114.940002,116.110001,116.110001,347800
2021-01-29,115.940002,117.260002,110.410004,112.199997,112.199997,439700
2021-02-01,113.309998,114.949997,110.309998,113.220001,113.220001,458100
2021-02-02,115.010002,118.540001,115.010002,118.129997,118.129997,511100
2021-02-03,117.959999,120.029999,115.760002,116.970001,116.970001,288900
2021-02-04,116.766998,119.254997,116.766998,118.910004,118.910004,273400
2021-02-05,119.949997,120.000000,116.099998,119.220001,119.220001,284800
2021-02-08,120.430000,125.430000,120.269997,123.860001,123.860001,418100
2021-02-09,124.989998,126.525002,119.550003,119.760002,119.760002,426400
2021-02-10,121.779999,122.649002,115.974998,119.980003,119.980003,556900
2021-02-11,118.000000,119.000000,105.400002,106.379997,106.379997,1021200
2021-02-12,107.029999,109.529999,102.620003,107.860001,107.860001,617700
2021-02-16,109.220001,112.440002,104.989998,106.169998,106.169998,460000
2021-02-17,107.000000,107.000000,101.203003,104.800003,104.800003,508000
2021-02-18,104.180000,105.430000,101.349998,103.889999,103.889999,377200
2021-02-19,103.919998,107.510002,103.790001,106.680000,106.680000,284600
2021-02-22,104.910004,107.279999,103.529999,105.419998,105.419998,365600
2021-02-23,100.410004,101.120003,92.320000,97.980003,97.980003,718400
2021-02-24,98.000000,104.809998,97.025002,102.000000,102.000000,445700
2021-02-25,101.110001,102.669998,94.139999,94.720001,94.720001,368300
2021-02-26,92.349998,98.489998,92.349998,96.760002,96.760002,445000
2021-03-01,98.050003,103.320000,96.320000,101.779999,101.779999,377900
2021-03-02,102.540001,103.949997,95.750000,95.910004,95.910004,403400
2021-03-03,95.910004,96.980003,90.480003,91.570000,91.570000,326200
2021-03-04,90.480003,90.480003,82.320000,86.029999,86.029999,694800
2021-03-05,87.570000,87.570000,78.199997,85.879997,85.879997,530700
2021-03-08,85.879997,88.250000,81.970001,82.269997,82.269997,430000
2021-03-09,85.230003,89.400002,85.089996,87.349998,87.349998,503500
2021-03-10,89.309998,93.500000,88.040001,89.639999,89.639999,394500
2021-03-11,91.250000,94.629997,89.760002,94.510002,94.510002,632100
2021-03-12,91.860001,93.790001,90.550003,93.230003,93.230003,362100
2021-03-15,93.080002,94.459999,88.959999,89.930000,89.930000,389700
2021-03-16,90.910004,92.370003,88.764999,90.089996,90.089996,315500
2021-03-17,88.610001,93.559998,87.389999,90.919998,90.919998,601700
2021-03-18,89.519997,89.519997,79.050003,79.730003,79.730003,817400
2021-03-19,79.720001,83.385002,78.980003,80.330002,80.330002,883200
2021-03-22,79.750000,81.949997,78.519997,80.430000,80.430000,471000
2021-03-23,79.620003,81.364998,77.739998,78.330002,78.330002,452200
2021-03-24,78.650002,78.849998,74.690002,74.959999,74.959999,233400
2021-03-25,73.680000,77.364998,72.949997,76.769997,76.769997,265800
2021-03-26,77.800003,77.800003,73.540001,76.070000,76.070000,236100
2021-03-29,75.199997,76.709999,72.620003,73.559998,73.559998,339900
2021-03-30,72.820000,75.790001,71.309998,74.540001,74.540001,207300
2021-03-31,76.705002,78.970001,75.489998,76.209999,76.209999,470600
2021-04-01,77.690002,79.739998,76.129997,78.379997,78.379997,220900
2021-04-05,79.250000,79.949997,72.169998,72.769997,72.769997,376000
2021-04-06,73.879997,77.209999,73.879997,75.389999,75.389999,454200
2021-04-07,75.000000,75.320000,71.555000,72.000000,72.000000,209700
2021-04-08,72.190002,75.480003,69.740997,75.099998,75.099998,531600
2021-04-09,74.500000,75.760002,73.889999,75.620003,75.620003,221400
2021-04-12,75.349998,76.589996,73.199997,75.599998,75.599998,156300
2021-04-13,76.570000,77.599998,75.650002,77.269997,77.269997,149300
2021-04-14,78.809998,79.889999,76.190002,76.379997,76.379997,194200
2021-04-15,77.860001,79.519997,76.809998,79.000000,79.000000,245500
2021-04-16,79.720001,81.690002,78.989998,81.190002,81.190002,343900
2021-04-19,81.379997,82.610001,79.889999,81.139999,81.139999,475200
2021-04-20,80.790001,81.040001,75.720001,78.139999,78.139999,594800
2021-04-21,77.860001,81.309998,77.330002,80.930000,80.930000,297700
2021-04-22,81.853996,85.660004,80.500000,80.699997,80.699997,376700
2021-04-23,81.120003,83.919998,80.919998,82.660004,82.660004,292600
2021-04-26,83.320000,87.199997,83.040001,85.620003,85.620003,461400
2021-04-27,86.050003,86.430000,82.995003,83.529999,83.529999,336500
2021-04-28,83.199997,84.930000,81.714996,83.879997,83.879997,244800
2021-04-29,83.059998,84.750000,81.099998,82.519997,82.519997,469700
2021-04-30,80.040001,83.190002,78.419998,81.099998,81.099998,761600
2021-05-03,81.500000,84.470001,80.360001,81.709999,81.709999,599900
2021-05-04,81.290001,81.290001,76.250000,76.690002,76.690002,595700
2021-05-05,77.989998,78.820000,75.550003,77.110001,77.110001,335200
2021-05-06,76.019997,78.529999,74.889999,78.120003,78.120003,430300
2021-05-07,79.529999,83.910004,79.099998,83.279999,83.279999,442400
2021-05-10,84.000000,84.800003,75.250000,75.389999,75.389999,455300
2021-05-11,73.699997,78.290001,72.519997,76.110001,76.110001,505100
2021-05-12,74.400002,76.779999,72.800003,74.709999,74.709999,335500
2021-05-13,75.989998,77.750000,73.430000,75.029999,75.029999,365900
2021-05-14,75.690002,79.010002,75.239998,78.019997,78.019997,191500
2021-05-17,77.269997,78.120003,75.285004,77.300003,77.300003,202400
2021-05-18,77.739998,79.529999,76.449997,76.529999,76.529999,229400
2021-05-19,75.040001,76.186996,73.639999,75.839996,75.839996,269500
2021-05-20,76.070000,79.220001,75.099998,78.580002,78.580002,177100
2021-05-21,79.820000,80.389999,77.889999,78.080002,78.080002,195500
2021-05-24,79.290001,82.629997,78.000000,81.559998,81.559998,291100
2021-05-25,82.400002,83.650002,80.730003,83.410004,83.410004,623600
2021-05-26,83.440002,90.269997,83.440002,89.870003,89.870003,641200
2021-05-27,89.089996,90.000000,86.599998,88.019997,88.019997,337200
2021-05-28,89.139999,90.949997,88.290001,90.169998,90.169998,304600
2021-06-01,90.330002,91.857002,86.339996,87.699997,87.699997,279900
2021-06-02,87.660004,88.099998,86.000000,87.160004,87.160004,245400
2021-06-03,86.230003,88.410004,84.730003,87.309998,87.309998,206600
2021-06-04,87.320000,87.864998,85.944000,87.800003,87.800003,135300
2021-06-07,87.639999,93.250000,87.105003,92.790001,92.790001,241000
2021-06-08,93.269997,97.500000,92.699997,96.570000,96.570000,458800
2021-06-09,97.070000,97.349998,94.760002,94.940002,94.940002,218500
2021-06-10,95.690002,95.919998,93.580002,93.919998,93.919998,214800
2021-06-11,94.199997,95.629997,93.300003,95.550003,95.550003,167500
2021-06-14,96.470001,99.879997,95.769997,99.000000,99.000000,426900
2021-06-15,98.760002,100.275002,97.809998,100.150002,100.150002,362700
2021-06-16,100.089996,100.379997,96.320000,99.650002,99.650002,265400
2021-06-17,99.010002,103.449997,98.660004,100.589996,100.589996,289000
2021-06-18,99.029999,104.904999,99.029999,104.610001,104.610001,506700
2021-06-21,104.699997,106.309998,102.480003,105.800003,105.800003,267900
2021-06-22,104.949997,108.790001,104.949997,108.690002,108.690002,260600
2021-06-23,108.160004,111.650002,108.160004,110.849998,110.849998,243000
2021-06-24,112.150002,114.625000,110.940002,114.349998,114.349998,233700
2021-06-25,115.000000,115.000000,111.139999,112.150002,112.150002,975700
2021-06-28,114.349998,114.620003,111.830002,114.449997,114.449997,164400
2021-06-29,113.660004,116.699997,113.489998,116.699997,116.699997,201700
2021-06-30,116.699997,117.309998,113.709999,115.099998,115.099998,296700
2021-07-01,115.599998,117.489998,113.915001,116.889999,116.889999,218100
2021-07-02,116.910004,117.129997,114.345001,115.510002,115.510002,165900
2021-07-06,115.500000,120.480003,114.190002,120.290001,120.290001,204400
2021-07-07,120.900002,122.889999,116.529999,118.339996,118.339996,305400
2021-07-08,115.190002,115.589996,112.070000,112.940002,112.940002,330300
2021-07-09,113.650002,115.535004,111.410004,113.010002,113.010002,198800
2021-07-12,113.800003,115.199997,109.330002,110.589996,110.589996,330400
2021-07-13,109.709999,110.699997,107.430000,108.620003,108.620003,232500
2021-07-14,109.129997,109.550003,105.945000,106.230003,106.230003,222200
2021-07-15,105.309998,107.089996,101.970001,104.580002,104.580002,368200
2021-07-16,106.040001,106.669998,103.870003,105.300003,105.300003,196300
2021-07-19,102.769997,109.040001,102.470001,108.790001,108.790001,346400
2021-07-20,109.370003,112.410004,108.000000,111.500000,111.500000,490600
2021-07-21,111.500000,117.000000,111.500000,116.720001,116.720001,225700
2021-07-22,116.879997,117.370003,111.900002,112.230003,112.230003,339100
2021-07-23,113.809998,115.184998,111.010002,114.970001,114.970001,282200
2021-07-26,115.239998,116.010002,112.010002,113.550003,113.550003,240000
2021-07-27,113.070000,114.154999,111.010002,113.809998,113.809998,229500
2021-07-28,114.070000,116.949997,112.919998,115.839996,115.839996,136200
2021-07-29,115.870003,119.400002,115.160004,116.610001,116.610001,190000
2021-07-30,115.980003,117.980003,114.779999,115.019997,115.019997,161000
2021-08-02,115.779999,117.349998,112.611000,114.089996,114.089996,189900
2021-08-03,114.680000,116.089996,111.000000,115.930000,115.930000,306300
2021-08-04,115.870003,117.989998,114.669998,114.949997,114.949997,276300
2021-08-05,114.580002,115.559998,111.160004,113.809998,113.809998,416800
2021-08-06,110.000000,110.135002,99.029999,99.400002,99.400002,692400
2021-08-09,100.400002,104.580002,98.349998,102.080002,102.080002,231100
2021-08-10,102.410004,104.059998,99.339996,99.589996,99.589996,287800
2021-08-11,100.690002,100.690002,96.949997,97.839996,97.839996,340000
2021-08-12,97.269997,100.029999,97.010002,98.209999,98.209999,185000
2021-08-13,98.900002,99.720001,96.629997,96.820000,96.820000,121000
2021-08-16,95.910004,96.000000,92.220001,92.300003,92.300003,298400
2021-08-17,91.000000,91.220001,86.489998,87.800003,87.800003,499900
2021-08-18,88.169998,89.070000,86.279999,86.330002,86.330002,175400
2021-08-19,85.730003,87.915001,84.440002,85.849998,85.849998,233000
2021-08-20,85.980003,89.879997,85.980003,89.879997,89.879997,188800
2021-08-23,90.980003,95.699997,90.610001,95.320000,95.320000,294000
2021-08-24,95.660004,97.769997,94.589996,96.430000,96.430000,227900
2021-08-25,96.790001,97.245003,93.830002,93.830002,93.830002,201800
2021-08-26,92.910004,94.379997,89.820000,89.820000,89.820000,200400
2021-08-27,90.000000,94.010002,90.000000,92.910004,92.910004,225900
2021-08-30,93.169998,96.400002,92.300003,95.489998,95.489998,203000