Date,Open,High,Low,Close,Adj Close,Volume
2021-01-04,116.610001,117.589996,113.150002,114.169998,113.668137,322100
2021-01-05,113.779999,117.709999,113.559998,116.720001,116.206932,256300
2021-01-06,118.570000,132.380005,115.169998,130.699997,130.125488,923300
2021-01-07,130.410004,133.669998,128.149994,131.899994,131.320206,422600
2021-01-08,132.000000,133.350006,130.619995,132.169998,131.589020,271100
2021-01-11,130.309998,132.020004,129.029999,131.550003,130.971756,239600
2021-01-12,132.559998,134.860001,131.979996,132.500000,131.917572,251300
2021-01-13,132.050003,134.740005,128.729996,130.229996,129.657547,200900
2021-01-14,131.710007,134.550003,131.169998,134.050003,133.460754,257000
2021-01-15,133.360001,134.270004,130.179993,132.520004,131.937469,311700
2021-01-19,134.339996,134.710007,131.860001,134.339996,133.749481,320900
2021-01-20,135.070007,136.710007,132.960007,135.800003,135.203064,300300
2021-01-21,136.619995,139.520004,133.929993,134.779999,134.187546,378100
2021-01-22,135.809998,142.690002,134.860001,142.419998,141.793961,769900
2021-01-25,141.850006,142.789993,136.250000,137.809998,137.204224,428500
2021-01-26,139.539993,139.539993,133.270004,133.570007,132.982880,454200
2021-01-27,132.550003,132.550003,124.540001,128.970001,128.403076,467800
2021-01-28,143.350006,143.350006,126.870003,127.199997,126.640862,578000
2021-01-29,126.800003,128.210007,121.570000,121.570000,121.035622,533900
2021-02-01,121.529999,124.779999,120.570000,124.019997,123.474838,313200
2021-02-02,125.699997,128.169998,125.070000,127.820000,127.258141,348900
2021-02-03,133.729996,133.729996,126.629997,127.440002,126.879814,297800
2021-02-04,127.449997,132.309998,127.129997,132.210007,131.628860,370000
2021-02-05,134.089996,138.339996,132.860001,133.910004,133.321381,519400
2021-02-08,133.419998,136.869995,133.000000,136.330002,135.730743,360200
2021-02-09,135.729996,137.919998,134.660004,136.320007,135.890244,231000
2021-02-10,137.500000,138.190002,133.520004,134.259995,133.836731,184500
2021-02-11,135.000000,136.369995,132.759995,134.899994,134.474701,217300
2021-02-12,134.460007,135.039993,132.380005,133.979996,133.557602,296400
2021-02-16,135.419998,136.949997,133.729996,136.669998,136.239136,320600
2021-02-17,135.729996,136.100006,134.210007,135.059998,134.634201,227800
2021-02-18,134.149994,137.470001,132.419998,136.179993,135.750671,325400
2021-02-19,136.679993,144.020004,136.419998,143.190002,142.738586,658100
2021-02-22,141.860001,144.690002,140.190002,140.839996,140.395981,306700
2021-02-23,140.160004,142.179993,136.839996,137.779999,137.345627,423100
2021-02-24,137.979996,139.520004,135.750000,138.889999,138.452133,248700
2021-02-25,139.039993,141.669998,138.350006,140.050003,139.608475,398600
2021-02-26,140.820007,141.389999,138.259995,138.369995,137.933762,320000
2021-03-01,141.720001,144.020004,139.179993,140.149994,139.708160,340200
2021-03-02,140.839996,140.839996,132.899994,133.229996,132.809967,428800
2021-03-03,134.320007,134.320007,130.889999,131.229996,130.816284,373300
2021-03-04,130.990005,131.380005,124.750000,125.379997,124.984726,376700
2021-03-05,126.599998,129.770004,124.769997,129.389999,128.982071,413400
2021-03-08,129.580002,132.559998,125.989998,126.070000,125.672546,552800
2021-03-09,129.000000,131.419998,124.889999,129.949997,129.540314,320700
2021-03-10,131.250000,134.509995,130.539993,133.110001,132.690353,218100
2021-03-11,134.990005,135.820007,132.979996,134.899994,134.474701,331000
2021-03-12,135.860001,135.860001,132.479996,133.339996,132.919617,236900
2021-03-15,133.419998,135.119995,132.259995,135.029999,134.604294,254100
2021-03-16,136.250000,136.250000,132.000000,132.800003,132.381332,201100
2021-03-17,132.559998,134.820007,131.199997,134.440002,134.016159,229600
2021-03-18,133.669998,137.300003,133.529999,134.419998,133.996216,251400
2021-03-19,133.429993,133.429993,128.869995,128.889999,128.483658,832400
2021-03-22,130.460007,131.179993,128.710007,130.169998,129.759628,226500
2021-03-23,128.889999,131.820007,127.040001,128.000000,127.596466,214600
2021-03-24,128.580002,131.440002,127.050003,127.050003,126.649460,216400
2021-03-25,126.199997,130.179993,124.470001,129.509995,129.101685,219300
2021-03-26,130.550003,133.419998,129.660004,133.419998,132.999374,178100
2021-03-29,133.119995,134.389999,130.610001,130.759995,130.347763,224100
2021-03-30,131.570007,134.009995,130.729996,133.630005,133.208725,176000
2021-03-31,134.240005,136.919998,133.529999,135.720001,135.292130,303000
2021-04-01,137.500000,137.820007,135.720001,136.940002,136.508286,190800
2021-04-05,138.880005,140.100006,137.679993,139.979996,139.538681,242300
2021-04-06,140.910004,143.669998,139.009995,139.800003,139.359268,190600
2021-04-07,139.160004,139.330002,137.539993,138.309998,137.873962,127500
2021-04-08,140.009995,141.009995,138.130005,141.009995,140.565445,211700
2021-04-09,140.330002,143.139999,140.190002,142.589996,142.140457,132600
2021-04-12,143.199997,144.770004,142.979996,143.729996,143.276871,181200
2021-04-13,142.979996,143.990005,135.059998,135.199997,134.773758,260600
2021-04-14,135.960007,137.100006,133.289993,134.149994,133.727066,414800
2021-04-15,135.119995,136.460007,133.970001,136.149994,135.720764,203500
2021-04-16,137.570007,138.380005,135.289993,135.509995,135.082779,353900
2021-04-19,134.960007,136.000000,130.589996,131.850006,131.434326,376400
2021-04-20,131.029999,132.539993,128.800003,130.440002,130.028763,293600
2021-04-21,130.110001,132.330002,129.350006,130.449997,130.038727,275100
2021-04-22,131.440002,134.839996,130.399994,131.960007,131.543976,510300
2021-04-23,132.279999,135.389999,132.279999,133.940002,133.517731,267500
2021-04-26,136.250000,136.250000,131.919998,131.940002,131.524033,201600
2021-04-27,131.789993,134.470001,130.210007,132.100006,131.683548,339600
2021-04-28,131.720001,134.250000,127.949997,134.250000,133.826767,436900
2021-04-29,137.529999,138.759995,126.800003,127.040001,126.639488,303100
2021-04-30,126.379997,129.220001,125.589996,127.629997,127.227631,380800
2021-05-03,128.369995,129.929993,126.769997,126.959999,126.559746,285500
2021-05-04,126.230003,126.599998,122.230003,123.809998,123.419670,467600
2021-05-05,124.349998,124.650002,122.029999,123.970001,123.579170,390800
2021-05-06,124.360001,124.629997,122.870003,124.489998,124.097527,203900
2021-05-07,124.669998,124.669998,122.959999,123.970001,123.579170,241800
2021-05-10,123.570000,124.150002,120.410004,120.519997,120.140038,601400
2021-05-11,118.220001,123.440002,116.010002,123.150002,122.965813,342500
2021-05-12,122.330002,123.000000,117.290001,117.500000,117.324257,300200
2021-05-13,118.160004,121.959999,117.970001,121.290001,121.108589,301800
2021-05-14,122.050003,123.000000,120.629997,122.309998,122.127060,224700
2021-05-17,121.230003,122.480003,119.959999,121.489998,121.308289,204800
2021-05-18,121.010002,121.430000,118.610001,118.699997,118.522461,205200
2021-05-19,116.930000,119.529999,116.540001,119.510002,119.331253,199900
2021-05-20,120.139999,120.510002,118.260002,119.839996,119.660759,212400
2021-05-21,121.190002,122.349998,118.589996,119.849998,119.670746,285400
2021-05-24,119.930000,120.470001,117.970001,119.309998,119.131554,232000
2021-05-25,119.620003,120.370003,118.580002,119.470001,119.291313,292300
2021-05-26,119.379997,121.000000,117.540001,118.120003,117.943336,225000
2021-05-27,119.290001,120.650002,118.750000,119.610001,119.431107,328300
2021-05-28,120.849998,120.849998,117.879997,119.470001,119.291313,283100
2021-06-01,119.970001,121.099998,118.169998,119.379997,119.201447,220400
2021-06-02,119.870003,120.000000,118.120003,119.440002,119.261360,408300
2021-06-03,118.400002,120.330002,117.360001,118.570000,118.392662,229700
2021-06-04,119.059998,120.709999,119.050003,119.360001,119.181480,195300
2021-06-07,119.150002,120.290001,118.730003,120.279999,120.100098,236000
2021-06-08,120.769997,123.690002,120.290001,122.669998,122.486526,487100
2021-06-09,123.150002,125.410004,119.570000,123.010002,122.826019,287000
2021-06-10,123.540001,123.540001,121.209999,122.430000,122.246887,328100
2021-06-11,123.209999,125.650002,123.209999,125.139999,124.952835,324700
2021-06-14,125.629997,125.690002,122.330002,123.570000,123.385178,343100
2021-06-15,123.750000,124.750000,123.059998,123.750000,123.564911,307500
2021-06-16,123.650002,125.099998,122.849998,123.239998,123.055672,375200
2021-06-17,122.610001,123.589996,121.169998,122.260002,122.077141,254800
2021-06-18,120.370003,121.239998,116.010002,116.169998,115.996246,498900
2021-06-21,117.320000,119.610001,116.570000,119.000000,118.822014,228400
2021-06-22,118.459999,120.480003,116.879997,120.449997,120.269844,222800
2021-06-23,120.690002,121.160004,119.379997,119.769997,119.590858,283800
2021-06-24,120.779999,123.279999,119.820000,122.760002,122.576393,220600
2021-06-25,123.370003,125.150002,122.260002,123.059998,122.875938,700600
2021-06-28,122.370003,123.580002,119.550003,120.050003,119.870453,344200
2021-06-29,120.849998,121.440002,119.220001,120.809998,120.629311,175900
2021-06-30,120.519997,122.610001,120.279999,122.040001,121.857468,393300
2021-07-01,122.970001,124.489998,122.620003,124.129997,123.944344,207100
2021-07-02,124.500000,125.080002,123.680000,124.019997,123.834503,289100
2021-07-06,124.300003,125.750000,121.849998,125.110001,124.922882,367600
2021-07-07,124.919998,125.910004,123.110001,124.300003,124.114090,181000
2021-07-08,122.330002,125.489998,120.930000,121.959999,121.777588,208100
2021-07-09,123.370003,125.419998,123.209999,125.040001,124.852982,131500
2021-07-12,125.000000,126.040001,124.580002,125.949997,125.761620,136500
2021-07-13,125.930000,126.500000,124.529999,124.629997,124.443596,141600
2021-07-14,124.860001,126.000000,123.900002,124.260002,124.074150,124200
2021-07-15,123.760002,124.489998,122.650002,123.849998,123.664764,131700
2021-07-16,124.910004,125.220001,123.790001,123.800003,123.614838,200800
2021-07-19,121.919998,123.779999,120.419998,121.480003,121.298309,161200
2021-07-20,121.989998,127.300003,121.879997,125.980003,125.791580,289200
2021-07-21,126.839996,127.779999,125.680000,127.080002,126.889931,178200
2021-07-22,127.120003,127.949997,125.910004,126.370003,126.181000,163300
2021-07-23,127.379997,130.039993,125.199997,129.860001,129.665771,222200
2021-07-26,130.149994,130.240005,128.529999,129.910004,129.715698,180100
2021-07-27,129.100006,129.649994,126.500000,127.910004,127.718697,180000
2021-07-28,129.059998,132.419998,127.970001,130.960007,130.764130,256100
2021-07-29,130.270004,133.509995,127.800003,129.990005,129.795578,312000
2021-07-30,129.899994,133.889999,128.460007,133.520004,133.320297,247800
2021-08-02,134.039993,135.889999,131.500000,131.759995,131.562927,171900
2021-08-03,132.259995,134.460007,131.759995,133.759995,133.559937,165500
2021-08-04,132.720001,135.380005,132.720001,133.339996,133.140564,216900
2021-08-05,134.149994,135.619995,133.550003,135.539993,135.337265,127800
2021-08-06,136.309998,138.529999,135.660004,136.080002,135.876480,219700
2021-08-09,136.179993,136.179993,133.809998,135.880005,135.676773,204200
2021-08-10,136.360001,138.460007,135.020004,138.410004,138.202988,185200
2021-08-11,139.119995,140.369995,138.259995,140.210007,140.000305,169400
2021-08-12,140.929993,141.830002,140.309998,141.600006,141.388214,164000
2021-08-13,141.910004,141.910004,139.130005,140.190002,139.980331,142100
2021-08-16,140.270004,140.410004,138.169998,139.509995,139.301331,172500
2021-08-17,139.029999,139.619995,135.470001,136.970001,136.765137,231800
2021-08-18,136.279999,137.660004,133.720001,133.720001,133.520004,193000
2021-08-19,132.710007,134.809998,132.399994,133.949997,133.949997,175000
2021-08-20,133.809998,135.820007,132.809998,135.169998,135.169998,175300
2021-08-23,136.330002,139.470001,135.750000,138.309998,138.309998,187000
2021-08-24,138.279999,139.289993,136.839996,137.009995,137.009995,102900
2021-08-25,137.020004,139.770004,136.919998,139.100006,139.100006,131700
2021-08-26,139.210007,139.929993,138.070007,138.649994,138.649994,155100
2021-08-27,139.309998,142.850006,139.240005,141.740005,141.740005,251900
2021-08-30,142.580002,144.449997,141.869995,143.139999,143.139999,143700