Date,Open,High,Low,Close,Adj Close,Volume
2021-01-04,138.610001,141.919998,129.339996,132.929993,132.929993,701100
2021-01-05,132.929993,138.720001,131.669998,138.500000,138.500000,545400
2021-01-06,139.610001,145.600006,137.699997,143.419998,143.419998,448000
2021-01-07,151.009995,157.679993,148.399994,156.970001,156.970001,819500
2021-01-08,159.410004,174.479996,159.410004,166.509995,166.509995,884000
2021-01-11,162.479996,175.600006,156.490005,170.309998,170.309998,1086400
2021-01-12,170.399994,173.479996,159.309998,162.839996,162.839996,630500
2021-01-13,164.500000,172.940002,159.550003,168.410004,168.410004,492900
2021-01-14,169.000000,189.679993,168.970001,189.429993,189.429993,969000
2021-01-15,188.149994,196.479996,178.179993,181.350006,181.350006,897800
2021-01-19,185.509995,207.119995,185.000000,205.490005,205.490005,1056900
2021-01-20,210.149994,211.949997,198.089996,207.970001,207.970001,807100
2021-01-21,212.130005,214.070007,191.789993,194.529999,194.529999,854700
2021-01-22,192.089996,193.399994,186.000000,190.639999,190.639999,753200
2021-01-25,193.000000,200.699997,183.089996,186.039993,186.039993,627800
2021-01-26,184.250000,185.690002,161.000000,162.820007,162.820007,894400
2021-01-27,160.220001,163.830002,145.699997,160.009995,160.009995,1442600
2021-01-28,161.020004,175.979996,161.020004,169.729996,169.729996,633600
2021-01-29,170.110001,172.169998,158.889999,164.539993,164.539993,549100
2021-02-01,166.740005,180.600006,166.740005,180.270004,180.270004,890800
2021-02-02,183.589996,201.369995,183.589996,197.559998,197.559998,750600
2021-02-03,196.750000,202.179993,187.240005,189.960007,189.960007,678000
2021-02-04,191.520004,199.320007,188.679993,197.649994,197.649994,467200
2021-02-05,160.449997,171.080002,155.000000,158.020004,158.020004,2862500
2021-02-08,171.009995,176.240005,163.570007,175.380005,175.380005,1422200
2021-02-09,175.850006,181.710007,171.610001,179.460007,179.460007,826100
2021-02-10,178.940002,182.860001,165.029999,166.800003,166.800003,746400
2021-02-11,168.000000,169.410004,158.020004,165.410004,165.410004,886000
2021-02-12,167.139999,171.500000,160.369995,167.899994,167.899994,585700
2021-02-16,173.570007,173.570007,156.080002,156.250000,156.250000,870600
2021-02-17,155.000000,156.000000,145.720001,154.949997,154.949997,981900
2021-02-18,148.630005,152.960007,143.259995,149.039993,149.039993,1036300
2021-02-19,150.580002,153.470001,146.789993,150.809998,150.809998,1065800
2021-02-22,146.979996,151.179993,136.770004,137.210007,137.210007,949900
2021-02-23,127.639999,136.789993,111.849998,135.289993,135.289993,1832300
2021-02-24,134.309998,144.809998,131.990005,142.199997,142.199997,809200
2021-02-25,139.029999,141.440002,129.470001,134.440002,134.440002,1242000
2021-02-26,134.710007,140.949997,125.989998,137.639999,137.639999,883400
2021-03-01,140.779999,151.789993,140.779999,144.949997,144.949997,909400
2021-03-02,145.009995,149.479996,141.529999,141.699997,141.699997,635400
2021-03-03,141.520004,141.520004,128.210007,130.000000,130.000000,980000
2021-03-04,125.379997,131.910004,113.760002,116.620003,116.620003,1541000
2021-03-05,118.110001,120.750000,105.250000,117.550003,117.550003,2045800
2021-03-08,116.160004,120.309998,103.529999,105.480003,105.480003,1230500
2021-03-09,113.580002,128.770004,113.050003,125.029999,125.029999,1517600
2021-03-10,131.070007,139.000000,124.900002,126.440002,126.440002,1087100
2021-03-11,134.600006,145.520004,134.250000,145.339996,145.339996,1125500
2021-03-12,136.789993,143.320007,135.059998,141.399994,141.399994,1311100
2021-03-15,141.000000,146.699997,138.910004,144.470001,144.470001,675500
2021-03-16,145.360001,149.960007,133.270004,139.330002,139.330002,795400
2021-03-17,132.520004,149.339996,131.110001,144.729996,144.729996,1073200
2021-03-18,137.770004,141.270004,124.000000,124.309998,124.309998,1315700
2021-03-19,126.559998,135.250000,124.709999,130.289993,130.289993,2986300
2021-03-22,130.039993,138.699997,126.550003,135.460007,135.460007,846700
2021-03-23,133.720001,135.100006,129.000000,131.179993,131.179993,775800
2021-03-24,132.500000,133.710007,116.190002,116.870003,116.870003,969000
2021-03-25,112.790001,117.860001,107.150002,116.730003,116.730003,1445300
2021-03-26,118.070000,118.989998,107.940002,115.589996,115.589996,638000
2021-03-29,114.389999,115.650002,107.089996,107.320000,107.320000,1060000
2021-03-30,106.300003,114.150002,102.860001,109.709999,109.709999,1728300
2021-03-31,112.279999,126.500000,111.660004,123.860001,123.860001,1747700
2021-04-01,127.839996,134.649994,121.889999,122.199997,122.199997,837200
2021-04-05,126.720001,129.750000,124.290001,127.330002,127.330002,694000
2021-04-06,125.349998,132.440002,123.519997,128.649994,128.649994,783800
2021-04-07,128.100006,130.289993,123.790001,127.639999,127.639999,1070300
2021-04-08,128.330002,133.479996,128.330002,132.320007,132.320007,658100
2021-04-09,131.699997,134.000000,128.750000,132.229996,132.229996,858200
2021-04-12,132.470001,132.740005,124.790001,129.009995,129.009995,648600
2021-04-13,132.000000,143.039993,131.970001,140.809998,140.809998,677500
2021-04-14,141.070007,150.250000,140.559998,142.029999,142.029999,1188100
2021-04-15,145.279999,149.149994,140.240005,142.059998,142.059998,404400
2021-04-16,143.240005,143.240005,133.539993,135.240005,135.240005,411000
2021-04-19,130.229996,135.350006,125.000000,127.660004,127.660004,609500
2021-04-20,125.230003,129.050003,121.489998,126.430000,126.430000,407200
2021-04-21,124.419998,134.059998,122.639999,133.839996,133.839996,343900
2021-04-22,133.470001,141.080002,132.369995,134.570007,134.570007,468000
2021-04-23,136.000000,137.779999,132.789993,133.119995,133.119995,567200
2021-04-26,135.110001,142.229996,131.809998,140.520004,140.520004,512700
2021-04-27,138.240005,142.160004,136.270004,139.570007,139.570007,669000
2021-04-28,136.240005,142.399994,133.330002,141.669998,141.669998,344200
2021-04-29,144.139999,144.139999,134.360001,136.580002,136.580002,476200
2021-04-30,132.669998,137.440002,131.699997,134.190002,134.190002,818400
2021-05-03,135.660004,136.009995,120.410004,120.660004,120.660004,788900
2021-05-04,118.010002,118.260002,110.699997,113.699997,113.699997,902300
2021-05-05,115.000000,116.290001,108.330002,109.959999,109.959999,497300
2021-05-06,106.790001,108.879997,101.650002,104.300003,104.300003,1793700
2021-05-07,117.940002,120.870003,112.139999,116.739998,116.739998,1620800
2021-05-10,113.650002,114.459999,96.080002,96.330002,96.330002,1276600
2021-05-11,87.010002,102.820000,87.010002,99.650002,99.650002,801600
2021-05-12,95.209999,98.860001,90.190002,91.080002,91.080002,750000
2021-05-13,92.239998,97.230003,84.230003,88.129997,88.129997,1120700
2021-05-14,89.900002,96.190002,88.500000,92.680000,92.680000,772600
2021-05-17,91.370003,94.120003,88.519997,93.709999,93.709999,687200
2021-05-18,95.300003,99.870003,91.239998,95.070000,95.070000,703600
2021-05-19,88.389999,94.410004,88.000000,93.070000,93.070000,744100
2021-05-20,94.980003,99.250000,93.099998,97.750000,97.750000,675100
2021-05-21,98.639999,98.970001,93.629997,95.410004,95.410004,506600
2021-05-24,96.860001,101.839996,95.000000,99.320000,99.320000,564100
2021-05-25,99.449997,102.639999,98.879997,99.970001,99.970001,448100
2021-05-26,101.379997,105.879997,100.500000,104.760002,104.760002,544000
2021-05-27,103.870003,108.080002,100.320000,108.010002,108.010002,778800
2021-05-28,109.730003,113.389999,106.150002,107.309998,107.309998,483000
2021-06-01,109.000000,109.419998,103.300003,105.879997,105.879997,450100
2021-06-02,104.639999,107.379997,101.330002,102.419998,102.419998,479000
2021-06-03,100.959999,103.900002,95.669998,96.120003,96.120003,513300
2021-06-04,97.150002,99.660004,95.879997,96.339996,96.339996,336600
2021-06-07,96.169998,102.750000,95.010002,101.769997,101.769997,552200
2021-06-08,103.379997,105.809998,101.559998,105.000000,105.000000,519200
2021-06-09,106.440002,110.080002,104.430000,106.769997,106.769997,551100
2021-06-10,105.739998,112.449997,104.290001,111.669998,111.669998,731400
2021-06-11,112.360001,115.660004,110.540001,114.629997,114.629997,502700
2021-06-14,116.559998,117.199997,111.239998,112.769997,112.769997,613900
2021-06-15,112.709999,112.709999,106.080002,108.669998,108.669998,486500
2021-06-16,108.389999,109.800003,102.080002,106.959999,106.959999,443500
2021-06-17,106.260002,117.349998,106.260002,113.449997,113.449997,609000
2021-06-18,112.849998,114.389999,108.980003,111.250000,111.250000,785200
2021-06-21,112.480003,118.000000,107.639999,116.739998,116.739998,580300
2021-06-22,117.320000,119.010002,112.550003,118.790001,118.790001,598600
2021-06-23,118.339996,122.000000,118.339996,120.139999,120.139999,498400
2021-06-24,121.779999,126.029999,120.620003,122.540001,122.540001,481200
2021-06-25,123.169998,123.989998,118.959999,122.559998,122.559998,706200
2021-06-28,125.129997,131.850006,124.940002,126.339996,126.339996,594100
2021-06-29,128.630005,136.649994,126.099998,134.639999,134.639999,590200
2021-06-30,133.570007,136.869995,130.869995,133.250000,133.250000,570100
2021-07-01,133.050003,135.250000,129.589996,131.479996,131.479996,393800
2021-07-02,131.699997,133.300003,130.000000,131.369995,131.369995,397800
2021-07-06,131.559998,132.889999,126.430000,127.650002,127.650002,565900
2021-07-07,127.580002,130.210007,123.720001,126.580002,126.580002,365700
2021-07-08,121.290001,127.519997,119.110001,126.459999,126.459999,312400
2021-07-09,126.779999,132.600006,123.459999,128.309998,128.309998,302700
2021-07-12,129.589996,131.399994,123.589996,124.599998,124.599998,313200
2021-07-13,124.260002,124.750000,119.500000,120.279999,120.279999,328700
2021-07-14,121.360001,121.360001,111.110001,111.959999,111.959999,337900
2021-07-15,111.639999,115.610001,107.889999,112.930000,112.930000,424900
2021-07-16,114.000000,114.680000,108.750000,112.110001,112.110001,318000
2021-07-19,109.620003,116.889999,108.690002,115.209999,115.209999,369000
2021-07-20,116.760002,121.730003,114.400002,121.309998,121.309998,420800
2021-07-21,119.750000,124.010002,116.010002,123.029999,123.029999,339100
2021-07-22,124.480003,125.260002,120.800003,121.480003,121.480003,255100
2021-07-23,121.400002,121.629997,116.500000,117.339996,117.339996,296600
2021-07-26,116.260002,117.930000,114.000000,115.000000,115.000000,473100
2021-07-27,115.730003,116.050003,106.690002,111.470001,111.470001,526200
2021-07-28,111.500000,118.040001,111.500000,116.059998,116.059998,656900
2021-07-29,116.040001,120.400002,113.470001,119.080002,119.080002,357800
2021-07-30,118.580002,123.500000,117.680000,123.050003,123.050003,430100
2021-08-02,123.760002,124.110001,116.779999,117.589996,117.589996,342800
2021-08-03,117.269997,119.389999,114.320000,119.019997,119.019997,256100
2021-08-04,118.669998,122.940002,117.330002,120.300003,120.300003,567800
2021-08-05,123.129997,126.059998,119.500000,124.120003,124.120003,592500
2021-08-06,123.669998,124.860001,110.330002,110.769997,110.769997,812700
2021-08-09,111.019997,113.849998,109.300003,112.839996,112.839996,298800
2021-08-10,113.529999,113.529999,102.540001,102.800003,102.800003,698200
2021-08-11,103.239998,105.320000,100.970001,104.559998,104.559998,604200
2021-08-12,103.699997,108.129997,101.970001,106.940002,106.940002,397400
2021-08-13,106.400002,109.290001,100.410004,100.510002,100.510002,290200
2021-08-16,99.519997,99.589996,94.419998,95.639999,95.639999,484200
2021-08-17,93.500000,97.820000,90.529999,97.339996,97.339996,727200
2021-08-18,97.110001,100.120003,95.000000,97.900002,97.900002,433200
2021-08-19,96.519997,99.410004,95.199997,97.370003,97.370003,395900
2021-08-20,97.099998,101.279999,96.500000,100.489998,100.489998,297300
2021-08-23,101.650002,108.589996,101.589996,108.089996,108.089996,603500
2021-08-24,109.139999,114.559998,108.059998,114.500000,114.500000,744800
2021-08-25,114.580002,115.620003,111.239998,112.349998,112.349998,393500
2021-08-26,111.500000,113.209999,107.660004,107.750000,107.750000,399600
2021-08-27,108.160004,113.750000,106.389999,111.589996,111.589996,524700
2021-08-30,112.779999,112.779999,105.570000,109.480003,109.480003,397800