Date,Open,High,Low,Close,Adj Close,Volume
2021-01-04,78.480003,78.480003,73.239998,74.260002,73.961975,1053000
2021-01-05,74.360001,76.169998,74.360001,75.580002,75.276680,554200
2021-01-06,75.620003,77.940002,75.279999,77.050003,76.740784,770400
2021-01-07,77.199997,79.669998,76.370003,79.220001,78.902069,1116500
2021-01-08,79.330002,80.889999,78.529999,80.250000,79.927940,835300
2021-01-11,78.750000,81.809998,78.750000,81.059998,80.734688,575300
2021-01-12,81.459999,81.980003,80.669998,81.779999,81.451797,373700
2021-01-13,81.349998,81.970001,80.150002,80.739998,80.415970,364700
2021-01-14,81.500000,83.269997,80.339996,80.379997,80.057411,665900
2021-01-15,79.910004,80.900002,77.839996,80.620003,80.296455,602000
2021-01-19,80.589996,81.629997,79.800003,80.080002,79.758621,719200
2021-01-20,80.190002,80.620003,78.250000,79.089996,78.772591,773900
2021-01-21,79.169998,79.360001,77.889999,78.349998,78.035561,764400
2021-01-22,78.010002,79.870003,77.629997,79.709999,79.390106,738900
2021-01-25,77.839996,79.029999,75.730003,78.739998,78.423996,909800
2021-01-26,79.199997,79.370003,77.510002,77.599998,77.288574,808500
2021-01-27,76.160004,76.940002,73.199997,74.010002,73.712982,1333100
2021-01-28,74.980003,78.879997,74.010002,77.660004,77.348335,1042500
2021-01-29,77.000000,78.660004,75.500000,76.209999,75.904152,851300
2021-02-01,76.459999,78.500000,75.010002,78.129997,77.816444,857900
2021-02-02,79.230003,80.900002,78.370003,80.519997,80.196854,675500
2021-02-03,80.199997,83.559998,80.010002,82.330002,81.999588,974700
2021-02-04,83.000000,86.599998,82.400002,85.080002,84.738556,849100
2021-02-05,85.500000,88.870003,85.389999,88.599998,88.244423,1321700
2021-02-08,89.019997,89.879997,87.730003,89.510002,89.150780,1043100
2021-02-09,89.459999,90.000000,88.239998,88.779999,88.423706,646200
2021-02-10,89.379997,89.570000,86.709999,87.239998,86.889885,550700
2021-02-11,87.500000,87.800003,85.820000,87.339996,86.989479,549000
2021-02-12,87.410004,87.410004,85.620003,86.440002,86.093102,492800
2021-02-16,87.099998,87.260002,84.250000,85.779999,85.435745,1043300
2021-02-17,84.820000,86.349998,83.669998,85.110001,84.768433,895000
2021-02-18,85.199997,87.550003,84.809998,87.059998,86.710602,788300
2021-02-19,83.750000,89.919998,83.750000,87.910004,87.557198,1826500
2021-02-22,87.580002,92.110001,87.300003,90.480003,90.116882,1148500
2021-02-23,90.150002,91.300003,89.199997,90.269997,89.907722,915300
2021-02-24,90.620003,95.930000,89.919998,95.029999,94.648621,896700
2021-02-25,94.430000,95.570000,90.589996,90.889999,90.525238,1459200
2021-02-26,90.800003,92.580002,88.300003,90.879997,90.515274,837600
2021-03-01,91.910004,94.250000,91.440002,91.800003,91.431587,1103400
2021-03-02,91.489998,93.040001,89.680000,91.779999,91.411667,1271100
2021-03-03,92.820000,95.250000,91.949997,93.709999,93.333916,1233100
2021-03-04,93.529999,94.599998,89.620003,91.709999,91.341942,788100
2021-03-05,92.750000,93.690002,89.489998,93.400002,93.025162,820800
2021-03-08,94.250000,96.949997,93.879997,95.239998,94.857780,858900
2021-03-09,96.309998,96.589996,92.230003,92.230003,91.859863,521600
2021-03-10,92.760002,95.989998,92.349998,95.150002,94.768143,564200
2021-03-11,94.339996,96.459999,93.639999,95.750000,95.365730,990300
2021-03-12,96.230003,97.910004,95.790001,97.760002,97.367668,643000
2021-03-15,98.000000,99.639999,97.199997,98.260002,97.865662,692500
2021-03-16,98.139999,98.139999,94.629997,94.769997,94.389664,753200
2021-03-17,94.599998,97.750000,94.050003,97.209999,96.819870,852300
2021-03-18,96.989998,99.010002,96.029999,96.169998,95.784042,817800
2021-03-19,94.760002,97.580002,94.010002,95.709999,95.325890,1515200
2021-03-22,97.169998,97.169998,93.239998,93.830002,93.453438,646300
2021-03-23,92.919998,94.099998,91.599998,92.050003,91.680588,685500
2021-03-24,93.709999,94.389999,90.919998,90.919998,90.555115,476200
2021-03-25,90.839996,97.269997,89.589996,96.470001,96.082848,910800
2021-03-26,96.779999,97.820000,95.570000,97.769997,97.377625,524200
2021-03-29,97.220001,98.320000,94.629997,95.070000,94.688461,487800
2021-03-30,94.709999,96.430000,94.709999,96.430000,96.043007,442000
2021-03-31,96.209999,97.750000,95.839996,95.940002,95.554970,584200
2021-04-01,96.279999,96.769997,95.300003,96.279999,95.893600,633700
2021-04-05,97.500000,97.500000,95.550003,96.900002,96.511116,531600
2021-04-06,97.800003,100.769997,97.550003,98.730003,98.333778,767000
2021-04-07,98.190002,99.790001,97.430000,98.550003,98.154495,669100
2021-04-08,99.739998,99.750000,97.809998,98.870003,98.473213,686600
2021-04-09,98.620003,99.559998,97.330002,99.459999,99.060844,401800
2021-04-12,100.449997,100.449997,97.199997,97.559998,97.168465,801400
2021-04-13,97.959999,98.550003,95.830002,95.889999,95.505173,900700
2021-04-14,95.930000,98.440002,95.930000,96.589996,96.202354,812800
2021-04-15,97.320000,97.320000,95.320000,96.879997,96.491196,541900
2021-04-16,97.279999,99.180000,97.279999,98.930000,98.532974,675700
2021-04-19,99.129997,99.449997,97.500000,97.830002,97.437386,463500
2021-04-20,97.529999,98.029999,94.660004,97.150002,96.760117,643600
2021-04-21,97.050003,98.980003,96.269997,98.690002,98.293938,533900
2021-04-22,98.660004,101.389999,98.279999,100.889999,100.485100,548600
2021-04-23,101.900002,101.900002,98.470001,100.360001,99.957230,693600
2021-04-26,101.139999,101.739998,99.410004,99.839996,99.439316,685700
2021-04-27,98.959999,101.080002,98.529999,100.360001,99.957230,791300
2021-04-28,99.940002,101.099998,99.000000,100.779999,100.375542,706900
2021-04-29,102.110001,104.940002,101.620003,103.709999,103.293785,855100
2021-04-30,105.500000,110.750000,104.800003,107.019997,106.590500,1755500
2021-05-03,108.110001,109.410004,106.209999,107.410004,106.978943,819800
2021-05-04,107.209999,109.000000,105.589996,106.959999,106.530746,952900
2021-05-05,107.190002,107.190002,103.540001,104.769997,104.349533,739100
2021-05-06,104.959999,105.830002,101.059998,103.320000,102.905350,1229000
2021-05-07,103.419998,105.430000,102.559998,104.629997,104.210091,538500
2021-05-10,104.010002,104.529999,101.459999,101.500000,101.092659,802700
2021-05-11,100.010002,100.930000,97.699997,100.040001,99.638519,998100
2021-05-12,99.480003,99.989998,95.029999,95.290001,94.907578,738200
2021-05-13,95.580002,97.550003,94.900002,96.800003,96.411522,669500
2021-05-14,97.070000,99.099998,97.000000,98.550003,98.154495,862700
2021-05-17,101.250000,101.669998,97.540001,99.669998,99.269997,815700
2021-05-18,99.800003,99.800003,97.570000,98.099998,98.099998,899300
2021-05-19,96.839996,98.430000,95.250000,98.400002,98.400002,617100
2021-05-20,97.970001,98.970001,96.750000,97.059998,97.059998,1077200
2021-05-21,97.470001,99.010002,96.250000,96.620003,96.620003,890400
2021-05-24,97.879997,99.599998,96.959999,99.059998,99.059998,868600
2021-05-25,99.199997,99.970001,97.040001,97.239998,97.239998,502800
2021-05-26,97.800003,100.129997,97.449997,99.860001,99.860001,524500
2021-05-27,100.580002,100.580002,98.550003,99.059998,99.059998,1150100
2021-05-28,99.669998,101.279999,98.019997,100.709999,100.709999,1302500
2021-06-01,100.989998,101.250000,97.269997,98.010002,98.010002,1001000
2021-06-02,97.959999,97.970001,95.779999,96.230003,96.230003,1273600
2021-06-03,95.500000,96.860001,93.089996,96.190002,96.190002,1435500
2021-06-04,96.680000,97.849998,95.610001,97.720001,97.720001,771000
2021-06-07,97.690002,99.699997,97.650002,98.690002,98.690002,920000
2021-06-08,99.379997,102.800003,99.000000,101.809998,101.809998,951200
2021-06-09,101.730003,102.110001,99.779999,100.000000,100.000000,648100
2021-06-10,99.970001,100.080002,96.839996,98.550003,98.550003,655800
2021-06-11,99.220001,99.940002,98.199997,98.620003,98.620003,497600
2021-06-14,98.570000,99.050003,96.529999,97.440002,97.440002,456800
2021-06-15,97.650002,97.779999,95.459999,95.650002,95.650002,695600
2021-06-16,96.110001,96.129997,94.110001,94.589996,94.589996,824100
2021-06-17,94.680000,95.099998,90.089996,91.570000,91.570000,1597300
2021-06-18,90.440002,91.440002,89.709999,90.500000,90.500000,1411800
2021-06-21,91.070000,92.339996,90.580002,91.709999,91.709999,977700
2021-06-22,92.290001,93.330002,90.410004,92.849998,92.849998,818400
2021-06-23,92.809998,94.089996,92.559998,93.449997,93.449997,783300
2021-06-24,94.070000,95.169998,92.849998,95.000000,95.000000,1100900
2021-06-25,95.199997,98.410004,94.760002,97.660004,97.660004,1472400
2021-06-28,97.669998,98.010002,94.150002,94.919998,94.919998,668900
2021-06-29,94.769997,94.930000,93.620003,94.639999,94.639999,651900
2021-06-30,94.580002,96.500000,94.570000,96.199997,96.199997,652600
2021-07-01,96.779999,97.650002,96.290001,97.209999,97.209999,522300
2021-07-02,97.639999,97.639999,95.790001,95.849998,95.849998,499000
2021-07-06,95.930000,96.129997,94.089996,95.589996,95.589996,774000
2021-07-07,95.150002,96.320000,94.059998,95.230003,95.230003,687100
2021-07-08,94.320000,94.930000,92.989998,93.320000,93.320000,516800
2021-07-09,94.209999,96.639999,94.070000,96.559998,96.559998,616100
2021-07-12,96.559998,98.370003,96.220001,98.180000,98.180000,443300
2021-07-13,97.839996,98.150002,96.820000,97.230003,97.230003,363100
2021-07-14,97.730003,98.959999,96.230003,96.389999,96.389999,359900
2021-07-15,96.160004,96.480003,93.320000,94.559998,94.559998,600200
2021-07-16,95.550003,96.510002,94.239998,94.370003,94.370003,693600
2021-07-19,92.449997,92.629997,88.760002,89.489998,89.489998,1088400
2021-07-20,89.739998,94.889999,89.089996,94.589996,94.589996,829900
2021-07-21,95.190002,98.269997,94.440002,96.150002,96.150002,870300
2021-07-22,95.930000,96.930000,95.080002,96.430000,96.430000,923500
2021-07-23,97.309998,98.519997,96.220001,98.099998,98.099998,906900
2021-07-26,98.599998,102.199997,98.110001,101.750000,101.750000,1085600
2021-07-27,101.790001,102.169998,99.379997,102.089996,102.089996,862800
2021-07-28,101.720001,102.099998,97.949997,98.809998,98.809998,766600
2021-07-29,99.269997,100.860001,98.570000,98.629997,98.629997,1079700
2021-07-30,93.699997,94.550003,91.510002,92.169998,92.169998,2501300
2021-08-02,92.449997,94.269997,90.760002,92.190002,92.190002,1425700
2021-08-03,92.419998,92.419998,87.309998,88.750000,88.750000,1587800
2021-08-04,87.919998,89.459999,87.309998,89.019997,89.019997,625600
2021-08-05,89.330002,91.860001,89.279999,91.110001,91.110001,701600
2021-08-06,91.489998,92.500000,90.480003,91.709999,91.709999,973600
2021-08-09,91.000000,91.250000,88.180000,89.519997,89.519997,844300
2021-08-10,89.480003,90.599998,89.129997,90.529999,90.529999,577000
2021-08-11,90.559998,91.580002,89.730003,91.239998,91.239998,575000
2021-08-12,90.760002,91.230003,89.230003,90.510002,90.510002,618500
2021-08-13,90.489998,90.489998,88.779999,88.959999,88.959999,655000
2021-08-16,88.370003,89.980003,87.949997,89.470001,89.470001,467100
2021-08-17,88.570000,90.720001,88.570000,90.070000,90.070000,1281300
2021-08-18,89.910004,91.260002,88.750000,90.500000,90.500000,675500
2021-08-19,89.139999,90.480003,87.970001,89.669998,89.669998,1516200
2021-08-20,89.570000,90.760002,88.779999,90.250000,90.250000,456000
2021-08-23,90.750000,92.360001,90.070000,90.550003,90.550003,666500
2021-08-24,91.279999,92.199997,90.570000,91.639999,91.639999,604800
2021-08-25,90.959999,92.860001,90.529999,92.410004,92.410004,787400
2021-08-26,92.250000,92.830002,91.309998,92.510002,92.510002,485700
2021-08-27,92.989998,95.760002,92.860001,95.510002,95.510002,589900
2021-08-30,95.199997,95.480003,93.029999,93.550003,93.550003,746500