Date,Open,High,Low,Close,Adj Close,Volume
2021-01-04,32.849998,32.849998,31.650000,32.279999,31.705315,804100
2021-01-05,32.240002,33.200001,32.220001,32.849998,32.265163,648700
2021-01-06,33.880001,35.860001,33.779999,35.000000,34.376888,980500
2021-01-07,35.349998,35.750000,35.189999,35.340000,34.710838,401300
2021-01-08,35.439999,35.439999,34.279999,35.080002,34.455467,443900
2021-01-11,34.740002,35.750000,34.080002,35.709999,35.074249,343900
2021-01-12,35.990002,36.549999,35.599998,36.259998,35.614456,479900
2021-01-13,36.020000,36.279999,35.549999,35.759998,35.123360,500200
2021-01-14,35.980000,36.250000,35.130001,35.950001,35.309978,377500
2021-01-15,35.180000,35.830002,35.000000,35.570000,34.936741,515500
2021-01-19,35.900002,36.099998,35.270000,35.580002,34.946564,430600
2021-01-20,35.459999,35.779999,34.889999,35.529999,34.897453,515600
2021-01-21,35.590000,35.860001,34.740002,35.090000,34.465286,486300
2021-01-22,34.740002,35.740002,34.540001,35.680000,35.044785,768700
2021-01-25,35.259998,35.349998,33.459999,34.730000,34.111698,602700
2021-01-26,34.930000,35.130001,33.430000,33.540001,32.942883,533700
2021-01-27,32.790001,33.279999,32.119999,32.320000,31.744602,721400
2021-01-28,33.509998,33.900002,32.650002,33.680000,33.080391,589000
2021-01-29,34.049999,34.049999,31.570000,31.660000,31.096354,1746700
2021-02-01,32.500000,33.139999,31.750000,33.070000,32.481251,606600
2021-02-02,33.380001,33.849998,32.939999,33.759998,33.158966,528200
2021-02-03,33.009998,33.709999,32.669998,33.330002,32.736622,357900
2021-02-04,33.419998,34.509998,33.419998,34.470001,33.856327,424700
2021-02-05,34.830002,34.830002,34.009998,34.380001,33.767929,368000
2021-02-08,34.540001,34.919998,34.330002,34.919998,34.298313,315300
2021-02-09,34.779999,35.470001,34.389999,35.459999,34.828701,277500
2021-02-10,35.500000,35.930000,35.180000,35.330002,34.701019,364700
2021-02-11,35.310001,35.830002,34.439999,35.049999,34.425999,353800
2021-02-12,35.000000,35.610001,34.840000,35.450001,34.818878,253300
2021-02-16,35.599998,36.230000,35.599998,35.779999,35.143002,302100
2021-02-17,35.610001,35.980000,35.529999,35.680000,35.044785,191500
2021-02-18,35.580002,35.790001,35.119999,35.410000,34.779594,279700
2021-02-19,35.570000,36.430000,35.509998,36.340000,35.693035,488700
2021-02-22,36.040001,37.230000,36.040001,37.049999,36.390392,496100
2021-02-23,37.279999,38.160000,36.820000,37.639999,36.969891,409800
2021-02-24,38.000000,39.160000,37.709999,39.029999,38.335144,490100
2021-02-25,39.369999,39.380001,37.369999,37.720001,37.048466,466400
2021-02-26,37.470001,37.820000,36.700001,36.950001,36.292175,448900
2021-03-01,37.880001,38.290001,37.459999,38.080002,37.402058,425900
2021-03-02,38.110001,38.610001,37.820000,38.119999,37.441341,451200
2021-03-03,38.560001,39.900002,38.450001,39.000000,38.305679,465400
2021-03-04,39.060001,39.910000,38.110001,38.619999,37.932446,560100
2021-03-05,39.430000,40.000000,38.650002,39.919998,39.209297,633400
2021-03-08,40.290001,40.980000,39.549999,40.570000,39.847729,663800
2021-03-09,39.910000,40.349998,38.230000,39.360001,38.659267,470800
2021-03-10,38.980000,40.389999,38.000000,40.290001,39.572716,534500
2021-03-11,39.459999,40.520000,39.040001,40.110001,39.741150,442800
2021-03-12,40.980000,41.430000,40.509998,40.740002,40.365356,634300
2021-03-15,40.500000,40.570000,39.740002,40.169998,39.800594,518500
2021-03-16,39.910000,40.169998,39.189999,40.119999,39.751057,305300
2021-03-17,38.849998,40.180000,38.849998,39.849998,39.483540,576400
2021-03-18,40.430000,41.610001,39.759998,39.880001,39.513264,530200
2021-03-19,39.520000,40.360001,38.660000,39.900002,39.533081,2077200
2021-03-22,39.470001,39.470001,38.189999,38.570000,38.215309,306200
2021-03-23,38.400002,38.660000,37.259998,37.430000,37.085796,430300
2021-03-24,37.980000,39.139999,37.700001,37.740002,37.392944,561000
2021-03-25,37.580002,38.919998,37.410000,38.680000,38.324299,354500
2021-03-26,39.240002,39.840000,38.820000,39.680000,39.315105,395900
2021-03-29,38.970001,39.639999,38.080002,38.279999,37.927975,408700
2021-03-30,38.770000,39.290001,38.650002,38.990002,38.631451,312200
2021-03-31,39.060001,39.520000,38.400002,38.580002,38.225220,414600
2021-04-01,38.650002,38.930000,38.299999,38.889999,38.532368,419100
2021-04-05,39.540001,39.540001,38.439999,38.689999,38.334206,364000
2021-04-06,38.830002,39.599998,38.299999,38.610001,38.254944,288200
2021-04-07,38.750000,39.169998,38.250000,38.529999,38.175678,246100
2021-04-08,38.200001,38.470001,37.500000,38.369999,38.017151,339700
2021-04-09,38.509998,39.130001,38.509998,38.980000,38.621540,318400
2021-04-12,39.310001,39.549999,38.959999,39.189999,38.829609,437800
2021-04-13,39.189999,39.189999,38.060001,38.200001,37.848713,290400
2021-04-14,38.279999,39.349998,38.279999,38.980000,38.621540,232400
2021-04-15,38.910000,39.000000,38.020000,38.959999,38.601723,271300
2021-04-16,39.500000,39.740002,38.889999,39.369999,39.007954,334700
2021-04-19,39.240002,39.599998,38.529999,38.880001,38.522461,381000
2021-04-20,38.529999,38.889999,37.570000,37.660000,37.313679,398000
2021-04-21,37.580002,38.790001,37.570000,38.730000,38.373840,469400
2021-04-22,38.660000,38.990002,38.049999,38.090000,37.739727,287200
2021-04-23,38.139999,39.959999,38.139999,39.669998,39.305195,444000
2021-04-26,40.000000,40.610001,39.029999,39.110001,38.750347,461700
2021-04-27,39.110001,39.480000,38.869999,39.430000,39.067402,285200
2021-04-28,39.419998,39.770000,38.910000,39.080002,38.720623,280100
2021-04-29,40.730000,40.730000,39.430000,39.630001,39.265564,315800
2021-04-30,39.250000,39.849998,39.130001,39.270000,38.908875,1173800
2021-05-03,39.700001,40.310001,39.520000,40.110001,39.741150,407700
2021-05-04,39.990002,40.740002,39.869999,40.310001,39.939312,814600
2021-05-05,40.549999,40.700001,39.959999,40.450001,40.078022,385600
2021-05-06,40.639999,40.720001,39.820000,40.619999,40.246460,489400
2021-05-07,39.970001,41.200001,39.830002,41.000000,40.622963,488900
2021-05-10,41.299999,41.680000,40.599998,40.599998,40.226643,367300
2021-05-11,40.310001,41.130001,40.310001,40.849998,40.474342,603600
2021-05-12,41.209999,41.610001,39.619999,39.770000,39.404278,507900
2021-05-13,39.680000,41.889999,39.680000,41.669998,41.286800,552900
2021-05-14,42.000000,42.380001,41.590000,42.290001,41.901104,446400
2021-05-17,42.160000,42.340000,41.599998,42.310001,41.920918,359500
2021-05-18,42.200001,42.500000,41.200001,41.230000,40.850849,551800
2021-05-19,40.740002,41.000000,40.000000,41.000000,40.622963,261100
2021-05-20,40.830002,41.150002,40.299999,40.840000,40.464436,263500
2021-05-21,41.380001,41.770000,41.139999,41.430000,41.049011,253600
2021-05-24,41.490002,41.650002,40.860001,41.000000,40.622963,256300
2021-05-25,41.160000,41.470001,39.639999,39.680000,39.315105,307100
2021-05-26,39.779999,40.480000,39.459999,40.389999,40.018574,217400
2021-05-27,40.950001,41.320000,40.720001,41.110001,40.731953,320500
2021-05-28,41.070000,41.230000,40.439999,41.189999,40.811214,187700
2021-06-01,41.490002,41.840000,41.400002,41.709999,41.326435,261200
2021-06-02,41.959999,42.000000,41.090000,41.150002,40.771587,416900
2021-06-03,39.320000,39.939999,38.430000,39.029999,38.671078,1540000
2021-06-04,38.880001,39.380001,38.580002,39.230000,38.869240,554900
2021-06-07,39.330002,39.580002,39.000000,39.189999,38.829609,524500
2021-06-08,38.700001,39.070000,38.540001,38.930000,38.572002,461700
2021-06-09,38.599998,38.599998,38.029999,38.060001,37.710003,351000
2021-06-10,38.349998,38.349998,37.459999,37.480000,37.480000,310400
2021-06-11,37.720001,38.000000,37.430000,37.880001,37.880001,360800
2021-06-14,38.000000,38.290001,37.349998,37.610001,37.610001,535600
2021-06-15,37.689999,38.919998,37.669998,38.610001,38.610001,661900
2021-06-16,38.380001,39.290001,38.060001,39.099998,39.099998,512300
2021-06-17,39.490002,39.490002,37.650002,37.740002,37.740002,729700
2021-06-18,37.189999,37.459999,36.220001,36.360001,36.360001,2181400
2021-06-21,36.849998,37.919998,36.849998,37.549999,37.549999,714400
2021-06-22,37.500000,37.689999,36.910000,37.500000,37.500000,443300
2021-06-23,37.639999,37.910000,37.389999,37.730000,37.730000,435400
2021-06-24,37.840000,38.410000,37.560001,38.380001,38.380001,360900
2021-06-25,38.470001,38.720001,37.930000,38.099998,38.099998,1618400
2021-06-28,37.799999,37.830002,36.889999,37.180000,37.180000,467900
2021-06-29,37.520000,37.680000,36.529999,36.630001,36.630001,396200
2021-06-30,36.470001,36.709999,36.189999,36.500000,36.500000,517000
2021-07-01,36.849998,37.099998,36.500000,36.750000,36.750000,691100
2021-07-02,36.680000,36.840000,36.270000,36.580002,36.580002,439600
2021-07-06,36.369999,36.430000,35.259998,35.490002,35.490002,647800
2021-07-07,35.220001,35.849998,35.049999,35.279999,35.279999,467900
2021-07-08,34.529999,34.919998,34.080002,34.389999,34.389999,502100
2021-07-09,34.950001,35.570000,34.660000,35.520000,35.520000,537600
2021-07-12,35.080002,35.849998,34.990002,35.790001,35.790001,361200
2021-07-13,35.730000,35.730000,35.080002,35.160000,35.160000,318800
2021-07-14,35.259998,35.790001,34.830002,35.180000,35.180000,317100
2021-07-15,34.849998,35.790001,34.770000,35.700001,35.700001,377400
2021-07-16,36.020000,36.020000,34.740002,34.860001,34.860001,497600
2021-07-19,34.299999,34.549999,33.450001,33.740002,33.740002,607300
2021-07-20,33.740002,35.299999,33.740002,34.439999,34.439999,706000
2021-07-21,34.830002,35.290001,34.700001,34.810001,34.810001,393400
2021-07-22,34.639999,34.639999,33.689999,33.779999,33.779999,436200
2021-07-23,34.450001,35.580002,33.840000,34.290001,34.290001,361800
2021-07-26,34.450001,35.180000,34.340000,34.950001,34.950001,474600
2021-07-27,34.490002,35.060001,34.320000,34.750000,34.750000,383100
2021-07-28,34.889999,35.360001,34.270000,35.020000,35.020000,413800
2021-07-29,35.410000,35.540001,34.900002,35.070000,35.070000,416700
2021-07-30,34.880001,35.549999,34.450001,34.540001,34.540001,1988500
2021-08-02,34.619999,35.389999,33.869999,33.889999,33.889999,413100
2021-08-03,34.419998,34.520000,33.459999,34.369999,34.369999,299100
2021-08-04,33.840000,34.380001,33.759998,33.910000,33.910000,238700
2021-08-05,34.020000,34.590000,34.009998,34.480000,34.480000,221100
2021-08-06,35.060001,35.750000,34.630001,35.500000,35.500000,328100
2021-08-09,35.290001,35.439999,34.889999,34.930000,34.930000,322600
2021-08-10,34.840000,35.700001,34.820000,35.660000,35.660000,335300
2021-08-11,35.910000,36.099998,35.529999,36.090000,36.090000,350900
2021-08-12,36.090000,36.209999,35.700001,36.090000,36.090000,422900
2021-08-13,35.970001,35.970001,35.619999,35.810001,35.810001,238900
2021-08-16,35.450001,35.880001,35.220001,35.860001,35.860001,356500
2021-08-17,35.430000,35.790001,34.980000,35.540001,35.540001,338400
2021-08-18,35.150002,35.900002,35.049999,35.119999,35.119999,233000
2021-08-19,34.799999,35.259998,34.630001,35.090000,35.090000,391900
2021-08-20,35.049999,35.860001,35.049999,35.860001,35.860001,450800
2021-08-23,36.180000,36.220001,35.849998,35.900002,35.900002,269900
2021-08-24,35.860001,36.180000,35.720001,36.099998,36.099998,242900
2021-08-25,36.200001,36.730000,35.599998,36.310001,36.310001,290200
2021-08-26,36.310001,36.470001,35.919998,35.980000,35.980000,410200
2021-08-27,36.040001,36.889999,36.040001,36.860001,36.860001,378600
2021-08-30,36.900002,36.900002,36.099998,36.139999,36.139999,259800