Date,Open,High,Low,Close,Adj Close,Volume
2021-01-04,56.060001,56.400002,53.889999,54.709999,54.471340,365700
2021-01-05,54.720001,55.740002,54.430000,54.990002,54.750122,290300
2021-01-06,55.880001,57.750000,55.880001,57.450001,57.199390,495600
2021-01-07,57.750000,58.750000,56.919998,58.669998,58.414063,256000
2021-01-08,59.110001,59.349998,56.380001,56.759998,56.512394,340400
2021-01-11,56.330002,57.770000,56.330002,57.470001,57.219303,207000
2021-01-12,57.660000,58.099998,56.599998,57.959999,57.707165,209200
2021-01-13,57.900002,58.070000,56.310001,56.540001,56.293358,216400
2021-01-14,56.919998,57.400002,56.299999,56.560001,56.313274,245500
2021-01-15,55.849998,57.009998,54.750000,56.669998,56.422787,479600
2021-01-19,57.459999,58.599998,56.500000,58.110001,57.856510,397500
2021-01-20,58.340000,59.259998,57.110001,57.669998,57.418427,407600
2021-01-21,57.669998,60.230000,57.380001,59.560001,59.300186,454800
2021-01-22,58.869999,60.470001,57.919998,60.259998,59.997128,328900
2021-01-25,60.320000,60.660000,57.049999,58.270000,58.015812,341700
2021-01-26,58.779999,59.480000,56.869999,56.900002,56.651787,219000
2021-01-27,55.700001,58.060001,54.419998,56.029999,55.785580,376800
2021-01-28,56.930000,56.950001,54.610001,55.730000,55.486893,354000
2021-01-29,55.790001,55.790001,53.770000,53.939999,53.704700,262600
2021-02-01,55.200001,57.000000,54.090000,56.799999,56.552223,306200
2021-02-02,57.389999,58.080002,56.430000,57.990002,57.737034,225600
2021-02-03,57.759998,58.869999,57.160000,58.830002,58.573372,235000
2021-02-04,59.000000,60.299999,58.580002,60.259998,59.997128,308900
2021-02-05,60.680000,61.119999,59.770000,61.060001,60.793644,207900
2021-02-08,61.139999,63.009998,61.000000,62.720001,62.446400,339300
2021-02-09,62.700001,62.860001,61.599998,62.419998,62.147705,225200
2021-02-10,63.009998,63.290001,61.750000,61.889999,61.620018,267900
2021-02-11,62.310001,62.779999,60.709999,62.090000,61.819149,324000
2021-02-12,61.880001,63.290001,61.520000,62.310001,62.038189,237900
2021-02-16,62.500000,62.509998,61.160000,61.340000,61.072418,299100
2021-02-17,61.029999,61.689999,60.169998,60.759998,60.494946,257400
2021-02-18,60.730000,60.990002,59.040001,59.369999,59.111012,277300
2021-02-19,59.599998,60.580002,59.560001,60.189999,59.927437,190600
2021-02-22,60.000000,61.279999,59.450001,60.709999,60.445168,200400
2021-02-23,60.470001,61.189999,59.290001,60.369999,60.106647,312600
2021-02-24,60.310001,61.459999,59.959999,60.689999,60.425255,305600
2021-02-25,63.840000,65.620003,60.060001,60.240002,59.977219,580700
2021-02-26,60.790001,62.130001,59.250000,61.000000,60.885509,350700
2021-03-01,62.150002,63.650002,61.400002,63.150002,63.031475,320500
2021-03-02,63.500000,63.730000,62.130001,62.270000,62.153126,342100
2021-03-03,62.310001,63.340000,61.630001,61.919998,61.803780,285900
2021-03-04,61.930000,62.900002,60.549999,61.680000,61.564232,355000
2021-03-05,62.049999,62.619999,60.470001,62.400002,62.282883,454600
2021-03-08,62.299999,64.800003,62.189999,64.010002,63.889862,300900
2021-03-09,64.849998,65.769997,63.950001,65.489998,65.367081,444600
2021-03-10,66.910004,68.919998,65.839996,68.800003,68.670876,578600
2021-03-11,69.290001,70.139999,67.209999,69.959999,69.828690,585400
2021-03-12,70.360001,72.059998,69.970001,71.910004,71.775040,613300
2021-03-15,71.629997,72.660004,70.790001,72.620003,72.483704,410900
2021-03-16,72.620003,72.620003,71.059998,72.000000,71.864861,358200
2021-03-17,71.919998,72.570000,71.150002,72.500000,72.363922,309500
2021-03-18,72.349998,72.779999,70.959999,71.279999,71.146217,468500
2021-03-19,71.519997,71.570000,69.500000,70.389999,70.257889,1010600
2021-03-22,70.809998,71.050003,69.330002,70.660004,70.527382,416700
2021-03-23,70.070000,70.500000,68.150002,68.400002,68.271622,358800
2021-03-24,69.059998,70.199997,67.830002,67.849998,67.722649,419100
2021-03-25,67.919998,70.610001,67.250000,70.169998,70.038300,326700
2021-03-26,70.720001,73.440002,70.309998,73.290001,73.152443,390500
2021-03-29,74.970001,74.970001,71.370003,71.790001,71.655258,404000
2021-03-30,71.620003,74.339996,71.440002,74.339996,74.200470,416200
2021-03-31,74.500000,76.330002,74.269997,75.839996,75.697655,509400
2021-04-01,76.110001,77.389999,75.900002,77.330002,77.184860,364200
2021-04-05,78.389999,79.529999,77.769997,79.300003,79.151169,355200
2021-04-06,79.510002,80.250000,78.889999,80.110001,79.959641,423100
2021-04-07,80.290001,80.320000,78.250000,78.889999,78.741928,343500
2021-04-08,79.489998,79.730003,77.610001,79.720001,79.570374,254500
2021-04-09,80.139999,80.730003,79.250000,80.129997,79.979599,380000
2021-04-12,80.190002,81.519997,79.820000,81.040001,80.887901,288000
2021-04-13,80.220001,81.000000,76.860001,78.779999,78.632141,584700
2021-04-14,78.800003,80.099998,78.309998,79.570000,79.420654,299300
2021-04-15,80.010002,80.209999,78.489998,79.559998,79.410675,305100
2021-04-16,80.239998,81.650002,80.199997,81.059998,80.907860,476900
2021-04-19,81.760002,81.900002,78.730003,79.919998,79.769997,295900
2021-04-20,79.919998,80.010002,76.139999,77.430000,77.284676,345200
2021-04-21,77.430000,78.620003,77.029999,78.279999,78.133080,283500
2021-04-22,85.300003,85.300003,78.239998,78.620003,78.472443,761500
2021-04-23,79.410004,81.889999,78.709999,81.400002,81.247223,557500
2021-04-26,83.720001,84.910004,81.849998,83.760002,83.602791,560900
2021-04-27,84.360001,86.059998,84.320000,84.930000,84.770599,360400
2021-04-28,84.879997,84.879997,83.010002,83.449997,83.293373,233300
2021-04-29,84.199997,85.330002,83.639999,84.940002,84.780579,273600
2021-04-30,84.750000,85.680000,83.529999,84.040001,83.882271,404700
2021-05-03,85.190002,87.059998,84.470001,86.589996,86.427475,431900
2021-05-04,85.849998,88.209999,85.250000,87.760002,87.595284,446400
2021-05-05,89.760002,89.760002,86.349998,87.070000,86.906578,408600
2021-05-06,87.279999,88.680000,86.500000,88.629997,88.463646,366300
2021-05-07,88.220001,88.559998,86.730003,88.180000,88.014496,662500
2021-05-10,88.410004,89.970001,87.910004,87.919998,87.754982,449500
2021-05-11,86.470001,86.739998,82.720001,84.279999,84.121811,415800
2021-05-12,83.599998,84.220001,79.019997,79.290001,79.141182,570200
2021-05-13,79.519997,82.860001,79.110001,82.360001,82.205421,368800
2021-05-14,83.510002,83.510002,81.559998,83.139999,82.983955,290900
2021-05-17,83.120003,83.459999,80.849998,82.180000,82.025757,223800
2021-05-18,82.779999,82.889999,79.430000,79.430000,79.280922,309500
2021-05-19,77.919998,79.809998,77.059998,79.550003,79.400696,331500
2021-05-20,79.660004,80.099998,78.400002,79.470001,79.320847,281000
2021-05-21,80.519997,81.190002,78.809998,79.070000,78.921593,496900
2021-05-24,79.150002,79.550003,78.500000,78.529999,78.382607,246800
2021-05-25,78.639999,79.510002,77.790001,77.980003,77.833641,288900
2021-05-26,78.440002,79.660004,78.410004,79.599998,79.450600,306400
2021-05-27,80.440002,80.989998,79.839996,79.919998,79.769997,233800
2021-05-28,80.260002,80.889999,78.910004,79.519997,79.519997,183900
2021-06-01,80.169998,81.459999,79.650002,81.050003,81.050003,295300
2021-06-02,81.449997,81.449997,77.519997,77.839996,77.839996,403400
2021-06-03,77.230003,78.230003,75.360001,76.089996,76.089996,383200
2021-06-04,76.410004,77.000000,75.070000,76.510002,76.510002,300300
2021-06-07,76.800003,76.989998,75.089996,76.010002,76.010002,335800
2021-06-08,75.779999,76.459999,75.389999,76.059998,76.059998,389600
2021-06-09,75.959999,76.169998,74.339996,74.430000,74.430000,286400
2021-06-10,74.500000,74.699997,73.260002,73.500000,73.500000,321700
2021-06-11,73.389999,74.750000,73.389999,74.209999,74.209999,234300
2021-06-14,74.080002,74.190002,72.410004,73.110001,73.110001,315700
2021-06-15,73.029999,74.440002,72.400002,74.410004,74.410004,459900
2021-06-16,74.180000,74.379997,72.589996,73.080002,73.080002,318600
2021-06-17,72.720001,72.980003,70.040001,71.760002,71.760002,339600
2021-06-18,70.730003,71.669998,70.230003,70.660004,70.660004,719900
2021-06-21,71.300003,72.699997,71.300003,71.809998,71.809998,212100
2021-06-22,71.720001,72.680000,70.680000,72.510002,72.510002,254500
2021-06-23,72.339996,72.739998,71.650002,72.190002,72.190002,326200
2021-06-24,72.410004,73.400002,71.760002,73.160004,73.160004,272300
2021-06-25,73.430000,73.980003,72.470001,72.730003,72.730003,711200
2021-06-28,72.980003,73.279999,72.230003,72.720001,72.720001,242000
2021-06-29,72.959999,73.949997,72.750000,73.379997,73.379997,203300
2021-06-30,73.339996,74.599998,72.970001,74.339996,74.339996,248000
2021-07-01,74.730003,75.099998,74.050003,74.680000,74.680000,331300
2021-07-02,74.900002,74.900002,73.599998,73.730003,73.730003,220300
2021-07-06,73.540001,73.750000,71.000000,72.040001,72.040001,274700
2021-07-07,71.760002,73.940002,71.760002,73.379997,73.379997,290800
2021-07-08,72.019997,72.970001,70.709999,71.809998,71.809998,268300
2021-07-09,72.599998,73.940002,72.570000,73.470001,73.470001,212700
2021-07-12,73.470001,74.580002,72.910004,74.410004,74.410004,214600
2021-07-13,74.470001,74.629997,72.720001,72.750000,72.750000,168200
2021-07-14,72.889999,73.459999,71.639999,71.879997,71.879997,142000
2021-07-15,71.190002,72.110001,70.779999,71.209999,71.209999,300500
2021-07-16,71.589996,71.599998,69.449997,69.599998,69.599998,312600
2021-07-19,68.879997,69.809998,67.820000,69.290001,69.290001,442800
2021-07-20,69.739998,72.180000,69.099998,71.379997,71.379997,342000
2021-07-21,71.470001,72.879997,71.459999,72.690002,72.690002,374300
2021-07-22,72.879997,74.089996,70.410004,72.919998,72.919998,620200
2021-07-23,73.199997,73.709999,72.580002,72.769997,72.769997,317100
2021-07-26,72.970001,73.709999,72.589996,73.559998,73.559998,330700
2021-07-27,73.010002,74.180000,72.500000,73.260002,73.260002,246300
2021-07-28,73.260002,73.879997,72.220001,73.029999,73.029999,268100
2021-07-29,73.440002,74.629997,73.410004,74.230003,74.230003,279500
2021-07-30,74.440002,74.830002,73.720001,74.260002,74.260002,268200
2021-08-02,74.360001,75.559998,73.000000,73.019997,73.019997,236500
2021-08-03,73.099998,74.150002,73.000000,74.110001,74.110001,295600
2021-08-04,73.389999,74.669998,73.379997,73.650002,73.650002,145900
2021-08-05,73.800003,74.279999,72.919998,73.260002,73.260002,177100
2021-08-06,73.910004,74.480003,73.139999,73.480003,73.480003,133500
2021-08-09,73.300003,73.430000,72.519997,72.570000,72.570000,155100
2021-08-10,72.500000,74.269997,72.480003,73.980003,73.980003,129400
2021-08-11,74.050003,76.000000,73.570000,75.919998,75.919998,185900
2021-08-12,76.230003,77.010002,75.059998,75.459999,75.459999,220600
2021-08-13,76.040001,76.169998,75.239998,75.400002,75.400002,170200
2021-08-16,75.019997,75.400002,74.150002,74.919998,74.919998,138100
2021-08-17,74.180000,74.709999,72.500000,74.040001,74.040001,176600
2021-08-18,73.900002,75.040001,73.209999,73.279999,73.279999,225400
2021-08-19,72.309998,73.120003,71.720001,72.949997,72.949997,275900
2021-08-20,72.930000,74.339996,72.800003,73.739998,73.739998,207100
2021-08-23,74.220001,74.389999,73.120003,73.949997,73.949997,161400
2021-08-24,73.970001,75.260002,73.800003,74.809998,74.809998,122100
2021-08-25,74.830002,76.639999,74.820000,76.470001,76.470001,166800
2021-08-26,76.570000,76.820000,75.570000,75.589996,75.589996,123000
2021-08-27,75.669998,78.489998,75.669998,78.150002,78.150002,287900
2021-08-30,78.190002,78.529999,77.570000,78.169998,78.169998,155400