Date,Open,High,Low,Close,Adj Close,Volume
2021-01-04,69.500000,70.000000,67.330002,68.639999,68.179527,146300
2021-01-05,68.570000,70.250000,68.440002,69.510002,69.043694,195200
2021-01-06,71.559998,76.010002,71.559998,75.440002,74.933914,342200
2021-01-07,75.760002,76.860001,75.489998,76.410004,75.897408,203800
2021-01-08,76.040001,76.779999,72.809998,74.080002,73.583038,140100
2021-01-11,73.580002,75.660004,73.160004,75.370003,74.864388,119100
2021-01-12,76.000000,77.000000,75.519997,76.449997,75.937134,277300
2021-01-13,76.269997,76.269997,74.010002,74.559998,74.059814,154700
2021-01-14,75.120003,76.779999,74.980003,75.699997,75.192169,127800
2021-01-15,74.470001,75.419998,73.580002,74.239998,73.741966,112600
2021-01-19,74.300003,75.309998,73.410004,74.150002,73.652573,167700
2021-01-20,74.290001,74.910004,73.370003,74.639999,74.139275,237600
2021-01-21,74.550003,74.910004,72.160004,72.230003,71.745445,162100
2021-01-22,71.580002,75.449997,71.580002,75.180000,74.675659,237000
2021-01-25,73.949997,73.949997,71.309998,73.019997,72.530144,184100
2021-01-26,73.870003,74.400002,71.830002,71.989998,71.507057,125400
2021-01-27,70.000000,71.330002,68.000000,70.019997,69.550270,287000
2021-01-28,72.180000,73.480003,70.839996,73.169998,72.679138,280800
2021-01-29,72.690002,72.750000,70.339996,70.970001,70.493904,426700
2021-02-01,71.989998,73.699997,70.970001,73.339996,72.848000,237400
2021-02-02,73.940002,75.419998,73.019997,74.519997,74.020081,179500
2021-02-03,74.070000,74.419998,72.919998,74.160004,73.662498,129100
2021-02-04,75.000000,77.489998,74.440002,77.489998,76.970154,210000
2021-02-05,77.529999,77.529999,75.959999,76.440002,75.927208,160200
2021-02-08,77.190002,77.739998,76.089996,77.309998,76.791367,124800
2021-02-09,77.029999,78.279999,76.360001,78.279999,77.754860,107100
2021-02-10,78.360001,79.190002,77.769997,77.970001,77.446945,117100
2021-02-11,78.050003,78.750000,76.739998,78.099998,77.576065,188400
2021-02-12,77.529999,79.260002,76.209999,78.510002,77.983315,131600
2021-02-16,79.279999,80.529999,78.500000,79.730003,79.195137,145700
2021-02-17,79.320000,80.510002,78.209999,79.139999,78.609085,148400
2021-02-18,78.370003,79.580002,78.040001,78.760002,78.231644,139000
2021-02-19,79.230003,80.959999,78.589996,80.889999,80.347351,209400
2021-02-22,80.300003,82.699997,79.750000,82.430000,81.877022,188300
2021-02-23,82.449997,85.419998,80.970001,85.139999,84.568840,359100
2021-02-24,85.080002,87.889999,84.349998,87.629997,87.042137,242900
2021-02-25,87.989998,88.610001,85.730003,86.559998,85.979309,266200
2021-02-26,85.389999,86.290001,83.010002,84.370003,83.804001,291800
2021-03-01,86.489998,88.199997,84.940002,87.790001,87.201065,220900
2021-03-02,87.139999,87.220001,85.500000,86.360001,85.780663,197700
2021-03-03,87.059998,90.750000,86.660004,89.500000,88.899590,225000
2021-03-04,89.500000,91.860001,87.169998,88.519997,87.926163,288400
2021-03-05,90.410004,92.150002,89.379997,91.879997,91.263618,333500
2021-03-08,93.050003,95.309998,92.589996,94.330002,93.697197,260800
2021-03-09,94.510002,95.180000,90.599998,93.190002,92.879921,221500
2021-03-10,93.360001,95.440002,93.209999,95.169998,94.853325,217600
2021-03-11,94.470001,95.940002,91.660004,94.360001,94.046028,301900
2021-03-12,95.419998,97.239998,94.730003,96.830002,96.507805,230300
2021-03-15,97.070000,97.080002,94.480003,96.080002,95.760300,170200
2021-03-16,95.510002,95.510002,93.139999,94.919998,94.604156,185100
2021-03-17,95.169998,96.410004,94.510002,95.470001,95.152328,194200
2021-03-18,97.139999,99.820000,96.050003,97.050003,96.727074,329800
2021-03-19,96.849998,98.660004,94.430000,96.449997,96.129066,725100
2021-03-22,95.870003,96.639999,92.230003,92.769997,92.461311,205800
2021-03-23,91.720001,92.379997,89.559998,90.150002,89.850037,313200
2021-03-24,91.099998,94.010002,88.900002,89.070000,88.773628,356200
2021-03-25,90.040001,92.449997,87.930000,91.900002,91.594208,194900
2021-03-26,93.690002,94.129997,92.050003,93.690002,93.378258,192200
2021-03-29,92.120003,93.440002,89.669998,91.889999,91.584244,278500
2021-03-30,92.209999,93.720001,92.160004,93.250000,92.939720,150500
2021-03-31,92.629997,93.480003,91.510002,92.330002,92.022781,181700
2021-04-01,91.440002,92.660004,90.720001,92.529999,92.222115,167200
2021-04-05,92.949997,93.449997,92.129997,93.050003,92.740387,148100
2021-04-06,92.820000,93.209999,91.250000,91.720001,91.414810,117800
2021-04-07,92.260002,92.790001,90.699997,91.180000,90.876602,133400
2021-04-08,91.080002,91.570000,89.589996,91.320000,91.016136,107300
2021-04-09,91.500000,92.959999,84.300003,92.830002,92.521118,144200
2021-04-12,93.449997,93.970001,92.849998,93.830002,93.517792,78500
2021-04-13,93.349998,93.349998,90.779999,91.070000,90.766968,359600
2021-04-14,91.629997,94.070000,91.629997,93.000000,92.690552,106200
2021-04-15,93.239998,94.800003,90.839996,93.320000,93.009483,337200
2021-04-16,94.599998,94.989998,89.040001,94.339996,94.026085,214900
2021-04-19,94.839996,95.650002,92.919998,94.209999,93.896523,124400
2021-04-20,94.300003,94.300003,90.209999,90.730003,90.428108,110300
2021-04-21,91.050003,92.620003,90.250000,92.220001,91.913147,130200
2021-04-22,92.599998,92.599998,90.720001,90.860001,90.557671,116600
2021-04-23,90.919998,95.269997,90.919998,94.589996,94.275253,137100
2021-04-26,95.180000,96.500000,95.000000,95.330002,95.012794,116000
2021-04-27,93.010002,97.870003,91.980003,97.019997,96.697166,385600
2021-04-28,97.949997,98.169998,96.190002,96.430000,96.109138,155600
2021-04-29,98.349998,99.320000,98.129997,98.320000,97.992844,126600
2021-04-30,97.370003,98.400002,96.779999,97.029999,96.707138,249600
2021-05-03,98.370003,98.970001,96.809998,97.480003,97.155647,223700
2021-05-04,96.930000,98.739998,95.680000,98.010002,97.683884,203600
2021-05-05,97.949997,98.080002,96.510002,97.290001,96.966278,233600
2021-05-06,97.989998,97.989998,96.070000,97.559998,97.235374,265500
2021-05-07,96.300003,98.370003,95.320000,98.180000,97.853310,178300
2021-05-10,98.290001,99.980003,97.629997,97.660004,97.335045,214700
2021-05-11,96.480003,98.330002,96.309998,96.919998,96.597504,211200
2021-05-12,97.389999,98.139999,94.160004,94.410004,94.095863,170200
2021-05-13,94.010002,98.410004,93.900002,98.089996,97.763611,255400
2021-05-14,98.269997,99.730003,97.070000,99.550003,99.218758,166500
2021-05-17,98.870003,99.919998,97.760002,99.080002,98.750320,99400
2021-05-18,98.790001,99.449997,97.199997,97.250000,96.926407,139100
2021-05-19,96.320000,97.279999,94.650002,97.230003,96.906479,111400
2021-05-20,96.839996,97.980003,95.989998,97.629997,97.305138,130200
2021-05-21,98.690002,99.500000,97.529999,98.419998,98.092514,144700
2021-05-24,98.709999,98.709999,96.970001,97.639999,97.315109,109400
2021-05-25,97.589996,98.440002,94.220001,94.360001,94.046028,146100
2021-05-26,94.790001,95.910004,94.169998,95.849998,95.531067,103500
2021-05-27,97.180000,98.290001,96.290001,96.660004,96.338371,122300
2021-05-28,96.839996,96.959999,95.029999,96.709999,96.388206,100100
2021-06-01,97.540001,98.610001,96.750000,97.739998,97.414772,781200
2021-06-02,98.040001,98.839996,96.550003,96.739998,96.418106,117600
2021-06-03,97.040001,98.120003,96.400002,97.800003,97.474579,161400
2021-06-04,97.519997,97.970001,96.300003,97.139999,96.816772,292400
2021-06-07,97.879997,98.000000,95.879997,96.360001,96.039368,119100
2021-06-08,95.650002,96.730003,94.790001,96.169998,95.849998,120000
2021-06-09,95.160004,95.550003,94.209999,94.389999,94.389999,82100
2021-06-10,95.750000,95.919998,92.760002,92.879997,92.879997,120100
2021-06-11,93.440002,94.430000,92.940002,94.089996,94.089996,130300
2021-06-14,94.550003,94.820000,92.089996,92.790001,92.790001,177300
2021-06-15,93.300003,95.449997,92.830002,94.849998,94.849998,138200
2021-06-16,94.160004,95.959999,93.040001,95.089996,95.089996,198800
2021-06-17,95.750000,95.750000,91.730003,91.940002,91.940002,536700
2021-06-18,90.269997,91.360001,88.540001,88.570000,88.570000,681700
2021-06-21,89.550003,93.139999,89.510002,92.970001,92.970001,197100
2021-06-22,92.879997,94.239998,91.480003,92.959999,92.959999,126700
2021-06-23,93.050003,93.800003,92.050003,92.680000,92.680000,130300
2021-06-24,92.910004,94.209999,92.339996,94.070000,94.070000,145100
2021-06-25,94.419998,96.089996,93.800003,94.660004,94.660004,639100
2021-06-28,94.080002,96.059998,92.300003,93.629997,93.629997,230700
2021-06-29,94.010002,94.699997,92.400002,92.900002,92.900002,109600
2021-06-30,92.370003,93.470001,92.370003,93.059998,93.059998,133800
2021-07-01,93.919998,94.470001,93.000000,93.800003,93.800003,146700
2021-07-02,93.760002,93.760002,92.320000,92.680000,92.680000,131500
2021-07-06,92.029999,92.029999,88.510002,88.660004,88.660004,401400
2021-07-07,88.080002,89.769997,87.949997,88.360001,88.360001,246300
2021-07-08,86.260002,88.750000,85.510002,87.779999,87.779999,178400
2021-07-09,89.620003,91.389999,88.900002,91.220001,91.220001,194800
2021-07-12,90.010002,91.500000,89.699997,91.389999,91.389999,97700
2021-07-13,90.870003,91.519997,88.639999,88.860001,88.860001,111700
2021-07-14,89.110001,89.699997,87.610001,88.550003,88.550003,140800
2021-07-15,87.680000,90.120003,87.459999,89.940002,89.940002,123300
2021-07-16,90.550003,90.550003,87.519997,87.629997,87.629997,124600
2021-07-19,85.459999,86.769997,84.209999,84.930000,84.930000,152200
2021-07-20,84.839996,89.349998,84.739998,87.040001,87.040001,232300
2021-07-21,88.120003,89.970001,87.519997,88.010002,88.010002,131600
2021-07-22,87.480003,87.480003,85.169998,86.220001,86.220001,147300
2021-07-23,87.080002,87.989998,85.779999,86.930000,86.930000,78600
2021-07-26,87.110001,88.180000,87.110001,88.040001,88.040001,123400
2021-07-27,86.879997,88.739998,86.879997,88.650002,88.650002,386300
2021-07-28,87.919998,93.500000,87.919998,92.480003,92.480003,533900
2021-07-29,93.790001,94.230003,92.309998,93.650002,93.650002,153400
2021-07-30,92.930000,95.000000,92.160004,93.599998,93.599998,202000
2021-08-02,94.099998,95.980003,91.959999,91.980003,91.980003,217700
2021-08-03,92.290001,93.510002,90.260002,93.000000,93.000000,135600
2021-08-04,91.709999,93.330002,90.760002,92.480003,92.480003,161700
2021-08-05,93.389999,94.389999,92.790001,93.900002,93.900002,133300
2021-08-06,95.440002,96.940002,94.389999,95.820000,95.820000,177500
2021-08-09,95.550003,95.930000,93.699997,93.779999,93.779999,134900
2021-08-10,93.419998,94.250000,92.529999,93.989998,93.989998,130900
2021-08-11,94.480003,95.849998,92.959999,95.779999,95.779999,109700
2021-08-12,95.800003,96.519997,93.779999,93.860001,93.860001,471100
2021-08-13,93.779999,94.629997,92.529999,92.949997,92.949997,107700
2021-08-16,92.220001,93.919998,91.110001,93.239998,93.239998,310500
2021-08-17,92.389999,93.199997,90.760002,91.790001,91.790001,108500
2021-08-18,91.519997,92.410004,90.400002,90.570000,90.570000,92500
2021-08-19,89.330002,90.449997,87.089996,89.300003,89.300003,107800
2021-08-20,88.970001,91.139999,88.970001,90.580002,90.580002,155500
2021-08-23,91.239998,91.610001,90.419998,91.230003,91.230003,112200
2021-08-24,91.160004,92.080002,89.760002,91.849998,91.849998,128800
2021-08-25,92.169998,93.300003,91.129997,91.919998,91.919998,430300
2021-08-26,92.699997,93.120003,90.110001,90.269997,90.269997,508000
2021-08-27,90.699997,93.290001,90.010002,93.070000,93.070000,417700
2021-08-30,93.010002,93.010002,90.470001,90.690002,90.690002,196300