Date,Open,High,Low,Close,Adj Close,Volume
2021-01-04,212.009995,213.429993,207.169998,210.000000,209.552460,79900
2021-01-05,210.000000,212.710007,208.059998,210.850006,210.400665,93800
2021-01-06,220.139999,227.559998,216.009995,224.960007,224.480591,151800
2021-01-07,224.639999,224.639999,218.679993,221.089996,220.618835,99900
2021-01-08,223.100006,223.100006,212.559998,214.600006,214.142670,117000
2021-01-11,211.830002,218.580002,211.830002,217.119995,216.657288,83400
2021-01-12,215.410004,219.449997,214.830002,214.839996,214.382141,162200
2021-01-13,213.649994,216.429993,211.399994,215.529999,215.070679,102800
2021-01-14,216.419998,220.690002,215.440002,219.860001,219.391464,67600
2021-01-15,216.600006,219.220001,213.369995,218.970001,218.503357,54500
2021-01-19,220.779999,220.779999,217.350006,218.889999,218.423508,64200
2021-01-20,218.970001,223.130005,218.960007,221.240005,220.768524,60400
2021-01-21,220.960007,224.000000,220.449997,220.600006,220.129883,84200
2021-01-22,218.889999,223.750000,218.889999,223.660004,223.183365,62500
2021-01-25,221.880005,223.500000,218.009995,220.470001,220.000153,83500
2021-01-26,222.690002,223.320007,220.039993,220.839996,220.369370,50100
2021-01-27,216.699997,221.139999,215.399994,218.899994,218.433502,109100
2021-01-28,221.160004,221.490005,215.300003,216.089996,215.629486,81200
2021-01-29,216.330002,217.820007,212.699997,212.800003,212.346512,71600
2021-02-01,213.750000,218.080002,213.639999,216.949997,216.487656,67700
2021-02-02,219.199997,221.600006,218.020004,221.600006,221.127762,48300
2021-02-03,220.059998,220.919998,216.500000,220.270004,219.800598,43500
2021-02-04,219.889999,227.490005,215.720001,227.470001,226.985245,58500
2021-02-05,228.850006,233.410004,225.600006,227.610001,227.124939,33600
2021-02-08,228.679993,230.559998,228.679993,230.509995,230.018753,37700
2021-02-09,230.509995,236.479996,227.220001,235.360001,234.858429,50300
2021-02-10,235.710007,236.509995,232.029999,234.139999,233.641037,54800
2021-02-11,234.520004,239.960007,233.649994,236.179993,235.676666,70200
2021-02-12,235.759995,238.869995,234.779999,237.649994,237.143539,41700
2021-02-16,239.490005,241.160004,235.839996,236.160004,235.656723,37500
2021-02-17,234.470001,241.029999,234.470001,239.500000,238.989594,58700
2021-02-18,239.070007,242.610001,237.600006,240.130005,239.618271,52600
2021-02-19,239.910004,241.949997,238.649994,239.570007,239.059464,106700
2021-02-22,237.889999,241.710007,233.130005,240.600006,240.087265,48400
2021-02-23,240.860001,244.369995,239.759995,241.440002,240.925461,54400
2021-02-24,242.610001,247.750000,241.300003,245.979996,245.455780,69700
2021-02-25,247.000000,247.220001,242.830002,244.350006,243.829269,64200
2021-02-26,245.339996,249.789993,242.289993,242.289993,241.773636,89900
2021-03-01,242.029999,246.460007,240.860001,245.259995,244.737320,50300
2021-03-02,246.029999,246.490005,241.539993,242.350006,241.833542,52700
2021-03-03,243.309998,251.649994,242.750000,248.649994,248.120087,64400
2021-03-04,249.270004,253.500000,245.899994,246.449997,245.924774,101100
2021-03-05,249.149994,250.649994,246.160004,248.619995,248.090149,98000
2021-03-08,250.100006,256.649994,248.630005,255.539993,255.252075,66100
2021-03-09,255.190002,257.859985,252.380005,253.039993,252.754898,78400
2021-03-10,254.289993,257.399994,253.000000,257.350006,257.060059,74700
2021-03-11,258.859985,258.859985,248.259995,250.410004,250.127869,144400
2021-03-12,252.669998,255.869995,249.190002,255.169998,254.882492,82300
2021-03-15,252.679993,252.679993,238.070007,240.460007,240.189072,114600
2021-03-16,239.330002,240.100006,232.850006,232.990005,232.727493,150700
2021-03-17,232.899994,232.899994,228.110001,229.559998,229.301346,116900
2021-03-18,229.000000,230.009995,226.720001,229.020004,228.761963,149800
2021-03-19,227.960007,230.149994,225.339996,225.380005,225.126068,210000
2021-03-22,224.979996,224.979996,220.690002,222.720001,222.469055,57500
2021-03-23,222.710007,227.270004,221.559998,222.679993,222.429092,81000
2021-03-24,224.940002,225.199997,219.869995,219.869995,219.622269,97600
2021-03-25,218.410004,225.179993,216.500000,223.940002,223.687683,65600
2021-03-26,225.059998,230.559998,224.880005,230.119995,229.860718,70100
2021-03-29,228.250000,233.600006,223.160004,223.169998,222.918549,114100
2021-03-30,224.570007,225.779999,222.119995,222.250000,221.999588,51300
2021-03-31,213.369995,226.479996,213.369995,223.710007,223.457947,148000
2021-04-01,221.889999,225.160004,220.100006,224.990005,224.736511,79600
2021-04-05,227.210007,227.210007,220.699997,222.070007,221.819794,81600
2021-04-06,222.119995,226.949997,222.119995,223.830002,223.577805,91600
2021-04-07,224.380005,224.380005,218.339996,219.539993,219.292633,45700
2021-04-08,220.800003,221.710007,217.929993,221.179993,220.930786,80000
2021-04-09,221.759995,224.119995,218.169998,223.639999,223.388016,51900
2021-04-12,224.619995,227.789993,223.279999,226.050003,225.795319,35400
2021-04-13,224.979996,229.649994,222.360001,223.080002,222.828659,55600
2021-04-14,222.820007,228.889999,222.820007,224.410004,224.157166,51400
2021-04-15,225.539993,228.729996,223.509995,228.440002,228.182617,39700
2021-04-16,230.520004,230.809998,227.580002,227.679993,227.423462,44900
2021-04-19,227.169998,230.240005,224.850006,229.350006,229.091599,49400
2021-04-20,228.009995,231.970001,222.149994,224.500000,224.247055,79300
2021-04-21,224.500000,228.539993,222.910004,225.449997,225.195984,36800
2021-04-22,226.520004,231.339996,226.520004,227.619995,227.363541,39300
2021-04-23,229.660004,232.460007,227.339996,230.449997,230.190353,39600
2021-04-26,231.660004,231.660004,225.630005,225.679993,225.425720,31400
2021-04-27,226.110001,226.110001,222.020004,223.020004,222.768723,52700
2021-04-28,222.639999,224.729996,221.350006,223.419998,223.168274,34600
2021-04-29,223.570007,226.500000,223.490005,225.449997,225.195984,28900
2021-04-30,223.639999,226.440002,219.679993,224.190002,223.937408,54300
2021-05-03,220.479996,229.369995,220.479996,228.000000,227.743118,80900
2021-05-04,226.779999,227.190002,222.710007,223.179993,222.928528,51800
2021-05-05,223.750000,223.750000,218.789993,219.740005,219.492416,57900
2021-05-06,219.929993,225.490005,218.419998,223.919998,223.667709,85000
2021-05-07,223.149994,226.449997,223.149994,225.470001,225.215958,31100
2021-05-10,225.259995,225.380005,221.809998,221.990005,221.739883,38600
2021-05-11,219.990005,220.229996,217.100006,219.740005,219.492416,48800
2021-05-12,218.539993,219.139999,214.059998,214.779999,214.538010,45700
2021-05-13,214.080002,222.729996,214.080002,222.429993,222.179382,39100
2021-05-14,223.889999,225.500000,222.630005,224.919998,224.666580,42600
2021-05-17,222.850006,224.899994,221.270004,224.020004,223.767593,34100
2021-05-18,223.429993,223.429993,216.759995,217.520004,217.274918,35300
2021-05-19,215.729996,219.690002,212.889999,219.039993,218.793198,65600
2021-05-20,219.339996,219.339996,215.940002,216.860001,216.615662,30400
2021-05-21,219.039993,219.039993,215.919998,215.979996,215.736649,43100
2021-05-24,216.029999,219.770004,214.839996,216.100006,215.856522,40300
2021-05-25,217.110001,217.960007,215.410004,216.660004,216.415894,55800
2021-05-26,216.619995,223.309998,215.360001,221.279999,221.030685,69200
2021-05-27,222.889999,223.970001,216.979996,217.690002,217.444733,52400
2021-05-28,218.899994,222.360001,215.419998,221.679993,221.430222,45700
2021-06-01,222.270004,224.419998,220.580002,220.580002,220.331467,52300
2021-06-02,220.350006,220.660004,216.440002,217.339996,217.095123,47700
2021-06-03,217.679993,221.089996,215.419998,220.789993,220.541229,67000
2021-06-04,220.550003,223.699997,219.169998,221.880005,221.630005,35600
2021-06-07,221.380005,222.589996,219.710007,221.699997,221.699997,62300
2021-06-08,221.460007,225.080002,221.309998,224.699997,224.699997,34200
2021-06-09,224.669998,227.710007,222.050003,223.300003,223.300003,68600
2021-06-10,224.779999,226.639999,222.500000,225.889999,225.889999,43300
2021-06-11,225.809998,230.839996,225.809998,229.039993,229.039993,45300
2021-06-14,228.660004,229.160004,225.270004,227.130005,227.130005,42600
2021-06-15,228.169998,229.270004,225.550003,229.270004,229.270004,37600
2021-06-16,230.110001,232.360001,229.119995,232.339996,232.339996,54800
2021-06-17,232.339996,235.990005,230.539993,231.720001,231.720001,77100
2021-06-18,230.570007,230.570007,224.199997,224.509995,224.509995,106800
2021-06-21,226.610001,226.910004,223.309998,224.289993,224.289993,56600
2021-06-22,223.220001,227.429993,221.289993,227.039993,227.039993,34100
2021-06-23,226.750000,227.729996,222.589996,225.169998,225.169998,35700
2021-06-24,226.589996,230.190002,224.960007,229.910004,229.910004,89300
2021-06-25,229.050003,237.190002,228.369995,235.509995,235.509995,231900
2021-06-28,235.509995,237.000000,232.210007,235.339996,235.339996,111400
2021-06-29,235.520004,242.199997,235.520004,241.679993,241.679993,73700
2021-06-30,241.500000,242.800003,233.770004,234.639999,234.639999,145800
2021-07-01,236.910004,236.910004,224.210007,226.210007,226.210007,69800
2021-07-02,225.600006,227.830002,225.399994,226.520004,226.520004,34700
2021-07-06,225.630005,225.630005,216.639999,219.789993,219.789993,62200
2021-07-07,218.800003,222.570007,217.610001,220.169998,220.169998,55100
2021-07-08,217.940002,221.410004,214.820007,216.899994,216.899994,69300
2021-07-09,218.270004,222.839996,218.270004,222.220001,222.220001,30500
2021-07-12,220.520004,222.380005,218.369995,220.500000,220.500000,39300
2021-07-13,218.789993,219.820007,214.259995,214.449997,214.449997,40400
2021-07-14,214.179993,215.279999,211.500000,213.490005,213.490005,40400
2021-07-15,213.500000,213.779999,210.630005,211.850006,211.850006,38100
2021-07-16,213.860001,217.940002,213.860001,216.179993,216.179993,66700
2021-07-19,214.080002,216.330002,208.660004,210.630005,210.630005,79300
2021-07-20,211.770004,220.580002,211.770004,217.479996,217.479996,65000
2021-07-21,219.369995,220.990005,216.889999,217.320007,217.320007,26300
2021-07-22,216.250000,216.250000,211.130005,214.059998,214.059998,42600
2021-07-23,214.479996,218.020004,214.479996,217.000000,217.000000,25400
2021-07-26,218.470001,218.529999,214.889999,216.229996,216.229996,27800
2021-07-27,216.039993,218.639999,214.850006,216.080002,216.080002,25300
2021-07-28,216.869995,217.850006,212.779999,215.100006,215.100006,23900
2021-07-29,217.750000,219.270004,216.179993,216.610001,216.610001,37200
2021-07-30,215.910004,219.639999,215.910004,217.770004,217.770004,32400
2021-08-02,218.509995,219.350006,214.559998,214.919998,214.919998,31200
2021-08-03,215.789993,216.940002,213.699997,215.690002,215.690002,52300
2021-08-04,212.740005,214.600006,212.740005,213.339996,213.339996,27400
2021-08-05,215.020004,215.199997,213.259995,214.250000,214.250000,32800
2021-08-06,216.529999,216.529999,214.470001,215.169998,215.169998,37100
2021-08-09,213.949997,215.479996,212.039993,214.509995,214.509995,23100
2021-08-10,215.630005,217.199997,214.119995,215.449997,215.449997,39300
2021-08-11,215.929993,221.490005,214.449997,220.839996,220.839996,50300
2021-08-12,222.309998,224.770004,220.190002,220.630005,220.630005,38100
2021-08-13,220.660004,221.490005,219.190002,219.809998,219.809998,25700
2021-08-16,218.240005,221.210007,217.929993,219.470001,219.470001,18600
2021-08-17,217.610001,218.690002,215.059998,218.080002,218.080002,17600
2021-08-18,216.910004,221.360001,216.380005,220.630005,220.630005,38600
2021-08-19,220.000000,225.339996,219.039993,225.220001,225.220001,89500
2021-08-20,224.039993,227.419998,224.039993,226.509995,226.509995,48300
2021-08-23,228.350006,228.350006,226.210007,226.850006,226.850006,35200
2021-08-24,225.529999,225.860001,224.100006,224.750000,224.750000,25200
2021-08-25,223.889999,224.850006,220.990005,222.820007,222.820007,53700
2021-08-26,222.000000,224.690002,221.669998,223.570007,223.570007,17600
2021-08-27,222.779999,229.339996,222.779999,228.830002,228.830002,46900
2021-08-30,230.059998,232.750000,228.830002,229.490005,229.490005,25900