Date,Open,High,Low,Close,Adj Close,Volume
2021-01-04,35.110001,35.110001,33.349998,33.599998,33.599998,1436600
2021-01-05,33.150002,34.869999,33.110001,34.650002,34.650002,1190700
2021-01-06,34.680000,36.730000,34.230000,36.040001,36.040001,2179100
2021-01-07,37.259998,38.259998,35.540001,35.720001,35.720001,1605800
2021-01-08,36.099998,38.060001,35.759998,38.009998,38.009998,2378600
2021-01-11,36.270000,38.500000,34.349998,38.000000,38.000000,2314000
2021-01-12,39.900002,42.709999,38.830002,42.599998,42.599998,3403000
2021-01-13,43.119999,44.049999,41.040001,41.340000,41.340000,2482900
2021-01-14,41.900002,43.740002,39.810001,40.209999,40.209999,2141000
2021-01-15,39.919998,40.430000,38.049999,38.799999,38.799999,1297200
2021-01-19,39.330002,40.959999,36.939999,40.689999,40.689999,2734700
2021-01-20,41.119999,41.740002,39.220001,39.790001,39.790001,1148900
2021-01-21,39.860001,40.639999,38.549999,40.049999,40.049999,1331000
2021-01-22,39.970001,41.900002,39.750000,41.349998,41.349998,1396500
2021-01-25,42.290001,45.639999,41.820000,44.119999,44.119999,3262800
2021-01-26,45.270000,45.990002,44.119999,45.230000,45.230000,2565100
2021-01-27,43.029999,46.000000,42.430000,42.980000,42.980000,2359000
2021-01-28,41.810001,43.779999,41.459999,42.599998,42.599998,1325800
2021-01-29,42.810001,43.490002,41.119999,41.450001,41.450001,1371900
2021-02-01,41.880001,45.310001,41.320000,45.110001,45.110001,2147500
2021-02-02,46.000000,47.750000,45.310001,47.189999,47.189999,2336600
2021-02-03,47.970001,49.220001,46.549999,47.360001,47.360001,1664200
2021-02-04,47.830002,49.599998,47.660000,49.349998,49.349998,1277700
2021-02-05,50.709999,51.669998,48.529999,51.590000,51.590000,1721900
2021-02-08,52.439999,53.830002,51.700001,53.349998,53.349998,1584300
2021-02-09,53.110001,55.110001,52.740002,55.110001,55.110001,1791900
2021-02-10,56.880001,58.790001,52.200001,53.230000,53.230000,2487800
2021-02-11,53.950001,58.459999,53.599998,56.849998,56.849998,2905500
2021-02-12,57.770000,57.770000,54.049999,56.770000,56.770000,1951700
2021-02-16,58.630001,60.439999,56.799999,57.040001,57.040001,2267300
2021-02-17,56.650002,57.500000,54.689999,56.419998,56.419998,2106100
2021-02-18,55.630001,56.310001,52.119999,52.770000,52.770000,2118800
2021-02-19,54.419998,56.009998,53.110001,56.009998,56.009998,3184300
2021-02-22,54.830002,56.889999,50.740002,51.430000,51.430000,3218900
2021-02-23,45.810001,52.110001,43.750000,51.570000,51.570000,4322100
2021-02-24,60.810001,63.880001,52.139999,53.360001,53.360001,9539200
2021-02-25,52.000000,54.540001,50.419998,51.490002,51.490002,3608200
2021-02-26,52.000000,55.150002,50.310001,53.880001,53.880001,2751100
2021-03-01,55.740002,55.840000,53.299999,55.560001,55.560001,2429400
2021-03-02,55.509998,55.799999,50.500000,50.750000,50.750000,2255800
2021-03-03,51.209999,51.320000,46.150002,46.200001,46.200001,2723900
2021-03-04,45.189999,46.500000,41.759998,43.580002,43.580002,4348400
2021-03-05,43.610001,44.480000,39.310001,44.250000,44.250000,4216500
2021-03-08,44.000000,44.680000,41.509998,42.169998,42.169998,2429500
2021-03-09,44.740002,45.930000,43.240002,45.639999,45.639999,1747200
2021-03-10,47.730000,48.919998,45.799999,46.080002,46.080002,1882300
2021-03-11,48.000000,49.470001,47.259998,49.180000,49.180000,1956400
2021-03-12,47.570000,49.580002,47.000000,49.320000,49.320000,1151500
2021-03-15,49.330002,49.610001,48.189999,48.860001,48.860001,998200
2021-03-16,49.299999,51.730000,47.630001,48.400002,48.400002,1348000
2021-03-17,46.970001,49.180000,45.799999,48.869999,48.869999,1132700
2021-03-18,48.009998,48.009998,44.400002,44.689999,44.689999,1832300
2021-03-19,44.540001,45.840000,43.590000,45.470001,45.470001,1825000
2021-03-22,46.240002,46.799999,44.630001,45.730000,45.730000,929500
2021-03-23,45.779999,46.480000,44.490002,44.980000,44.980000,1261500
2021-03-24,45.599998,45.630001,42.400002,42.540001,42.540001,1608700
2021-03-25,41.630001,43.700001,40.639999,43.470001,43.470001,1140300
2021-03-26,43.459999,44.650002,42.230000,44.230000,44.230000,793200
2021-03-29,43.650002,43.740002,40.849998,41.200001,41.200001,1470200
2021-03-30,40.790001,42.720001,40.349998,42.410000,42.410000,1343100
2021-03-31,42.650002,45.250000,42.650002,44.770000,44.770000,1214800
2021-04-01,45.939999,47.320000,45.180000,46.529999,46.529999,1331000
2021-04-05,47.029999,47.410000,44.709999,45.419998,45.419998,1124100
2021-04-06,45.560001,48.169998,45.000000,47.270000,47.270000,1303600
2021-04-07,46.689999,46.799999,45.250000,45.660000,45.660000,911800
2021-04-08,46.110001,48.779999,45.500000,48.720001,48.720001,2327200
2021-04-09,48.209999,48.689999,46.730000,47.959999,47.959999,881800
2021-04-12,47.840000,48.590000,46.580002,48.020000,48.020000,1368000
2021-04-13,48.990002,50.570000,48.200001,50.320000,50.320000,1647700
2021-04-14,50.630001,51.869999,48.439999,48.560001,48.560001,1625800
2021-04-15,49.220001,50.290001,48.900002,50.040001,50.040001,950300
2021-04-16,50.470001,50.470001,48.310001,49.009998,49.009998,1261400
2021-04-19,47.580002,48.369999,46.189999,46.700001,46.700001,1461700
2021-04-20,46.189999,46.700001,43.360001,44.139999,44.139999,1217500
2021-04-21,43.450001,45.400002,43.270000,45.349998,45.349998,929900
2021-04-22,46.240002,47.099998,44.930000,45.209999,45.209999,1007400
2021-04-23,45.259998,48.439999,45.259998,48.119999,48.119999,1779000
2021-04-26,48.000000,49.250000,47.049999,49.070000,49.070000,696100
2021-04-27,49.570000,49.939999,48.480000,48.790001,48.790001,798100
2021-04-28,48.500000,49.799999,47.959999,49.450001,49.450001,695600
2021-04-29,49.709999,49.900002,45.799999,46.689999,46.689999,1053900
2021-04-30,45.700001,47.299999,45.529999,46.060001,46.060001,806900
2021-05-03,46.779999,46.860001,43.660000,43.840000,43.840000,1723000
2021-05-04,43.040001,43.290001,41.020000,42.939999,42.939999,1954000
2021-05-05,40.750000,41.709999,37.340000,40.970001,40.970001,6519800
2021-05-06,40.000000,40.730000,38.090000,40.040001,40.040001,1944600
2021-05-07,40.669998,42.299999,40.669998,42.040001,42.040001,1412700
2021-05-10,41.250000,41.349998,37.610001,38.209999,38.209999,2208000
2021-05-11,35.509998,41.639999,35.250000,40.820000,40.820000,1908300
2021-05-12,39.650002,40.930000,37.970001,38.180000,38.180000,3066700
2021-05-13,38.860001,39.650002,37.049999,37.990002,37.990002,2008600
2021-05-14,38.430000,40.279999,37.669998,39.990002,39.990002,1174900
2021-05-17,39.160000,40.529999,38.919998,40.150002,40.150002,1045600
2021-05-18,40.200001,41.529999,39.770000,40.220001,40.220001,1164100
2021-05-19,38.959999,40.730000,38.570000,40.669998,40.669998,1055200
2021-05-20,41.110001,41.650002,40.369999,41.310001,41.310001,984200
2021-05-21,41.889999,41.959999,40.900002,40.919998,40.919998,1036900
2021-05-24,41.200001,43.970001,40.639999,43.320000,43.320000,1126800
2021-05-25,43.709999,44.240002,42.910000,43.910000,43.910000,875500
2021-05-26,44.410000,46.709999,44.299999,45.340000,45.340000,1403200
2021-05-27,45.799999,47.549999,44.820000,47.470001,47.470001,1604900
2021-05-28,47.669998,47.900002,46.680000,47.070000,47.070000,817300
2021-06-01,47.470001,49.009998,46.810001,48.770000,48.770000,1291700
2021-06-02,48.820000,49.900002,47.790001,48.840000,48.840000,1012600
2021-06-03,47.959999,48.720001,45.299999,45.500000,45.500000,1481600
2021-06-04,45.709999,46.770000,45.380001,46.349998,46.349998,952300
2021-06-07,46.360001,49.849998,46.360001,49.320000,49.320000,2075300
2021-06-08,50.000000,51.740002,49.160000,50.180000,50.180000,1681800
2021-06-09,50.709999,50.930000,49.279999,49.509998,49.509998,847400
2021-06-10,49.660000,50.470001,48.939999,49.810001,49.810001,975000
2021-06-11,49.889999,51.439999,49.759998,50.599998,50.599998,869100
2021-06-14,50.740002,51.450001,50.049999,50.410000,50.410000,1261200
2021-06-15,50.360001,50.610001,47.939999,48.110001,48.110001,1358800
2021-06-16,47.840000,48.959999,47.240002,48.279999,48.279999,1347300
2021-06-17,47.880001,49.200001,47.360001,48.610001,48.610001,1309800
2021-06-18,47.869999,48.799999,47.139999,47.750000,47.750000,1867600
2021-06-21,47.889999,49.889999,46.310001,49.000000,49.000000,1851400
2021-06-22,48.700001,55.290001,48.570000,54.410000,54.410000,4736100
2021-06-23,54.340000,55.230000,54.270000,54.959999,54.959999,1849400
2021-06-24,55.720001,58.939999,55.680000,57.450001,57.450001,2489600
2021-06-25,57.889999,58.470001,55.240002,55.980000,55.980000,4206300
2021-06-28,56.430000,57.959999,56.029999,57.290001,57.290001,1147900
2021-06-29,57.279999,61.209999,57.070000,59.250000,59.250000,1805200
2021-06-30,58.650002,59.330002,57.590000,58.290001,58.290001,1805600
2021-07-01,58.770000,59.700001,55.740002,57.110001,57.110001,1234600
2021-07-02,57.480000,58.590000,57.250000,58.450001,58.450001,878500
2021-07-06,58.939999,60.360001,57.459999,58.360001,58.360001,1193900
2021-07-07,58.590000,59.000000,54.650002,56.430000,56.430000,1198100
2021-07-08,53.389999,56.490002,53.150002,55.360001,55.360001,1174100
2021-07-09,55.860001,58.110001,54.029999,57.830002,57.830002,1152700
2021-07-12,58.700001,58.720001,55.349998,57.360001,57.360001,972800
2021-07-13,57.000000,64.489998,56.599998,60.700001,60.700001,6678900
2021-07-14,62.000000,63.169998,49.840000,50.150002,50.150002,6833800
2021-07-15,48.770000,50.180000,47.209999,49.000000,49.000000,2870200
2021-07-16,49.380001,49.529999,47.560001,47.700001,47.700001,1255300
2021-07-19,46.090000,50.630001,45.770000,50.009998,50.009998,2067600
2021-07-20,50.400002,54.220001,49.270000,53.709999,53.709999,1864400
2021-07-21,53.639999,55.480000,52.669998,55.250000,55.250000,1184300
2021-07-22,55.740002,56.230000,54.419998,55.240002,55.240002,744100
2021-07-23,55.369999,55.919998,54.259998,55.730000,55.730000,1016500
2021-07-26,55.990002,56.599998,55.020000,56.330002,56.330002,1086400
2021-07-27,56.419998,56.520000,52.180000,54.660000,54.660000,1447900
2021-07-28,55.049999,58.220001,54.799999,58.049999,58.049999,1348700
2021-07-29,58.020000,58.799999,56.150002,57.540001,57.540001,1446300
2021-07-30,53.580002,54.020000,48.509998,51.790001,51.790001,7050800
2021-08-02,51.259998,53.849998,50.849998,51.790001,51.790001,2505500
2021-08-03,52.099998,52.250000,49.500000,51.959999,51.959999,1634900
2021-08-04,51.630001,52.900002,51.180000,51.220001,51.220001,834800
2021-08-05,48.020000,49.230000,46.169998,46.369999,46.369999,4307100
2021-08-06,45.599998,46.090000,44.220001,44.869999,44.869999,4457500
2021-08-09,45.450001,46.529999,44.389999,46.180000,46.180000,2912500
2021-08-10,46.549999,46.619999,44.419998,45.330002,45.330002,1869500
2021-08-11,45.349998,45.520000,42.900002,44.310001,44.310001,1168500
2021-08-12,44.520000,45.320000,42.799999,43.410000,43.410000,1834700
2021-08-13,43.000000,44.080002,42.410000,42.570000,42.570000,865600
2021-08-16,42.430000,42.570000,41.150002,41.619999,41.619999,1233500
2021-08-17,41.000000,41.900002,40.340000,40.520000,40.520000,1180000
2021-08-18,40.750000,41.509998,39.880001,40.380001,40.380001,1341800
2021-08-19,39.880001,40.540001,39.450001,40.470001,40.470001,1067100
2021-08-20,40.529999,41.860001,40.139999,41.820000,41.820000,1334700
2021-08-23,42.320000,43.220001,41.919998,42.310001,42.310001,1083700
2021-08-24,42.290001,43.709999,42.070000,43.070000,43.070000,932900
2021-08-25,43.000000,43.470001,42.509998,42.549999,42.549999,497800
2021-08-26,42.500000,43.470001,41.619999,41.799999,41.799999,748500
2021-08-27,42.070000,44.240002,41.770000,44.240002,44.240002,1183800
2021-08-30,44.330002,44.730000,43.389999,44.250000,44.250000,725700