Date,Open,High,Low,Close,Adj Close,Volume
2021-01-04,125.830002,127.730003,121.809998,122.849998,122.849998,208400
2021-01-05,122.440002,127.709999,122.440002,127.349998,127.349998,141100
2021-01-06,129.039993,134.899994,129.039993,133.779999,133.779999,291400
2021-01-07,135.350006,136.839996,134.330002,135.639999,135.639999,231700
2021-01-08,137.210007,140.710007,136.070007,139.789993,139.789993,407800
2021-01-11,138.479996,140.259995,136.899994,139.210007,139.210007,285600
2021-01-12,140.899994,146.850006,140.839996,145.139999,145.139999,327400
2021-01-13,144.050003,146.500000,142.220001,144.649994,144.649994,194800
2021-01-14,145.000000,147.550003,142.809998,143.380005,143.380005,193200
2021-01-15,141.419998,143.869995,137.029999,141.110001,141.110001,277100
2021-01-19,143.589996,144.630005,135.550003,137.110001,137.110001,351400
2021-01-20,140.750000,142.779999,138.740005,141.490005,141.490005,231500
2021-01-21,142.839996,146.149994,142.169998,142.229996,142.229996,182000
2021-01-22,138.779999,141.300003,137.559998,140.070007,140.070007,179600
2021-01-25,138.729996,139.389999,134.289993,136.449997,136.449997,216300
2021-01-26,138.600006,138.759995,131.250000,131.589996,131.589996,253500
2021-01-27,127.750000,129.139999,123.089996,126.519997,126.519997,490100
2021-01-28,126.519997,131.320007,125.050003,128.850006,128.850006,217500
2021-01-29,128.009995,130.210007,125.910004,127.480003,127.480003,189600
2021-02-01,129.309998,134.860001,128.910004,134.139999,134.139999,210300
2021-02-02,135.990005,137.589996,134.649994,137.080002,137.080002,157700
2021-02-03,137.619995,139.449997,136.009995,138.410004,138.410004,150600
2021-02-04,139.720001,141.720001,138.750000,140.279999,140.279999,139900
2021-02-05,142.339996,142.960007,139.020004,139.500000,139.500000,163100
2021-02-08,140.250000,140.889999,138.169998,138.509995,138.509995,282400
2021-02-09,138.130005,138.460007,135.179993,136.690002,136.690002,286300
2021-02-10,138.229996,139.460007,135.619995,136.699997,136.699997,260500
2021-02-11,137.380005,139.919998,134.919998,139.800003,139.800003,229200
2021-02-12,138.589996,140.350006,136.759995,140.169998,140.169998,156100
2021-02-16,141.979996,142.000000,138.309998,139.759995,139.759995,230800
2021-02-17,138.039993,139.789993,134.539993,136.570007,136.570007,174100
2021-02-18,128.110001,128.869995,117.059998,122.739998,122.739998,1121100
2021-02-19,122.849998,125.199997,121.129997,121.879997,121.879997,693800
2021-02-22,120.019997,125.690002,120.019997,124.680000,124.680000,360200
2021-02-23,122.099998,125.040001,118.050003,123.680000,123.680000,329700
2021-02-24,125.449997,130.979996,123.889999,130.580002,130.580002,271600
2021-02-25,129.889999,130.529999,123.470001,124.860001,124.860001,254100
2021-02-26,126.070000,129.399994,122.190002,127.169998,127.169998,274100
2021-03-01,129.080002,132.440002,127.519997,130.919998,130.919998,171300
2021-03-02,131.009995,132.160004,126.870003,127.070000,127.070000,173600
2021-03-03,127.709999,131.869995,126.849998,129.119995,129.119995,280800
2021-03-04,129.190002,130.220001,119.849998,122.150002,122.150002,228100
2021-03-05,123.690002,124.279999,114.730003,122.160004,122.160004,429700
2021-03-08,123.419998,124.820000,120.169998,120.320000,120.320000,208300
2021-03-09,123.209999,124.610001,120.550003,121.980003,121.980003,238800
2021-03-10,123.629997,127.739998,123.180000,124.760002,124.760002,181000
2021-03-11,126.660004,128.350006,124.900002,127.839996,127.839996,157700
2021-03-12,127.080002,129.460007,121.820000,128.279999,128.279999,301200
2021-03-15,128.720001,132.490005,126.010002,131.970001,131.970001,214500
2021-03-16,132.479996,133.429993,130.479996,130.720001,130.720001,146500
2021-03-17,129.789993,135.169998,128.990005,135.000000,135.000000,184600
2021-03-18,133.479996,136.580002,129.369995,131.009995,131.009995,223700
2021-03-19,131.119995,134.610001,128.050003,132.139999,132.139999,500300
2021-03-22,132.000000,132.000000,125.040001,126.320000,126.320000,242100
2021-03-23,124.800003,126.599998,121.459999,122.430000,122.430000,203100
2021-03-24,124.169998,125.449997,119.050003,119.459999,119.459999,290100
2021-03-25,118.099998,122.550003,115.930000,121.620003,121.620003,206800
2021-03-26,119.529999,121.080002,117.699997,120.660004,120.660004,325700
2021-03-29,120.400002,122.050003,117.129997,117.379997,117.379997,244000
2021-03-30,117.820000,121.769997,116.190002,120.989998,120.989998,249200
2021-03-31,121.680000,123.900002,120.360001,121.949997,121.949997,346600
2021-04-01,123.540001,126.940002,120.239998,125.669998,125.669998,211900
2021-04-05,128.259995,129.559998,125.559998,128.330002,128.330002,166100
2021-04-06,128.110001,132.100006,126.320000,126.860001,126.860001,342400
2021-04-07,126.480003,127.330002,122.279999,123.400002,123.400002,196200
2021-04-08,123.160004,123.860001,117.779999,118.720001,118.720001,329800
2021-04-09,118.599998,119.820000,116.150002,118.209999,118.209999,354900
2021-04-12,118.500000,121.230003,116.160004,120.800003,120.800003,219500
2021-04-13,120.830002,120.830002,115.070000,117.800003,117.800003,320500
2021-04-14,117.970001,121.449997,115.029999,119.190002,119.190002,242300
2021-04-15,118.320000,122.160004,117.410004,121.339996,121.339996,303600
2021-04-16,121.790001,122.849998,120.110001,120.199997,120.199997,196500
2021-04-19,119.029999,120.089996,116.269997,117.309998,117.309998,280200
2021-04-20,115.000000,116.860001,110.440002,110.849998,110.849998,452300
2021-04-21,110.809998,115.080002,109.800003,114.500000,114.500000,694400
2021-04-22,114.779999,117.290001,113.250000,114.180000,114.180000,241200
2021-04-23,115.760002,119.550003,115.010002,117.949997,117.949997,401400
2021-04-26,119.690002,121.800003,118.300003,120.089996,120.089996,312900
2021-04-27,119.519997,124.480003,116.639999,122.800003,122.800003,461000
2021-04-28,122.209999,125.779999,120.040001,123.989998,123.989998,296900
2021-04-29,124.760002,128.660004,120.970001,126.330002,126.330002,535300
2021-04-30,125.279999,125.410004,120.220001,121.809998,121.809998,473200
2021-05-03,123.370003,124.690002,119.330002,120.550003,120.550003,233800
2021-05-04,118.680000,121.589996,116.470001,118.650002,118.650002,342600
2021-05-05,119.550003,123.620003,119.529999,122.610001,122.610001,186000
2021-05-06,123.500000,126.669998,120.830002,126.529999,126.529999,221500
2021-05-07,125.449997,128.339996,123.489998,127.110001,127.110001,185800
2021-05-10,126.389999,126.389999,118.110001,118.360001,118.360001,234900
2021-05-11,114.800003,119.580002,113.790001,118.550003,118.550003,235400
2021-05-12,116.199997,117.690002,111.930000,112.599998,112.599998,196600
2021-05-13,113.570000,117.589996,113.570000,116.570000,116.570000,274000
2021-05-14,118.379997,118.379997,115.639999,116.769997,116.769997,215200
2021-05-17,115.900002,116.410004,112.879997,114.089996,114.089996,334700
2021-05-18,114.239998,114.379997,108.769997,108.910004,108.910004,292600
2021-05-19,106.430000,108.209999,105.150002,108.129997,108.129997,343200
2021-05-20,109.529999,109.680000,106.029999,108.059998,108.059998,245500
2021-05-21,109.820000,113.309998,108.690002,112.699997,112.699997,289700
2021-05-24,113.849998,114.870003,112.169998,112.580002,112.580002,166400
2021-05-25,113.230003,114.099998,111.699997,113.529999,113.529999,237800
2021-05-26,113.870003,117.309998,113.599998,117.010002,117.010002,158900
2021-05-27,118.949997,123.279999,117.459999,121.370003,121.370003,379800
2021-05-28,121.580002,122.940002,119.669998,122.459999,122.459999,236900
2021-06-01,123.209999,124.589996,122.000000,123.970001,123.970001,176800
2021-06-02,124.610001,125.449997,122.000000,123.610001,123.610001,226000
2021-06-03,123.150002,129.059998,121.639999,129.020004,129.020004,270700
2021-06-04,129.419998,131.539993,126.800003,131.389999,131.389999,259600
2021-06-07,131.490005,131.889999,124.629997,125.889999,125.889999,309600
2021-06-08,126.180000,131.300003,124.260002,130.389999,130.389999,200000
2021-06-09,129.919998,130.050003,126.790001,127.260002,127.260002,127600
2021-06-10,128.009995,128.009995,124.320000,124.589996,124.589996,97800
2021-06-11,125.040001,127.209999,125.040001,127.059998,127.059998,84500
2021-06-14,127.699997,127.699997,123.900002,125.500000,125.500000,108600
2021-06-15,125.839996,126.400002,124.190002,124.949997,124.949997,155200
2021-06-16,124.800003,124.800003,118.680000,120.120003,120.120003,182500
2021-06-17,119.739998,122.279999,114.760002,116.370003,116.370003,148300
2021-06-18,113.440002,114.790001,111.680000,114.209999,114.209999,434800
2021-06-21,115.220001,118.919998,115.220001,118.150002,118.150002,175200
2021-06-22,116.650002,118.639999,115.139999,118.599998,118.599998,198300
2021-06-23,118.800003,121.870003,117.959999,120.489998,120.489998,197300
2021-06-24,122.000000,123.070000,120.860001,122.129997,122.129997,133700
2021-06-25,122.230003,123.589996,121.029999,121.290001,121.290001,574300
2021-06-28,121.360001,123.330002,116.570000,119.739998,119.739998,246300
2021-06-29,119.910004,121.510002,119.370003,120.349998,120.349998,137100
2021-06-30,119.330002,121.529999,118.790001,120.940002,120.940002,181600
2021-07-01,121.459999,124.019997,120.279999,123.790001,123.790001,203100
2021-07-02,124.220001,124.629997,122.309998,124.000000,124.000000,240400
2021-07-06,123.250000,123.290001,117.900002,119.500000,119.500000,244900
2021-07-07,118.099998,119.879997,113.650002,115.029999,115.029999,238300
2021-07-08,112.400002,114.110001,109.059998,111.160004,111.160004,164500
2021-07-09,113.589996,115.339996,112.639999,113.089996,113.089996,228200
2021-07-12,112.180000,116.809998,111.779999,116.809998,116.809998,237200
2021-07-13,116.199997,116.919998,113.900002,114.989998,114.989998,162400
2021-07-14,115.919998,116.750000,112.949997,113.110001,113.110001,143200
2021-07-15,111.610001,113.260002,109.830002,111.239998,111.239998,166100
2021-07-16,112.010002,112.309998,105.820000,106.000000,106.000000,270700
2021-07-19,102.699997,107.650002,101.580002,105.199997,105.199997,297900
2021-07-20,105.610001,109.410004,105.610001,108.879997,108.879997,373200
2021-07-21,109.949997,112.160004,109.139999,111.050003,111.050003,204400
2021-07-22,110.550003,110.550003,106.050003,106.209999,106.209999,106900
2021-07-23,107.459999,109.250000,106.510002,108.660004,108.660004,324200
2021-07-26,109.320000,109.919998,107.269997,107.860001,107.860001,202700
2021-07-27,107.239998,108.309998,106.059998,107.900002,107.900002,151000
2021-07-28,108.430000,112.449997,107.470001,112.019997,112.019997,285700
2021-07-29,109.550003,118.980003,108.110001,115.650002,115.650002,377000
2021-07-30,114.430000,117.860001,113.330002,114.050003,114.050003,286600
2021-08-02,115.459999,116.720001,112.870003,114.250000,114.250000,184700
2021-08-03,114.639999,115.209999,111.099998,113.970001,113.970001,124900
2021-08-04,112.709999,113.500000,110.410004,112.370003,112.370003,156300
2021-08-05,112.849998,116.330002,112.849998,116.180000,116.180000,306700
2021-08-06,117.570000,118.680000,114.839996,117.620003,117.620003,221500
2021-08-09,117.389999,117.889999,116.019997,117.080002,117.080002,115700
2021-08-10,116.820000,119.709999,116.199997,119.320000,119.320000,208000
2021-08-11,120.089996,120.089996,114.800003,116.720001,116.720001,193700
2021-08-12,117.300003,117.300003,114.260002,114.879997,114.879997,115600
2021-08-13,115.099998,115.839996,112.559998,113.279999,113.279999,114700
2021-08-16,112.099998,113.019997,110.320000,112.129997,112.129997,120600
2021-08-17,110.059998,110.739998,106.930000,110.599998,110.599998,220200
2021-08-18,110.800003,112.250000,108.349998,108.480003,108.480003,187500
2021-08-19,106.639999,106.639999,102.510002,103.660004,103.660004,245000
2021-08-20,103.290001,107.029999,103.290001,106.889999,106.889999,148100
2021-08-23,107.589996,108.839996,106.519997,107.820000,107.820000,156900
2021-08-24,108.540001,110.680000,108.540001,110.029999,110.029999,98200
2021-08-25,110.160004,111.279999,109.360001,109.529999,109.529999,81600
2021-08-26,108.809998,110.019997,106.389999,106.660004,106.660004,109600
2021-08-27,106.830002,111.690002,106.830002,109.769997,109.769997,141100
2021-08-30,110.209999,113.580002,105.730003,106.330002,106.330002,100500