Date,Open,High,Low,Close,Adj Close,Volume
2021-01-04,48.820000,49.799999,46.509998,47.340000,47.340000,503700
2021-01-05,47.439999,48.910000,47.360001,48.279999,48.279999,353200
2021-01-06,48.160000,49.970001,47.910000,48.860001,48.860001,596800
2021-01-07,49.320000,52.660000,49.320000,50.599998,50.599998,602000
2021-01-08,51.169998,57.090000,51.000000,51.990002,51.990002,1155200
2021-01-11,51.299999,52.000000,49.299999,49.860001,49.860001,597800
2021-01-12,50.470001,51.340000,48.860001,49.959999,49.959999,658800
2021-01-13,49.869999,51.869999,49.259998,49.950001,49.950001,474900
2021-01-14,50.230000,55.020000,50.000000,52.580002,52.580002,679900
2021-01-15,52.480000,54.639999,50.540001,50.790001,50.790001,605300
2021-01-19,51.820000,53.509998,51.759998,53.400002,53.400002,635600
2021-01-20,54.310001,59.470001,54.169998,54.169998,54.169998,912400
2021-01-21,54.820000,55.275002,50.939999,53.970001,53.970001,766400
2021-01-22,53.410000,55.880001,53.320000,55.240002,55.240002,493400
2021-01-25,55.820000,57.244999,53.560001,55.380001,55.380001,628700
2021-01-26,55.990002,56.919998,52.299999,52.570000,52.570000,575800
2021-01-27,50.544998,54.110001,47.349998,51.759998,51.759998,1017900
2021-01-28,54.040001,57.622002,51.959999,56.869999,56.869999,661200
2021-01-29,56.400002,58.810001,55.230000,56.700001,56.700001,621900
2021-02-01,58.360001,61.169998,57.384998,60.720001,60.720001,571800
2021-02-02,62.580002,67.139999,62.310001,65.029999,65.029999,981400
2021-02-03,67.000000,77.110001,66.750000,73.790001,73.790001,1195200
2021-02-04,73.269997,78.959999,71.080002,77.870003,77.870003,1141800
2021-02-05,77.000000,79.989998,71.040001,73.040001,73.040001,2986800
2021-02-08,77.989998,80.290001,74.885002,77.269997,77.269997,2621000
2021-02-09,78.589996,83.529999,78.139999,81.379997,81.379997,1898700
2021-02-10,83.430000,86.029999,75.019997,76.440002,76.440002,1152100
2021-02-11,76.330002,77.580002,74.160004,74.919998,74.919998,840000
2021-02-12,75.410004,76.480003,74.239998,75.730003,75.730003,897400
2021-02-16,77.760002,79.300003,74.209999,74.660004,74.660004,1040400
2021-02-17,72.430000,74.879997,68.709999,74.000000,74.000000,864400
2021-02-18,70.889999,72.400002,66.660004,69.820000,69.820000,1319300
2021-02-19,70.790001,74.760002,70.790001,72.959999,72.959999,721500
2021-02-22,71.820000,72.099998,62.224998,63.090000,63.090000,1283800
2021-02-23,61.009998,61.630001,53.391998,61.509998,61.509998,1650900
2021-02-24,61.950001,64.959999,59.520000,62.299999,62.299999,868000
2021-02-25,61.590000,62.000000,56.570000,58.560001,58.560001,930900
2021-02-26,59.349998,61.869999,55.500000,58.060001,58.060001,854300
2021-03-01,59.529999,64.830002,59.529999,62.889999,62.889999,979900
2021-03-02,62.669998,64.290001,61.720001,62.150002,62.150002,940400
2021-03-03,61.389999,62.250000,54.160000,55.380001,55.380001,740700
2021-03-04,54.410000,56.160000,46.520000,46.910000,46.910000,2181100
2021-03-05,47.720001,48.189999,40.689999,47.509998,47.509998,2519500
2021-03-08,48.020000,50.286999,43.500000,44.470001,44.470001,1417100
2021-03-09,46.939999,52.180000,46.939999,50.689999,50.689999,1707000
2021-03-10,51.200001,55.119999,49.849998,50.009998,50.009998,1440600
2021-03-11,52.770000,54.680000,52.389999,53.160000,53.160000,1589300
2021-03-12,51.290001,52.665001,50.500000,52.480000,52.480000,627600
2021-03-15,51.779999,54.299999,51.779999,53.930000,53.930000,753800
2021-03-16,54.889999,56.000000,51.189999,52.910000,52.910000,1053400
2021-03-17,51.000000,55.779999,50.000000,53.919998,53.919998,1356600
2021-03-18,53.139999,53.439999,49.500000,49.840000,49.840000,1500000
2021-03-19,49.770000,52.500000,49.610001,51.990002,51.990002,2009600
2021-03-22,52.560001,55.930000,52.040001,54.410000,54.410000,981500
2021-03-23,54.040001,54.299999,51.879002,53.009998,53.009998,970400
2021-03-24,54.430000,54.439999,46.630001,48.110001,48.110001,1418600
2021-03-25,46.270000,50.110001,44.709999,50.009998,50.009998,1170500
2021-03-26,51.320000,51.490002,46.419998,48.330002,48.330002,864800
2021-03-29,48.029999,48.590000,45.400002,46.740002,46.740002,607500
2021-03-30,46.580002,50.180000,45.180000,49.470001,49.470001,530900
2021-03-31,50.599998,55.005001,50.099998,53.750000,53.750000,1028200
2021-04-01,54.919998,58.294998,52.570000,52.720001,52.720001,876100
2021-04-05,54.310001,57.590000,54.310001,56.619999,56.619999,741300
2021-04-06,55.720001,59.834999,54.500000,55.410000,55.410000,981300
2021-04-07,54.919998,55.334999,51.689999,52.160000,52.160000,450700
2021-04-08,53.889999,54.610001,52.380001,53.369999,53.369999,397200
2021-04-09,53.380001,54.790001,51.259998,52.570000,52.570000,456000
2021-04-12,52.810001,52.900002,49.630001,51.650002,51.650002,328700
2021-04-13,52.250000,55.770000,52.195000,55.040001,55.040001,693700
2021-04-14,55.630001,57.970001,53.160000,53.570000,53.570000,518000
2021-04-15,54.410000,56.830002,54.299999,56.380001,56.380001,497300
2021-04-16,56.009998,56.195000,46.180000,48.169998,48.169998,1480200
2021-04-19,47.040001,48.080002,43.490002,45.310001,45.310001,855800
2021-04-20,44.759998,46.209999,43.700001,45.970001,45.970001,775100
2021-04-21,45.570000,49.470001,44.255001,49.389999,49.389999,515900
2021-04-22,49.880001,50.480000,48.049999,49.180000,49.180000,592600
2021-04-23,49.810001,50.633999,48.509998,49.450001,49.450001,449400
2021-04-26,50.299999,51.730000,49.070000,50.660000,50.660000,402600
2021-04-27,50.590000,51.599998,49.669998,50.900002,50.900002,402700
2021-04-28,50.150002,51.160000,48.660000,50.700001,50.700001,327100
2021-04-29,51.270000,51.509998,48.360001,49.000000,49.000000,543900
2021-04-30,48.240002,50.049999,48.215000,49.750000,49.750000,583700
2021-05-03,50.200001,50.340000,45.250000,45.990002,45.990002,594300
2021-05-04,45.419998,45.599998,42.770000,45.270000,45.270000,863300
2021-05-05,46.160000,46.320000,42.759998,43.660000,43.660000,568500
2021-05-06,43.130001,43.930000,40.860001,43.810001,43.810001,823700
2021-05-07,45.349998,47.459999,44.130001,44.349998,44.349998,679800
2021-05-10,43.200001,43.419998,40.790001,42.310001,42.310001,1207100
2021-05-11,38.070000,43.369999,38.000000,39.889999,39.889999,1771500
2021-05-12,38.419998,39.660000,36.060001,36.459999,36.459999,1106900
2021-05-13,37.349998,38.250000,33.660000,35.200001,35.200001,1339700
2021-05-14,36.020000,37.500000,35.270000,36.560001,36.560001,1047300
2021-05-17,35.220001,36.049999,33.900002,35.619999,35.619999,846900
2021-05-18,35.750000,37.939999,34.880001,36.439999,36.439999,901700
2021-05-19,35.130001,36.970001,34.910000,36.650002,36.650002,839500
2021-05-20,37.220001,38.169998,36.919998,37.130001,37.130001,683200
2021-05-21,37.970001,39.400002,37.119999,37.759998,37.759998,1475000
2021-05-24,38.139999,38.759998,37.215000,37.290001,37.290001,553700
2021-05-25,37.820000,39.000000,37.730000,38.250000,38.250000,700700
2021-05-26,38.209999,40.514999,37.779999,40.400002,40.400002,673200
2021-05-27,40.340000,40.625000,38.799999,39.480000,39.480000,727900
2021-05-28,39.860001,41.759998,38.709999,39.049999,39.049999,539000
2021-06-01,39.169998,39.790001,35.939999,36.599998,36.599998,737500
2021-06-02,36.389999,37.080002,35.400002,36.070000,36.070000,899200
2021-06-03,35.619999,36.209999,33.840000,33.900002,33.900002,1034800
2021-06-04,34.200001,35.369999,32.869999,32.939999,32.939999,1067300
2021-06-07,33.590000,36.049999,33.270000,34.939999,34.939999,1581900
2021-06-08,35.709999,35.980000,33.279999,34.400002,34.400002,749000
2021-06-09,34.730000,36.435001,34.610001,35.520000,35.520000,1031200
2021-06-10,35.939999,37.209999,34.680000,36.689999,36.689999,1010600
2021-06-11,36.689999,37.580002,35.834999,36.139999,36.139999,660800
2021-06-14,36.380001,38.110001,36.369999,37.250000,37.250000,662100
2021-06-15,37.900002,38.060001,35.849998,36.450001,36.450001,548400
2021-06-16,36.419998,36.959999,34.770000,36.369999,36.369999,497700
2021-06-17,35.950001,38.860001,35.796001,38.189999,38.189999,652500
2021-06-18,37.419998,38.515999,36.310001,37.470001,37.470001,1357900
2021-06-21,37.570000,38.330002,36.230000,38.009998,38.009998,561600
2021-06-22,37.959999,38.590000,37.509998,38.560001,38.560001,416100
2021-06-23,38.520000,39.900002,38.520000,39.080002,39.080002,485900
2021-06-24,39.419998,40.910000,39.419998,40.599998,40.599998,626700
2021-06-25,40.639999,42.490002,40.224998,42.000000,42.000000,3501000
2021-06-28,43.470001,43.840000,41.509998,41.930000,41.930000,813300
2021-06-29,41.730000,43.480000,41.220001,41.279999,41.279999,888000
2021-06-30,41.250000,41.250000,39.540001,39.980000,39.980000,827400
2021-07-01,40.369999,40.680000,38.950001,40.040001,40.040001,433200
2021-07-02,40.389999,40.500000,39.040001,39.500000,39.500000,606400
2021-07-06,39.779999,40.549999,39.060001,39.990002,39.990002,557900
2021-07-07,40.099998,40.220001,38.200001,38.200001,38.200001,431500
2021-07-08,36.869999,38.825001,36.299999,37.900002,37.900002,824200
2021-07-09,38.130001,38.340000,37.430000,37.970001,37.970001,547500
2021-07-12,38.090000,39.525002,38.049999,39.400002,39.400002,931500
2021-07-13,38.830002,39.389999,37.990002,38.599998,38.599998,583400
2021-07-14,38.900002,39.590000,35.279999,35.619999,35.619999,606900
2021-07-15,35.660000,37.400002,35.103001,36.740002,36.740002,813500
2021-07-16,37.279999,38.189999,36.520000,38.130001,38.130001,809600
2021-07-19,37.000000,37.500000,35.790001,36.590000,36.590000,479200
2021-07-20,36.830002,38.605000,36.529999,38.400002,38.400002,788500
2021-07-21,38.680000,39.055000,37.090000,38.889999,38.889999,362700
2021-07-22,38.930000,39.349998,38.090000,38.270000,38.270000,319500
2021-07-23,38.360001,39.349998,36.730000,39.250000,39.250000,657100
2021-07-26,39.380001,39.380001,37.080002,37.470001,37.470001,379200
2021-07-27,37.349998,37.695000,35.700001,37.200001,37.200001,438200
2021-07-28,37.400002,39.709999,37.389999,39.450001,39.450001,634100
2021-07-29,39.480000,40.020000,38.580002,39.230000,39.230000,693500
2021-07-30,41.000000,44.639999,41.000000,44.560001,44.560001,1247000
2021-08-02,44.650002,44.919998,42.348000,43.939999,43.939999,706000
2021-08-03,44.020000,45.290001,43.009998,44.599998,44.599998,620400
2021-08-04,44.290001,46.439999,44.189999,46.340000,46.340000,565400
2021-08-05,46.580002,47.950001,45.580002,47.840000,47.840000,552900
2021-08-06,48.009998,48.009998,46.180000,46.970001,46.970001,518300
2021-08-09,46.970001,48.500000,46.240002,46.869999,46.869999,546400
2021-08-10,48.090000,48.090000,43.410000,43.810001,43.810001,438300
2021-08-11,43.480000,43.700001,41.919998,42.990002,42.990002,734000
2021-08-12,43.160000,43.270000,42.349998,42.520000,42.520000,404300
2021-08-13,42.450001,42.560001,40.529999,40.549999,40.549999,364500
2021-08-16,40.419998,40.419998,38.500000,38.770000,38.770000,720900
2021-08-17,38.090000,38.410000,37.040001,38.099998,38.099998,468500
2021-08-18,38.279999,38.660000,37.020000,37.040001,37.040001,492600
2021-08-19,36.270000,38.060001,36.200001,37.070000,37.070000,315500
2021-08-20,37.560001,39.340000,36.889999,39.029999,39.029999,897700
2021-08-23,39.500000,40.610001,39.299999,40.259998,40.259998,709700
2021-08-24,40.310001,42.430000,40.224998,42.020000,42.020000,445300
2021-08-25,41.660000,44.590000,41.020000,44.389999,44.389999,1178200
2021-08-26,44.520000,45.200001,42.830002,44.360001,44.360001,881800
2021-08-27,44.590000,47.799999,44.410000,47.720001,47.720001,794200
2021-08-30,47.919998,49.389999,47.369999,48.709999,48.709999,696800