Date,Open,High,Low,Close,Adj Close,Volume
2021-01-04,12.990000,12.990000,12.450000,12.600000,12.600000,3037600
2021-01-05,12.590000,12.940000,12.590000,12.720000,12.720000,2427200
2021-01-06,12.700000,12.950000,12.530000,12.860000,12.860000,2846600
2021-01-07,12.920000,13.120000,12.820000,12.860000,12.860000,1587100
2021-01-08,12.940000,13.330000,12.940000,13.190000,13.190000,1586200
2021-01-11,12.930000,13.410000,12.810000,13.380000,13.380000,1671600
2021-01-12,13.380000,13.460000,13.200000,13.450000,13.450000,2052300
2021-01-13,13.430000,13.810000,13.310000,13.520000,13.520000,1879000
2021-01-14,13.570000,14.400000,13.550000,13.960000,13.960000,4117000
2021-01-15,13.810000,13.880000,13.240000,13.390000,13.390000,3476600
2021-01-19,13.520000,13.570000,13.070000,13.200000,13.200000,3676900
2021-01-20,13.200000,13.270000,12.970000,13.190000,13.190000,2700200
2021-01-21,13.230000,13.290000,13.040000,13.130000,13.130000,1844400
2021-01-22,13.080000,13.490000,13.020000,13.470000,13.470000,2841500
2021-01-25,13.560000,13.760000,13.130000,13.680000,13.680000,2568600
2021-01-26,13.870000,14.160000,13.700000,14.050000,14.050000,2653200
2021-01-27,13.950000,14.170000,13.420000,13.420000,13.420000,3627500
2021-01-28,13.470000,13.800000,12.990000,13.070000,13.070000,3844800
2021-01-29,13.060000,13.070000,12.480000,12.480000,12.480000,2865000
2021-02-01,12.650000,13.110000,12.410000,13.060000,13.060000,2883100
2021-02-02,13.240000,13.240000,12.820000,12.830000,12.830000,2627700
2021-02-03,12.870000,12.990000,12.680000,12.970000,12.970000,2806400
2021-02-04,13.010000,13.670000,12.990000,13.640000,13.640000,2216500
2021-02-05,13.770000,13.830000,13.500000,13.720000,13.720000,1429700
2021-02-08,13.820000,14.100000,13.670000,13.940000,13.940000,2063200
2021-02-09,13.950000,14.430000,13.910000,14.270000,14.270000,2328300
2021-02-10,14.650000,14.950000,14.450000,14.750000,14.750000,3114600
2021-02-11,14.850000,15.000000,14.560000,14.910000,14.910000,2743900
2021-02-12,14.840000,15.420000,14.730000,15.350000,15.350000,3143900
2021-02-16,15.450000,15.720000,15.070000,15.230000,15.230000,3041200
2021-02-17,15.080000,15.130000,14.280000,14.850000,14.850000,4105100
2021-02-18,13.080000,14.020000,12.570000,13.030000,13.030000,9134000
2021-02-19,13.000000,13.810000,12.990000,13.410000,13.410000,5129700
2021-02-22,13.540000,13.540000,13.020000,13.070000,13.070000,3680400
2021-02-23,12.740000,13.060000,12.440000,12.960000,12.960000,3454500
2021-02-24,12.920000,13.210000,12.830000,13.020000,13.020000,2108900
2021-02-25,12.970000,13.160000,12.530000,12.800000,12.800000,3865400
2021-02-26,12.920000,13.320000,12.740000,13.220000,13.220000,3274600
2021-03-01,13.230000,14.130000,13.230000,14.020000,14.020000,2704600
2021-03-02,14.000000,14.000000,13.510000,13.550000,13.550000,3995000
2021-03-03,13.500000,13.590000,13.080000,13.300000,13.300000,3301100
2021-03-04,13.280000,13.430000,12.460000,12.690000,12.690000,4388000
2021-03-05,12.870000,12.910000,11.700000,12.480000,12.480000,4201100
2021-03-08,12.500000,12.560000,12.020000,12.050000,12.050000,4155400
2021-03-09,12.380000,12.780000,12.340000,12.600000,12.600000,3312400
2021-03-10,12.730000,12.860000,12.340000,12.350000,12.350000,2816600
2021-03-11,12.550000,12.620000,12.190000,12.310000,12.310000,4662800
2021-03-12,12.270000,12.390000,12.120000,12.260000,12.260000,3508000
2021-03-15,12.230000,12.420000,12.180000,12.250000,12.250000,2499100
2021-03-16,12.260000,12.400000,12.050000,12.230000,12.230000,2833300
2021-03-17,12.090000,12.470000,11.930000,12.410000,12.410000,3118500
2021-03-18,12.190000,12.300000,11.860000,11.880000,11.880000,3992500
2021-03-19,11.820000,12.120000,11.710000,12.060000,12.060000,4768900
2021-03-22,12.150000,12.150000,11.880000,11.890000,11.890000,3202700
2021-03-23,11.890000,11.940000,11.590000,11.660000,11.660000,3395500
2021-03-24,11.690000,11.840000,11.020000,11.040000,11.040000,3514100
2021-03-25,10.920000,11.560000,10.850000,11.490000,11.490000,3255500
2021-03-26,11.530000,12.060000,11.360000,12.010000,12.010000,3812600
2021-03-29,11.920000,12.100000,11.550000,11.600000,11.600000,2690800
2021-03-30,11.460000,11.790000,11.420000,11.710000,11.710000,2259500
2021-03-31,11.860000,12.000000,11.780000,11.820000,11.820000,2895100
2021-04-01,11.880000,12.130000,11.830000,12.070000,12.070000,1872300
2021-04-05,12.120000,12.240000,11.990000,12.220000,12.220000,4760400
2021-04-06,12.220000,12.560000,12.190000,12.470000,12.470000,3301400
2021-04-07,12.410000,12.480000,12.210000,12.250000,12.250000,2411400
2021-04-08,12.350000,12.510000,12.330000,12.410000,12.410000,1617600
2021-04-09,12.320000,12.400000,12.220000,12.370000,12.370000,888300
2021-04-12,12.370000,12.600000,12.180000,12.390000,12.390000,2611900
2021-04-13,12.380000,13.080000,12.380000,13.050000,13.050000,4665500
2021-04-14,13.170000,13.320000,12.890000,13.020000,13.020000,3321800
2021-04-15,13.120000,13.580000,13.070000,13.560000,13.560000,3615600
2021-04-16,13.610000,13.610000,13.030000,13.350000,13.350000,3598800
2021-04-19,13.280000,13.410000,13.130000,13.350000,13.350000,3051500
2021-04-20,13.210000,13.800000,13.050000,13.710000,13.710000,2855400
2021-04-21,13.650000,13.960000,13.560000,13.710000,13.710000,2178800
2021-04-22,13.790000,14.030000,13.640000,13.730000,13.730000,1788900
2021-04-23,13.770000,14.130000,13.670000,14.040000,14.040000,1347700
2021-04-26,13.910000,14.340000,13.910000,14.140000,14.140000,1507500
2021-04-27,14.200000,14.330000,13.930000,13.960000,13.960000,2394400
2021-04-28,13.810000,13.870000,13.270000,13.800000,13.800000,2305800
2021-04-29,13.950000,13.980000,13.570000,13.710000,13.710000,1242400
2021-04-30,13.740000,13.770000,13.530000,13.550000,13.550000,2137900
2021-05-03,13.640000,13.690000,13.280000,13.280000,13.280000,2215000
2021-05-04,13.230000,13.230000,12.790000,13.040000,13.040000,2461300
2021-05-05,13.210000,13.350000,12.860000,12.890000,12.890000,2423100
2021-05-06,13.140000,13.590000,12.640000,13.010000,13.010000,4780200
2021-05-07,12.980000,13.830000,12.940000,13.110000,13.110000,2623600
2021-05-10,13.000000,13.030000,12.630000,12.660000,12.660000,3299500
2021-05-11,12.320000,12.960000,12.150000,12.940000,12.940000,3014200
2021-05-12,12.670000,12.850000,12.360000,12.520000,12.520000,3856100
2021-05-13,12.610000,12.830000,12.360000,12.660000,12.660000,2447600
2021-05-14,12.700000,13.120000,12.700000,13.080000,13.080000,1964200
2021-05-17,12.750000,14.010000,12.670000,13.450000,13.450000,6764500
2021-05-18,13.490000,13.730000,13.240000,13.250000,13.250000,3178500
2021-05-19,13.020000,13.520000,12.980000,13.460000,13.460000,2277000
2021-05-20,13.510000,14.020000,13.380000,13.900000,13.900000,3840000
2021-05-21,14.020000,14.100000,13.710000,13.840000,13.840000,1533000
2021-05-24,13.930000,14.030000,13.710000,13.710000,13.710000,1880300
2021-05-25,13.800000,13.850000,13.540000,13.550000,13.550000,1862800
2021-05-26,13.550000,13.830000,13.530000,13.810000,13.810000,2134400
2021-05-27,13.770000,14.090000,13.660000,13.800000,13.800000,3939600
2021-05-28,13.870000,13.980000,13.750000,13.780000,13.780000,2100500
2021-06-01,13.800000,13.880000,13.650000,13.870000,13.870000,3835700
2021-06-02,13.880000,14.230000,13.790000,14.100000,14.100000,4135500
2021-06-03,14.070000,14.120000,13.790000,13.870000,13.870000,3450300
2021-06-04,13.950000,14.000000,13.600000,13.640000,13.640000,1831700
2021-06-07,13.640000,14.040000,13.540000,13.960000,13.960000,1525300
2021-06-08,14.020000,14.480000,13.990000,14.460000,14.460000,2180700
2021-06-09,14.520000,14.690000,14.280000,14.300000,14.300000,1644600
2021-06-10,14.280000,14.630000,14.120000,14.590000,14.590000,949400
2021-06-11,14.630000,14.810000,14.510000,14.720000,14.720000,2579100
2021-06-14,14.700000,14.780000,14.590000,14.610000,14.610000,1409600
2021-06-15,14.540000,14.650000,14.350000,14.500000,14.500000,1149300
2021-06-16,14.480000,14.620000,14.370000,14.580000,14.580000,1278100
2021-06-17,14.560000,14.770000,14.480000,14.510000,14.510000,1651100
2021-06-18,14.500000,14.750000,14.370000,14.670000,14.670000,3176300
2021-06-21,14.760000,14.820000,14.490000,14.780000,14.780000,2662100
2021-06-22,14.780000,15.100000,14.680000,15.050000,15.050000,1463600
2021-06-23,15.060000,15.190000,14.860000,14.990000,14.990000,1984200
2021-06-24,14.970000,15.010000,14.690000,14.910000,14.910000,1618800
2021-06-25,14.820000,14.920000,14.590000,14.670000,14.670000,6419400
2021-06-28,14.800000,14.940000,14.510000,14.590000,14.590000,1731900
2021-06-29,14.590000,14.600000,14.340000,14.440000,14.440000,2090600
2021-06-30,14.410000,14.460000,14.220000,14.410000,14.410000,1684900
2021-07-01,14.380000,14.520000,14.290000,14.440000,14.440000,1193700
2021-07-02,14.520000,14.620000,14.370000,14.570000,14.570000,1483800
2021-07-06,14.640000,14.660000,14.440000,14.550000,14.550000,662000
2021-07-07,14.570000,14.750000,14.310000,14.400000,14.400000,1753400
2021-07-08,13.920000,14.310000,13.790000,14.190000,14.190000,1512200
2021-07-09,14.200000,14.330000,14.110000,14.280000,14.280000,689400
2021-07-12,14.280000,14.440000,14.200000,14.390000,14.390000,1653700
2021-07-13,14.320000,14.420000,13.990000,14.010000,14.010000,1317000
2021-07-14,14.090000,14.140000,13.810000,13.860000,13.860000,922300
2021-07-15,13.780000,13.810000,13.560000,13.790000,13.790000,1258100
2021-07-16,13.950000,14.160000,13.900000,13.950000,13.950000,1445500
2021-07-19,13.750000,14.060000,13.670000,13.860000,13.860000,2773100
2021-07-20,13.950000,14.380000,13.870000,14.170000,14.170000,1652400
2021-07-21,14.150000,14.410000,14.110000,14.360000,14.360000,829100
2021-07-22,14.430000,14.580000,14.280000,14.370000,14.370000,943700
2021-07-23,14.380000,14.470000,14.340000,14.430000,14.430000,885600
2021-07-26,14.450000,14.530000,14.310000,14.330000,14.330000,863200
2021-07-27,14.340000,14.370000,13.890000,14.220000,14.220000,905400
2021-07-28,14.300000,14.370000,14.180000,14.300000,14.300000,784700
2021-07-29,14.350000,14.570000,14.330000,14.430000,14.430000,608600
2021-07-30,14.260000,14.510000,14.240000,14.260000,14.260000,1053900
2021-08-02,14.320000,14.590000,14.200000,14.510000,14.510000,1592600
2021-08-03,14.550000,14.630000,14.330000,14.480000,14.480000,1555100
2021-08-04,14.440000,14.590000,13.750000,14.310000,14.310000,1796300
2021-08-05,15.000000,15.120000,14.380000,14.930000,14.930000,4019300
2021-08-06,15.120000,15.270000,14.650000,14.700000,14.700000,4071300
2021-08-09,14.550000,14.700000,14.320000,14.340000,14.340000,1457100
2021-08-10,14.280000,14.340000,13.850000,13.870000,13.870000,2425600
2021-08-11,13.930000,14.240000,13.650000,13.690000,13.690000,2938700
2021-08-12,13.640000,13.730000,13.480000,13.530000,13.530000,2842400
2021-08-13,13.490000,13.580000,13.270000,13.440000,13.440000,1446300
2021-08-16,13.430000,13.440000,13.190000,13.260000,13.260000,4265400
2021-08-17,13.190000,13.220000,12.990000,13.050000,13.050000,2556700
2021-08-18,13.000000,13.170000,12.960000,12.980000,12.980000,1447400
2021-08-19,12.880000,13.110000,12.850000,13.050000,13.050000,2111900
2021-08-20,13.090000,13.210000,13.060000,13.140000,13.140000,1209400
2021-08-23,13.200000,13.560000,13.130000,13.550000,13.550000,1666300
2021-08-24,13.530000,13.570000,13.360000,13.440000,13.440000,1161700
2021-08-25,13.480000,13.590000,13.340000,13.340000,13.340000,822400
2021-08-26,13.330000,13.540000,13.240000,13.260000,13.260000,1017600
2021-08-27,13.270000,13.580000,13.180000,13.550000,13.550000,1702100
2021-08-30,13.600000,13.690000,13.480000,13.500000,13.500000,981600