Date,Open,High,Low,Close,Adj Close,Volume
2021-01-04,15.130000,15.140000,14.690000,14.740000,14.740000,3813100
2021-01-05,14.680000,15.140000,14.660000,15.050000,15.050000,1786900
2021-01-06,15.130000,15.510000,15.010000,15.290000,15.290000,3129700
2021-01-07,15.330000,15.600000,15.180000,15.560000,15.560000,1450100
2021-01-08,15.600000,15.710000,15.400000,15.480000,15.480000,1972100
2021-01-11,15.340000,15.740000,15.210000,15.560000,15.560000,1562800
2021-01-12,15.740000,15.810000,15.570000,15.790000,15.790000,2100900
2021-01-13,15.790000,15.890000,15.680000,15.840000,15.840000,2213000
2021-01-14,15.880000,16.170000,15.750000,15.820000,15.820000,3003400
2021-01-15,15.720000,15.920000,15.570000,15.830000,15.830000,1631700
2021-01-19,16.000000,16.170000,15.880000,16.040001,16.040001,1839000
2021-01-20,16.040001,16.410000,16.020000,16.219999,16.219999,2364700
2021-01-21,16.309999,16.309999,16.049999,16.110001,16.110001,1762700
2021-01-22,16.030001,16.120001,15.870000,16.059999,16.059999,1310400
2021-01-25,16.080000,16.120001,15.710000,16.000000,16.000000,1354300
2021-01-26,16.280001,16.639999,16.170000,16.510000,16.510000,3369400
2021-01-27,16.350000,16.740000,16.230000,16.440001,16.440001,4311000
2021-01-28,16.490000,16.570000,15.840000,15.930000,15.930000,2442300
2021-01-29,15.910000,16.030001,15.450000,15.450000,15.450000,2068800
2021-02-01,15.630000,16.040001,15.520000,15.980000,15.980000,1705900
2021-02-02,16.030001,16.350000,15.870000,16.070000,16.070000,2662100
2021-02-03,16.920000,17.010000,16.080000,16.190001,16.190001,3125100
2021-02-04,16.309999,16.549999,16.010000,16.520000,16.520000,1864600
2021-02-05,16.650000,16.799999,16.320000,16.580000,16.580000,2088200
2021-02-08,16.690001,16.770000,16.400000,16.650000,16.650000,1477800
2021-02-09,16.629999,16.709999,16.490000,16.700001,16.700001,1484000
2021-02-10,16.799999,16.950001,16.660000,16.850000,16.850000,2893600
2021-02-11,16.900000,17.030001,16.809999,17.000000,17.000000,3645600
2021-02-12,16.920000,17.020000,16.820000,16.980000,16.980000,1593000
2021-02-16,17.100000,17.129999,16.840000,16.969999,16.969999,1095400
2021-02-17,16.950001,17.010000,16.620001,16.650000,16.650000,1237800
2021-02-18,16.559999,16.700001,16.469999,16.510000,16.510000,1269800
2021-02-19,16.620001,16.760000,16.430000,16.440001,16.440001,2345600
2021-02-22,16.440001,16.730000,16.330000,16.639999,16.639999,1352200
2021-02-23,16.540001,16.709999,16.120001,16.610001,16.610001,1961100
2021-02-24,16.770000,17.020000,16.510000,16.940001,16.940001,1293300
2021-02-25,16.879999,17.040001,16.520000,16.540001,16.540001,1526900
2021-02-26,16.600000,16.930000,16.170000,16.180000,16.180000,4109900
2021-03-01,16.400000,16.660000,16.280001,16.610001,16.610001,1387200
2021-03-02,16.490000,16.570000,16.350000,16.360001,16.360001,1739800
2021-03-03,16.450001,16.540001,16.120001,16.190001,16.190001,2807500
2021-03-04,16.190001,16.260000,15.350000,15.460000,15.460000,2648300
2021-03-05,15.460000,15.660000,15.200000,15.540000,15.540000,3293600
2021-03-08,15.500000,15.660000,15.350000,15.560000,15.560000,4670000
2021-03-09,15.750000,16.190001,15.730000,16.049999,16.049999,1737700
2021-03-10,16.129999,16.180000,15.870000,16.110001,16.110001,1575500
2021-03-11,16.299999,16.549999,16.219999,16.500000,16.500000,1954200
2021-03-12,16.459999,16.620001,16.250000,16.430000,16.430000,1553800
2021-03-15,16.410000,16.799999,16.350000,16.620001,16.620001,3079900
2021-03-16,16.549999,16.670000,16.420000,16.570000,16.570000,1316300
2021-03-17,16.520000,16.559999,16.219999,16.549999,16.549999,1421700
2021-03-18,16.320000,16.730000,16.299999,16.340000,16.340000,2057000
2021-03-19,16.469999,16.650000,16.320000,16.510000,16.510000,3505200
2021-03-22,16.590000,16.610001,16.350000,16.400000,16.400000,1434300
2021-03-23,16.410000,16.410000,15.950000,16.030001,16.030001,1580200
2021-03-24,16.110001,16.110001,15.650000,15.650000,15.650000,1910400
2021-03-25,15.660000,15.970000,15.450000,15.770000,15.770000,3467600
2021-03-26,15.830000,16.280001,15.780000,16.270000,16.270000,2035300
2021-03-29,16.200001,16.400000,15.490000,15.530000,15.530000,3085400
2021-03-30,15.480000,15.620000,15.210000,15.570000,15.570000,1787800
2021-03-31,15.630000,15.910000,15.580000,15.700000,15.700000,3992200
2021-04-01,15.820000,16.059999,15.740000,16.020000,16.020000,1691700
2021-04-05,16.230000,16.320000,16.080000,16.190001,16.190001,1228500
2021-04-06,16.209999,16.240000,16.000000,16.090000,16.090000,1148400
2021-04-07,15.930000,16.059999,15.830000,15.900000,15.900000,1431700
2021-04-08,16.030001,16.240000,15.950000,16.230000,16.230000,1433200
2021-04-09,16.160000,16.370001,16.080000,16.360001,16.360001,1180800
2021-04-12,16.450001,16.490000,16.280001,16.360001,16.360001,934600
2021-04-13,16.240000,16.490000,16.230000,16.420000,16.420000,1511900
2021-04-14,16.379999,16.520000,16.360001,16.410000,16.410000,1847900
2021-04-15,16.500000,16.639999,16.440001,16.580000,16.580000,1122000
2021-04-16,16.719999,16.719999,16.490000,16.600000,16.600000,977200
2021-04-19,16.590000,16.620001,16.459999,16.610001,16.610001,1403000
2021-04-20,16.530001,16.650000,16.400000,16.559999,16.559999,2509700
2021-04-21,16.660000,16.860001,16.420000,16.850000,16.850000,1870200
2021-04-22,16.660000,16.930000,16.270000,16.600000,16.600000,2112700
2021-04-23,16.719999,16.950001,16.570000,16.850000,16.850000,1232200
2021-04-26,16.889999,17.059999,16.799999,16.950001,16.950001,1537700
2021-04-27,16.910000,17.059999,16.770000,17.000000,17.000000,1510200
2021-04-28,16.900000,17.049999,16.730000,17.000000,17.000000,1499100
2021-04-29,17.110001,17.129999,16.860001,17.020000,17.020000,1411800
2021-04-30,16.889999,16.900000,16.200001,16.360001,16.360001,4171600
2021-05-03,16.389999,16.600000,16.260000,16.340000,16.340000,2449200
2021-05-04,16.180000,16.250000,15.630000,15.990000,15.990000,3811100
2021-05-05,15.460000,16.010000,15.120000,15.780000,15.780000,3132000
2021-05-06,15.750000,16.200001,15.640000,16.190001,16.190001,2301000
2021-05-07,16.200001,16.469999,16.059999,16.360001,16.360001,1402100
2021-05-10,16.400000,16.450001,16.170000,16.180000,16.180000,1653800
2021-05-11,16.010000,16.410000,15.810000,16.320000,16.320000,1483800
2021-05-12,15.680000,16.170000,15.520000,15.820000,15.820000,1688100
2021-05-13,15.900000,16.340000,15.870000,16.290001,16.290001,2494200
2021-05-14,16.360001,16.570000,16.219999,16.469999,16.469999,1492800
2021-05-17,16.350000,16.559999,16.280001,16.420000,16.420000,1398800
2021-05-18,16.410000,16.510000,16.270000,16.299999,16.299999,1025200
2021-05-19,16.120001,16.590000,16.059999,16.520000,16.520000,1609600
2021-05-20,16.219999,16.980000,16.219999,16.940001,16.940001,2009700
2021-05-21,16.969999,17.209999,16.900000,16.959999,16.959999,1272800
2021-05-24,17.040001,17.350000,17.000000,17.260000,17.260000,1597000
2021-05-25,17.379999,17.450001,17.059999,17.090000,17.090000,1705200
2021-05-26,17.070000,17.320000,17.000000,17.299999,17.299999,1099300
2021-05-27,17.360001,17.469999,17.280001,17.290001,17.290001,1170700
2021-05-28,17.340000,17.660000,17.340000,17.530001,17.530001,2010600
2021-06-01,17.440001,17.590000,17.290001,17.469999,17.469999,1071800
2021-06-02,17.389999,17.530001,17.280001,17.360001,17.360001,1034600
2021-06-03,17.309999,17.410000,17.190001,17.250000,17.250000,1169000
2021-06-04,17.320000,17.430000,17.299999,17.299999,17.299999,2155500
2021-06-07,17.340000,17.490000,17.209999,17.240000,17.240000,1250100
2021-06-08,17.250000,17.500000,17.240000,17.430000,17.430000,1268800
2021-06-09,17.400000,17.420000,17.260000,17.370001,17.370001,906000
2021-06-10,17.420000,17.530001,17.270000,17.490000,17.490000,803500
2021-06-11,17.540001,17.660000,17.520000,17.650000,17.650000,967600
2021-06-14,17.709999,17.799999,17.500000,17.700001,17.700001,844700
2021-06-15,17.700001,17.760000,17.410000,17.459999,17.459999,1246100
2021-06-16,17.600000,18.139999,17.480000,17.790001,17.790001,3019400
2021-06-17,17.830000,18.000000,17.459999,17.639999,17.639999,1921200
2021-06-18,17.480000,17.600000,17.110001,17.120001,17.120001,1804100
2021-06-21,17.219999,17.549999,17.139999,17.360001,17.360001,1760500
2021-06-22,17.350000,17.420000,17.190001,17.350000,17.350000,725900
2021-06-23,17.400000,17.469999,17.330000,17.379999,17.379999,853200
2021-06-24,17.469999,17.549999,17.330000,17.480000,17.480000,742300
2021-06-25,17.480000,17.680000,17.469999,17.590000,17.590000,3524800
2021-06-28,17.670000,18.020000,17.629999,17.940001,17.940001,1509600
2021-06-29,17.910000,18.000000,17.740000,17.770000,17.770000,980500
2021-06-30,17.760000,17.760000,17.540001,17.660000,17.660000,1008300
2021-07-01,17.690001,17.719999,17.440001,17.520000,17.520000,1178600
2021-07-02,17.510000,17.530001,17.350000,17.469999,17.469999,1186600
2021-07-06,17.120001,17.520000,17.100000,17.299999,17.299999,918100
2021-07-07,17.120001,17.360001,16.900000,17.150000,17.150000,2325400
2021-07-08,16.870001,17.160000,16.799999,17.000000,17.000000,1927200
2021-07-09,17.180000,17.200001,17.070000,17.170000,17.170000,843500
2021-07-12,17.180000,17.240000,16.920000,17.059999,17.059999,786500
2021-07-13,17.139999,17.200001,16.930000,17.180000,17.180000,1319500
2021-07-14,17.370001,17.450001,17.080000,17.100000,17.100000,1435200
2021-07-15,17.010000,17.110001,16.850000,16.980000,16.980000,1115600
2021-07-16,16.990000,17.059999,16.760000,16.760000,16.760000,1455900
2021-07-19,16.559999,16.610001,16.270000,16.410000,16.410000,1804200
2021-07-20,16.320000,16.740000,16.260000,16.580000,16.580000,2494300
2021-07-21,16.650000,16.910000,16.600000,16.730000,16.730000,1541300
2021-07-22,16.610001,16.670000,16.309999,16.350000,16.350000,2112000
2021-07-23,16.370001,16.500000,16.209999,16.420000,16.420000,2151700
2021-07-26,16.430000,16.549999,16.360001,16.459999,16.459999,1152900
2021-07-27,16.379999,16.410000,16.010000,16.230000,16.230000,1183900
2021-07-28,16.230000,16.620001,16.219999,16.480000,16.480000,1163400
2021-07-29,16.559999,16.799999,16.559999,16.610001,16.610001,747000
2021-07-30,16.340000,16.719999,16.010000,16.690001,16.690001,1028000
2021-08-02,16.730000,16.930000,16.590000,16.600000,16.600000,1282700
2021-08-03,16.600000,16.730000,16.440001,16.660000,16.660000,1375300
2021-08-04,16.580000,16.610001,16.309999,16.370001,16.370001,1056600
2021-08-05,16.389999,16.410000,16.129999,16.180000,16.180000,1103200
2021-08-06,16.230000,16.330000,16.120001,16.139999,16.139999,911700
2021-08-09,16.090000,16.230000,16.049999,16.160000,16.160000,805700
2021-08-10,16.170000,16.250000,16.010000,16.219999,16.219999,1166100
2021-08-11,16.280001,16.309999,15.990000,16.129999,16.129999,1011900
2021-08-12,16.110001,16.219999,15.800000,15.820000,15.820000,1088400
2021-08-13,16.209999,16.299999,15.790000,16.020000,16.020000,1886800
2021-08-16,16.010000,16.340000,15.920000,16.330000,16.330000,1584300
2021-08-17,16.200001,16.299999,16.030001,16.090000,16.090000,1241600
2021-08-18,16.049999,16.200001,16.020000,16.030001,16.030001,1198500
2021-08-19,15.890000,16.110001,15.860000,15.980000,15.980000,1528900
2021-08-20,15.860000,16.129999,15.860000,16.129999,16.129999,1096200
2021-08-23,16.219999,16.389999,16.170000,16.370001,16.370001,1053500
2021-08-24,16.450001,16.590000,16.400000,16.590000,16.590000,1108400
2021-08-25,16.620001,16.680000,16.440001,16.500000,16.500000,1412300
2021-08-26,16.530001,16.530001,16.240000,16.240000,16.240000,1021000
2021-08-27,15.980000,16.750000,15.980000,16.670000,16.670000,2109600
2021-08-30,16.680000,16.740000,16.500000,16.540001,16.540001,1874200