Date,Open,High,Low,Close,Adj Close,Volume
2021-01-04,27.459999,27.459999,25.309999,26.750000,26.750000,1001200
2021-01-05,26.629999,26.690001,25.430000,26.340000,26.340000,998200
2021-01-06,26.190001,27.379999,25.920000,26.520000,26.520000,840500
2021-01-07,26.510000,29.879999,26.510000,29.540001,29.540001,1046300
2021-01-08,29.750000,30.809999,27.459999,27.820000,27.820000,1105700
2021-01-11,27.799999,28.719999,27.040001,28.260000,28.260000,510900
2021-01-12,28.799999,33.490002,27.780001,32.049999,32.049999,4202300
2021-01-13,32.000000,36.000000,31.870001,35.549999,35.549999,2013400
2021-01-14,35.720001,36.540001,34.060001,36.490002,36.490002,1324900
2021-01-15,36.560001,39.560001,36.549999,39.310001,39.310001,1703900
2021-01-19,39.060001,41.560001,37.740002,38.959999,38.959999,1446700
2021-01-20,40.740002,43.755001,39.750000,43.369999,43.369999,1458100
2021-01-21,44.000000,44.849998,40.299999,42.400002,42.400002,1569300
2021-01-22,41.270000,42.939999,40.279999,40.529999,40.529999,1059200
2021-01-25,41.070000,44.430000,40.683998,44.389999,44.389999,1109600
2021-01-26,45.000000,78.279999,44.599998,77.379997,77.379997,11524200
2021-01-27,71.865997,141.009995,70.288002,83.070000,83.070000,12404900
2021-01-28,82.809998,83.000000,49.860001,58.730000,58.730000,6500900
2021-01-29,66.300003,74.739998,61.860001,64.540001,64.540001,3929900
2021-02-01,66.900002,75.379997,65.110001,66.449997,66.449997,2041500
2021-02-02,67.160004,67.489998,57.060001,59.900002,59.900002,1759900
2021-02-03,60.000000,67.980003,58.112000,65.790001,65.790001,1187100
2021-02-04,65.300003,67.900002,63.419998,64.750000,64.750000,720300
2021-02-05,65.500000,68.857002,62.750000,66.720001,66.720001,781800
2021-02-08,67.500000,75.419998,64.500000,75.199997,75.199997,1028900
2021-02-09,73.500000,77.239998,69.794998,77.169998,77.169998,1045900
2021-02-10,76.830002,81.699997,72.860001,73.849998,73.849998,1207400
2021-02-11,73.959999,77.489998,71.120003,71.970001,71.970001,796400
2021-02-12,70.500000,71.389999,68.010002,69.709999,69.709999,595600
2021-02-16,70.480003,71.349998,66.580002,67.379997,67.379997,652600
2021-02-17,73.040001,81.480003,69.529999,80.029999,80.029999,2602100
2021-02-18,76.279999,83.500000,69.209999,69.730003,69.730003,1534800
2021-02-19,71.000000,76.779999,70.050003,76.580002,76.580002,968900
2021-02-22,75.199997,79.669998,68.500000,68.769997,68.769997,843200
2021-02-23,67.900002,68.255997,59.529999,63.849998,63.849998,1203000
2021-02-24,64.010002,65.800003,62.187000,65.389999,65.389999,563600
2021-02-25,69.510002,73.290001,61.049999,64.110001,64.110001,1257700
2021-02-26,60.820000,63.840000,56.750000,62.630001,62.630001,952900
2021-03-01,63.720001,67.639999,62.840000,66.730003,66.730003,768100
2021-03-02,66.500000,66.660004,56.990002,57.740002,57.740002,1243300
2021-03-03,41.000000,44.439999,37.369999,41.779999,41.779999,7321700
2021-03-04,39.584999,40.349998,35.000000,39.669998,39.669998,2459600
2021-03-05,38.540001,45.619999,38.490002,45.180000,45.180000,2131200
2021-03-08,44.529999,45.500000,42.169998,42.400002,42.400002,1669700
2021-03-09,44.320000,47.599998,44.070000,44.869999,44.869999,1131900
2021-03-10,46.049999,48.200001,44.099998,46.820000,46.820000,1069500
2021-03-11,67.690002,68.199997,55.000000,61.830002,61.830002,9393200
2021-03-12,57.680000,57.689999,52.250000,52.820000,52.820000,3191000
2021-03-15,54.000000,54.200001,48.870998,52.099998,52.099998,1366400
2021-03-16,52.540001,55.368999,51.570000,53.000000,53.000000,1048700
2021-03-17,52.330002,57.389999,51.340000,57.330002,57.330002,1076600
2021-03-18,55.860001,58.340000,51.570000,51.750000,51.750000,794000
2021-03-19,52.139999,55.294998,52.139999,53.669998,53.669998,2458700
2021-03-22,53.650002,55.820000,52.599998,54.860001,54.860001,419900
2021-03-23,54.070000,54.919998,51.400002,52.419998,52.419998,499300
2021-03-24,53.000000,53.509998,48.680000,48.869999,48.869999,510700
2021-03-25,47.939999,53.078999,47.110001,52.700001,52.700001,1109900
2021-03-26,53.369999,54.200001,49.563000,51.529999,51.529999,721300
2021-03-29,50.779999,51.299999,48.230000,48.380001,48.380001,550200
2021-03-30,48.490002,48.910000,46.599998,47.770000,47.770000,556000
2021-03-31,48.529999,51.660000,47.695999,51.270000,51.270000,663400
2021-04-01,52.110001,52.549999,48.000000,49.570000,49.570000,850800
2021-04-05,48.930000,50.310001,46.910000,48.570000,48.570000,612600
2021-04-06,47.700001,49.410000,46.669998,46.950001,46.950001,566200
2021-04-07,47.064999,47.900002,44.810001,45.549999,45.549999,638100
2021-04-08,45.860001,46.220001,43.910000,44.820000,44.820000,866500
2021-04-09,44.299999,44.299999,42.535000,43.130001,43.130001,504800
2021-04-12,44.660000,47.160000,42.860001,43.119999,43.119999,746000
2021-04-13,43.450001,45.674999,43.139999,44.880001,44.880001,621300
2021-04-14,45.740002,46.169998,44.529999,45.549999,45.549999,841400
2021-04-15,45.720001,47.000000,43.799999,45.040001,45.040001,741200
2021-04-16,44.830002,46.634998,43.601002,46.380001,46.380001,462500
2021-04-19,47.500000,49.230000,46.160000,47.220001,47.220001,704000
2021-04-20,47.529999,49.189999,46.605000,48.459999,48.459999,1064600
2021-04-21,47.930000,48.110001,45.639999,47.950001,47.950001,842300
2021-04-22,47.880001,50.805000,47.880001,49.840000,49.840000,642500
2021-04-23,49.299999,50.696999,47.551998,48.910000,48.910000,917700
2021-04-26,49.389999,51.209999,48.146999,51.000000,51.000000,618200
2021-04-27,51.000000,51.080002,48.509998,49.119999,49.119999,564500
2021-04-28,48.590000,51.040001,48.250000,49.380001,49.380001,455200
2021-04-29,49.619999,49.669998,47.430000,47.830002,47.830002,371400
2021-04-30,47.330002,49.599998,46.750000,47.740002,47.740002,414500
2021-05-03,48.220001,48.610001,45.860001,46.330002,46.330002,554200
2021-05-04,46.029999,46.071999,43.820000,44.570000,44.570000,643500
2021-05-05,44.619999,45.590000,42.389999,43.419998,43.419998,473600
2021-05-06,42.490002,42.599998,39.639999,41.610001,41.610001,1066500
2021-05-07,42.959999,44.224998,41.619999,42.970001,42.970001,526200
2021-05-10,42.099998,42.200001,38.439999,38.750000,38.750000,693300
2021-05-11,36.209999,40.000000,35.810001,39.740002,39.740002,599000
2021-05-12,39.000000,40.980000,38.840000,39.110001,39.110001,618000
2021-05-13,39.459999,41.110001,38.305000,39.549999,39.549999,416200
2021-05-14,39.950001,42.880001,39.950001,42.209999,42.209999,556100
2021-05-17,42.099998,44.779999,41.580002,44.689999,44.689999,473700
2021-05-18,45.029999,45.764999,43.869999,44.169998,44.169998,656700
2021-05-19,43.549999,45.169998,42.650002,43.970001,43.970001,562100
2021-05-20,44.220001,45.150002,43.150002,45.150002,45.150002,485900
2021-05-21,45.939999,46.000000,44.250000,45.279999,45.279999,338200
2021-05-24,45.369999,45.645000,43.110001,43.389999,43.389999,474200
2021-05-25,43.970001,45.889999,43.970001,44.740002,44.740002,423400
2021-05-26,45.209999,46.000000,43.889999,45.759998,45.759998,451100
2021-05-27,47.680000,47.823002,42.249001,43.200001,43.200001,3214300
2021-05-28,42.880001,44.240002,41.330002,41.910000,41.910000,913500
2021-06-01,42.730000,43.090000,41.169998,41.610001,41.610001,574300
2021-06-02,41.700001,45.169998,41.049999,44.480000,44.480000,1227200
2021-06-03,43.580002,46.369999,43.580002,45.990002,45.990002,952600
2021-06-04,44.779999,46.660000,44.271000,44.939999,44.939999,555700
2021-06-07,45.410000,48.290001,45.110001,47.419998,47.419998,826600
2021-06-08,47.380001,47.709999,44.720001,46.380001,46.380001,605200
2021-06-09,46.730000,47.680000,46.189999,46.509998,46.509998,429900
2021-06-10,46.009998,47.099998,45.099998,46.430000,46.430000,405500
2021-06-11,46.279999,46.410000,45.189999,45.529999,45.529999,357400
2021-06-14,45.000000,46.830002,44.044998,45.540001,45.540001,637700
2021-06-15,45.290001,46.200001,43.150002,43.740002,43.740002,581000
2021-06-16,43.810001,45.790001,42.830002,44.450001,44.450001,515900
2021-06-17,44.259998,45.189999,43.025002,43.820000,43.820000,772000
2021-06-18,43.130001,46.660000,43.061001,46.150002,46.150002,1770600
2021-06-21,46.380001,49.290001,45.430000,49.110001,49.110001,982300
2021-06-22,48.730000,49.946999,47.279999,47.669998,47.669998,1093000
2021-06-23,47.509998,48.570000,46.080002,47.099998,47.099998,638400
2021-06-24,47.680000,49.790001,47.160000,49.590000,49.590000,706300
2021-06-25,49.330002,50.000000,45.200001,45.509998,45.509998,1886000
2021-06-28,46.400002,48.349998,45.759998,46.869999,46.869999,578000
2021-06-29,46.630001,47.959999,45.950001,46.560001,46.560001,494200
2021-06-30,46.610001,47.419998,46.029999,47.279999,47.279999,405300
2021-07-01,46.599998,47.279999,43.360001,43.529999,43.529999,923400
2021-07-02,43.720001,43.730000,41.000000,41.630001,41.630001,758600
2021-07-06,42.000000,42.099998,40.570000,41.310001,41.310001,430400
2021-07-07,41.090000,41.509998,38.110001,38.299999,38.299999,916600
2021-07-08,37.599998,39.730000,37.080002,38.770000,38.770000,962800
2021-07-09,39.000000,39.599998,38.169998,39.009998,39.009998,513700
2021-07-12,39.000000,39.540001,37.500000,37.639999,37.639999,477100
2021-07-13,36.720001,37.910000,36.189999,36.250000,36.250000,957600
2021-07-14,36.669998,37.000000,35.349998,35.419998,35.419998,717300
2021-07-15,35.450001,36.410000,35.000000,36.270000,36.270000,506800
2021-07-16,36.480000,37.570000,36.299999,36.820000,36.820000,509100
2021-07-19,36.490002,39.110001,36.110001,38.709999,38.709999,769800
2021-07-20,38.389999,39.099998,37.599998,38.090000,38.090000,882900
2021-07-21,38.049999,38.049999,36.919998,37.200001,37.200001,754300
2021-07-22,37.770000,38.360001,37.150002,37.349998,37.349998,483900
2021-07-23,37.349998,37.409000,36.099998,36.889999,36.889999,458200
2021-07-26,36.900002,37.875000,36.666000,36.970001,36.970001,650900
2021-07-27,36.720001,37.540001,36.025002,36.439999,36.439999,692500
2021-07-28,37.000000,38.730000,36.820000,37.049999,37.049999,731400
2021-07-29,37.990002,37.990002,36.080002,36.389999,36.389999,479200
2021-07-30,36.169998,36.310001,35.209999,35.650002,35.650002,531300
2021-08-02,35.759998,36.987000,35.330002,35.860001,35.860001,532100
2021-08-03,35.880001,36.009998,34.770000,34.900002,34.900002,580700
2021-08-04,35.000000,38.659000,34.610001,37.099998,37.099998,2269400
2021-08-05,38.689999,39.240002,37.270000,37.709999,37.709999,1719400
2021-08-06,40.000000,40.099998,37.580002,38.320000,38.320000,804000
2021-08-09,38.490002,40.509998,38.349998,40.099998,40.099998,1887100
2021-08-10,41.000000,42.821999,40.349998,40.980000,40.980000,1146700
2021-08-11,40.740002,41.189999,38.389999,39.150002,39.150002,903100
2021-08-12,39.459999,42.689999,39.450001,41.880001,41.880001,1380600
2021-08-13,42.110001,45.259998,41.520000,42.389999,42.389999,1007000
2021-08-16,42.000000,43.520000,41.070000,42.820000,42.820000,737200
2021-08-17,42.009998,42.580002,40.570000,41.840000,41.840000,950400
2021-08-18,42.549999,49.099998,41.799999,46.250000,46.250000,3347100
2021-08-19,45.470001,47.000000,43.900002,45.130001,45.130001,1442800
2021-08-20,44.980000,47.125000,44.560001,46.470001,46.470001,808400
2021-08-23,47.619999,50.270000,46.570000,48.029999,48.029999,1500300
2021-08-24,47.837002,49.950001,47.360001,49.830002,49.830002,994000
2021-08-25,49.799999,50.090000,48.529999,49.310001,49.310001,895300
2021-08-26,49.105000,51.490002,48.459999,50.450001,50.450001,1020600
2021-08-27,50.700001,51.141998,48.549999,49.950001,49.950001,933100
2021-08-30,52.157001,52.310001,49.650002,49.860001,49.860001,818500