Date,Open,High,Low,Close,Adj Close,Volume
2021-01-04,9.870000,9.890000,9.530000,9.740000,9.586658,2097000
2021-01-05,9.770000,9.940000,9.690000,9.830000,9.675241,1257300
2021-01-06,10.050000,10.720000,9.920000,10.600000,10.433119,4354900
2021-01-07,10.660000,10.920000,10.660000,10.870000,10.698869,1886800
2021-01-08,10.870000,10.870000,10.420000,10.590000,10.423277,1765400
2021-01-11,10.540000,10.730000,10.470000,10.700000,10.531545,1204600
2021-01-12,10.790000,10.950000,10.640000,10.820000,10.649655,1713400
2021-01-13,10.770000,10.800000,10.570000,10.740000,10.570914,1311700
2021-01-14,10.830000,11.000000,10.740000,10.940000,10.767765,1935700
2021-01-15,10.410000,10.800000,10.020000,10.660000,10.492174,1544900
2021-01-19,10.770000,10.790000,10.540000,10.760000,10.590600,2389700
2021-01-20,10.730000,10.890000,10.600000,10.870000,10.698869,2556500
2021-01-21,10.830000,10.910000,10.590000,10.650000,10.482331,1421400
2021-01-22,10.520000,11.000000,10.520000,10.990000,10.816978,2188500
2021-01-25,10.790000,10.940000,10.500000,10.930000,10.757924,2148700
2021-01-26,10.980000,11.000000,10.720000,10.740000,10.570914,1574300
2021-01-27,10.540000,10.670000,10.330000,10.390000,10.226425,2747300
2021-01-28,10.740000,10.800000,10.290000,10.360000,10.196897,1627900
2021-01-29,10.340000,10.410000,10.040000,10.210000,10.049259,4965200
2021-02-01,10.340000,10.390000,10.120000,10.350000,10.187055,2270600
2021-02-02,10.490000,10.520000,10.330000,10.470000,10.305165,1497300
2021-02-03,10.370000,10.620000,10.330000,10.600000,10.433119,1553100
2021-02-04,10.700000,10.970000,10.620000,10.910000,10.738238,1367800
2021-02-05,11.000000,11.130000,10.790000,11.130000,10.954775,3093100
2021-02-08,11.250000,11.490000,11.150000,11.480000,11.299264,2735200
2021-02-09,11.470000,11.710000,11.370000,11.700000,11.515800,2670100
2021-02-10,11.950000,12.130000,11.750000,11.780000,11.594542,5086600
2021-02-11,11.760000,11.910000,11.540000,11.710000,11.525644,2568500
2021-02-12,11.620000,11.890000,11.620000,11.750000,11.565014,1448700
2021-02-16,11.930000,12.010000,11.780000,11.970000,11.781550,2312300
2021-02-17,11.930000,12.080000,11.910000,12.000000,11.811078,1356900
2021-02-18,11.980000,11.980000,11.770000,11.780000,11.594542,1574800
2021-02-19,11.840000,12.120000,11.840000,12.120000,11.929189,2485800
2021-02-22,11.940000,12.430000,11.930000,12.340000,12.145725,2188300
2021-02-23,12.400000,12.660000,12.380000,12.540000,12.342576,3144400
2021-02-24,12.640000,12.940000,12.560000,12.880000,12.677223,2659400
2021-02-25,12.980000,12.980000,12.480000,12.520000,12.322892,1962800
2021-02-26,12.330000,12.510000,12.140000,12.250000,12.057142,2080600
2021-03-01,12.620000,12.680000,12.430000,12.600000,12.401631,1657000
2021-03-02,12.550000,12.700000,12.410000,12.600000,12.401631,1836700
2021-03-03,12.750000,13.150000,12.680000,12.880000,12.677223,2792100
2021-03-04,12.890000,13.100000,12.530000,12.700000,12.500057,2393800
2021-03-05,12.990000,13.080000,12.630000,12.990000,12.785491,2937900
2021-03-08,13.140000,13.540000,13.030000,13.430000,13.218565,2963200
2021-03-09,13.150000,13.420000,12.870000,13.260000,13.051241,2812200
2021-03-10,13.280000,13.840000,13.230000,13.770000,13.553212,4102500
2021-03-11,13.660000,13.970000,13.560000,13.790000,13.572897,4451300
2021-03-12,13.880000,14.090000,13.810000,14.060000,13.949922,4141700
2021-03-15,14.100000,14.100000,13.710000,14.000000,13.890391,2769000
2021-03-16,13.860000,14.000000,13.710000,13.990000,13.880469,2373500
2021-03-17,14.160000,14.230000,13.860000,14.000000,13.890391,3903000
2021-03-18,14.200000,14.690000,14.090000,14.170000,14.059060,4165000
2021-03-19,14.110000,14.530000,13.810000,14.370000,14.257494,13097100
2021-03-22,14.160000,14.230000,13.560000,13.670000,13.562975,4155500
2021-03-23,13.440000,13.640000,12.940000,12.990000,12.888299,4357700
2021-03-24,13.190000,13.560000,13.160000,13.170000,13.066890,4186000
2021-03-25,13.130000,13.730000,12.980000,13.640000,13.533210,2944200
2021-03-26,13.820000,14.000000,13.630000,13.990000,13.880469,2855100
2021-03-29,13.760000,13.930000,13.390000,13.520000,13.414150,2147200
2021-03-30,13.680000,13.980000,13.630000,13.910000,13.801096,2233600
2021-03-31,13.810000,13.950000,13.700000,13.740000,13.632426,2429900
2021-04-01,13.700000,13.830000,13.610000,13.800000,13.691957,2510300
2021-04-05,13.980000,14.060000,13.740000,13.810000,13.701880,1897000
2021-04-06,13.840000,13.970000,13.740000,13.820000,13.711801,1806700
2021-04-07,13.740000,13.870000,13.590000,13.710000,13.602662,2057200
2021-04-08,13.620000,13.820000,13.420000,13.710000,13.602662,1804100
2021-04-09,13.830000,13.870000,13.690000,13.800000,13.691957,1812700
2021-04-12,13.890000,13.990000,13.850000,13.930000,13.820940,1216100
2021-04-13,13.840000,13.930000,13.550000,13.610000,13.503445,2013900
2021-04-14,13.600000,13.980000,13.600000,13.870000,13.761409,2584500
2021-04-15,13.950000,13.950000,13.580000,13.850000,13.741566,1810800
2021-04-16,13.990000,14.030000,13.830000,13.930000,13.820940,1812300
2021-04-19,13.980000,14.010000,13.720000,13.930000,13.820940,4143400
2021-04-20,13.900000,13.920000,13.100000,13.120000,13.017281,4517700
2021-04-21,13.160000,13.510000,13.040000,13.490000,13.384384,2453800
2021-04-22,13.520000,13.590000,13.290000,13.370000,13.265324,2354000
2021-04-23,13.350000,14.080000,13.320000,14.010000,13.900313,3556500
2021-04-26,14.100000,14.360000,13.970000,13.980000,13.870547,2184700
2021-04-27,14.010000,14.170000,13.890000,14.140000,14.029296,3356600
2021-04-28,14.190000,14.220000,13.990000,13.990000,13.880469,1720100
2021-04-29,14.100000,14.270000,13.960000,13.980000,13.870547,1921200
2021-04-30,13.870000,14.080000,13.750000,13.770000,13.662192,4276400
2021-05-03,13.950000,14.080000,13.720000,13.960000,13.850704,2109500
2021-05-04,13.900000,14.290000,13.740000,14.280000,14.168199,2946600
2021-05-05,14.270000,14.360000,14.030000,14.350000,14.237652,1799400
2021-05-06,14.430000,14.570000,14.170000,14.550000,14.436086,2045600
2021-05-07,13.990000,14.510000,13.990000,14.500000,14.386477,1558400
2021-05-10,14.670000,14.740000,14.360000,14.370000,14.257494,1773200
2021-05-11,14.310000,14.550000,14.190000,14.250000,14.138434,2021900
2021-05-12,14.330000,14.500000,13.890000,13.920000,13.811018,1933000
2021-05-13,13.860000,14.520000,13.840000,14.470000,14.356712,2276900
2021-05-14,14.490000,14.570000,14.370000,14.520000,14.406321,1824200
2021-05-17,14.460000,14.670000,14.310000,14.630000,14.515459,1415100
2021-05-18,14.550000,14.670000,14.270000,14.290000,14.178121,1514800
2021-05-19,14.150000,14.280000,13.890000,14.270000,14.158278,1911100
2021-05-20,14.150000,14.230000,13.980000,14.160000,14.049138,1840300
2021-05-21,14.330000,14.450000,14.020000,14.370000,14.257494,1792900
2021-05-24,14.450000,14.450000,14.180000,14.280000,14.168199,1568500
2021-05-25,14.320000,14.490000,13.830000,13.840000,13.731645,2513400
2021-05-26,13.930000,14.090000,13.870000,14.070000,13.959843,1630200
2021-05-27,14.290000,14.360000,14.200000,14.320000,14.207886,1831700
2021-05-28,14.330000,14.340000,14.040000,14.320000,14.207886,1437000
2021-06-01,14.450000,14.490000,14.340000,14.440000,14.326946,1569800
2021-06-02,14.500000,14.500000,14.240000,14.240000,14.128512,1180900
2021-06-03,14.200000,14.410000,14.200000,14.330000,14.217808,1327600
2021-06-04,14.310000,14.390000,14.120000,14.270000,14.158278,1175000
2021-06-07,14.360000,14.440000,14.270000,14.340000,14.227730,1304600
2021-06-08,14.240000,14.480000,14.130000,14.390000,14.277338,1547800
2021-06-09,14.270000,14.290000,14.110000,14.130000,14.019374,1540600
2021-06-10,14.400000,14.420000,13.850000,13.870000,13.761409,1705300
2021-06-11,13.920000,14.090000,13.920000,14.050000,13.940001,1513800
2021-06-14,14.000000,14.070000,13.670000,13.750000,13.750000,1768000
2021-06-15,13.780000,14.080000,13.720000,14.000000,14.000000,1660300
2021-06-16,13.930000,14.280000,13.740000,14.200000,14.200000,1924200
2021-06-17,14.370000,14.370000,13.470000,13.490000,13.490000,2156400
2021-06-18,13.260000,13.360000,12.910000,12.910000,12.910000,6853000
2021-06-21,13.020000,13.500000,13.000000,13.490000,13.490000,2997800
2021-06-22,13.490000,13.500000,13.210000,13.450000,13.450000,1788700
2021-06-23,13.500000,13.610000,13.440000,13.450000,13.450000,1776600
2021-06-24,13.510000,13.740000,13.400000,13.720000,13.720000,1490200
2021-06-25,13.770000,13.920000,13.630000,13.760000,13.760000,5034400
2021-06-28,13.730000,13.730000,13.340000,13.420000,13.420000,1806000
2021-06-29,13.560000,13.660000,13.250000,13.310000,13.310000,1445000
2021-06-30,13.280000,13.510000,13.280000,13.430000,13.430000,1811500
2021-07-01,13.560000,13.650000,13.470000,13.520000,13.520000,1774600
2021-07-02,13.520000,13.560000,13.300000,13.310000,13.310000,1107800
2021-07-06,13.250000,13.250000,12.890000,13.060000,13.060000,2143200
2021-07-07,12.930000,13.170000,12.890000,13.040000,13.040000,2047200
2021-07-08,12.770000,12.960000,12.640000,12.770000,12.770000,1786500
2021-07-09,13.130000,13.350000,13.020000,13.320000,13.320000,1916300
2021-07-12,13.200000,13.380000,13.020000,13.350000,13.350000,1059500
2021-07-13,13.280000,13.280000,12.990000,13.010000,13.010000,1584600
2021-07-14,13.060000,13.260000,12.900000,13.060000,13.060000,1706300
2021-07-15,12.920000,13.240000,12.800000,13.180000,13.180000,1699000
2021-07-16,13.300000,13.320000,12.750000,12.780000,12.780000,1699700
2021-07-19,12.500000,12.580000,12.250000,12.380000,12.380000,3068500
2021-07-20,12.370000,12.980000,12.370000,12.730000,12.730000,3349000
2021-07-21,12.850000,13.120000,12.820000,12.960000,12.960000,2140300
2021-07-22,12.980000,13.240000,12.600000,12.670000,12.670000,1477500
2021-07-23,12.900000,13.010000,12.710000,12.840000,12.840000,1341000
2021-07-26,12.860000,13.070000,12.730000,12.820000,12.820000,1429700
2021-07-27,12.710000,12.870000,12.560000,12.780000,12.780000,1108100
2021-07-28,12.890000,13.180000,12.700000,13.070000,13.070000,2881600
2021-07-29,12.900000,13.250000,12.830000,13.070000,13.070000,1329000
2021-07-30,13.040000,13.250000,12.880000,12.890000,12.890000,2796400
2021-08-02,12.980000,13.210000,12.760000,12.770000,12.770000,2558100
2021-08-03,12.850000,13.050000,12.590000,13.020000,13.020000,3112100
2021-08-04,12.830000,13.020000,12.720000,12.850000,12.850000,1346900
2021-08-05,12.920000,13.060000,12.920000,13.000000,13.000000,2759900
2021-08-06,13.200000,13.500000,13.170000,13.440000,13.440000,2202800
2021-08-09,13.360000,13.570000,13.220000,13.370000,13.370000,1342300
2021-08-10,13.330000,13.530000,13.290000,13.480000,13.480000,1242900
2021-08-11,13.490000,13.570000,13.350000,13.540000,13.540000,1910100
2021-08-12,13.550000,13.570000,13.370000,13.420000,13.420000,1304100
2021-08-13,13.410000,13.470000,13.220000,13.230000,13.230000,1122700
2021-08-16,13.120000,13.300000,13.030000,13.190000,13.190000,1725600
2021-08-17,13.060000,13.200000,12.850000,13.030000,13.030000,1643700
2021-08-18,12.970000,13.180000,12.860000,13.000000,13.000000,1529100
2021-08-19,12.950000,12.980000,12.690000,12.840000,12.840000,1850500
2021-08-20,12.790000,13.110000,12.760000,13.100000,13.100000,1531100
2021-08-23,13.210000,13.260000,13.130000,13.230000,13.230000,1019000
2021-08-24,13.140000,13.300000,13.140000,13.250000,13.250000,1813700
2021-08-25,13.290000,13.490000,13.240000,13.310000,13.310000,1446600
2021-08-26,13.310000,13.330000,12.990000,13.000000,13.000000,1408000
2021-08-27,13.020000,13.430000,13.020000,13.400000,13.400000,1730400
2021-08-30,13.410000,13.410000,13.030000,13.050000,13.050000,1315200