Date,Open,High,Low,Close,Adj Close,Volume
2021-01-04,54.366669,54.369999,51.820000,53.803333,53.803333,1066200
2021-01-05,54.540001,54.586666,52.939999,54.463333,54.463333,802200
2021-01-06,53.793331,55.253334,53.560001,54.666668,54.666668,879900
2021-01-07,54.610001,57.520000,54.610001,57.063332,57.063332,981900
2021-01-08,57.416668,58.636665,57.035000,57.803333,57.803333,571500
2021-01-11,57.196667,58.946667,56.480000,58.246666,58.246666,760500
2021-01-12,58.333332,59.741669,58.044998,59.343334,59.343334,863700
2021-01-13,59.203335,59.648335,57.886665,58.003334,58.003334,1369800
2021-01-14,57.876667,58.756668,57.431667,57.763332,57.763332,1189200
2021-01-15,57.336666,59.033333,56.636665,57.610001,57.610001,1790700
2021-01-19,57.866669,60.293331,57.866669,60.086666,60.086666,1044300
2021-01-20,61.230000,61.923332,60.410000,60.923332,60.923332,818100
2021-01-21,61.526669,61.708332,59.116669,60.096668,60.096668,953700
2021-01-22,60.026669,61.439999,59.966667,61.340000,61.340000,726000
2021-01-25,62.126667,63.146667,58.093334,60.326668,60.326668,792000
2021-01-26,60.733334,60.733334,58.270000,58.746666,58.746666,1101300
2021-01-27,57.380001,59.948334,56.066666,58.360001,58.360001,1247100
2021-01-28,59.349998,60.731667,58.529999,59.884998,59.884998,1047900
2021-01-29,59.950001,59.950001,57.720333,58.923332,58.923332,885300
2021-02-01,58.410000,61.226665,58.169998,60.610001,60.610001,831900
2021-02-02,61.610001,63.084999,61.281666,62.936668,62.936668,701100
2021-02-03,63.636665,63.993332,60.223331,60.643333,60.643333,965400
2021-02-04,60.993332,62.256668,60.993332,62.169998,62.169998,752100
2021-02-05,62.910000,63.443333,61.956669,63.259998,63.259998,808500
2021-02-08,64.660004,64.705666,58.200001,61.060001,61.060001,2459100
2021-02-09,64.753334,67.996666,63.548000,67.213333,67.213333,4053600
2021-02-10,68.503334,68.566666,63.986668,66.239998,66.239998,1908300
2021-02-11,68.983330,75.333336,67.243332,68.529999,68.529999,5007300
2021-02-12,68.483330,71.726669,67.443336,71.500000,71.500000,2931300
2021-02-16,71.523331,75.000000,70.823334,72.066666,72.066666,4357800
2021-02-17,70.786667,70.916664,65.684998,66.940002,66.940002,2193900
2021-02-18,67.163330,69.013336,65.496666,68.296669,68.296669,1626300
2021-02-19,68.893333,70.668335,68.893333,69.896667,69.896667,1241400
2021-02-22,68.633331,69.330002,65.610001,66.396667,66.396667,1563300
2021-02-23,64.639999,67.080002,61.803333,66.956665,66.956665,2641800
2021-02-24,67.096664,67.616669,64.998337,66.363335,66.363335,932100
2021-02-25,65.873337,66.873337,60.825001,61.480000,61.480000,2097900
2021-02-26,62.536667,63.410000,59.786667,61.180000,61.180000,2590800
2021-03-01,62.656666,63.356667,60.833332,62.333332,62.333332,3718500
2021-03-02,62.246666,62.356667,60.316666,60.713333,60.713333,1779300
2021-03-03,60.253334,60.393333,56.189999,56.933334,56.933334,2048100
2021-03-04,56.393333,56.933334,52.570000,53.759998,53.759998,2638500
2021-03-05,54.063332,54.220001,50.356667,53.606667,53.606667,2698800
2021-03-08,53.910000,55.176666,51.513332,51.943333,51.943333,1617000
2021-03-09,53.759998,57.346668,53.336666,56.380001,56.380001,1902900
2021-03-10,57.369999,59.130001,56.160000,56.346668,56.346668,1292700
2021-03-11,59.026669,60.763332,58.785000,59.666668,59.666668,1543500
2021-03-12,57.806667,59.106667,56.910000,58.503334,58.503334,1019700
2021-03-15,60.000000,60.599998,57.712002,58.520000,58.520000,1552900
2021-03-16,59.439999,59.990002,56.029999,56.720001,56.720001,788000
2021-03-17,55.770000,57.400002,53.759998,56.160000,56.160000,1147800
2021-03-18,55.020000,55.439999,53.080002,53.299999,53.299999,1070000
2021-03-19,53.520000,54.598000,52.889999,52.985001,52.985001,2498200
2021-03-22,53.430000,55.790001,53.310001,55.130001,55.130001,2020200
2021-03-23,55.270000,56.310001,54.240002,54.660000,54.660000,1536700
2021-03-24,55.090000,55.090000,51.849998,51.880001,51.880001,951200
2021-03-25,51.189999,53.450001,50.306000,52.279999,52.279999,1220000
2021-03-26,52.009998,53.400002,51.305000,53.360001,53.360001,1895100
2021-03-29,53.330002,53.330002,49.680000,49.790001,49.790001,1286300
2021-03-30,49.900002,50.299999,48.660000,49.080002,49.080002,1492500
2021-03-31,49.689999,52.000000,49.430000,51.340000,51.340000,1780400
2021-04-01,52.180000,54.650002,52.180000,53.220001,53.220001,1394300
2021-04-05,53.740002,53.990002,52.340000,53.480000,53.480000,668500
2021-04-06,54.400002,55.200001,53.130001,54.840000,54.840000,734800
2021-04-07,54.349998,54.830002,52.810001,53.410000,53.410000,2201800
2021-04-08,53.950001,55.056999,53.337002,53.509998,53.509998,951900
2021-04-09,52.500000,53.830002,51.830002,53.759998,53.759998,500400
2021-04-12,53.270000,54.345001,52.509998,53.900002,53.900002,961800
2021-04-13,54.380001,56.270000,54.259998,55.689999,55.689999,507300
2021-04-14,55.720001,57.880001,55.540001,55.750000,55.750000,719100
2021-04-15,56.040001,57.200001,55.759998,56.580002,56.580002,596600
2021-04-16,56.740002,56.959999,55.000000,55.220001,55.220001,714700
2021-04-19,54.560001,55.160000,52.619999,54.000000,54.000000,724300
2021-04-20,54.000000,54.660000,52.200001,52.650002,52.650002,554500
2021-04-21,52.150002,53.630001,51.595001,53.599998,53.599998,733200
2021-04-22,54.320000,56.070000,53.720001,54.270000,54.270000,620000
2021-04-23,54.320000,55.209999,53.349998,54.990002,54.990002,857000
2021-04-26,56.200001,57.209999,55.030998,57.189999,57.189999,756700
2021-04-27,57.000000,57.570000,55.150002,56.060001,56.060001,966200
2021-04-28,55.435001,56.660000,54.500000,55.419998,55.419998,1433200
2021-04-29,55.380001,55.615002,53.660000,54.490002,54.490002,629800
2021-04-30,53.740002,54.790001,52.700001,52.950001,52.950001,1159000
2021-05-03,53.090000,53.459999,51.410000,51.669998,51.669998,1178500
2021-05-04,48.500000,50.910000,48.075001,50.610001,50.610001,2356400
2021-05-05,51.160000,52.150002,48.494999,48.730000,48.730000,755100
2021-05-06,48.320000,48.349998,46.169998,47.150002,47.150002,938200
2021-05-07,48.060001,48.650002,47.279999,47.689999,47.689999,1010900
2021-05-10,47.189999,47.224998,45.380001,45.400002,45.400002,804000
2021-05-11,43.759998,47.500000,42.740002,47.209999,47.209999,1390100
2021-05-12,45.990002,46.720001,44.840000,45.209999,45.209999,879400
2021-05-13,45.939999,47.145000,43.830002,44.169998,44.169998,998900
2021-05-14,44.840000,45.700001,44.090000,45.570000,45.570000,1284900
2021-05-17,45.200001,45.410000,43.634998,44.599998,44.599998,879400
2021-05-18,44.970001,46.099998,44.509998,45.000000,45.000000,956900
2021-05-19,43.709999,45.669998,43.509998,45.639999,45.639999,920000
2021-05-20,46.099998,47.549999,45.930000,47.240002,47.240002,954300
2021-05-21,48.290001,48.369999,47.040001,47.130001,47.130001,710200
2021-05-24,47.950001,48.185001,46.869999,47.419998,47.419998,606300
2021-05-25,47.570000,48.459999,47.279999,47.590000,47.590000,588200
2021-05-26,48.020000,49.279999,48.020000,49.020000,49.020000,887000
2021-05-27,49.240002,49.689999,48.110001,49.150002,49.150002,782200
2021-05-28,49.770000,49.770000,48.209999,48.299999,48.299999,603800
2021-06-01,48.490002,48.715000,46.930000,47.959999,47.959999,940300
2021-06-02,47.549999,48.360001,47.439999,48.000000,48.000000,648800
2021-06-03,47.660000,47.660000,46.240002,46.630001,46.630001,1019000
2021-06-04,46.900002,48.040001,46.900002,47.820000,47.820000,665000
2021-06-07,47.610001,51.520000,47.505001,49.860001,49.860001,1070000
2021-06-08,50.020000,51.380001,50.020000,51.009998,51.009998,1301100
2021-06-09,51.520000,51.759998,49.470001,49.820000,49.820000,537500
2021-06-10,49.639999,51.730000,49.400002,51.419998,51.419998,682100
2021-06-11,51.700001,53.090000,51.099998,52.930000,52.930000,715900
2021-06-14,53.209999,54.584999,53.000000,53.910000,53.910000,1155400
2021-06-15,53.650002,55.150002,53.580002,53.990002,53.990002,798700
2021-06-16,53.779999,55.959999,53.619999,55.400002,55.400002,930500
2021-06-17,55.000000,58.380001,55.000000,58.110001,58.110001,2437800
2021-06-18,58.430000,59.130001,56.099998,56.820000,56.820000,2949800
2021-06-21,56.549999,57.430000,54.770000,56.730000,56.730000,715000
2021-06-22,56.419998,57.910000,55.959999,57.680000,57.680000,741800
2021-06-23,57.750000,58.430000,57.480000,58.299999,58.299999,850100
2021-06-24,58.689999,59.165001,57.869999,58.590000,58.590000,498900
2021-06-25,58.790001,59.119999,57.840000,58.189999,58.189999,897500
2021-06-28,58.290001,59.500000,57.939999,59.410000,59.410000,682000
2021-06-29,59.520000,60.630001,58.470001,60.150002,60.150002,1275100
2021-06-30,59.830002,60.090000,57.029999,57.619999,57.619999,979800
2021-07-01,57.400002,58.209999,56.959999,57.820000,57.820000,519000
2021-07-02,58.130001,58.990002,57.590000,58.849998,58.849998,458000
2021-07-06,59.299999,60.730000,59.064999,60.509998,60.509998,656600
2021-07-07,60.860001,61.130001,58.560001,59.509998,59.509998,889500
2021-07-08,58.115002,59.730000,56.939999,59.340000,59.340000,543900
2021-07-09,59.680000,60.349998,58.959999,60.110001,60.110001,278800
2021-07-12,60.700001,60.720001,58.654999,59.299999,59.299999,511600
2021-07-13,59.380001,59.540001,58.330002,58.720001,58.720001,289900
2021-07-14,59.110001,59.349998,56.709999,56.950001,56.950001,713500
2021-07-15,57.029999,57.029999,55.049999,55.959999,55.959999,752400
2021-07-16,56.570000,57.619999,56.200001,56.980000,56.980000,434900
2021-07-19,55.700001,58.160000,55.700001,57.500000,57.500000,355900
2021-07-20,58.189999,60.215000,57.770000,59.799999,59.799999,674500
2021-07-21,59.849998,61.340000,58.799999,61.150002,61.150002,510600
2021-07-22,61.680000,62.619999,61.599998,61.970001,61.970001,537500
2021-07-23,62.150002,63.134998,61.529999,63.009998,63.009998,599400
2021-07-26,63.310001,63.619999,62.674999,63.180000,63.180000,541600
2021-07-27,63.400002,63.450001,60.209999,61.939999,61.939999,682700
2021-07-28,62.160000,63.150002,61.865002,62.169998,62.169998,665700
2021-07-29,62.189999,62.654999,61.889999,62.160000,62.160000,337500
2021-07-30,61.770000,62.240002,61.040001,61.200001,61.200001,580500
2021-08-02,61.380001,61.970001,59.590000,60.990002,60.990002,997900
2021-08-03,59.709999,61.000000,56.799999,59.000000,59.000000,2246900
2021-08-04,58.830002,60.180000,58.650002,59.150002,59.150002,761400
2021-08-05,58.869999,60.080002,58.577999,60.020000,60.020000,798800
2021-08-06,60.220001,60.320000,57.590000,58.189999,58.189999,669500
2021-08-09,58.110001,58.860001,57.500000,58.360001,58.360001,410800
2021-08-10,58.730000,58.799999,57.119999,57.320000,57.320000,401400
2021-08-11,57.529999,57.700001,56.389999,57.500000,57.500000,442200
2021-08-12,57.270000,59.494999,57.200001,59.389999,59.389999,522700
2021-08-13,59.480000,60.189999,59.240002,60.139999,60.139999,393200
2021-08-16,59.599998,59.814999,57.500000,58.150002,58.150002,464500
2021-08-17,57.459999,57.509998,56.060001,57.020000,57.020000,605100
2021-08-18,57.189999,57.910000,56.570000,56.919998,56.919998,539200
2021-08-19,56.639999,58.009998,56.230000,56.490002,56.490002,687400
2021-08-20,56.630001,57.880001,56.630001,57.259998,57.259998,308400
2021-08-23,57.439999,59.279999,57.290001,59.080002,59.080002,490800
2021-08-24,59.650002,60.779999,59.470001,60.770000,60.770000,573800
2021-08-25,60.779999,62.150002,60.759998,61.820000,61.820000,634900
2021-08-26,61.619999,63.150002,61.619999,62.880001,62.880001,692100
2021-08-27,63.299999,66.900002,63.180000,66.580002,66.580002,1240300
2021-08-30,66.830002,69.260002,66.610001,69.059998,69.059998,1327900