Date,Open,High,Low,Close,Adj Close,Volume
2021-01-04,34.386143,34.431992,33.041264,33.657665,33.657665,994063
2021-01-05,33.642384,33.897095,33.066734,33.647476,33.647476,631301
2021-01-06,33.657665,34.538971,33.295975,33.728985,33.728985,1323258
2021-01-07,33.892002,34.849720,33.805401,34.778400,34.778400,1099476
2021-01-08,35.252167,35.812531,34.926132,35.323483,35.323483,1511314
2021-01-11,34.808968,35.196129,34.437084,34.829342,34.829342,1009375
2021-01-12,35.639328,36.225166,35.058582,36.184410,36.184410,1457331
2021-01-13,36.158939,36.388180,35.461029,35.659706,35.659706,682339
2021-01-14,35.817627,36.541008,35.669891,36.271015,36.271015,916721
2021-01-15,36.092716,37.045338,35.843098,36.602139,36.602139,1495021
2021-01-19,37.167603,37.300053,36.510445,37.223637,37.223637,2314181
2021-01-20,37.238918,38.089661,36.984207,37.794193,37.794193,1599256
2021-01-21,38.023434,38.196636,36.362709,36.423840,36.423840,2534233
2021-01-22,36.209885,36.841568,35.715740,36.770248,36.770248,1800267
2021-01-25,37.508915,38.629646,36.928169,38.543045,38.543045,1485991
2021-01-26,38.762100,38.991341,37.508915,38.038715,38.038715,1589637
2021-01-27,37.356087,38.374935,36.826286,37.748344,37.748344,2016982
2021-01-28,38.094753,38.425880,37.508915,37.564953,37.564953,1281446
2021-01-29,37.615894,37.947021,36.882324,37.610802,37.610802,1750800
2021-02-01,38.008152,39.582272,37.784004,39.449821,39.449821,2308292
2021-02-02,47.650002,52.590000,47.650002,51.990002,51.990002,5860400
2021-02-03,52.700001,52.700001,50.340000,51.340000,51.340000,2536200
2021-02-04,51.849998,52.070000,50.250000,50.520000,50.520000,1447600
2021-02-05,50.610001,51.049999,49.889999,50.799999,50.799999,1153300
2021-02-08,51.299999,51.430000,50.220001,50.730000,50.730000,719900
2021-02-09,50.570000,51.020000,49.790001,50.169998,50.169998,1308200
2021-02-10,50.590000,51.169998,50.209999,50.779999,50.779999,772000
2021-02-11,50.919998,51.290001,49.730000,50.119999,50.119999,651900
2021-02-12,49.950001,50.970001,49.720001,50.750000,50.750000,758200
2021-02-16,51.119999,51.160000,50.110001,50.950001,50.950001,1065300
2021-02-17,50.150002,52.139999,49.389999,52.000000,52.000000,1187600
2021-02-18,51.709999,52.419998,50.660000,51.950001,51.950001,1138300
2021-02-19,52.080002,52.220001,50.360001,50.439999,50.439999,879500
2021-02-22,50.080002,50.570000,49.209999,49.540001,49.540001,805500
2021-02-23,49.070000,49.389999,47.610001,48.660000,48.660000,1133300
2021-02-24,48.480000,49.279999,48.049999,49.000000,49.000000,731300
2021-02-25,49.060001,50.020000,48.380001,48.849998,48.849998,545300
2021-02-26,49.279999,49.950001,48.150002,49.290001,49.290001,432500
2021-03-01,49.939999,50.660000,48.220001,49.880001,49.880001,1093300
2021-03-02,49.880001,50.290001,48.570000,48.750000,48.750000,439700
2021-03-03,48.959999,49.139999,47.959999,48.259998,48.259998,526900
2021-03-04,48.759998,48.759998,47.139999,47.810001,47.810001,825700
2021-03-05,48.369999,48.500000,46.770000,47.959999,47.959999,759300
2021-03-08,48.410000,48.939999,47.389999,47.509998,47.509998,543400
2021-03-09,49.150002,49.700001,48.200001,48.500000,48.500000,680800
2021-03-10,48.770000,49.830002,47.610001,48.060001,48.060001,946900
2021-03-11,48.790001,49.560001,48.639999,49.349998,49.349998,502600
2021-03-12,49.020000,49.500000,48.180000,49.430000,49.430000,481800
2021-03-15,49.160000,49.410000,48.509998,49.360001,49.360001,667200
2021-03-16,49.740002,50.000000,48.500000,48.810001,48.810001,339400
2021-03-17,48.660000,49.150002,48.070000,48.970001,48.970001,698500
2021-03-18,48.549999,48.669998,47.000000,47.500000,47.500000,717800
2021-03-19,47.500000,48.869999,46.660000,47.270000,47.270000,2442300
2021-03-22,47.270000,48.869999,47.090000,48.299999,48.299999,653300
2021-03-23,48.099998,48.470001,46.959999,47.349998,47.349998,1112400
2021-03-24,47.700001,47.860001,45.119999,45.250000,45.250000,1045500
2021-03-25,44.860001,45.650002,44.520000,45.310001,45.310001,1049000
2021-03-26,45.369999,46.200001,45.000000,45.430000,45.430000,1411600
2021-03-29,45.290001,47.099998,44.360001,44.560001,44.560001,1080700
2021-03-30,44.450001,46.290001,43.939999,44.849998,44.849998,1114500
2021-03-31,45.540001,46.299999,45.130001,45.490002,45.490002,2039600
2021-04-01,44.009998,46.599998,44.009998,45.500000,45.500000,1167000
2021-04-05,46.240002,46.520000,45.389999,45.910000,45.910000,1099500
2021-04-06,44.560001,47.509998,44.520000,46.849998,46.849998,1508400
2021-04-07,46.930000,47.520000,45.880001,46.180000,46.180000,3635100
2021-04-08,46.410000,47.119999,45.759998,46.799999,46.799999,1451900
2021-04-09,46.330002,46.799999,45.500000,46.200001,46.200001,1279700
2021-04-12,45.820000,46.779999,45.220001,46.660000,46.660000,1806100
2021-04-13,46.849998,47.340000,46.070000,46.490002,46.490002,1562400
2021-04-14,46.459999,48.119999,46.349998,47.020000,47.020000,1553800
2021-04-15,47.189999,47.680000,46.980000,47.480000,47.480000,1370900
2021-04-16,47.619999,48.750000,47.080002,48.639999,48.639999,2941800
2021-04-19,48.410000,48.580002,47.369999,48.000000,48.000000,1525500
2021-04-20,48.009998,48.639999,47.369999,47.860001,47.860001,1021800
2021-04-21,47.709999,47.939999,47.240002,47.689999,47.689999,992100
2021-04-22,47.400002,48.470001,47.400002,47.799999,47.799999,994800
2021-04-23,48.009998,48.480000,47.610001,48.060001,48.060001,1285500
2021-04-26,48.200001,49.310001,48.000000,48.700001,48.700001,1074900
2021-04-27,48.450001,49.060001,48.380001,49.000000,49.000000,1148900
2021-04-28,49.049999,49.330002,48.439999,48.970001,48.970001,905700
2021-04-29,49.189999,49.189999,48.070000,48.830002,48.830002,828100
2021-04-30,48.630001,49.250000,48.020000,48.570000,48.570000,915100
2021-05-03,48.990002,49.259998,47.930000,48.119999,48.119999,968000
2021-05-04,47.750000,48.130001,47.310001,48.020000,48.020000,959500
2021-05-05,47.110001,48.169998,46.869999,47.070000,47.070000,1553900
2021-05-06,47.009998,47.400002,46.060001,46.689999,46.689999,982700
2021-05-07,47.209999,47.820000,46.410000,46.669998,46.669998,2705700
2021-05-10,46.610001,47.400002,45.820000,46.439999,46.439999,2349700
2021-05-11,45.770000,46.880001,45.669998,46.279999,46.279999,1021400
2021-05-12,45.950001,46.209999,44.770000,44.840000,44.840000,1554900
2021-05-13,45.160000,45.330002,43.779999,43.869999,43.869999,1368400
2021-05-14,44.160000,45.439999,43.970001,45.349998,45.349998,1414900
2021-05-17,45.259998,45.869999,44.490002,45.020000,45.020000,887700
2021-05-18,45.020000,45.200001,44.380001,44.660000,44.660000,1189700
2021-05-19,44.049999,44.930000,44.049999,44.869999,44.869999,748800
2021-05-20,45.110001,45.509998,44.709999,45.340000,45.340000,1212500
2021-05-21,45.750000,45.939999,45.189999,45.250000,45.250000,712100
2021-05-24,45.430000,46.250000,45.070000,46.119999,46.119999,1079100
2021-05-25,46.310001,46.709999,45.889999,45.980000,45.980000,796400
2021-05-26,46.110001,46.459999,45.790001,45.980000,45.980000,892400
2021-05-27,45.910000,46.340000,45.660000,45.980000,45.980000,447100
2021-05-28,46.250000,46.250000,45.730000,46.110001,46.110001,330500
2021-06-01,46.279999,46.560001,45.439999,45.799999,45.799999,359800
2021-06-02,47.240002,47.880001,45.830002,46.000000,46.000000,548500
2021-06-03,46.119999,46.119999,45.380001,45.820000,45.820000,614600
2021-06-04,45.970001,46.410000,45.970001,46.169998,46.169998,333200
2021-06-07,46.160000,46.650002,46.040001,46.560001,46.560001,858500
2021-06-08,46.669998,47.020000,46.610001,46.669998,46.669998,533500
2021-06-09,46.669998,46.770000,46.040001,46.250000,46.250000,877300
2021-06-10,46.000000,46.230000,44.669998,45.660000,45.660000,1441100
2021-06-11,45.959999,46.419998,45.619999,46.330002,46.330002,642400
2021-06-14,46.549999,46.680000,46.070000,46.310001,46.310001,695700
2021-06-15,46.250000,46.340000,45.759998,45.990002,45.990002,488900
2021-06-16,45.759998,46.310001,45.700001,46.049999,46.049999,508500
2021-06-17,45.959999,46.320000,45.720001,45.750000,45.750000,581500
2021-06-18,45.160000,45.770000,44.720001,45.000000,45.000000,1399300
2021-06-21,45.000000,45.189999,44.830002,45.060001,45.060001,1289100
2021-06-22,44.900002,45.230000,44.540001,45.150002,45.150002,850300
2021-06-23,45.279999,45.340000,45.000000,45.029999,45.029999,384500
2021-06-24,45.189999,45.570000,45.009998,45.450001,45.450001,465900
2021-06-25,45.549999,45.709999,45.110001,45.369999,45.369999,1765400
2021-06-28,45.250000,45.590000,45.009998,45.310001,45.310001,768100
2021-06-29,45.400002,45.400002,44.910000,45.119999,45.119999,345100
2021-06-30,44.950001,45.209999,44.740002,45.070000,45.070000,552300
2021-07-01,45.380001,45.380001,44.860001,45.000000,45.000000,348100
2021-07-02,45.090000,45.240002,44.490002,44.490002,44.490002,927500
2021-07-06,44.669998,44.669998,43.990002,44.349998,44.349998,668500
2021-07-07,44.349998,44.459999,43.669998,43.740002,43.740002,625800
2021-07-08,43.250000,43.910000,43.099998,43.240002,43.240002,924700
2021-07-09,43.380001,43.630001,42.939999,43.330002,43.330002,525000
2021-07-12,43.340000,43.430000,42.779999,43.000000,43.000000,769200
2021-07-13,42.860001,43.049999,42.320000,42.369999,42.369999,710300
2021-07-14,42.470001,42.790001,41.869999,41.939999,41.939999,585200
2021-07-15,41.750000,42.250000,41.639999,42.070000,42.070000,929100
2021-07-16,41.770000,42.490002,41.770000,41.910000,41.910000,611200
2021-07-19,41.459999,42.070000,41.459999,41.869999,41.869999,929400
2021-07-20,41.549999,42.849998,41.549999,42.330002,42.330002,769500
2021-07-21,42.419998,42.900002,42.349998,42.500000,42.500000,504400
2021-07-22,42.709999,42.709999,42.250000,42.439999,42.439999,372300
2021-07-23,42.840000,42.840000,42.279999,42.470001,42.470001,389900
2021-07-26,42.570000,42.770000,42.270000,42.439999,42.439999,313200
2021-07-27,42.389999,42.410000,41.840000,42.299999,42.299999,592600
2021-07-28,42.709999,43.020000,42.230000,42.689999,42.689999,411800
2021-07-29,42.660000,42.860001,42.549999,42.610001,42.610001,323200
2021-07-30,42.380001,42.950001,42.380001,42.669998,42.669998,586900
2021-08-02,42.689999,42.950001,42.369999,42.500000,42.500000,404500
2021-08-03,42.540001,42.660000,42.200001,42.529999,42.529999,549400
2021-08-04,42.279999,42.540001,41.910000,42.430000,42.430000,659900
2021-08-05,42.610001,43.060001,42.400002,42.740002,42.740002,698100
2021-08-06,42.880001,43.080002,42.630001,42.880001,42.880001,320800
2021-08-09,42.830002,42.930000,42.490002,42.580002,42.580002,396800
2021-08-10,42.990002,42.990002,41.959999,42.160000,42.160000,747700
2021-08-11,42.200001,42.459999,41.740002,42.320000,42.320000,701400
2021-08-12,42.349998,42.910000,42.349998,42.740002,42.740002,457800
2021-08-13,42.889999,42.889999,42.500000,42.700001,42.700001,397600
2021-08-16,42.560001,42.740002,42.139999,42.689999,42.689999,413400
2021-08-17,42.400002,42.619999,42.060001,42.619999,42.619999,372900
2021-08-18,42.650002,42.709999,42.160000,42.250000,42.250000,613000
2021-08-19,42.119999,42.680000,41.959999,42.459999,42.459999,581100
2021-08-20,42.389999,42.900002,41.860001,42.730000,42.730000,497000
2021-08-23,42.970001,43.580002,42.799999,43.470001,43.470001,468600
2021-08-24,43.639999,43.840000,43.450001,43.820000,43.820000,510100
2021-08-25,43.700001,44.430000,43.700001,44.410000,44.410000,511900
2021-08-26,44.700001,44.700001,44.139999,44.160000,44.160000,474200
2021-08-27,44.299999,44.880001,44.220001,44.669998,44.669998,497300
2021-08-30,44.680000,44.770000,44.520000,44.590000,44.590000,335500