Date,Open,High,Low,Close,Adj Close,Volume
2021-01-04,20.930000,21.040001,20.559999,20.889999,20.724066,1257100
2021-01-05,20.820000,21.540001,20.820000,21.440001,21.269699,870900
2021-01-06,21.920000,22.660000,21.650000,22.420000,22.241915,1406500
2021-01-07,22.549999,22.959999,22.350000,22.760000,22.579214,1095400
2021-01-08,23.000000,23.010000,22.320000,22.530001,22.351042,786800
2021-01-11,22.150000,22.860001,22.100000,22.850000,22.668499,609200
2021-01-12,22.889999,23.219999,22.750000,22.799999,22.618895,996200
2021-01-13,22.850000,23.000000,22.540001,22.719999,22.539530,844900
2021-01-14,22.900000,23.320000,22.760000,23.080000,22.896671,1123200
2021-01-15,22.410000,22.690001,22.100000,22.530001,22.351042,1212600
2021-01-19,22.850000,23.570000,22.680000,23.559999,23.372858,1478200
2021-01-20,23.670000,23.920000,23.309999,23.389999,23.204208,820500
2021-01-21,23.389999,23.389999,22.980000,23.090000,22.906593,750100
2021-01-22,22.740000,23.170000,22.709999,23.160000,22.976036,697100
2021-01-25,23.250000,23.440001,22.940001,23.160000,22.976036,922300
2021-01-26,23.379999,23.400000,22.719999,22.830000,22.648657,820000
2021-01-27,22.299999,22.520000,21.510000,21.610001,21.438349,1168300
2021-01-28,21.959999,22.350000,21.330000,21.950001,21.775648,1252500
2021-01-29,21.900000,22.030001,21.530001,21.549999,21.378824,1209400
2021-02-01,21.870001,22.590000,21.780001,22.530001,22.351042,1028600
2021-02-02,22.860001,22.959999,22.430000,22.870001,22.688341,1212000
2021-02-03,22.760000,23.219999,22.590000,22.990000,22.807384,1831000
2021-02-04,23.010000,23.330000,22.760000,23.209999,23.025637,1266100
2021-02-05,23.350000,23.480000,23.100000,23.290001,23.105005,776600
2021-02-08,23.410000,24.260000,23.410000,24.260000,24.067299,1568400
2021-02-09,21.910000,23.610001,21.590000,23.570000,23.382778,2345200
2021-02-10,23.610001,23.690001,22.639999,22.770000,22.589134,1190400
2021-02-11,23.010000,23.299999,22.600000,23.280001,23.095083,1968200
2021-02-12,23.450001,23.670000,23.120001,23.580000,23.392698,1170600
2021-02-16,23.790001,24.170000,23.440001,23.549999,23.362936,1068200
2021-02-17,23.450001,23.540001,22.930000,23.250000,23.065321,772800
2021-02-18,23.030001,23.190001,22.730000,23.110001,22.926434,1091600
2021-02-19,23.240000,23.750000,23.190001,23.629999,23.442303,661500
2021-02-22,23.520000,24.420000,23.370001,24.139999,23.948250,2216700
2021-02-23,23.940001,24.010000,23.070000,23.860001,23.670477,1203300
2021-02-24,24.000000,24.900000,23.760000,24.870001,24.672453,1189300
2021-02-25,24.889999,24.940001,23.590000,23.620001,23.432383,1089600
2021-02-26,23.809999,24.170000,23.350000,23.870001,23.680395,1137900
2021-03-01,24.549999,24.840000,24.330000,24.660000,24.464121,1084300
2021-03-02,24.290001,24.480000,23.530001,23.540001,23.353018,1056100
2021-03-03,23.450001,23.719999,23.100000,23.139999,22.956194,1018200
2021-03-04,23.120001,23.379999,22.200001,22.520000,22.341120,1650900
2021-03-05,22.990000,23.410000,22.270000,23.350000,23.164526,1477300
2021-03-08,23.420000,23.730000,23.219999,23.330000,23.144684,981200
2021-03-09,23.959999,24.590000,23.570000,24.389999,24.196266,1329900
2021-03-10,24.510000,24.660000,24.200001,24.360001,24.166504,884900
2021-03-11,24.680000,24.930000,24.480000,24.670000,24.474041,1662500
2021-03-12,24.450001,24.680000,24.379999,24.650000,24.454199,740200
2021-03-15,24.540001,24.799999,24.340000,24.790001,24.593090,972500
2021-03-16,24.799999,25.219999,24.600000,24.830000,24.727530,1171900
2021-03-17,24.850000,25.260000,24.629999,25.209999,25.105961,1431300
2021-03-18,24.809999,25.260000,24.309999,24.360001,24.259470,1822600
2021-03-19,24.160000,24.780001,23.740000,24.389999,24.289345,2640700
2021-03-22,24.500000,24.780001,24.270000,24.410000,24.309263,717800
2021-03-23,24.389999,24.610001,23.330000,23.530001,23.432896,858400
2021-03-24,23.850000,24.110001,23.240000,23.240000,23.144093,748700
2021-03-25,23.010000,23.770000,22.709999,23.590000,23.492647,699300
2021-03-26,23.809999,24.639999,23.670000,24.610001,24.508438,546500
2021-03-29,24.490000,24.600000,23.660000,23.740000,23.642029,1008400
2021-03-30,23.740000,24.010000,23.600000,23.850000,23.751575,1026500
2021-03-31,24.000000,24.360001,23.930000,24.080000,23.980625,743700
2021-04-01,24.379999,24.870001,24.379999,24.850000,24.747448,581600
2021-04-05,25.200001,25.670000,25.010000,25.510000,25.404724,1013700
2021-04-06,26.120001,26.500000,25.600000,25.700001,25.593941,1218700
2021-04-07,25.650000,25.719999,25.320000,25.430000,25.325054,741400
2021-04-08,25.600000,25.680000,25.230000,25.490000,25.384806,714400
2021-04-09,25.410000,25.610001,25.250000,25.530001,25.424643,491700
2021-04-12,25.510000,25.510000,25.250000,25.360001,25.255344,663200
2021-04-13,25.389999,25.469999,24.889999,24.990000,24.886869,521300
2021-04-14,24.990000,25.379999,24.990000,25.139999,25.036251,572200
2021-04-15,25.889999,26.000000,25.400000,25.969999,25.862825,1308600
2021-04-16,25.969999,26.059999,25.700001,25.870001,25.763239,868500
2021-04-19,25.840000,26.090000,25.639999,25.860001,25.753281,945800
2021-04-20,25.730000,25.799999,25.020000,25.280001,25.175674,803000
2021-04-21,25.280001,25.830000,25.180000,25.809999,25.703485,641300
2021-04-22,25.840000,25.930000,25.410000,25.420000,25.315096,780700
2021-04-23,25.639999,26.100000,25.639999,25.969999,25.862825,502500
2021-04-26,26.160000,26.290001,25.969999,26.010000,25.902660,818400
2021-04-27,26.110001,26.240000,25.799999,25.950001,25.842909,1381300
2021-04-28,25.840000,25.990000,25.610001,25.870001,25.763239,1487800
2021-04-29,26.379999,26.379999,25.639999,25.790001,25.683569,1859000
2021-04-30,25.629999,25.680000,24.480000,24.570000,24.468603,2349200
2021-05-03,24.790001,24.900000,24.010000,24.090000,23.990585,1846200
2021-05-04,23.559999,23.940001,23.150000,23.490000,23.393061,2065800
2021-05-05,23.799999,24.080000,23.469999,23.910000,23.811327,1725200
2021-05-06,23.860001,24.080000,23.379999,24.049999,23.950748,1822300
2021-05-07,24.290001,24.719999,24.110001,24.590000,24.488522,998000
2021-05-10,24.570000,24.590000,23.590000,23.600000,23.502607,1291400
2021-05-11,23.000000,23.670000,22.820000,23.520000,23.422937,1331300
2021-05-12,23.190001,23.410000,22.430000,22.459999,22.367310,1620300
2021-05-13,22.709999,23.200001,22.580000,23.059999,22.964834,847600
2021-05-14,23.330000,23.700001,23.100000,23.629999,23.532482,881100
2021-05-17,23.500000,23.690001,23.160000,23.650000,23.552401,712200
2021-05-18,23.740000,23.850000,23.290001,23.330000,23.233721,688500
2021-05-19,22.910000,23.670000,22.910000,23.639999,23.542440,674000
2021-05-20,23.629999,23.990000,23.500000,23.889999,23.791409,891400
2021-05-21,24.120001,24.190001,23.870001,24.040001,23.940792,870400
2021-05-24,24.260000,24.379999,24.090000,24.250000,24.149923,655900
2021-05-25,24.330000,24.459999,23.700001,23.700001,23.602194,1035100
2021-05-26,23.700001,23.980000,23.580000,23.900000,23.801369,698600
2021-05-27,24.100000,24.340000,23.930000,24.030001,23.930832,786600
2021-05-28,24.240000,24.240000,23.709999,24.070000,23.970667,691500
2021-06-01,24.270000,24.270000,23.850000,23.850000,23.751575,757100
2021-06-02,23.850000,23.879999,23.620001,23.650000,23.552401,979100
2021-06-03,23.480000,23.790001,23.330000,23.620001,23.522524,960800
2021-06-04,23.750000,24.030001,23.629999,23.930000,23.831245,703200
2021-06-07,24.160000,24.160000,23.459999,23.459999,23.363184,673300
2021-06-08,23.580000,23.750000,23.299999,23.500000,23.403019,1613300
2021-06-09,23.510000,23.540001,23.260000,23.290001,23.193886,1090600
2021-06-10,23.370001,23.590000,23.070000,23.090000,22.994711,1110000
2021-06-11,23.160000,23.370001,23.040001,23.209999,23.114216,837500
2021-06-14,23.260000,23.350000,22.980000,23.059999,22.964834,751200
2021-06-15,23.129999,23.129999,22.850000,23.049999,22.954876,716400
2021-06-16,23.030001,23.160000,22.719999,23.020000,22.925001,1100700
2021-06-17,23.000000,23.280001,22.330000,22.340000,22.340000,1209600
2021-06-18,21.730000,22.020000,21.379999,21.410000,21.410000,2471000
2021-06-21,21.500000,21.799999,21.420000,21.450001,21.450001,1440600
2021-06-22,21.389999,21.500000,21.090000,21.350000,21.350000,1202000
2021-06-23,21.379999,21.549999,21.320000,21.340000,21.340000,648500
2021-06-24,21.570000,21.840000,21.430000,21.770000,21.770000,799900
2021-06-25,21.770000,22.120001,21.719999,21.969999,21.969999,2753700
2021-06-28,21.990000,22.250000,21.870001,22.160000,22.160000,944800
2021-06-29,22.209999,22.510000,22.160000,22.469999,22.469999,1267600
2021-06-30,22.320000,22.740000,22.200001,22.549999,22.549999,1546900
2021-07-01,22.600000,22.690001,22.400000,22.440001,22.440001,974900
2021-07-02,22.559999,22.670000,22.280001,22.360001,22.360001,513200
2021-07-06,22.370001,22.389999,21.830000,22.150000,22.150000,679400
2021-07-07,22.170000,22.340000,21.870001,22.100000,22.100000,1041800
2021-07-08,21.650000,22.090000,21.480000,21.820000,21.820000,844200
2021-07-09,22.000000,22.280001,21.860001,22.100000,22.100000,682700
2021-07-12,22.160000,22.290001,22.000000,22.270000,22.270000,656700
2021-07-13,22.090000,22.240000,21.969999,22.160000,22.160000,835900
2021-07-14,22.389999,22.610001,21.870001,21.940001,21.940001,802100
2021-07-15,21.809999,21.920000,21.500000,21.709999,21.709999,782800
2021-07-16,21.910000,21.959999,21.219999,21.219999,21.219999,915700
2021-07-19,20.809999,21.010000,20.670000,20.809999,20.809999,870600
2021-07-20,20.830000,21.580000,20.680000,21.370001,21.370001,1125800
2021-07-21,21.500000,21.940001,21.459999,21.910000,21.910000,719100
2021-07-22,21.860001,21.860001,21.510000,21.549999,21.549999,850100
2021-07-23,21.670000,21.670000,21.400000,21.639999,21.639999,403300
2021-07-26,21.719999,21.879999,21.639999,21.790001,21.790001,573800
2021-07-27,21.500000,21.500000,20.879999,21.209999,21.209999,795600
2021-07-28,21.320000,21.850000,21.250000,21.670000,21.670000,587000
2021-07-29,21.910000,22.230000,21.870001,22.020000,22.020000,925600
2021-07-30,21.920000,22.270000,21.900000,22.129999,22.129999,868500
2021-08-02,22.290001,22.750000,21.870001,21.879999,21.879999,610000
2021-08-03,21.959999,22.120001,21.580000,22.080000,22.080000,880800
2021-08-04,21.910000,22.209999,21.860001,21.969999,21.969999,447100
2021-08-05,22.020000,22.190001,21.850000,22.139999,22.139999,614100
2021-08-06,22.299999,22.660000,22.240000,22.490000,22.490000,660900
2021-08-09,22.469999,22.510000,22.129999,22.360001,22.360001,628400
2021-08-10,22.549999,22.610001,21.980000,22.480000,22.480000,967700
2021-08-11,22.840000,22.930000,22.410000,22.889999,22.889999,815300
2021-08-12,22.830000,22.830000,22.469999,22.670000,22.670000,789100
2021-08-13,22.570000,22.709999,22.379999,22.660000,22.660000,606800
2021-08-16,22.650000,22.780001,22.469999,22.760000,22.760000,537000
2021-08-17,22.520000,22.559999,22.100000,22.370001,22.370001,572800
2021-08-18,22.299999,22.500000,22.030001,22.059999,22.059999,515100
2021-08-19,21.820000,21.950001,21.469999,21.480000,21.480000,977300
2021-08-20,21.420000,21.760000,21.330000,21.709999,21.709999,617900
2021-08-23,21.920000,22.040001,21.600000,21.910000,21.910000,503500
2021-08-24,22.090000,22.219999,21.910000,21.930000,21.930000,516800
2021-08-25,21.910000,22.129999,21.879999,22.000000,22.000000,647600
2021-08-26,22.000000,22.110001,21.780001,21.790001,21.790001,500300
2021-08-27,21.850000,22.629999,21.850000,22.600000,22.600000,789300
2021-08-30,22.730000,22.770000,22.469999,22.549999,22.549999,612300