Date,Open,High,Low,Close,Adj Close,Volume
2021-01-04,13.320000,13.610000,12.401000,12.570000,12.570000,1964100
2021-01-05,12.940000,13.670000,12.880000,13.440000,13.440000,1435600
2021-01-06,13.860000,14.210000,13.520000,13.880000,13.880000,2149700
2021-01-07,14.370000,14.370000,13.580000,14.070000,14.070000,1644300
2021-01-08,14.130000,14.210000,13.630000,14.000000,14.000000,1131900
2021-01-11,13.610000,14.115000,13.610000,14.100000,14.100000,1073300
2021-01-12,14.120000,14.380000,14.010000,14.290000,14.290000,1251400
2021-01-13,14.290000,14.460000,13.835000,13.880000,13.880000,1136400
2021-01-14,14.050000,14.475000,13.940000,14.220000,14.220000,1363200
2021-01-15,14.220000,14.365000,13.990000,14.180000,14.180000,1115500
2021-01-19,14.300000,14.720000,14.270000,14.420000,14.420000,1313100
2021-01-20,14.560000,14.610000,13.820000,14.050000,14.050000,1247000
2021-01-21,14.000000,14.190000,13.680000,13.810000,13.810000,944200
2021-01-22,13.530000,14.010000,13.490000,14.000000,14.000000,1121000
2021-01-25,13.730000,13.880000,13.280000,13.570000,13.570000,1120800
2021-01-26,13.770000,13.840000,13.400000,13.590000,13.590000,1177700
2021-01-27,13.110000,13.265000,12.601000,12.750000,12.750000,1712200
2021-01-28,13.070000,13.985000,12.860000,13.800000,13.800000,1939300
2021-01-29,13.800000,13.810000,12.910000,12.910000,12.910000,2064500
2021-02-01,13.140000,13.890000,13.030000,13.820000,13.820000,1182600
2021-02-02,14.070000,14.210000,13.830000,14.100000,14.100000,1053800
2021-02-03,14.090000,14.340000,13.960000,14.280000,14.280000,913800
2021-02-04,14.390000,15.040000,14.300000,14.800000,14.800000,1649000
2021-02-05,14.920000,14.930000,14.620000,14.910000,14.910000,955000
2021-02-08,15.060000,15.060000,14.640000,14.990000,14.990000,976700
2021-02-09,14.900000,15.150000,14.630000,14.840000,14.840000,689800
2021-02-10,14.980000,15.005000,14.490000,14.800000,14.800000,2308900
2021-02-11,14.840000,14.930000,14.330000,14.680000,14.680000,730900
2021-02-12,14.520000,14.795000,14.430000,14.770000,14.770000,639300
2021-02-16,14.910000,15.270000,14.790000,15.150000,15.150000,1411100
2021-02-17,14.940000,15.230000,14.660000,14.820000,14.820000,1030500
2021-02-18,14.640000,14.780000,14.310000,14.530000,14.530000,1097500
2021-02-19,14.660000,15.380000,14.660000,15.320000,15.320000,1363200
2021-02-22,15.360000,15.970000,15.140000,15.390000,15.390000,1784700
2021-02-23,15.130000,15.520000,14.850000,15.360000,15.360000,1228800
2021-02-24,15.340000,16.129999,15.330000,16.080000,16.080000,1765000
2021-02-25,15.930000,16.930000,15.270000,15.810000,15.810000,2194400
2021-02-26,16.430000,16.570000,15.775000,15.980000,15.980000,1497700
2021-03-01,16.570000,16.860001,16.360001,16.790001,16.790001,1807000
2021-03-02,16.620001,16.799999,16.110001,16.219999,16.219999,1100700
2021-03-03,16.340000,16.760000,15.890000,15.900000,15.900000,1426000
2021-03-04,15.820000,16.150000,14.920000,15.320000,15.320000,1381200
2021-03-05,15.690000,15.850000,14.770000,15.830000,15.830000,1005100
2021-03-08,16.000000,16.520000,15.740000,16.309999,16.309999,1918100
2021-03-09,16.540001,16.549999,15.980000,16.070000,16.070000,877200
2021-03-10,16.170000,16.750000,16.170000,16.680000,16.680000,1054800
2021-03-11,16.990000,17.049999,16.510000,16.600000,16.600000,1063500
2021-03-12,16.740000,16.940001,16.590000,16.889999,16.889999,1181200
2021-03-15,16.750000,16.940001,16.559999,16.910000,16.910000,810100
2021-03-16,16.840000,16.840000,16.309999,16.430000,16.430000,750700
2021-03-17,16.340000,16.860001,16.250000,16.860001,16.860001,798500
2021-03-18,16.900000,17.250000,16.139999,16.219999,16.219999,1120400
2021-03-19,16.160000,16.559999,15.480000,16.510000,16.510000,2201000
2021-03-22,16.500000,16.535000,15.730000,16.090000,16.090000,697100
2021-03-23,15.790000,16.120001,14.840000,15.010000,15.010000,1343400
2021-03-24,15.300000,15.960000,14.990000,15.010000,15.010000,804000
2021-03-25,14.810000,15.820000,14.700000,15.700000,15.700000,915600
2021-03-26,15.990000,16.170000,15.650000,16.150000,16.150000,810600
2021-03-29,16.520000,16.790001,15.660000,15.740000,15.740000,1694200
2021-03-30,15.720000,16.120001,15.550000,16.049999,16.049999,972900
2021-03-31,16.200001,16.530001,16.020000,16.250000,16.250000,1478900
2021-04-01,16.360001,16.559999,15.790000,16.240000,16.240000,713800
2021-04-05,16.530001,16.559999,15.960000,16.090000,16.090000,551400
2021-04-06,16.020000,16.280001,15.800000,15.850000,15.850000,1131300
2021-04-07,15.810000,16.000000,15.490000,15.600000,15.600000,670100
2021-04-08,15.600000,15.750000,15.240000,15.480000,15.480000,2328000
2021-04-09,15.480000,15.880000,15.380000,15.850000,15.850000,1204900
2021-04-12,15.840000,16.150000,15.790000,16.150000,16.150000,1421200
2021-04-13,16.080000,16.080000,15.500000,15.840000,15.840000,1980400
2021-04-14,15.820000,16.090000,15.690000,15.750000,15.750000,961700
2021-04-15,15.830000,15.830000,15.280000,15.750000,15.750000,636400
2021-04-16,16.059999,16.160000,15.858000,15.980000,15.980000,748500
2021-04-19,15.800000,15.865000,15.420000,15.660000,15.660000,923700
2021-04-20,15.660000,15.830000,15.172000,15.630000,15.630000,1244600
2021-04-21,18.940001,22.600000,18.850000,22.580000,22.580000,108513000
2021-04-22,22.540001,22.980000,21.469999,21.740000,21.740000,11133400
2021-04-23,21.980000,22.280001,21.670000,22.230000,22.230000,4209400
2021-04-26,22.299999,22.608000,21.969999,22.030001,22.030001,2264400
2021-04-27,22.120001,22.459999,21.770000,22.450001,22.450001,2037200
2021-04-28,22.360001,22.610001,22.260000,22.469999,22.469999,1448300
2021-04-29,22.610001,22.709999,22.100000,22.200001,22.200001,2522500
2021-04-30,22.020000,22.400000,21.809999,22.340000,22.340000,2443700
2021-05-03,22.570000,22.610001,21.895000,21.900000,21.900000,2822800
2021-05-04,21.709999,21.990000,21.540001,21.809999,21.809999,2430200
2021-05-05,21.850000,22.049999,21.510000,21.930000,21.930000,2314800
2021-05-06,21.709999,22.059999,21.450001,21.990000,21.990000,1147800
2021-05-07,22.280001,22.450001,21.860001,22.379999,22.379999,2021600
2021-05-10,22.559999,22.660000,22.129999,22.190001,22.190001,1254200
2021-05-11,21.750000,22.049999,21.459999,21.680000,21.680000,1608300
2021-05-12,21.660000,21.660000,20.150000,20.230000,20.230000,2620100
2021-05-13,20.160000,20.900000,20.150000,20.530001,20.530001,2443700
2021-05-14,20.750000,21.340000,20.650000,21.110001,21.110001,1011800
2021-05-17,20.950001,21.165001,20.601999,20.830000,20.830000,609200
2021-05-18,20.879999,21.049999,20.410000,20.420000,20.420000,922700
2021-05-19,20.000000,20.209999,19.850000,20.049999,20.049999,2345100
2021-05-20,20.080000,20.190001,19.389999,19.530001,19.530001,5463100
2021-05-21,19.750000,19.959999,19.660000,19.790001,19.790001,3016200
2021-05-24,19.959999,19.959999,19.490000,19.590000,19.590000,787000
2021-05-25,19.660000,20.070000,19.590000,19.730000,19.730000,2107600
2021-05-26,19.750000,19.760000,19.490000,19.650000,19.650000,1250300
2021-05-27,20.010000,20.090000,19.809999,19.920000,19.920000,2800900
2021-05-28,19.940001,25.020000,19.719999,24.709999,24.709999,18688900
2021-06-01,24.559999,24.809999,24.280001,24.780001,24.780001,2799200
2021-06-02,24.980000,25.190001,24.770000,24.799999,24.799999,2530500
2021-06-03,24.780001,24.889999,24.570000,24.639999,24.639999,1027100
2021-06-04,24.660000,24.969999,24.660000,24.700001,24.700001,1697000
2021-06-07,24.760000,24.760000,24.230000,24.530001,24.530001,1075600
2021-06-08,24.559999,24.559999,24.250000,24.350000,24.350000,1953100
2021-06-09,24.299999,24.530001,24.270000,24.330000,24.330000,2055300
2021-06-10,24.350000,24.389999,24.090000,24.309999,24.309999,2048700
2021-06-11,24.379999,24.420000,24.000000,24.170000,24.170000,2151400
2021-06-14,24.150000,24.260000,23.969999,24.139999,24.139999,1933400
2021-06-15,24.090000,24.570000,24.090000,24.420000,24.420000,1106800
2021-06-16,24.440001,24.650000,24.370001,24.570000,24.570000,1500300
2021-06-17,24.570000,24.670000,24.275000,24.520000,24.520000,756900
2021-06-18,24.200001,24.260000,23.770000,23.920000,23.920000,2531800
2021-06-21,24.250000,24.340000,24.100000,24.160000,24.160000,1512300
2021-06-22,24.010000,24.065001,23.690001,23.860001,23.860001,1531600
2021-06-23,24.000000,24.510000,23.879999,24.330000,24.330000,1264200
2021-06-24,24.410000,24.410000,24.020000,24.250000,24.250000,696200
2021-06-25,24.299999,24.299999,23.600000,23.600000,23.600000,6018100
2021-06-28,23.730000,23.940001,23.500000,23.570000,23.570000,1137600
2021-06-29,23.719999,23.820000,23.549999,23.730000,23.730000,762300
2021-06-30,23.629999,23.799999,23.090000,23.150000,23.150000,2527300
2021-07-01,23.440001,23.549999,23.219999,23.400000,23.400000,1266800
2021-07-02,23.250000,23.480000,23.100000,23.180000,23.180000,2192000
2021-07-06,24.530001,25.180000,24.520000,25.020000,25.020000,3932600
2021-07-07,25.020000,25.129999,24.700001,24.900000,24.900000,2654200
2021-07-08,24.670000,25.000000,24.510000,24.700001,24.700001,1969400
2021-07-09,24.915001,24.995001,24.740000,24.900000,24.900000,942600
2021-07-12,24.799999,24.940001,24.520000,24.920000,24.920000,2277600
2021-07-13,23.400000,23.480000,23.250000,23.260000,23.260000,11646100
2021-07-14,23.350000,23.410000,23.240000,23.370001,23.370001,6035600
2021-07-15,23.290001,23.500000,23.280001,23.469999,23.469999,4617400
2021-07-16,23.500000,23.570000,23.350000,23.379999,23.379999,2153500
2021-07-19,23.260000,23.450001,23.100000,23.400000,23.400000,3950200
2021-07-20,23.500000,23.500000,23.350000,23.379999,23.379999,2278300
2021-07-21,23.500000,23.500000,23.389999,23.490000,23.490000,2111300
2021-07-22,23.500000,23.500000,23.330000,23.379999,23.379999,2215300
2021-07-23,23.410000,23.459999,23.320000,23.400000,23.400000,1073600
2021-07-26,23.500000,23.530001,23.360001,23.379999,23.379999,983700
2021-07-27,23.370001,23.400000,23.200001,23.270000,23.270000,1324000
2021-07-28,23.350000,23.440001,23.280001,23.370001,23.370001,1084600
2021-07-29,23.430000,23.480000,23.350000,23.379999,23.379999,750300
2021-07-30,23.360001,23.490000,23.360001,23.490000,23.490000,2237000
2021-08-02,23.490000,23.540001,23.280001,23.330000,23.330000,1594100
2021-08-03,23.325001,23.350000,23.219999,23.219999,23.219999,2030400
2021-08-04,23.230000,23.240000,22.900000,23.110001,23.110001,1860800
2021-08-05,23.200001,23.330000,23.139999,23.219999,23.219999,2620800
2021-08-06,23.299999,23.440001,23.245001,23.330000,23.330000,2240900
2021-08-09,23.260000,23.350000,23.150000,23.290001,23.290001,2042300
2021-08-10,23.330000,23.400000,23.299999,23.360001,23.360001,916300
2021-08-11,23.379999,23.400000,23.280001,23.370001,23.370001,1880100
2021-08-12,23.315001,23.379999,23.250000,23.330000,23.330000,1469300
2021-08-13,23.270000,23.299999,23.219999,23.240000,23.240000,851400
2021-08-16,23.250000,23.295000,23.180000,23.180000,23.180000,1742400
2021-08-17,23.160000,23.250000,23.110001,23.160000,23.160000,1487000
2021-08-18,23.110001,23.219999,23.110001,23.129999,23.129999,1430700
2021-08-19,23.129999,23.230000,23.110001,23.219999,23.219999,1945600
2021-08-20,23.139999,23.250000,23.139999,23.200001,23.200001,1216900
2021-08-23,23.240000,23.250000,23.200001,23.200001,23.200001,797100
2021-08-24,23.230000,23.520000,23.190001,23.400000,23.400000,1830500
2021-08-25,23.450001,23.455000,23.350000,23.350000,23.350000,864600
2021-08-26,23.360001,23.440001,23.299999,23.400000,23.400000,3020900
2021-08-27,23.400000,23.480000,23.350000,23.410000,23.410000,566500
2021-08-30,23.420000,23.490000,23.330000,23.420000,23.420000,886000