Date,Open,High,Low,Close,Adj Close,Volume
2021-01-04,79.050003,79.690002,75.639999,76.580002,76.580002,335000
2021-01-05,76.120003,80.029999,75.910004,78.900002,78.900002,374800
2021-01-06,80.410004,84.919998,80.410004,84.290001,84.290001,450400
2021-01-07,84.779999,86.910004,83.230003,86.570000,86.570000,313500
2021-01-08,86.730003,86.730003,83.339996,85.510002,85.510002,301400
2021-01-11,83.910004,85.019997,83.209999,83.830002,83.830002,462000
2021-01-12,84.019997,86.349998,83.629997,85.669998,85.669998,303300
2021-01-13,87.440002,87.629997,83.440002,84.320000,84.320000,437600
2021-01-14,85.029999,87.839996,84.680000,86.639999,86.639999,306300
2021-01-15,84.589996,86.389999,81.599998,85.709999,85.709999,431400
2021-01-19,86.470001,87.849998,85.750000,86.010002,86.010002,467900
2021-01-20,86.419998,86.970001,85.040001,85.800003,85.800003,241800
2021-01-21,85.800003,86.389999,84.150002,84.519997,84.519997,267500
2021-01-22,83.629997,84.230003,82.629997,84.059998,84.059998,399100
2021-01-25,83.370003,83.370003,80.800003,81.730003,81.730003,446800
2021-01-26,82.589996,83.440002,78.690002,79.040001,79.040001,419900
2021-01-27,76.760002,78.849998,73.769997,75.980003,75.980003,748800
2021-01-28,77.610001,80.809998,77.180000,78.800003,78.800003,369000
2021-01-29,78.389999,78.879997,75.040001,76.110001,76.110001,521400
2021-02-01,77.470001,81.209999,77.470001,80.919998,80.919998,306800
2021-02-02,82.000000,83.660004,80.669998,82.589996,82.589996,370100
2021-02-03,82.199997,84.550003,81.199997,84.510002,84.510002,281400
2021-02-04,84.510002,85.849998,84.129997,85.540001,85.540001,317300
2021-02-05,85.919998,87.169998,85.320000,86.769997,86.769997,336100
2021-02-08,87.349998,89.529999,87.309998,89.330002,89.330002,429800
2021-02-09,75.400002,77.480003,70.489998,76.620003,76.620003,3186500
2021-02-10,78.510002,82.930000,76.760002,77.309998,77.309998,1382600
2021-02-11,77.400002,78.489998,75.300003,76.800003,76.800003,682000
2021-02-12,76.000000,81.360001,75.830002,80.440002,80.440002,1284800
2021-02-16,81.889999,83.080002,81.209999,82.050003,82.050003,529300
2021-02-17,81.050003,82.080002,80.199997,80.470001,80.470001,534300
2021-02-18,79.680000,81.339996,77.639999,78.860001,78.860001,366700
2021-02-19,79.739998,82.580002,79.739998,81.529999,81.529999,444500
2021-02-22,80.860001,82.379997,80.160004,80.629997,80.629997,563400
2021-02-23,80.000000,81.860001,77.010002,81.209999,81.209999,397600
2021-02-24,81.669998,84.129997,80.980003,84.099998,84.099998,539600
2021-02-25,83.800003,84.400002,80.059998,80.269997,80.269997,603100
2021-02-26,80.779999,81.919998,78.599998,80.279999,80.279999,368200
2021-03-01,82.559998,86.500000,82.320000,85.849998,85.849998,517200
2021-03-02,85.610001,87.139999,85.279999,85.820000,85.820000,403400
2021-03-03,86.070000,88.779999,85.410004,86.489998,86.489998,382300
2021-03-04,86.580002,88.959999,80.150002,83.180000,83.180000,932500
2021-03-05,85.000000,86.580002,79.400002,86.440002,86.440002,556800
2021-03-08,87.519997,89.709999,86.629997,88.720001,88.720001,504800
2021-03-09,89.650002,90.480003,86.220001,87.529999,87.529999,472300
2021-03-10,87.830002,90.580002,87.419998,90.050003,90.050003,356600
2021-03-11,92.040001,93.089996,90.510002,91.440002,91.440002,415400
2021-03-12,92.000000,93.250000,90.889999,92.139999,92.139999,318200
2021-03-15,91.849998,92.900002,90.309998,92.790001,92.790001,227900
2021-03-16,93.360001,93.360001,89.089996,89.370003,89.370003,437100
2021-03-17,90.019997,93.290001,88.970001,93.230003,93.230003,327600
2021-03-18,92.720001,95.190002,89.300003,89.660004,89.660004,337900
2021-03-19,90.360001,91.769997,85.000000,91.000000,91.000000,732200
2021-03-22,91.440002,91.459999,88.589996,90.180000,90.180000,272100
2021-03-23,88.650002,89.709999,82.150002,82.919998,82.919998,559500
2021-03-24,84.650002,87.360001,81.269997,81.489998,81.489998,514300
2021-03-25,80.269997,85.199997,79.099998,84.160004,84.160004,481700
2021-03-26,85.790001,86.360001,83.379997,85.800003,85.800003,438300
2021-03-29,85.000000,88.000000,82.680000,83.040001,83.040001,374900
2021-03-30,82.760002,86.070000,82.309998,85.800003,85.800003,306000
2021-03-31,86.370003,87.849998,84.510002,86.529999,86.529999,405800
2021-04-01,87.699997,87.980003,85.550003,87.040001,87.040001,294800
2021-04-05,88.620003,89.980003,88.099998,89.150002,89.150002,205500
2021-04-06,88.900002,90.110001,87.279999,87.379997,87.379997,326000
2021-04-07,87.470001,87.529999,84.440002,84.639999,84.639999,327400
2021-04-08,85.339996,86.400002,83.500000,86.080002,86.080002,274300
2021-04-09,86.209999,87.910004,85.000000,87.410004,87.410004,247600
2021-04-12,88.239998,90.080002,87.639999,89.769997,89.769997,273200
2021-04-13,89.139999,89.139999,85.160004,86.370003,86.370003,387200
2021-04-14,86.709999,87.839996,84.769997,84.779999,84.779999,431500
2021-04-15,85.820000,86.120003,83.879997,85.739998,85.739998,343100
2021-04-16,86.480003,87.300003,85.260002,86.910004,86.910004,446500
2021-04-19,86.180000,86.550003,84.220001,84.910004,84.910004,483200
2021-04-20,83.980003,85.080002,82.169998,84.209999,84.209999,301400
2021-04-21,83.260002,86.309998,82.290001,86.050003,86.050003,181400
2021-04-22,86.419998,88.459999,85.010002,87.699997,87.699997,533900
2021-04-23,88.599998,91.010002,87.879997,90.529999,90.529999,345400
2021-04-26,91.209999,92.330002,90.750000,91.040001,91.040001,346700
2021-04-27,90.629997,91.580002,89.519997,91.389999,91.389999,341300
2021-04-28,91.260002,92.440002,90.260002,92.040001,92.040001,285500
2021-04-29,93.820000,93.820000,91.089996,93.330002,93.330002,384300
2021-04-30,92.500000,93.230003,91.389999,91.720001,91.720001,630900
2021-05-03,93.070000,93.760002,90.669998,91.459999,91.459999,304500
2021-05-04,91.029999,92.760002,89.410004,92.690002,92.690002,326700
2021-05-05,93.690002,94.739998,91.620003,93.980003,93.980003,480300
2021-05-06,102.150002,105.849998,99.419998,102.959999,102.959999,930800
2021-05-07,103.019997,109.610001,101.000000,109.489998,109.489998,725000
2021-05-10,110.000000,111.949997,107.639999,107.650002,107.650002,486700
2021-05-11,106.430000,108.000000,104.669998,106.250000,106.250000,569600
2021-05-12,104.849998,105.669998,101.330002,102.110001,102.110001,524100
2021-05-13,102.620003,108.800003,102.620003,107.919998,107.919998,472600
2021-05-14,108.639999,110.860001,107.540001,110.320000,110.320000,306200
2021-05-17,109.230003,110.000000,107.300003,108.830002,108.830002,247600
2021-05-18,108.190002,109.080002,106.660004,106.680000,106.680000,369200
2021-05-19,105.080002,105.209999,103.449997,104.500000,104.500000,369000
2021-05-20,104.120003,104.980003,102.360001,103.910004,103.910004,409200
2021-05-21,105.449997,106.019997,103.279999,103.919998,103.919998,311200
2021-05-24,104.029999,105.900002,102.680000,105.199997,105.199997,216000
2021-05-25,106.000000,107.050003,103.419998,103.669998,103.669998,278300
2021-05-26,104.339996,106.989998,103.239998,106.629997,106.629997,248900
2021-05-27,108.000000,108.519997,106.470001,106.629997,106.629997,392700
2021-05-28,107.160004,107.440002,105.190002,106.570000,106.570000,139000
2021-06-01,108.290001,110.519997,108.290001,109.570000,109.570000,350100
2021-06-02,109.629997,110.000000,107.809998,108.010002,108.010002,350800
2021-06-03,107.610001,109.510002,106.629997,108.519997,108.519997,206200
2021-06-04,109.400002,109.400002,107.660004,109.040001,109.040001,211800
2021-06-07,109.029999,110.510002,108.489998,110.230003,110.230003,344700
2021-06-08,110.410004,113.099998,108.910004,112.349998,112.349998,345400
2021-06-09,112.269997,112.269997,109.370003,109.650002,109.650002,405500
2021-06-10,111.160004,111.459999,109.269997,110.000000,110.000000,410300
2021-06-11,110.199997,111.839996,110.059998,111.000000,111.000000,230300
2021-06-14,110.379997,110.480003,108.550003,110.139999,110.139999,927100
2021-06-15,110.120003,111.839996,109.379997,110.589996,110.589996,299400
2021-06-16,109.199997,110.489998,106.510002,108.309998,108.309998,368000
2021-06-17,108.070000,108.070000,100.059998,102.589996,102.589996,465400
2021-06-18,100.500000,101.790001,98.730003,98.760002,98.760002,540300
2021-06-21,100.489998,103.500000,99.510002,102.309998,102.309998,466700
2021-06-22,101.680000,102.239998,99.629997,101.769997,101.769997,314500
2021-06-23,101.750000,103.570000,101.559998,102.180000,102.180000,303000
2021-06-24,103.180000,104.199997,101.599998,103.620003,103.620003,457500
2021-06-25,104.349998,104.519997,102.139999,102.339996,102.339996,1674600
2021-06-28,102.339996,102.449997,99.830002,100.760002,100.760002,300700
2021-06-29,101.339996,102.910004,100.750000,101.309998,101.309998,301100
2021-06-30,100.599998,103.099998,100.599998,102.820000,102.820000,265600
2021-07-01,103.709999,104.440002,102.570000,103.830002,103.830002,212300
2021-07-02,103.900002,104.470001,102.750000,103.739998,103.739998,276000
2021-07-06,103.900002,104.300003,98.639999,100.050003,100.050003,254800
2021-07-07,99.529999,102.959999,99.529999,102.510002,102.510002,258900
2021-07-08,100.089996,102.769997,98.599998,100.230003,100.230003,203200
2021-07-09,102.300003,104.540001,102.300003,104.099998,104.099998,151900
2021-07-12,102.779999,105.000000,101.779999,104.529999,104.529999,186400
2021-07-13,103.209999,103.830002,101.849998,102.190002,102.190002,152800
2021-07-14,103.750000,104.510002,100.720001,101.309998,101.309998,163900
2021-07-15,100.570000,102.430000,99.900002,101.139999,101.139999,160000
2021-07-16,102.510002,103.419998,98.300003,98.610001,98.610001,186400
2021-07-19,95.300003,97.360001,93.800003,95.110001,95.110001,279300
2021-07-20,96.080002,101.230003,95.599998,100.300003,100.300003,261800
2021-07-21,101.449997,103.650002,100.959999,102.410004,102.410004,166800
2021-07-22,101.760002,101.809998,99.449997,99.870003,99.870003,237900
2021-07-23,101.239998,101.739998,99.849998,101.629997,101.629997,133600
2021-07-26,101.720001,102.970001,101.239998,102.410004,102.410004,192400
2021-07-27,101.190002,102.290001,100.370003,101.599998,101.599998,141500
2021-07-28,102.230003,104.980003,100.790001,103.139999,103.139999,311800
2021-07-29,105.309998,107.500000,103.730003,106.220001,106.220001,257700
2021-07-30,105.239998,106.919998,105.000000,106.449997,106.449997,184300
2021-08-02,107.779999,109.239998,104.790001,105.339996,105.339996,255200
2021-08-03,106.690002,109.000000,104.449997,108.080002,108.080002,253700
2021-08-04,106.440002,107.120003,105.500000,105.849998,105.849998,405600
2021-08-05,109.529999,113.809998,108.129997,111.629997,111.629997,491200
2021-08-06,115.550003,116.360001,113.040001,114.980003,114.980003,246200
2021-08-09,114.709999,114.849998,111.930000,113.480003,113.480003,251100
2021-08-10,113.699997,117.150002,112.930000,117.089996,117.089996,176700
2021-08-11,117.699997,119.510002,115.029999,119.449997,119.449997,204800
2021-08-12,119.589996,119.919998,117.050003,117.809998,117.809998,231100
2021-08-13,117.570000,118.000000,115.860001,117.080002,117.080002,147800
2021-08-16,115.900002,116.510002,114.309998,114.720001,114.720001,214600
2021-08-17,112.949997,112.970001,109.559998,111.029999,111.029999,195900
2021-08-18,110.129997,112.519997,109.949997,110.160004,110.160004,245500
2021-08-19,108.220001,109.989998,107.500000,108.860001,108.860001,374800
2021-08-20,109.010002,110.599998,108.470001,109.980003,109.980003,233400
2021-08-23,110.629997,112.790001,110.089996,112.550003,112.550003,170300
2021-08-24,113.139999,116.489998,113.139999,116.050003,116.050003,216100
2021-08-25,116.050003,118.150002,115.650002,117.480003,117.480003,203800
2021-08-26,117.059998,117.279999,115.220001,116.279999,116.279999,218800
2021-08-27,116.279999,120.739998,116.279999,120.300003,120.300003,302500
2021-08-30,120.300003,121.190002,118.610001,119.169998,119.169998,170400