Date,Open,High,Low,Close,Adj Close,Volume
2021-01-04,92.129997,92.129997,87.160004,87.290001,85.977196,182000
2021-01-05,86.949997,89.550003,86.680000,88.860001,87.523582,236800
2021-01-06,90.000000,94.349998,90.000000,93.320000,91.916504,246200
2021-01-07,94.620003,94.839996,89.730003,89.809998,88.459290,201600
2021-01-08,90.000000,90.440002,86.379997,88.720001,87.385689,237000
2021-01-11,87.589996,90.660004,87.389999,89.610001,88.262306,141600
2021-01-12,90.269997,91.639999,89.449997,91.220001,89.848091,113300
2021-01-13,91.820000,91.940002,89.540001,90.599998,89.237411,139800
2021-01-14,91.330002,91.970001,90.019997,90.800003,89.434402,120500
2021-01-15,89.550003,90.650002,89.169998,89.510002,88.163811,123500
2021-01-19,90.000000,90.389999,88.500000,88.930000,87.592529,127900
2021-01-20,88.800003,90.750000,88.800003,90.449997,89.089668,132900
2021-01-21,90.800003,91.099998,89.110001,90.010002,88.656296,104300
2021-01-22,89.010002,91.199997,88.709999,91.139999,89.769287,97800
2021-01-25,90.000000,90.900002,88.239998,89.970001,88.616898,97900
2021-01-26,90.489998,90.550003,86.769997,87.089996,85.780197,71800
2021-01-27,86.000000,86.440002,81.519997,81.839996,80.609161,195100
2021-01-28,83.550003,85.790001,82.809998,84.980003,83.701942,142600
2021-01-29,84.860001,85.940002,82.019997,82.320000,81.081940,202400
2021-02-01,83.279999,85.279999,81.769997,85.120003,83.839828,116500
2021-02-02,85.889999,87.720001,84.690002,86.750000,85.445313,135500
2021-02-03,86.379997,87.389999,85.000000,86.250000,84.952835,130100
2021-02-04,90.809998,105.779999,87.959999,96.370003,94.920631,908800
2021-02-05,97.830002,97.839996,92.570000,95.500000,94.063721,258100
2021-02-08,96.110001,98.389999,95.150002,97.750000,96.279877,184600
2021-02-09,97.790001,100.489998,96.160004,100.050003,98.545288,138800
2021-02-10,101.510002,101.639999,97.820000,100.139999,98.633934,132400
2021-02-11,102.000000,103.680000,99.839996,101.199997,99.677994,239400
2021-02-12,101.010002,103.070000,99.699997,100.360001,98.850632,122200
2021-02-16,100.739998,101.959999,98.570000,99.050003,97.560333,196600
2021-02-17,104.199997,104.199997,101.239998,101.580002,100.052284,237200
2021-02-18,101.339996,103.410004,99.599998,99.779999,98.279343,239800
2021-02-19,100.120003,102.500000,98.230003,102.480003,101.447105,196900
2021-02-22,102.000000,106.449997,101.349998,105.919998,104.852425,168100
2021-02-23,104.800003,105.239998,101.500000,102.750000,101.714378,196400
2021-02-24,103.000000,104.699997,100.860001,102.099998,101.070923,337900
2021-02-25,102.779999,102.910004,98.199997,99.000000,98.002174,184000
2021-02-26,99.410004,101.000000,97.139999,99.660004,98.655525,218300
2021-03-01,101.699997,102.610001,101.419998,102.190002,101.160027,159900
2021-03-02,101.989998,103.250000,101.309998,102.120003,101.090729,126900
2021-03-03,102.239998,103.419998,100.349998,100.349998,99.338562,185900
2021-03-04,100.010002,101.720001,96.970001,99.699997,98.695114,324400
2021-03-05,102.000000,102.000000,95.070000,100.629997,99.615738,205400
2021-03-08,99.949997,102.650002,98.599998,99.449997,98.447632,178800
2021-03-09,99.830002,101.389999,96.900002,100.000000,98.992096,160100
2021-03-10,101.029999,102.550003,100.500000,101.870003,100.843246,187800
2021-03-11,102.790001,109.410004,102.000000,108.669998,107.574707,455600
2021-03-12,109.910004,110.000000,105.500000,106.300003,105.228600,149200
2021-03-15,113.000000,113.000000,108.650002,112.190002,111.059235,249100
2021-03-16,110.940002,112.500000,108.419998,108.629997,107.535110,197100
2021-03-17,107.989998,111.500000,106.449997,111.250000,110.128708,183200
2021-03-18,111.540001,113.790001,107.500000,107.959999,106.871864,172800
2021-03-19,107.000000,107.500000,101.510002,102.459999,101.427299,518600
2021-03-22,102.250000,102.760002,97.580002,99.879997,98.873299,185300
2021-03-23,98.730003,102.190002,98.169998,100.650002,99.635544,294200
2021-03-24,103.989998,105.680000,99.400002,99.500000,98.497131,222700
2021-03-25,98.510002,103.750000,97.220001,103.000000,101.961861,198900
2021-03-26,104.470001,104.879997,102.620003,104.599998,103.545731,139100
2021-03-29,103.599998,104.629997,99.680000,100.949997,99.932510,150900
2021-03-30,100.750000,103.480003,100.160004,102.959999,101.922256,93400
2021-03-31,103.150002,104.480003,102.300003,102.739998,101.704475,199700
2021-04-01,103.050003,105.339996,103.050003,105.279999,104.218880,128100
2021-04-05,106.639999,109.050003,105.940002,108.139999,107.050049,205700
2021-04-06,108.000000,109.290001,106.510002,107.190002,106.109627,226100
2021-04-07,106.459999,107.209999,104.019997,104.260002,103.209160,121700
2021-04-08,104.750000,107.290001,104.110001,106.589996,105.515671,125100
2021-04-09,106.709999,106.870003,105.250000,106.610001,105.535477,101500
2021-04-12,106.680000,109.389999,106.040001,108.029999,106.941162,117900
2021-04-13,107.010002,108.500000,105.849998,106.970001,105.891838,119300
2021-04-14,107.489998,111.239998,107.029999,107.959999,106.871864,141500
2021-04-15,108.410004,109.099998,106.099998,108.750000,107.653900,106000
2021-04-16,110.389999,111.449997,109.820000,110.970001,109.851524,123500
2021-04-19,109.779999,111.120003,109.220001,110.029999,108.920998,129500
2021-04-20,109.889999,110.389999,105.750000,106.559998,105.485977,150100
2021-04-21,106.389999,107.930000,104.629997,106.449997,105.377075,172200
2021-04-22,106.809998,107.050003,104.550003,105.300003,104.238670,138400
2021-04-23,105.000000,110.339996,104.629997,109.120003,108.020172,122600
2021-04-26,109.989998,111.550003,109.989998,110.730003,109.613945,83100
2021-04-27,111.529999,111.970001,110.010002,111.559998,110.435577,88800
2021-04-28,111.589996,112.269997,109.720001,110.669998,109.554550,94100
2021-04-29,112.300003,114.680000,111.730003,112.709999,111.573990,105100
2021-04-30,111.949997,112.800003,109.550003,110.849998,109.732735,154800
2021-05-03,112.699997,114.559998,111.529999,113.019997,111.880859,314200
2021-05-04,112.940002,114.519997,111.500000,113.690002,112.544113,175200
2021-05-05,114.269997,114.769997,111.489998,113.230003,112.088753,139800
2021-05-06,109.000000,110.000000,95.010002,100.730003,99.714737,778200
2021-05-07,99.779999,104.889999,99.290001,104.459999,103.407135,284700
2021-05-10,104.550003,104.550003,100.269997,100.279999,99.269272,184000
2021-05-11,98.800003,99.760002,97.330002,99.320000,98.318947,132400
2021-05-12,99.309998,99.580002,96.370003,96.419998,95.448174,231100
2021-05-13,96.980003,101.029999,96.570000,100.070000,99.061394,146100
2021-05-14,100.510002,101.870003,100.000000,101.599998,100.575966,142200
2021-05-17,99.930000,100.440002,98.629997,100.379997,99.368256,97400
2021-05-18,100.419998,101.029999,98.750000,98.900002,97.903183,93100
2021-05-19,96.610001,98.980003,95.510002,98.669998,98.171814,100800
2021-05-20,98.440002,99.559998,97.320000,99.169998,98.669289,100100
2021-05-21,100.449997,100.459999,97.910004,98.779999,98.281258,115900
2021-05-24,99.879997,100.230003,98.879997,100.129997,99.624443,116200
2021-05-25,100.610001,101.830002,97.360001,97.440002,96.948029,134100
2021-05-26,98.000000,101.059998,98.000000,100.230003,99.723946,133800
2021-05-27,101.379997,102.129997,100.489998,101.139999,100.629341,139700
2021-05-28,101.400002,102.190002,100.000000,101.540001,101.027328,84800
2021-06-01,102.139999,103.050003,100.010002,101.800003,101.286018,134600
2021-06-02,102.690002,102.690002,99.339996,99.720001,99.216515,115900
2021-06-03,99.419998,99.900002,97.260002,99.570000,99.067268,99400
2021-06-04,100.000000,101.470001,99.129997,100.910004,100.400513,109800
2021-06-07,101.779999,101.989998,100.099998,101.489998,100.977577,79100
2021-06-08,100.930000,103.570000,100.820000,103.250000,102.728691,113200
2021-06-09,103.559998,103.750000,102.110001,102.190002,101.674049,96200
2021-06-10,103.389999,103.870003,99.750000,99.830002,99.325958,101800
2021-06-11,100.820000,101.309998,99.910004,100.879997,100.370659,90800
2021-06-14,100.879997,102.910004,100.879997,102.709999,102.191414,159500
2021-06-15,103.750000,107.989998,103.599998,106.139999,105.604103,178500
2021-06-16,104.889999,106.839996,104.849998,106.150002,105.614052,102900
2021-06-17,106.720001,106.720001,104.199997,105.040001,104.509651,132200
2021-06-18,103.540001,104.690002,102.699997,103.300003,102.778442,334000
2021-06-21,103.559998,106.250000,103.279999,105.790001,105.255867,105800
2021-06-22,105.820000,106.860001,103.839996,106.459999,105.922485,97900
2021-06-23,106.800003,107.959999,105.599998,107.300003,106.758247,145700
2021-06-24,108.599998,109.050003,107.300003,108.309998,107.763138,125400
2021-06-25,109.300003,109.300003,107.129997,107.169998,106.628899,322300
2021-06-28,106.879997,107.199997,103.529999,104.629997,104.101723,150100
2021-06-29,105.250000,106.089996,103.889999,104.809998,104.280815,77300
2021-06-30,104.029999,105.470001,104.029999,104.379997,103.852982,98400
2021-07-01,104.699997,104.930000,103.269997,104.459999,103.932579,119900
2021-07-02,104.199997,104.199997,103.029999,103.050003,102.529701,86600
2021-07-06,102.410004,102.550003,99.610001,100.230003,99.723946,98000
2021-07-07,99.730003,101.580002,98.809998,100.000000,99.495102,115500
2021-07-08,98.040001,99.680000,96.610001,97.470001,96.977875,117400
2021-07-09,98.889999,101.309998,98.010002,101.199997,100.689041,126800
2021-07-12,100.040001,102.160004,99.529999,101.410004,100.897987,93300
2021-07-13,100.800003,100.800003,98.150002,98.410004,97.913132,96400
2021-07-14,99.599998,100.699997,98.089996,98.510002,98.012627,140200
2021-07-15,98.250000,101.279999,98.199997,100.459999,99.952774,114100
2021-07-16,101.610001,102.099998,99.849998,100.589996,100.082115,135900
2021-07-19,99.099998,99.279999,97.709999,98.150002,97.654442,193200
2021-07-20,98.620003,103.410004,98.620003,101.540001,101.027328,161200
2021-07-21,102.209999,104.120003,102.209999,103.379997,102.858032,81000
2021-07-22,103.379997,103.379997,99.790001,100.470001,99.962730,54800
2021-07-23,101.760002,102.360001,100.650002,102.070000,101.554649,66400
2021-07-26,102.970001,103.699997,101.690002,102.309998,101.793434,64500
2021-07-27,101.260002,101.900002,99.800003,101.510002,100.997482,89300
2021-07-28,102.449997,104.150002,100.489998,103.309998,102.788383,93600
2021-07-29,104.599998,105.949997,104.510002,104.559998,104.032074,62700
2021-07-30,104.029999,105.709999,103.059998,103.480003,102.957535,91700
2021-08-02,103.680000,106.669998,101.720001,102.040001,101.524803,99400
2021-08-03,101.940002,102.129997,100.250000,101.839996,101.325806,130200
2021-08-04,100.639999,103.550003,100.510002,102.449997,101.932732,100900
2021-08-05,102.669998,104.029999,101.000000,103.349998,102.828186,133700
2021-08-06,104.930000,105.800003,103.559998,103.559998,103.037125,117300
2021-08-09,103.360001,103.599998,100.769997,100.779999,100.271164,88300
2021-08-10,100.220001,102.550003,99.269997,102.349998,101.833237,99400
2021-08-11,102.239998,102.680000,100.949997,102.570000,102.052124,64000
2021-08-12,101.930000,102.000000,100.070000,100.449997,99.942825,79300
2021-08-13,100.860001,101.099998,100.239998,100.769997,100.261208,51000
2021-08-16,99.489998,100.809998,98.669998,99.949997,99.445351,85100
2021-08-17,98.709999,99.360001,97.680000,99.029999,98.529999,94800
2021-08-18,98.269997,99.040001,97.500000,97.870003,97.870003,92700
2021-08-19,97.000000,97.540001,95.599998,97.059998,97.059998,126100
2021-08-20,96.680000,99.760002,96.669998,99.510002,99.510002,111100
2021-08-23,99.760002,101.169998,99.449997,100.690002,100.690002,124400
2021-08-24,100.690002,101.260002,99.080002,99.160004,99.160004,77600
2021-08-25,99.470001,101.830002,99.470001,101.279999,101.279999,74300
2021-08-26,101.449997,102.250000,99.510002,99.820000,99.820000,81200
2021-08-27,100.510002,103.139999,100.510002,102.980003,102.980003,154900
2021-08-30,103.000000,103.000000,101.419998,102.019997,102.019997,79800