Date,Open,High,Low,Close,Adj Close,Volume
2021-01-04,267.940002,267.940002,254.690002,258.649994,256.587891,103100
2021-01-05,256.609985,266.850006,256.059998,260.500000,258.423157,123300
2021-01-06,261.859985,266.829987,257.519989,265.250000,263.135254,137500
2021-01-07,262.989990,271.070007,261.200012,269.660004,267.510101,109700
2021-01-08,309.790009,320.000000,297.119995,301.149994,298.749023,311000
2021-01-11,296.760010,305.480011,295.019989,300.339996,297.945496,141200
2021-01-12,300.000000,300.000000,281.609985,284.019989,281.755615,139300
2021-01-13,284.019989,290.040009,280.390015,288.339996,286.041168,128500
2021-01-14,286.829987,294.619995,279.010010,279.679993,278.096405,97700
2021-01-15,275.429993,283.019989,274.700012,278.399994,276.823639,88400
2021-01-19,280.700012,282.619995,277.459991,279.640015,278.056641,73200
2021-01-20,279.709991,284.119995,276.880005,282.839996,281.238525,91400
2021-01-21,282.720001,284.890015,281.140015,283.279999,281.676025,67300
2021-01-22,282.149994,289.920013,279.579987,288.929993,287.294037,86600
2021-01-25,288.950012,302.640015,288.950012,301.579987,299.872406,110800
2021-01-26,301.679993,308.920013,298.230011,308.399994,306.653778,81400
2021-01-27,305.040009,332.839996,302.119995,320.000000,318.188110,303000
2021-01-28,319.750000,324.739990,299.019989,309.019989,307.270264,209500
2021-01-29,306.140015,313.510010,302.369995,304.410004,302.686371,125100
2021-02-01,304.109985,309.589996,296.420013,309.000000,307.250397,93700
2021-02-02,308.420013,309.890015,301.399994,302.329987,300.618164,85900
2021-02-03,301.209991,302.679993,296.429993,300.609985,298.907898,70500
2021-02-04,299.450012,301.989990,295.609985,298.000000,296.312683,65300
2021-02-05,300.989990,316.549988,297.579987,315.500000,313.713593,129300
2021-02-08,315.779999,324.899994,310.369995,324.850006,323.010651,110000
2021-02-09,323.239990,330.799988,319.290009,329.859985,327.992249,72700
2021-02-10,331.489990,332.549988,323.630005,330.209991,328.340302,67300
2021-02-11,329.510010,332.829987,322.730011,332.290009,330.408539,68700
2021-02-12,332.549988,333.420013,326.429993,332.279999,330.398590,49800
2021-02-16,331.200012,332.440002,327.000000,327.070007,325.218079,58000
2021-02-17,328.049988,328.049988,312.899994,322.359985,320.534729,75400
2021-02-18,321.339996,323.709991,313.880005,319.380005,317.571625,74400
2021-02-19,315.250000,317.220001,305.920013,314.079987,312.301605,99700
2021-02-22,310.890015,314.679993,306.959991,313.170013,311.396790,65000
2021-02-23,311.369995,314.100006,301.910004,308.049988,306.305786,89300
2021-02-24,305.440002,315.260010,304.529999,311.269989,309.507538,59700
2021-02-25,313.420013,315.769989,310.000000,312.290009,310.521790,79800
2021-02-26,313.220001,316.739990,307.450012,311.750000,309.984802,89900
2021-03-01,313.480011,315.640015,310.279999,314.660004,312.878357,73500
2021-03-02,314.959991,317.619995,311.899994,313.269989,311.496216,43600
2021-03-03,313.690002,316.769989,306.920013,313.309998,311.535980,72400
2021-03-04,314.459991,317.989990,306.779999,311.950012,310.183716,145500
2021-03-05,310.000000,321.510010,301.989990,319.559998,317.750580,121900
2021-03-08,320.420013,322.779999,308.750000,312.609985,310.839935,86400
2021-03-09,314.929993,316.480011,302.859985,304.540009,302.815643,86400
2021-03-10,306.149994,309.940002,301.940002,307.350006,305.609741,86300
2021-03-11,308.059998,312.989990,307.869995,312.440002,310.670929,56800
2021-03-12,312.850006,312.850006,303.209991,304.390015,302.666504,80700
2021-03-15,302.809998,302.809998,293.519989,294.239990,292.573944,90800
2021-03-16,292.320007,302.739990,291.130005,296.700012,295.020050,106800
2021-03-17,295.630005,298.869995,292.010010,293.309998,291.649231,68200
2021-03-18,292.869995,298.269989,287.410004,294.850006,293.180511,100100
2021-03-19,297.940002,299.920013,291.010010,296.869995,295.189087,246100
2021-03-22,299.540009,304.700012,297.529999,304.290009,302.567047,44700
2021-03-23,305.529999,310.480011,302.339996,304.869995,303.143768,74400
2021-03-24,304.850006,308.119995,299.779999,300.059998,298.360992,65100
2021-03-25,300.190002,303.510010,294.190002,301.980011,300.270172,41400
2021-03-26,302.429993,307.350006,301.309998,306.660004,304.923645,57400
2021-03-29,307.859985,312.369995,302.510010,303.450012,301.731842,59300
2021-03-30,301.410004,305.179993,298.380005,304.950012,303.223358,52500
2021-03-31,304.940002,311.640015,300.640015,306.179993,304.446381,95200
2021-04-01,306.660004,311.500000,303.690002,307.040009,305.301514,53600
2021-04-05,307.700012,313.820007,306.589996,311.820007,310.054443,45400
2021-04-06,309.920013,320.820007,309.920013,316.809998,315.016174,110400
2021-04-07,318.000000,321.410004,304.190002,304.640015,302.915100,119900
2021-04-08,306.559998,313.730011,302.339996,309.519989,307.767426,138600
2021-04-09,285.209991,289.399994,260.100006,280.070007,278.484192,996200
2021-04-12,285.739990,286.250000,263.450012,265.959991,264.454102,346300
2021-04-13,266.549988,266.549988,255.889999,256.809998,255.355896,247200
2021-04-14,256.989990,260.940002,254.399994,256.589996,255.137146,148400
2021-04-15,256.799988,260.470001,252.399994,257.600006,256.862183,82600
2021-04-16,259.769989,260.559998,255.600006,257.519989,256.782410,83400
2021-04-19,257.649994,259.500000,252.389999,252.410004,251.687057,78400
2021-04-20,251.229996,253.940002,249.660004,250.559998,249.842346,103600
2021-04-21,250.630005,262.769989,250.630005,260.690002,259.943329,184800
2021-04-22,260.170013,262.549988,256.040009,258.570007,257.829407,71700
2021-04-23,257.670013,258.709991,254.699997,258.190002,257.450500,99500
2021-04-26,259.309998,259.309998,253.199997,253.910004,253.182755,61900
2021-04-27,253.830002,253.919998,248.750000,252.419998,251.697021,77900
2021-04-28,252.000000,253.899994,249.389999,252.179993,251.457703,65300
2021-04-29,253.110001,253.110001,247.250000,247.550003,246.840973,76000
2021-04-30,246.940002,250.360001,243.869995,248.740005,248.027573,93100
2021-05-03,250.580002,251.339996,246.580002,250.350006,249.632965,114000
2021-05-04,248.729996,250.740005,247.179993,250.000000,249.283951,85300
2021-05-05,250.539993,251.869995,241.190002,241.520004,240.828247,92900
2021-05-06,241.119995,242.710007,237.350006,240.669998,239.980682,77000
2021-05-07,240.389999,243.539993,239.639999,242.839996,242.144455,54400
2021-05-10,243.600006,243.729996,239.589996,240.710007,240.020569,70800
2021-05-11,238.990005,244.059998,237.929993,243.449997,242.752716,47600
2021-05-12,241.919998,243.529999,238.570007,239.649994,238.963593,72300
2021-05-13,239.830002,244.889999,239.830002,243.199997,242.503433,75000
2021-05-14,244.039993,253.750000,244.039993,252.479996,251.756851,73400
2021-05-17,249.860001,252.880005,242.720001,243.059998,242.363831,59000
2021-05-18,244.160004,245.979996,242.529999,243.139999,242.443604,51700
2021-05-19,242.740005,244.250000,240.389999,242.990005,242.294037,52400
2021-05-20,242.860001,245.699997,241.460007,243.880005,243.181488,59600
2021-05-21,245.750000,245.789993,241.600006,242.199997,241.506287,88700
2021-05-24,242.369995,245.960007,240.860001,241.160004,240.469284,51500
2021-05-25,242.630005,242.630005,240.119995,241.339996,240.648758,84400
2021-05-26,241.220001,247.990005,241.220001,247.580002,246.870880,62000
2021-05-27,247.600006,252.190002,246.000000,250.160004,249.443497,96100
2021-05-28,250.009995,253.089996,244.210007,244.800003,244.098846,73200
2021-06-01,245.830002,250.490005,243.440002,248.440002,247.728424,71600
2021-06-02,249.679993,252.300003,246.910004,251.850006,251.128662,84400
2021-06-03,249.949997,252.960007,246.399994,248.839996,248.127274,42500
2021-06-04,248.809998,249.000000,243.240005,244.500000,243.799713,54100
2021-06-07,245.070007,248.500000,243.509995,248.289993,247.578842,71600
2021-06-08,249.380005,254.899994,248.940002,252.470001,251.746887,80300
2021-06-09,252.869995,253.929993,250.199997,250.869995,250.151459,42100
2021-06-10,250.869995,253.110001,249.089996,249.830002,249.114441,38700
2021-06-11,250.289993,253.289993,249.100006,253.130005,252.404999,34800
2021-06-14,253.300003,253.570007,250.039993,252.339996,251.617249,70500
2021-06-15,252.339996,256.380005,250.339996,256.269989,255.535980,85300
2021-06-16,256.269989,257.459991,252.300003,254.809998,254.080170,105100
2021-06-17,254.580002,258.190002,254.000000,254.789993,254.060226,73600
2021-06-18,252.520004,255.460007,246.000000,247.910004,247.199951,158700
2021-06-21,249.330002,252.059998,246.899994,251.600006,250.879379,60900
2021-06-22,251.490005,253.350006,250.059998,252.809998,252.085907,54400
2021-06-23,252.809998,255.460007,251.289993,254.029999,253.302414,60700
2021-06-24,254.210007,256.339996,253.259995,255.929993,255.196960,51400
2021-06-25,256.190002,259.000000,254.649994,258.339996,257.600067,155800
2021-06-28,258.440002,259.239990,252.800003,255.899994,255.167053,60400
2021-06-29,255.860001,258.480011,254.869995,257.890015,257.151367,45900
2021-06-30,257.980011,257.980011,253.279999,256.290009,255.555954,80300
2021-07-01,256.929993,258.649994,255.690002,257.109985,256.373566,45900
2021-07-02,257.109985,257.609985,255.190002,255.720001,254.987579,41700
2021-07-06,256.980011,259.410004,254.669998,255.490005,254.758240,71700
2021-07-07,255.990005,264.989990,253.259995,260.540009,259.793762,241700
2021-07-08,277.649994,279.980011,261.000000,261.799988,261.050140,314200
2021-07-09,263.149994,264.190002,253.990005,255.029999,254.299545,192700
2021-07-12,254.070007,259.869995,251.570007,257.720001,256.981842,90400
2021-07-13,255.729996,256.420013,251.110001,251.410004,250.689926,76500
2021-07-14,251.410004,253.270004,249.169998,251.380005,250.660004,66000
2021-07-15,250.289993,256.160004,247.419998,255.809998,255.809998,56300
2021-07-16,257.980011,258.720001,251.880005,252.289993,252.289993,60500
2021-07-19,250.389999,256.089996,250.000000,252.580002,252.580002,117300
2021-07-20,253.389999,255.440002,250.410004,250.759995,250.759995,89700
2021-07-21,250.929993,251.500000,241.029999,241.309998,241.309998,108700
2021-07-22,240.649994,242.080002,232.850006,233.720001,233.720001,95100
2021-07-23,232.919998,239.750000,230.020004,239.229996,239.229996,65900
2021-07-26,239.289993,242.470001,237.940002,242.149994,242.149994,50800
2021-07-27,241.789993,243.039993,238.470001,243.020004,243.020004,58400
2021-07-28,243.809998,247.279999,242.500000,244.169998,244.169998,72200
2021-07-29,244.690002,248.990005,243.300003,247.820007,247.820007,69700
2021-07-30,248.160004,250.000000,241.960007,242.990005,242.990005,80700
2021-08-02,243.179993,248.149994,243.179993,246.839996,246.839996,65500
2021-08-03,246.460007,250.289993,245.509995,249.229996,249.229996,104600
2021-08-04,247.789993,249.669998,239.380005,240.149994,240.149994,65300
2021-08-05,239.839996,246.979996,239.839996,246.139999,246.139999,60400
2021-08-06,245.850006,246.600006,242.279999,244.210007,244.210007,47500
2021-08-09,244.320007,246.880005,241.889999,244.830002,244.830002,74900
2021-08-10,243.970001,247.880005,242.220001,247.000000,247.000000,52400
2021-08-11,247.809998,247.990005,239.649994,241.339996,241.339996,67000
2021-08-12,240.789993,244.919998,239.710007,242.600006,242.600006,41100
2021-08-13,242.619995,243.809998,240.630005,241.460007,241.460007,34000
2021-08-16,241.759995,243.789993,239.740005,241.449997,241.449997,54100
2021-08-17,240.550003,241.449997,233.889999,234.130005,234.130005,54600
2021-08-18,234.130005,236.240005,230.570007,231.130005,231.130005,51900
2021-08-19,231.229996,235.589996,230.490005,233.199997,233.199997,67400
2021-08-20,232.279999,235.509995,230.600006,233.589996,233.589996,124600
2021-08-23,233.300003,235.539993,231.080002,232.100006,232.100006,50000
2021-08-24,232.440002,235.850006,231.100006,235.270004,235.270004,52100
2021-08-25,235.270004,235.919998,232.000000,232.600006,232.600006,43800
2021-08-26,232.610001,235.369995,232.440002,234.119995,234.119995,56600
2021-08-27,233.429993,233.669998,228.740005,233.009995,233.009995,83900
2021-08-30,234.250000,237.320007,232.699997,235.500000,235.500000,41100