Date,Open,High,Low,Close,Adj Close,Volume
2021-01-04,39.189999,39.529999,38.540001,38.799999,38.615723,480100
2021-01-05,38.799999,39.700001,38.590000,39.259998,39.073536,742300
2021-01-06,39.470001,41.540001,39.419998,41.509998,41.312847,917700
2021-01-07,41.509998,42.180000,40.770000,42.070000,41.870190,834700
2021-01-08,42.200001,42.830002,42.020000,42.240002,42.039383,846100
2021-01-11,42.130001,42.590000,40.880001,41.060001,40.864986,597900
2021-01-12,41.290001,41.959999,40.950001,41.740002,41.541759,479400
2021-01-13,41.900002,42.299999,40.959999,41.610001,41.412376,606100
2021-01-14,41.990002,42.560001,41.750000,42.200001,41.999573,457100
2021-01-15,42.009998,42.049999,41.320000,41.939999,41.740807,410800
2021-01-19,42.910000,43.419998,42.169998,42.259998,42.059288,473000
2021-01-20,42.400002,42.759998,41.900002,42.639999,42.437481,388700
2021-01-21,42.740002,42.799999,42.110001,42.630001,42.427532,517700
2021-01-22,42.520000,42.980000,42.369999,42.959999,42.755962,456900
2021-01-25,42.900002,44.340000,42.630001,44.029999,43.820877,506200
2021-01-26,43.529999,44.020000,43.189999,43.299999,43.094349,679600
2021-01-27,42.740002,43.080002,41.419998,41.689999,41.491993,847100
2021-01-28,42.230000,42.230000,39.959999,39.990002,39.800068,690700
2021-01-29,40.130001,40.130001,39.150002,39.240002,39.053635,785900
2021-02-01,39.779999,40.200001,38.910000,40.029999,39.839878,636600
2021-02-02,40.470001,41.189999,40.189999,40.770000,40.576366,404300
2021-02-03,41.360001,41.619999,39.939999,40.080002,39.889641,664800
2021-02-04,40.220001,40.610001,39.689999,40.330002,40.138458,804300
2021-02-05,40.330002,41.470001,39.700001,40.980000,40.785366,596700
2021-02-08,41.049999,41.580002,40.180000,40.919998,40.725651,438200
2021-02-09,41.080002,42.580002,40.930000,42.450001,42.248386,527000
2021-02-10,42.599998,43.290001,42.250000,42.650002,42.447437,681100
2021-02-11,42.650002,42.900002,41.500000,42.009998,41.810471,450200
2021-02-12,42.049999,42.779999,41.680000,42.740002,42.537010,456500
2021-02-16,42.980000,43.060001,42.340000,42.369999,42.168766,378900
2021-02-17,42.529999,42.580002,41.680000,42.299999,42.099098,292700
2021-02-18,42.299999,43.560001,42.299999,43.330002,43.124207,477900
2021-02-19,43.330002,43.919998,43.330002,43.509998,43.303352,489500
2021-02-22,43.389999,43.799999,42.970001,43.060001,42.855488,372500
2021-02-23,43.040001,43.330002,42.009998,43.000000,42.795776,633700
2021-02-24,43.270000,43.689999,42.930000,43.590000,43.382969,381000
2021-02-25,43.689999,43.990002,43.119999,43.259998,43.054535,399700
2021-02-26,43.400002,43.720001,42.740002,42.919998,42.716152,495800
2021-03-01,43.200001,44.439999,42.959999,44.349998,44.139359,646500
2021-03-02,44.240002,45.080002,44.000000,44.759998,44.547413,715800
2021-03-03,44.930000,46.349998,44.599998,45.919998,45.701904,715900
2021-03-04,47.279999,47.820000,45.299999,45.500000,45.283901,930300
2021-03-05,45.500000,46.500000,44.980000,45.930000,45.711857,956400
2021-03-08,46.180000,46.779999,45.560001,45.669998,45.453091,920500
2021-03-09,45.759998,46.340000,45.340000,46.060001,45.841244,833300
2021-03-10,45.669998,46.130001,45.099998,45.700001,45.482948,952700
2021-03-11,45.430000,46.860001,45.330002,46.860001,46.637440,613200
2021-03-12,47.169998,47.770000,46.779999,47.340000,47.115162,492600
2021-03-15,47.209999,47.209999,46.299999,46.520000,46.299057,615800
2021-03-16,46.680000,46.779999,45.889999,46.220001,46.000481,438000
2021-03-17,46.910000,46.910000,45.590000,46.090000,45.871098,412900
2021-03-18,46.070000,47.669998,46.070000,47.090000,46.866344,560400
2021-03-19,46.860001,47.400002,46.389999,46.669998,46.448341,1535300
2021-03-22,46.919998,47.119999,45.669998,45.860001,45.642189,531300
2021-03-23,45.680000,46.000000,44.849998,45.049999,44.836033,634400
2021-03-24,45.279999,45.750000,44.959999,45.000000,44.786274,936700
2021-03-25,44.840000,45.720001,44.150002,45.400002,45.184376,730700
2021-03-26,45.619999,47.180000,45.099998,47.130001,46.906158,1120400
2021-03-29,46.849998,47.930000,46.580002,47.029999,46.806633,511200
2021-03-30,47.189999,48.209999,46.820000,48.040001,47.811840,735100
2021-03-31,47.930000,48.119999,46.730000,47.169998,46.945965,534500
2021-04-01,47.040001,47.680000,46.680000,47.619999,47.393829,342300
2021-04-05,47.860001,48.650002,47.840000,48.320000,48.090504,349900
2021-04-06,48.169998,48.529999,47.860001,47.889999,47.662548,981400
2021-04-07,48.250000,48.650002,47.910000,48.180000,47.951168,380000
2021-04-08,47.970001,48.220001,47.439999,48.020000,47.791931,523200
2021-04-09,48.189999,48.619999,48.009998,48.150002,47.921314,314100
2021-04-12,48.389999,48.810001,47.990002,48.310001,48.080555,357300
2021-04-13,48.020000,48.410000,47.540001,48.230000,48.000931,404600
2021-04-14,47.900002,48.470001,47.720001,47.919998,47.692406,370600
2021-04-15,48.259998,48.500000,47.900002,48.270000,48.040745,332100
2021-04-16,48.330002,48.619999,47.799999,48.099998,47.970928,339500
2021-04-19,47.880001,48.169998,47.250000,48.090000,47.960957,408300
2021-04-20,48.250000,48.790001,47.790001,48.029999,47.901119,864700
2021-04-21,48.150002,48.299999,46.000000,46.119999,45.996243,821700
2021-04-22,45.990002,46.279999,45.430000,45.880001,45.756889,596000
2021-04-23,45.900002,46.180000,45.290001,45.410000,45.288151,613600
2021-04-26,45.660000,45.660000,44.639999,44.930000,44.809437,757000
2021-04-27,44.970001,45.430000,44.549999,44.549999,44.430458,571000
2021-04-28,44.540001,44.830002,43.980000,44.669998,44.550133,626200
2021-04-29,45.220001,46.730000,45.000000,46.639999,46.514847,822000
2021-04-30,46.630001,46.740002,45.730000,46.230000,46.105949,543400
2021-05-03,46.509998,47.619999,46.099998,47.160000,47.033455,522800
2021-05-04,47.020000,48.000000,46.669998,47.520000,47.392487,415600
2021-05-05,47.139999,48.080002,47.139999,47.820000,47.691681,490300
2021-05-06,48.009998,48.220001,47.419998,47.849998,47.721600,383600
2021-05-07,47.290001,48.320000,47.209999,48.220001,48.090611,671600
2021-05-10,48.410000,49.759998,48.410000,48.910000,48.778759,617600
2021-05-11,48.590000,48.939999,47.340000,47.750000,47.621872,454000
2021-05-12,47.599998,48.869999,46.919998,47.070000,46.943695,388800
2021-05-13,47.439999,48.580002,47.209999,48.430000,48.300045,385500
2021-05-14,48.340000,48.580002,48.160000,48.470001,48.339939,237000
2021-05-17,48.349998,48.779999,47.970001,48.580002,48.449646,358700
2021-05-18,48.580002,48.959999,48.349998,48.619999,48.489536,498300
2021-05-19,48.380001,48.639999,47.450001,48.570000,48.439671,521400
2021-05-20,48.139999,48.610001,47.560001,48.130001,48.000851,331600
2021-05-21,48.740002,48.830002,48.290001,48.520000,48.389805,619000
2021-05-24,48.639999,48.820000,47.840000,48.520000,48.389805,295400
2021-05-25,48.360001,48.630001,47.340000,47.410000,47.282784,536200
2021-05-26,47.419998,48.060001,47.119999,47.869999,47.741547,357700
2021-05-27,48.119999,48.459999,47.939999,48.090000,47.960957,465200
2021-05-28,48.180000,48.369999,47.709999,47.990002,47.861229,434200
2021-06-01,47.830002,48.540001,47.820000,47.849998,47.721600,558200
2021-06-02,48.130001,48.130001,46.450001,46.779999,46.654472,624600
2021-06-03,46.720001,47.279999,46.299999,46.740002,46.614582,465900
2021-06-04,46.750000,46.880001,45.049999,45.759998,45.637207,727700
2021-06-07,44.860001,45.669998,44.759998,45.560001,45.437748,603300
2021-06-08,45.590000,46.099998,45.279999,45.900002,45.776836,855400
2021-06-09,45.930000,46.099998,45.529999,45.720001,45.597321,845600
2021-06-10,46.090000,46.090000,44.639999,44.830002,44.709709,488700
2021-06-11,45.029999,45.529999,44.970001,45.330002,45.208366,284400
2021-06-14,45.549999,45.610001,44.520000,44.689999,44.570080,408700
2021-06-15,45.380001,45.730000,44.700001,45.230000,45.108631,498000
2021-06-16,45.220001,45.369999,44.639999,44.799999,44.679787,454300
2021-06-17,44.770000,44.880001,43.209999,43.709999,43.592709,510700
2021-06-18,43.130001,43.549999,42.410000,42.660000,42.545528,851300
2021-06-21,42.959999,43.810001,42.880001,43.689999,43.572762,599700
2021-06-22,44.189999,44.970001,43.860001,44.590000,44.470348,767900
2021-06-23,44.610001,44.860001,44.049999,44.310001,44.191101,476600
2021-06-24,44.459999,44.639999,44.150002,44.360001,44.240967,350300
2021-06-25,44.410000,45.099998,44.320000,44.590000,44.470348,2216600
2021-06-28,44.650002,44.779999,44.070000,44.380001,44.260914,499700
2021-06-29,44.270000,44.860001,43.919998,44.560001,44.440434,385400
2021-06-30,44.369999,44.770000,44.330002,44.520000,44.400539,454300
2021-07-01,44.660000,45.150002,44.549999,44.720001,44.600002,400900
2021-07-02,45.119999,45.419998,44.570000,44.590000,44.590000,419400
2021-07-06,44.540001,45.330002,43.580002,44.240002,44.240002,395800
2021-07-07,44.049999,45.310001,44.049999,44.820000,44.820000,629200
2021-07-08,44.380001,44.520000,43.169998,43.970001,43.970001,467300
2021-07-09,44.560001,44.930000,44.029999,44.400002,44.400002,461300
2021-07-12,44.060001,44.830002,43.990002,44.630001,44.630001,528800
2021-07-13,44.400002,45.410000,44.349998,45.070000,45.070000,613500
2021-07-14,45.119999,46.439999,45.119999,45.790001,45.790001,818000
2021-07-15,45.500000,46.340000,45.490002,45.820000,45.820000,816500
2021-07-16,46.029999,46.230000,44.470001,44.930000,44.930000,960900
2021-07-19,44.340000,44.340000,43.580002,43.980000,43.980000,414700
2021-07-20,44.020000,45.139999,44.020000,44.759998,44.759998,842600
2021-07-21,44.610001,44.790001,43.349998,44.029999,44.029999,764000
2021-07-22,44.150002,44.410000,43.779999,43.799999,43.799999,593800
2021-07-23,43.970001,44.830002,43.650002,44.730000,44.730000,370300
2021-07-26,44.849998,45.599998,44.540001,44.650002,44.650002,286000
2021-07-27,44.389999,44.930000,44.169998,44.500000,44.500000,453600
2021-07-28,44.430000,44.740002,43.869999,44.619999,44.619999,440800
2021-07-29,44.930000,46.389999,44.740002,46.049999,46.049999,929900
2021-07-30,45.360001,46.939999,43.590000,45.709999,45.709999,1362700
2021-08-02,45.910000,45.919998,44.700001,44.980000,44.980000,805900
2021-08-03,45.070000,46.490002,44.980000,46.000000,46.000000,673100
2021-08-04,45.779999,45.939999,44.980000,45.160000,45.160000,590600
2021-08-05,45.389999,45.509998,44.720001,45.040001,45.040001,457800
2021-08-06,45.139999,45.709999,45.049999,45.340000,45.340000,403300
2021-08-09,44.869999,45.209999,44.410000,44.490002,44.490002,727900
2021-08-10,44.529999,44.950001,44.160000,44.689999,44.689999,458900
2021-08-11,44.959999,45.610001,44.439999,45.549999,45.549999,361200
2021-08-12,45.720001,45.919998,45.200001,45.549999,45.549999,380100
2021-08-13,45.730000,46.209999,45.520000,46.150002,46.150002,275500
2021-08-16,45.840000,46.230000,45.520000,46.139999,46.139999,342100
2021-08-17,45.959999,46.299999,45.630001,46.220001,46.220001,546900
2021-08-18,46.139999,46.680000,45.830002,45.869999,45.869999,374600
2021-08-19,45.430000,46.009998,45.259998,45.849998,45.849998,593600
2021-08-20,45.880001,46.700001,45.869999,46.590000,46.590000,376100
2021-08-23,46.770000,47.630001,46.610001,46.939999,46.939999,443000
2021-08-24,47.169998,47.389999,46.619999,46.849998,46.849998,392000
2021-08-25,46.599998,47.110001,46.520000,46.580002,46.580002,371600
2021-08-26,46.599998,46.810001,46.389999,46.619999,46.619999,417100
2021-08-27,46.709999,48.099998,46.570000,47.700001,47.700001,574200
2021-08-30,47.919998,48.630001,47.570000,48.380001,48.380001,532800