Date,Open,High,Low,Close,Adj Close,Volume
2021-01-04,133.000000,133.880005,129.024002,130.369995,129.957977,385900
2021-01-05,130.949997,136.419998,130.285004,136.059998,135.629990,441100
2021-01-06,137.369995,144.910004,136.710007,142.419998,141.969894,523300
2021-01-07,141.410004,145.350006,140.080002,144.850006,144.392227,470300
2021-01-08,144.440002,147.000000,142.479996,146.800003,146.336044,359400
2021-01-11,145.619995,146.199997,143.100006,143.509995,143.056458,357100
2021-01-12,143.990005,146.649994,143.990005,146.279999,145.817688,328400
2021-01-13,146.350006,146.419998,143.669998,144.369995,143.913727,252300
2021-01-14,143.880005,148.399994,143.770004,146.279999,145.817688,277100
2021-01-15,145.240005,146.429993,142.669998,144.949997,144.491882,209100
2021-01-19,146.970001,149.649994,145.169998,147.460007,146.993973,232500
2021-01-20,146.789993,153.160004,146.789993,152.479996,151.998093,382900
2021-01-21,153.240005,155.979996,152.300003,154.080002,153.593048,302900
2021-01-22,153.770004,155.820007,150.619995,155.440002,154.948746,306200
2021-01-25,155.970001,160.449997,155.389999,156.729996,156.234665,339400
2021-01-26,157.699997,158.119995,153.259995,157.490005,156.992264,269700
2021-01-27,155.029999,161.970001,151.300003,155.190002,154.699539,563200
2021-01-28,155.830002,157.949997,152.830002,153.690002,153.204285,385800
2021-01-29,154.000000,154.065002,149.610001,150.050003,149.575775,412000
2021-02-01,152.399994,154.869995,150.059998,153.729996,153.244156,498200
2021-02-02,155.520004,157.830002,153.080002,153.880005,153.393677,441900
2021-02-03,154.279999,155.804993,147.970001,150.020004,149.545868,521500
2021-02-04,150.669998,154.399994,148.960007,152.889999,152.406799,466800
2021-02-05,154.000000,155.270004,152.619995,155.100006,154.609818,241000
2021-02-08,155.919998,156.100006,149.475006,155.979996,155.487030,446500
2021-02-09,156.309998,164.779999,155.000000,163.619995,163.102890,427600
2021-02-10,164.690002,167.440002,163.570007,164.449997,163.930283,438200
2021-02-11,165.690002,171.850006,165.289993,171.369995,170.828400,367000
2021-02-12,172.270004,172.320007,167.889999,170.809998,170.270157,292500
2021-02-16,171.960007,172.869995,164.880005,165.990005,165.465393,468400
2021-02-17,156.190002,156.190002,137.005005,144.039993,143.584763,2204300
2021-02-18,142.160004,144.330002,136.179993,139.509995,139.069092,914900
2021-02-19,139.669998,142.899994,137.880005,140.460007,140.016098,664500
2021-02-22,139.410004,140.000000,130.369995,131.320007,130.904968,693300
2021-02-23,129.160004,129.160004,123.370003,127.019997,126.618561,871200
2021-02-24,126.019997,136.330002,125.486000,136.300003,135.869232,850600
2021-02-25,133.619995,135.270004,130.300003,133.100006,132.679352,619200
2021-02-26,134.770004,136.759995,129.750000,136.149994,135.719711,708800
2021-03-01,138.369995,140.932999,134.339996,140.199997,139.756897,596600
2021-03-02,141.770004,142.369995,134.856995,135.949997,135.520340,583400
2021-03-03,134.929993,135.300003,128.669998,129.110001,128.701950,658200
2021-03-04,129.229996,129.710007,119.250000,120.360001,120.109848,713800
2021-03-05,121.339996,121.550003,112.485001,120.529999,120.279495,694000
2021-03-08,120.550003,123.061996,115.500000,116.169998,115.928558,541100
2021-03-09,120.400002,121.430000,118.105003,119.949997,119.700699,794300
2021-03-10,120.639999,123.040001,119.575996,122.239998,121.985947,616800
2021-03-11,124.570000,127.760002,124.000000,127.540001,127.274933,533000
2021-03-12,125.589996,128.630005,124.419998,128.399994,128.133133,416200
2021-03-15,129.160004,130.154999,126.239998,128.419998,128.153091,503900
2021-03-16,129.600006,131.300003,127.510002,130.339996,130.069107,575400
2021-03-17,128.350006,133.039993,128.190002,132.000000,131.725662,619100
2021-03-18,130.589996,131.830002,127.300003,127.389999,127.125237,649600
2021-03-19,126.959999,132.750000,126.099998,131.419998,131.146866,883900
2021-03-22,131.979996,133.024994,130.369995,131.410004,131.136887,353300
2021-03-23,131.080002,132.500000,129.539993,129.929993,129.659958,429700
2021-03-24,129.330002,129.929993,121.660004,125.849998,125.588432,887500
2021-03-25,124.410004,124.410004,120.482002,123.220001,122.963905,738600
2021-03-26,123.160004,127.120003,121.769997,125.129997,124.869934,657800
2021-03-29,124.940002,126.230003,123.000000,124.320000,124.061623,450800
2021-03-30,123.940002,127.665001,122.290001,125.709999,125.448730,409800
2021-03-31,126.080002,128.929993,124.849998,127.169998,126.905693,515600
2021-04-01,136.149994,138.940002,132.509995,135.830002,135.547699,1365300
2021-04-05,136.529999,137.130005,133.669998,135.000000,134.719421,652300
2021-04-06,135.479996,139.389999,134.740005,137.860001,137.573471,516500
2021-04-07,137.419998,138.610001,136.276001,137.559998,137.274094,351800
2021-04-08,138.199997,138.979996,135.289993,135.710007,135.427948,425800
2021-04-09,135.259995,138.210007,131.589996,137.660004,137.373901,497100
2021-04-12,137.520004,137.600006,134.669998,135.570007,135.288254,294600
2021-04-13,136.710007,139.817001,136.699997,137.000000,136.715271,327300
2021-04-14,136.960007,138.800003,135.559998,135.860001,135.577637,305800
2021-04-15,137.330002,138.785004,135.690002,138.300003,138.012573,324100
2021-04-16,139.059998,139.679993,136.425003,137.250000,136.964752,307500
2021-04-19,136.710007,137.750000,134.399994,137.690002,137.403839,448800
2021-04-20,137.320007,139.809998,136.195007,138.259995,137.972641,788800
2021-04-21,137.679993,142.320007,136.610001,142.229996,141.934387,540300
2021-04-22,142.100006,144.240005,140.869995,141.179993,140.886566,480100
2021-04-23,141.949997,143.059998,140.970001,142.369995,142.074112,435000
2021-04-26,142.649994,146.220001,141.919998,145.089996,144.788452,836900
2021-04-27,145.559998,150.529999,145.559998,148.089996,147.782211,922600
2021-04-28,148.500000,157.130005,146.681000,156.979996,156.653748,865500
2021-04-29,159.990005,159.990005,154.580002,158.029999,157.701553,641800
2021-04-30,157.550003,159.110001,155.770004,158.410004,158.080780,441100
2021-05-03,159.470001,161.419998,158.289993,160.009995,159.677429,500500
2021-05-04,158.389999,160.309998,157.354996,160.149994,159.817139,370200
2021-05-05,160.300003,160.350006,152.750000,153.619995,153.300720,648300
2021-05-06,154.449997,155.190002,149.539993,151.330002,151.015488,418800
2021-05-07,149.179993,152.651993,145.940002,146.190002,145.886169,364800
2021-05-10,145.339996,145.494995,138.130005,138.429993,138.142288,541900
2021-05-11,135.080002,138.649994,134.395004,137.610001,137.324005,642400
2021-05-12,135.929993,137.132996,131.160004,132.580002,132.304443,578600
2021-05-13,133.020004,133.690002,129.139999,130.850006,130.716080,521900
2021-05-14,131.809998,136.429993,131.000000,136.229996,136.090561,440000
2021-05-17,133.235001,135.440002,132.029999,133.210007,133.073669,366600
2021-05-18,134.470001,136.600006,133.250000,133.830002,133.693024,565600
2021-05-19,131.669998,133.520004,130.729996,132.800003,132.664093,265100
2021-05-20,133.850006,136.089996,132.020004,135.779999,135.641037,238500
2021-05-21,137.279999,139.639999,136.300003,137.789993,137.648972,328100
2021-05-24,139.130005,142.929993,137.869995,142.240005,142.094421,322400
2021-05-25,143.679993,145.869995,142.059998,142.539993,142.394104,387900
2021-05-26,143.130005,144.809998,142.089996,143.759995,143.612854,187100
2021-05-27,143.750000,145.039993,142.279999,143.320007,143.173325,243100
2021-05-28,143.839996,145.490005,141.759995,142.679993,142.533966,205300
2021-06-01,142.770004,143.479996,139.470001,140.250000,140.106461,309200
2021-06-02,139.759995,142.600006,138.710007,142.229996,142.084427,511000
2021-06-03,141.369995,142.110001,136.479996,137.550003,137.409225,379700
2021-06-04,138.960007,139.229996,137.089996,137.800003,137.658966,153000
2021-06-07,137.460007,140.059998,136.160004,139.910004,139.766815,310400
2021-06-08,141.419998,150.410004,140.000000,149.229996,149.077271,587300
2021-06-09,150.880005,151.770004,146.009995,146.539993,146.390015,409400
2021-06-10,150.220001,151.210007,146.110001,146.899994,146.749649,333400
2021-06-11,146.899994,149.740005,146.899994,149.520004,149.366974,230400
2021-06-14,150.440002,152.139999,150.014999,150.970001,150.815491,233700
2021-06-15,150.690002,150.690002,147.899994,148.869995,148.717636,301600
2021-06-16,148.000000,149.460007,147.020004,148.330002,148.178192,198000
2021-06-17,148.220001,150.289993,145.740005,146.100006,145.950470,382400
2021-06-18,144.089996,148.375000,143.669998,144.710007,144.561905,433500
2021-06-21,144.789993,149.869995,144.050003,147.479996,147.329056,364900
2021-06-22,146.970001,152.740005,144.940002,152.229996,152.074188,502600
2021-06-23,152.639999,154.710007,151.630005,154.669998,154.511703,386800
2021-06-24,156.000000,158.979996,155.750000,157.440002,157.278870,341800
2021-06-25,157.029999,159.559998,155.460007,156.580002,156.419754,535000
2021-06-28,157.449997,158.339996,155.649994,157.399994,157.238907,271100
2021-06-29,156.809998,159.779999,156.190002,157.210007,157.049103,216500
2021-06-30,157.619995,158.789993,155.979996,157.630005,157.468674,247000
2021-07-01,158.440002,159.669998,155.139999,156.330002,156.169998,247500
2021-07-02,157.080002,158.300003,155.880005,156.880005,156.719437,185500
2021-07-06,157.779999,158.279999,153.160004,156.050003,155.890289,234600
2021-07-07,156.500000,157.820007,153.179993,156.179993,156.020142,179700
2021-07-08,153.660004,157.399994,152.000000,156.119995,155.960205,255300
2021-07-09,157.000000,159.320007,155.570007,158.080002,157.918213,273300
2021-07-12,158.500000,158.820007,155.130005,155.589996,155.430756,257000
2021-07-13,155.360001,163.720001,154.449997,158.949997,158.787323,441200
2021-07-14,159.330002,159.820007,153.345001,154.179993,154.022186,286700
2021-07-15,153.929993,154.770004,151.259995,154.220001,154.062164,244600
2021-07-16,156.029999,157.768005,154.270004,154.919998,154.761444,304700
2021-07-19,152.000000,157.660004,150.029999,154.770004,154.611603,328400
2021-07-20,156.300003,159.740005,154.960007,157.970001,157.808319,334000
2021-07-21,158.149994,161.750000,158.149994,159.479996,159.316772,309900
2021-07-22,159.429993,169.380005,158.490005,167.820007,167.648254,708200
2021-07-23,167.850006,169.966003,166.240005,169.839996,169.666168,377000
2021-07-26,169.630005,172.000000,165.360001,167.110001,166.938965,295300
2021-07-27,167.529999,170.580002,164.669998,169.919998,169.746094,517900
2021-07-28,154.000000,166.768997,152.473999,166.110001,165.939987,828700
2021-07-29,167.119995,177.820007,166.710007,174.199997,174.021713,660700
2021-07-30,171.919998,176.690002,170.449997,171.309998,171.134674,437400
2021-08-02,172.550003,172.550003,167.839996,170.770004,170.595230,383200
2021-08-03,170.270004,173.009995,168.684998,172.919998,172.743027,350800
2021-08-04,171.919998,176.229996,171.500000,175.940002,175.759933,340400
2021-08-05,176.490005,177.102005,173.533005,176.520004,176.339340,268100
2021-08-06,176.580002,177.600006,174.119995,176.690002,176.509171,291000
2021-08-09,176.559998,176.559998,172.279999,172.300003,172.123657,291100
2021-08-10,173.029999,174.119995,168.050003,169.100006,168.926941,384400
2021-08-11,169.089996,169.089996,163.360001,166.100006,165.930008,345700
2021-08-12,166.380005,169.580994,165.580002,168.770004,168.770004,162300
2021-08-13,168.169998,171.470001,167.815002,170.039993,170.039993,195600
2021-08-16,169.169998,170.190002,167.639999,169.270004,169.270004,143200
2021-08-17,168.419998,168.419998,164.789993,167.550003,167.550003,255800
2021-08-18,167.720001,168.490005,165.839996,166.020004,166.020004,188200
2021-08-19,165.740005,167.039993,163.039993,163.690002,163.690002,239400
2021-08-20,163.410004,166.386993,163.190002,166.179993,166.179993,194100
2021-08-23,167.389999,168.552994,165.710007,166.539993,166.539993,174300
2021-08-24,167.160004,170.820007,166.020004,168.880005,168.880005,217800
2021-08-25,168.830002,170.419998,167.600006,168.669998,168.669998,186100
2021-08-26,167.720001,169.550003,166.179993,168.429993,168.429993,139300
2021-08-27,168.509995,172.240005,168.509995,171.860001,171.860001,220100
2021-08-30,172.000000,172.809998,169.589996,170.059998,170.059998,171200