Date,Open,High,Low,Close,Adj Close,Volume
2021-01-04,92.760002,92.760002,88.470001,91.070000,91.070000,1801900
2021-01-05,90.309998,93.180000,90.309998,93.000000,93.000000,666500
2021-01-06,92.389999,93.038002,90.970001,92.919998,92.919998,510900
2021-01-07,93.209999,96.120003,93.209999,95.040001,95.040001,376000
2021-01-08,95.040001,96.540001,94.800003,95.339996,95.339996,604500
2021-01-11,94.059998,95.684998,92.970001,94.529999,94.529999,224500
2021-01-12,95.529999,97.830002,94.360001,96.820000,96.820000,437400
2021-01-13,96.489998,97.695000,96.080002,96.779999,96.779999,283800
2021-01-14,97.040001,99.606003,96.949997,98.129997,98.129997,320000
2021-01-15,98.250000,99.739998,95.459999,97.110001,97.110001,262000
2021-01-19,98.620003,100.739998,97.739998,100.570000,100.570000,463100
2021-01-20,101.570000,102.330002,99.839996,100.589996,100.589996,404900
2021-01-21,101.089996,102.139999,98.839996,100.889999,100.889999,323400
2021-01-22,99.779999,101.970001,97.489998,99.400002,99.400002,324600
2021-01-25,99.639999,101.309998,96.410004,100.279999,100.279999,357800
2021-01-26,101.029999,101.029999,97.610001,98.220001,98.220001,199400
2021-01-27,96.430000,97.610001,91.660004,95.900002,95.900002,381400
2021-01-28,97.099998,99.839996,96.269997,98.860001,98.860001,264500
2021-01-29,98.709999,99.000000,96.360001,97.470001,97.470001,207900
2021-02-01,98.070000,101.459999,96.720001,101.250000,101.250000,526800
2021-02-02,101.290001,101.830002,98.889999,100.080002,100.080002,395800
2021-02-03,101.000000,103.889999,98.570000,102.910004,102.910004,513500
2021-02-04,103.419998,106.930000,102.470001,106.650002,106.650002,413000
2021-02-05,106.650002,109.254997,106.110001,108.330002,108.330002,364400
2021-02-08,109.330002,110.199997,105.500000,105.879997,105.879997,322400
2021-02-09,105.680000,107.370003,105.430000,106.300003,106.300003,405300
2021-02-10,107.430000,110.000000,106.449997,107.139999,107.139999,415600
2021-02-11,108.489998,111.150002,108.220001,109.470001,109.470001,557800
2021-02-12,109.099998,109.809998,107.419998,108.589996,108.589996,200900
2021-02-16,110.349998,110.349998,106.190002,107.910004,107.910004,538800
2021-02-17,106.400002,108.320000,105.449997,108.120003,108.120003,362600
2021-02-18,110.919998,114.199997,106.589996,111.120003,111.120003,717700
2021-02-19,111.790001,114.680000,110.360001,114.680000,114.680000,710600
2021-02-22,112.330002,112.589996,106.779999,107.169998,107.169998,622200
2021-02-23,104.080002,104.760002,98.730003,102.910004,102.910004,564600
2021-02-24,103.230003,107.690002,100.800003,105.970001,105.970001,372200
2021-02-25,105.529999,107.339996,98.830002,100.449997,100.449997,528600
2021-02-26,101.610001,103.650002,99.300003,101.150002,101.150002,399500
2021-03-01,102.510002,104.610001,102.000000,104.379997,104.379997,383400
2021-03-02,105.220001,105.449997,101.629997,102.120003,102.120003,441800
2021-03-03,101.779999,102.059998,97.040001,98.470001,98.470001,421300
2021-03-04,98.269997,100.330002,92.580002,95.500000,95.500000,443300
2021-03-05,96.410004,98.440002,92.379997,97.660004,97.660004,777600
2021-03-08,97.260002,99.485001,93.970001,94.589996,94.589996,813300
2021-03-09,98.669998,100.709999,97.949997,99.980003,99.980003,519800
2021-03-10,101.769997,104.000000,99.550003,99.559998,99.559998,259500
2021-03-11,100.000000,102.980003,100.000000,102.730003,102.730003,365300
2021-03-12,101.309998,101.309998,97.589996,98.110001,98.110001,339400
2021-03-15,96.849998,97.620003,95.400002,96.160004,96.160004,392700
2021-03-16,97.080002,97.629997,94.360001,95.860001,95.860001,373500
2021-03-17,94.120003,98.260002,92.680000,96.809998,96.809998,394500
2021-03-18,95.019997,95.050003,90.915001,91.089996,91.089996,231100
2021-03-19,91.839996,94.379997,90.730003,93.629997,93.629997,808900
2021-03-22,94.970001,96.375000,94.040001,94.860001,94.860001,275500
2021-03-23,94.660004,96.110001,92.750000,93.330002,93.330002,278700
2021-03-24,94.300003,94.300003,89.660004,89.839996,89.839996,320900
2021-03-25,88.419998,90.220001,86.360001,89.360001,89.360001,428500
2021-03-26,89.809998,91.320000,86.620003,89.449997,89.449997,344400
2021-03-29,88.230003,88.639999,81.919998,82.510002,82.510002,519600
2021-03-30,81.779999,85.019997,80.000000,84.559998,84.559998,483400
2021-03-31,85.790001,89.279999,85.720001,88.260002,88.260002,317200
2021-04-01,90.000000,92.535004,89.974998,92.290001,92.290001,311400
2021-04-05,93.199997,93.199997,90.489998,93.169998,93.169998,222800
2021-04-06,92.930000,94.970001,92.260002,93.449997,93.449997,223400
2021-04-07,92.669998,93.440002,91.445000,92.660004,92.660004,318900
2021-04-08,93.989998,95.809998,93.589996,94.849998,94.849998,315200
2021-04-09,94.000000,94.199997,91.519997,93.980003,93.980003,150900
2021-04-12,93.570000,95.544998,91.889999,94.639999,94.639999,161900
2021-04-13,95.629997,99.230003,94.980003,98.629997,98.629997,255900
2021-04-14,98.930000,99.739998,96.050003,96.180000,96.180000,198700
2021-04-15,97.570000,98.999001,95.519997,97.930000,97.930000,462500
2021-04-16,97.930000,97.930000,94.040001,97.470001,97.470001,271400
2021-04-19,96.639999,97.000000,94.349998,95.830002,95.830002,330300
2021-04-20,95.739998,96.973999,92.010002,92.830002,92.830002,268100
2021-04-21,92.489998,95.589996,90.875000,94.620003,94.620003,190400
2021-04-22,95.199997,97.459999,94.389999,94.949997,94.949997,200900
2021-04-23,95.779999,97.089996,95.589996,95.989998,95.989998,187600
2021-04-26,96.739998,99.800003,95.720001,98.980003,98.980003,182800
2021-04-27,99.129997,99.129997,96.269997,97.059998,97.059998,604700
2021-04-28,95.959999,97.970001,94.849998,97.099998,97.099998,257400
2021-04-29,97.879997,97.879997,93.330002,95.800003,95.800003,249300
2021-04-30,94.220001,97.139999,93.320000,94.000000,94.000000,337900
2021-05-03,94.830002,95.370003,90.690002,90.959999,90.959999,239100
2021-05-04,89.769997,90.334999,86.820000,88.309998,88.309998,355400
2021-05-05,91.809998,94.570000,87.070000,90.500000,90.500000,576100
2021-05-06,89.750000,90.220001,83.650002,86.139999,86.139999,467700
2021-05-07,87.500000,94.989998,87.035004,90.330002,90.330002,491800
2021-05-10,89.150002,89.855003,85.489998,88.900002,88.900002,450200
2021-05-11,86.089996,92.110001,85.910004,90.989998,90.989998,306600
2021-05-12,88.599998,89.489998,87.070000,89.029999,89.029999,437300
2021-05-13,90.660004,93.239998,86.690002,87.360001,87.360001,415600
2021-05-14,88.820000,90.709999,87.199997,90.550003,90.550003,271000
2021-05-17,89.419998,90.334999,87.739998,89.900002,89.900002,344000
2021-05-18,90.510002,92.410004,89.410004,90.510002,90.510002,330100
2021-05-19,88.430000,89.629997,87.209999,88.510002,88.510002,208000
2021-05-20,89.620003,92.129997,89.089996,92.099998,92.099998,214100
2021-05-21,93.269997,94.500000,91.599998,93.570000,93.570000,265500
2021-05-24,94.889999,96.089996,93.839996,95.300003,95.300003,217900
2021-05-25,95.540001,96.449997,92.599998,93.029999,93.029999,188900
2021-05-26,94.029999,96.010002,93.430000,95.949997,95.949997,161400
2021-05-27,95.589996,95.940002,93.489998,95.440002,95.440002,161100
2021-05-28,95.690002,98.010002,94.760002,94.900002,94.900002,211700
2021-06-01,95.089996,97.000000,93.720001,95.440002,95.440002,261800
2021-06-02,95.239998,96.040001,93.470001,94.790001,94.790001,365800
2021-06-03,93.940002,94.470001,90.589996,90.650002,90.650002,187000
2021-06-04,91.239998,93.120003,90.660004,91.849998,91.849998,250100
2021-06-07,91.849998,95.980003,91.849998,95.910004,95.910004,211500
2021-06-08,96.739998,99.000000,96.349998,98.660004,98.660004,294700
2021-06-09,99.000000,100.779999,96.779999,97.430000,97.430000,197100
2021-06-10,96.690002,98.820000,96.389999,98.660004,98.660004,145600
2021-06-11,98.830002,100.760002,98.480003,100.709999,100.709999,178300
2021-06-14,101.000000,103.769997,100.955002,103.620003,103.620003,261900
2021-06-15,103.470001,104.169998,100.959999,102.459999,102.459999,199900
2021-06-16,102.790001,106.050003,102.790001,105.599998,105.599998,422600
2021-06-17,104.400002,107.245003,104.392998,107.129997,107.129997,360700
2021-06-18,106.800003,108.139999,105.550003,107.519997,107.519997,465500
2021-06-21,108.120003,111.199997,106.239998,110.669998,110.669998,367200
2021-06-22,110.599998,112.629997,109.809998,112.489998,112.489998,263500
2021-06-23,112.720001,113.559998,110.669998,112.930000,112.930000,200900
2021-06-24,113.830002,115.620003,113.050003,114.190002,114.190002,225200
2021-06-25,114.220001,114.879997,112.120003,113.419998,113.419998,349000
2021-06-28,114.209999,115.209999,112.830002,114.260002,114.260002,269000
2021-06-29,113.860001,114.750000,112.760002,113.000000,113.000000,317700
2021-06-30,112.629997,112.720001,110.910004,111.330002,111.330002,280300
2021-07-01,111.779999,113.139999,110.230003,113.040001,113.040001,185600
2021-07-02,114.199997,115.724998,113.860001,115.660004,115.660004,224200
2021-07-06,116.000000,120.629997,116.000000,120.139999,120.139999,311600
2021-07-07,121.269997,123.160004,119.059998,122.940002,122.940002,385800
2021-07-08,119.580002,122.019997,117.150002,120.879997,120.879997,222600
2021-07-09,121.220001,123.605003,119.720001,123.430000,123.430000,166800
2021-07-12,124.599998,124.599998,120.870003,123.790001,123.790001,252800
2021-07-13,123.220001,124.889999,122.639999,124.019997,124.019997,285100
2021-07-14,125.000000,125.000000,118.245003,118.320000,118.320000,198000
2021-07-15,117.949997,118.419998,115.720001,117.370003,117.370003,146600
2021-07-16,118.629997,121.290001,118.089996,119.559998,119.559998,247600
2021-07-19,116.690002,121.650002,116.050003,121.290001,121.290001,290600
2021-07-20,122.550003,127.349998,121.540001,126.000000,126.000000,407000
2021-07-21,126.000000,129.442001,124.910004,127.940002,127.940002,360300
2021-07-22,127.489998,129.380005,127.300003,127.690002,127.690002,321400
2021-07-23,128.300003,130.960007,127.550003,129.869995,129.869995,334000
2021-07-26,130.899994,132.169998,128.940002,131.820007,131.820007,270600
2021-07-27,130.789993,131.809998,124.320000,127.169998,127.169998,359300
2021-07-28,127.760002,130.024994,126.900002,129.300003,129.300003,262300
2021-07-29,129.809998,132.389999,128.815002,131.410004,131.410004,155300
2021-07-30,131.080002,132.050003,128.610001,129.770004,129.770004,282600
2021-08-02,131.860001,131.860001,128.350006,129.070007,129.070007,233300
2021-08-03,128.960007,130.309998,126.839996,128.660004,128.660004,229600
2021-08-04,137.699997,140.539993,133.809998,138.699997,138.699997,848200
2021-08-05,138.460007,139.619995,132.990005,135.750000,135.750000,632100
2021-08-06,135.639999,136.000000,132.000000,133.139999,133.139999,589300
2021-08-09,134.000000,135.559998,130.009995,132.610001,132.610001,525200
2021-08-10,132.130005,134.639999,131.602005,132.990005,132.990005,472700
2021-08-11,133.970001,133.970001,130.080002,133.149994,133.149994,478300
2021-08-12,131.809998,135.460007,131.809998,132.460007,132.460007,211000
2021-08-13,132.199997,132.740005,130.300003,132.440002,132.440002,175900
2021-08-16,131.320007,134.710007,128.419998,134.550003,134.550003,503600
2021-08-17,132.600006,135.300003,130.690002,134.970001,134.970001,575700
2021-08-18,135.419998,136.289993,133.610001,134.350006,134.350006,316100
2021-08-19,132.360001,136.149994,131.994995,134.880005,134.880005,519900
2021-08-20,134.880005,137.570007,134.330002,136.050003,136.050003,300800
2021-08-23,137.350006,138.149994,136.500000,137.000000,137.000000,193000
2021-08-24,136.339996,141.009995,135.419998,140.639999,140.639999,1596100
2021-08-25,140.600006,142.000000,137.910004,140.009995,140.009995,467100
2021-08-26,140.789993,141.509995,137.539993,137.929993,137.929993,240200
2021-08-27,137.940002,142.619995,137.940002,142.110001,142.110001,338900
2021-08-30,142.899994,144.389999,141.309998,143.929993,143.929993,365200