Date,Open,High,Low,Close,Adj Close,Volume
2021-01-04,23.920000,25.048000,22.750000,23.400000,23.400000,2484800
2021-01-05,23.290001,23.754999,23.160000,23.680000,23.680000,995600
2021-01-06,24.000000,25.245001,23.910000,24.959999,24.959999,1471300
2021-01-07,25.469999,25.690001,25.030001,25.490000,25.490000,1735800
2021-01-08,25.709999,26.000000,25.450001,25.820000,25.820000,921600
2021-01-11,25.650000,26.020000,25.646999,25.950001,25.950001,1102600
2021-01-12,26.110001,26.730000,26.000000,26.700001,26.700001,1935500
2021-01-13,26.850000,26.870001,26.309999,26.670000,26.670000,1397400
2021-01-14,26.961000,27.410000,26.750000,27.230000,27.230000,1431600
2021-01-15,27.110001,27.230000,26.559999,26.820000,26.820000,1413500
2021-01-19,27.320999,27.389999,25.930000,25.950001,25.950001,1798600
2021-01-20,25.900000,26.570000,25.840000,26.480000,26.480000,554900
2021-01-21,26.459999,26.690001,25.750000,25.980000,25.980000,1070100
2021-01-22,25.770000,26.125000,25.275000,25.530001,25.530001,928100
2021-01-25,25.350000,25.600000,24.690001,25.170000,25.170000,1141100
2021-01-26,25.549999,25.549999,24.240000,24.330000,24.330000,837700
2021-01-27,23.719999,24.000000,23.219999,23.299999,23.299999,1519800
2021-01-28,23.650000,24.350000,23.309999,24.100000,24.100000,1260700
2021-01-29,24.020000,24.290001,23.480000,23.709999,23.709999,920600
2021-02-01,23.760000,25.129999,23.718000,24.990000,24.990000,1424000
2021-02-02,25.605000,26.340000,25.340000,26.110001,26.110001,1424300
2021-02-03,25.860001,26.540001,25.459999,26.070000,26.070000,1592800
2021-02-04,26.250000,26.680000,25.629999,25.670000,25.670000,1450100
2021-02-05,25.750000,26.020000,25.510000,25.889999,25.889999,1388500
2021-02-08,26.280001,27.049999,25.850000,26.959999,26.959999,1563200
2021-02-09,26.799999,27.365000,26.799999,27.320000,27.320000,1046700
2021-02-10,27.629999,27.969999,26.840000,26.959999,26.959999,836300
2021-02-11,27.110001,27.389999,26.250000,26.520000,26.520000,804600
2021-02-12,26.340000,27.040001,26.010000,26.780001,26.780001,543100
2021-02-16,27.090000,27.270000,25.940001,26.020000,26.020000,1767200
2021-02-17,26.000000,26.180000,25.670000,26.110001,26.110001,1205700
2021-02-18,26.150000,26.415001,25.920000,26.299999,26.299999,740700
2021-02-19,26.400000,26.870001,26.340000,26.700001,26.700001,680300
2021-02-22,26.480000,26.950001,26.230000,26.650000,26.650000,692300
2021-02-23,26.559999,27.400000,26.040001,27.209999,27.209999,1035200
2021-02-24,27.010000,28.010000,27.000000,27.620001,27.620001,1158400
2021-02-25,27.459999,27.700001,26.730000,26.730000,26.730000,1143100
2021-02-26,27.670000,28.600000,26.750000,27.730000,27.730000,3716800
2021-03-01,28.610001,28.709999,27.180000,27.780001,27.780001,3003700
2021-03-02,27.190001,27.740000,26.950001,27.200001,27.200001,5219000
2021-03-03,27.690001,27.990000,27.030001,27.370001,27.370001,5216500
2021-03-04,27.260000,27.594999,25.950001,26.090000,26.090000,5546600
2021-03-05,26.459999,26.490000,24.910000,26.080000,26.080000,3598300
2021-03-08,26.120001,26.290001,25.100000,25.230000,25.230000,3157300
2021-03-09,25.469999,26.760000,25.430000,26.490000,26.490000,1630100
2021-03-10,26.650000,27.120001,26.459999,26.660000,26.660000,916200
2021-03-11,26.870001,27.600000,26.603001,27.545000,27.545000,1814800
2021-03-12,27.490000,28.059999,27.309999,27.740000,27.740000,913800
2021-03-15,27.709999,27.950001,27.375000,27.750000,27.750000,792800
2021-03-16,27.440001,27.770000,27.160000,27.350000,27.350000,907900
2021-03-17,27.688999,27.830000,26.889999,27.830000,27.830000,1202500
2021-03-18,27.620001,27.990000,26.920000,27.000000,27.000000,1367000
2021-03-19,26.870001,27.180000,26.540001,26.820000,26.820000,2840500
2021-03-22,26.750000,26.879999,25.629999,25.690001,25.690001,1696100
2021-03-23,25.510000,26.200001,25.014999,25.209999,25.209999,3803400
2021-03-24,25.549999,25.920000,25.000000,25.000000,25.000000,1629200
2021-03-25,24.684999,26.139999,24.510000,25.969999,25.969999,1154100
2021-03-26,26.309000,27.440001,26.080000,27.379999,27.379999,1527400
2021-03-29,27.379999,27.670000,26.670000,26.709999,26.709999,1029000
2021-03-30,26.580000,27.500000,26.500000,27.309999,27.309999,648600
2021-03-31,27.540001,27.940001,27.350000,27.750000,27.750000,1145400
2021-04-01,28.025000,29.120001,27.940001,28.980000,28.980000,3077900
2021-04-05,29.459999,29.530001,28.299999,29.094999,29.094999,2134400
2021-04-06,29.459999,29.825001,29.190001,29.190001,29.190001,1267000
2021-04-07,29.110001,29.430000,28.709999,28.870001,28.870001,851300
2021-04-08,28.820000,29.424999,28.700001,29.360001,29.360001,897700
2021-04-09,29.440001,29.840000,29.260000,29.740000,29.740000,641600
2021-04-12,29.790001,29.860001,29.295000,29.330000,29.330000,1513000
2021-04-13,29.330000,29.365000,28.530001,28.799999,28.799999,1396100
2021-04-14,28.740000,29.219999,28.400000,28.530001,28.530001,1118000
2021-04-15,28.760000,28.969999,28.270000,28.790001,28.790001,673800
2021-04-16,29.010000,29.170000,28.700001,28.910000,28.910000,2302100
2021-04-19,28.870001,28.870001,28.514999,28.639999,28.639999,683500
2021-04-20,28.540001,28.719999,27.750000,28.299999,28.299999,1746700
2021-04-21,28.230000,28.959999,28.000000,28.809999,28.809999,2070400
2021-04-22,28.959999,29.090000,28.500000,28.549999,28.549999,925700
2021-04-23,28.620001,29.889999,28.610001,29.750000,29.750000,749100
2021-04-26,29.840000,30.340000,29.840000,30.129999,30.129999,1032300
2021-04-27,30.150000,30.340000,29.780001,29.879999,29.879999,1341500
2021-04-28,29.709999,30.200001,29.700001,30.080000,30.080000,772100
2021-04-29,30.379999,30.379999,29.360001,29.600000,29.600000,826400
2021-04-30,29.820000,30.350000,29.160000,29.270000,29.270000,1897600
2021-05-03,29.860001,29.860001,28.780001,28.870001,28.870001,1667300
2021-05-04,28.540001,28.940001,28.410000,28.530001,28.530001,2531100
2021-05-05,28.600000,29.270000,28.250000,29.200001,29.200001,1522900
2021-05-06,29.570000,29.570000,28.559999,29.180000,29.180000,1108000
2021-05-07,28.969999,29.570000,28.500000,29.370001,29.370001,2902000
2021-05-10,29.150000,29.309999,27.959999,27.965000,27.965000,1649200
2021-05-11,27.475000,28.200001,27.440001,27.900000,27.900000,2262600
2021-05-12,27.530001,28.139999,27.530001,27.530001,27.530001,1990500
2021-05-13,27.510000,28.037001,27.200001,27.510000,27.510000,1170900
2021-05-14,27.610001,28.020000,27.540001,27.730000,27.730000,1134800
2021-05-17,27.650000,27.920000,27.379999,27.799999,27.799999,956600
2021-05-18,27.910000,28.590000,27.900000,28.129999,28.129999,1618700
2021-05-19,27.700001,28.280001,27.360001,28.260000,28.260000,930900
2021-05-20,28.209999,28.490000,28.010000,28.370001,28.370001,888300
2021-05-21,28.555000,29.410000,28.555000,29.139999,29.139999,1994800
2021-05-24,29.139999,29.299999,28.760000,28.950001,28.950001,1312000
2021-05-25,29.120001,29.230000,28.360001,28.680000,28.680000,2313000
2021-05-26,28.680000,28.980000,28.480000,28.809999,28.809999,1355200
2021-05-27,29.129999,29.160000,28.590000,28.879999,28.879999,1435400
2021-05-28,29.070000,29.260000,28.700001,29.000000,29.000000,963700
2021-06-01,29.180000,29.870001,29.000000,29.040001,29.040001,1405200
2021-06-02,29.059999,29.240000,27.990000,28.129999,28.129999,1701800
2021-06-03,28.000000,28.150000,27.639999,27.990000,27.990000,1448900
2021-06-04,28.000000,28.170000,27.820000,27.860001,27.860001,2961500
2021-06-07,27.910000,29.070000,27.799999,29.020000,29.020000,2386300
2021-06-08,29.350000,29.440001,28.820000,29.049999,29.049999,1198300
2021-06-09,28.980000,29.360001,28.830000,29.020000,29.020000,1292200
2021-06-10,29.080000,29.350000,28.709999,29.200001,29.200001,1714400
2021-06-11,29.299999,29.600000,29.240000,29.490000,29.490000,1492400
2021-06-14,29.500000,29.570000,29.059999,29.480000,29.480000,1260800
2021-06-15,29.600000,29.735001,29.090000,29.350000,29.350000,2280700
2021-06-16,29.350000,29.490000,28.320000,28.850000,28.850000,2863100
2021-06-17,28.820000,28.969999,28.200001,28.400000,28.400000,2701900
2021-06-18,27.771999,28.450001,27.530001,27.809999,27.809999,3349000
2021-06-21,28.100000,28.719999,28.010000,28.500000,28.500000,1502200
2021-06-22,28.450001,28.709999,28.250000,28.469999,28.469999,2201000
2021-06-23,27.660000,28.100000,27.420000,27.570000,27.570000,7773600
2021-06-24,27.889999,28.299999,27.562000,28.280001,28.280001,7287900
2021-06-25,28.490000,28.660000,27.969999,28.030001,28.030001,8852600
2021-06-28,28.150000,28.320000,27.820000,28.280001,28.280001,3712600
2021-06-29,28.270000,28.615000,28.070000,28.520000,28.520000,2765500
2021-06-30,28.430000,28.450001,27.745001,27.870001,27.870001,2302300
2021-07-01,28.040001,28.309999,27.670000,27.719999,27.719999,1634800
2021-07-02,27.690001,27.830000,27.520000,27.730000,27.730000,1438500
2021-07-06,27.670000,27.750000,27.040001,27.299999,27.299999,1552400
2021-07-07,27.180000,27.760000,27.030001,27.660000,27.660000,1731100
2021-07-08,27.150000,27.670000,26.934999,27.540001,27.540001,1987500
2021-07-09,27.870001,28.090000,27.639999,28.010000,28.010000,2234800
2021-07-12,27.840000,28.540001,27.799999,28.540001,28.540001,1842900
2021-07-13,28.360001,28.559999,28.160000,28.270000,28.270000,1715000
2021-07-14,28.420000,28.500000,27.959999,28.100000,28.100000,1422600
2021-07-15,28.000000,28.090000,27.430000,27.660000,27.660000,1049300
2021-07-16,27.860001,28.020000,27.049999,27.120001,27.120001,1065600
2021-07-19,26.610001,26.840000,26.145000,26.490000,26.490000,1799900
2021-07-20,26.660000,27.559999,26.520000,27.400000,27.400000,1271700
2021-07-21,27.590000,28.170000,27.510000,28.139999,28.139999,697400
2021-07-22,28.170000,28.170000,27.650000,28.000000,28.000000,947000
2021-07-23,28.230000,28.510000,28.120001,28.450001,28.450001,787300
2021-07-26,28.520000,28.680000,28.160000,28.290001,28.290001,1166400
2021-07-27,28.190001,28.225000,27.430000,27.900000,27.900000,1016800
2021-07-28,28.100000,28.580000,27.660000,28.320000,28.320000,894000
2021-07-29,28.410000,28.770000,28.200001,28.520000,28.520000,733200
2021-07-30,28.450001,28.809999,28.230000,28.709999,28.709999,1038600
2021-08-02,28.879999,29.135000,28.440001,28.510000,28.510000,1121300
2021-08-03,28.610001,28.780001,28.059999,28.750000,28.750000,1020600
2021-08-04,28.520000,28.700001,28.000000,28.270000,28.270000,816300
2021-08-05,27.690001,28.584000,27.690001,28.250000,28.250000,834500
2021-08-06,29.150000,29.705000,27.969999,28.600000,28.600000,2905900
2021-08-09,28.620001,28.660000,28.000000,28.139999,28.139999,1998000
2021-08-10,28.045000,28.250000,27.860001,28.070000,28.070000,1088900
2021-08-11,28.240000,28.379999,27.690001,28.360001,28.360001,3699600
2021-08-12,28.360001,28.510000,28.040001,28.110001,28.110001,1006700
2021-08-13,28.030001,28.100000,27.639999,27.680000,27.680000,1107900
2021-08-16,27.590000,27.840000,27.280001,27.670000,27.670000,2849200
2021-08-17,27.400000,27.510000,26.790001,27.120001,27.120001,1704200
2021-08-18,27.129999,27.674999,27.049999,27.290001,27.290001,814100
2021-08-19,26.969999,27.136999,26.441000,26.910000,26.910000,1837800
2021-08-20,26.969999,27.090000,26.500000,26.980000,26.980000,1839600
2021-08-23,27.180000,27.629999,27.180000,27.570000,27.570000,753400
2021-08-24,27.670000,28.000000,27.650000,27.709999,27.709999,983500
2021-08-25,27.690001,28.815001,27.620001,28.670000,28.670000,1153100
2021-08-26,28.610001,28.690001,28.290001,28.580000,28.580000,1030300
2021-08-27,28.610001,29.540001,28.540001,29.500000,29.500000,1858300
2021-08-30,29.540001,29.754999,29.270000,29.469999,29.469999,1235200