Date,Open,High,Low,Close,Adj Close,Volume
2021-01-04,121.680000,122.870003,118.919998,119.790001,119.321976,132700
2021-01-05,119.480003,122.080002,119.480003,121.050003,120.577057,115100
2021-01-06,122.889999,127.639999,122.889999,126.209999,125.716888,211200
2021-01-07,126.879997,128.860001,125.339996,127.050003,126.553619,239200
2021-01-08,127.300003,128.119995,124.230003,125.849998,125.358299,165300
2021-01-11,124.400002,126.949997,124.400002,126.820000,126.324509,153800
2021-01-12,126.550003,128.619995,126.550003,128.449997,127.948135,125400
2021-01-13,128.490005,129.589996,127.190002,128.740005,128.237015,129300
2021-01-14,129.350006,131.509995,129.210007,130.600006,130.089737,118300
2021-01-15,129.250000,129.529999,126.919998,129.210007,128.705185,132700
2021-01-19,130.419998,130.759995,127.400002,127.800003,127.300690,140500
2021-01-20,127.250000,129.179993,126.849998,127.519997,127.021774,127400
2021-01-21,128.000000,128.440002,126.269997,127.910004,127.410255,146900
2021-01-22,126.790001,129.320007,126.570000,129.190002,128.685257,110100
2021-01-25,127.889999,129.539993,125.839996,127.449997,126.952049,118800
2021-01-26,128.509995,128.509995,125.449997,126.599998,126.105370,89600
2021-01-27,124.120003,125.000000,121.010002,122.629997,122.150879,107800
2021-01-28,124.089996,125.300003,121.940002,122.279999,121.802246,110900
2021-01-29,122.220001,122.279999,120.059998,120.070000,119.600883,128700
2021-02-01,120.959999,124.269997,120.430000,123.790001,123.306351,115000
2021-02-02,125.010002,125.510002,123.209999,125.239998,124.750679,80800
2021-02-03,124.430000,125.199997,122.650002,123.379997,122.897949,258800
2021-02-04,123.379997,124.910004,123.379997,123.489998,123.007523,90000
2021-02-05,124.629997,125.190002,123.879997,124.519997,124.033501,136300
2021-02-08,125.419998,129.929993,125.419998,129.250000,128.745026,121900
2021-02-09,128.809998,129.800003,126.510002,128.389999,127.888382,164100
2021-02-10,129.470001,130.559998,127.779999,128.360001,127.858505,103900
2021-02-11,124.370003,130.130005,123.000000,124.610001,124.123146,212800
2021-02-12,123.510002,124.669998,120.510002,121.599998,121.124908,186800
2021-02-16,121.540001,122.639999,120.300003,121.010002,120.537216,163800
2021-02-17,120.559998,120.559998,117.440002,117.669998,117.210258,158000
2021-02-18,117.889999,118.879997,116.430000,117.900002,117.439362,171900
2021-02-19,118.870003,121.199997,118.790001,119.500000,119.033112,122300
2021-02-22,118.610001,119.809998,118.029999,118.349998,117.887604,201900
2021-02-23,117.860001,118.769997,115.330002,116.410004,115.955193,148200
2021-02-24,116.260002,117.790001,115.559998,117.250000,116.791901,228000
2021-02-25,117.139999,117.379997,114.430000,114.510002,114.062614,202700
2021-02-26,114.300003,116.040001,113.480003,114.089996,113.872963,232500
2021-03-01,115.089996,116.809998,115.000000,115.839996,115.619637,179500
2021-03-02,115.839996,116.610001,113.449997,116.050003,115.829247,210900
2021-03-03,116.250000,117.360001,115.059998,115.139999,114.920967,347300
2021-03-04,114.940002,116.730003,113.440002,114.250000,114.032661,308400
2021-03-05,116.150002,116.889999,114.419998,116.760002,116.537895,300100
2021-03-08,117.900002,119.379997,116.680000,118.839996,118.613930,209100
2021-03-09,119.989998,121.570000,118.919998,119.110001,118.883423,369000
2021-03-10,119.419998,121.550003,118.370003,121.470001,121.238930,135100
2021-03-11,121.739998,122.650002,120.989998,121.839996,121.608223,130100
2021-03-12,122.430000,124.120003,122.099998,122.879997,122.646248,154200
2021-03-15,122.209999,122.660004,120.050003,122.470001,122.237030,151400
2021-03-16,122.430000,122.830002,121.779999,122.129997,121.897675,103700
2021-03-17,122.459999,123.349998,121.230003,123.180000,122.945679,122500
2021-03-18,122.980003,124.000000,119.959999,120.709999,120.480377,114500
2021-03-19,120.430000,122.290001,119.019997,120.900002,120.670013,502800
2021-03-22,120.320000,121.750000,117.300003,118.199997,117.975143,104900
2021-03-23,117.120003,119.110001,115.489998,116.459999,116.238457,103900
2021-03-24,117.620003,119.160004,115.419998,115.419998,115.200439,180300
2021-03-25,114.839996,117.669998,113.760002,117.150002,116.927147,167100
2021-03-26,118.230003,119.629997,117.150002,118.889999,118.663834,114400
2021-03-29,119.150002,120.989998,117.919998,118.910004,118.683800,142800
2021-03-30,118.940002,120.459999,118.430000,119.620003,119.392448,69600
2021-03-31,120.000000,122.769997,118.519997,118.809998,118.583984,136200
2021-04-01,118.989998,120.559998,118.250000,120.559998,120.330658,103600
2021-04-05,120.709999,121.309998,119.849998,120.650002,120.420494,94100
2021-04-06,120.849998,122.110001,119.360001,119.680000,119.452332,99200
2021-04-07,119.430000,119.769997,116.709999,117.419998,117.196632,85400
2021-04-08,117.750000,117.750000,116.540001,117.440002,117.216599,98900
2021-04-09,118.070000,118.709999,117.190002,118.680000,118.454239,81300
2021-04-12,119.120003,119.160004,117.830002,119.150002,118.923347,79900
2021-04-13,118.989998,118.989998,117.949997,118.169998,117.945206,126000
2021-04-14,118.000000,119.930000,118.000000,118.610001,118.384369,71800
2021-04-15,119.160004,120.050003,118.070000,119.830002,119.602051,74500
2021-04-16,120.779999,121.330002,119.550003,120.540001,120.310699,123000
2021-04-19,119.919998,120.809998,118.980003,120.370003,120.141022,116200
2021-04-20,120.410004,120.540001,118.470001,119.900002,119.671921,83500
2021-04-21,120.480003,122.220001,119.720001,122.220001,121.987503,110000
2021-04-22,122.730003,123.580002,122.019997,122.279999,122.047386,96300
2021-04-23,123.430000,124.410004,122.330002,123.830002,123.594444,238400
2021-04-26,124.379997,125.400002,123.300003,123.739998,123.504608,98300
2021-04-27,123.370003,123.680000,122.169998,123.220001,122.985603,109500
2021-04-28,123.309998,124.440002,122.800003,123.570000,123.334938,86300
2021-04-29,124.769997,125.750000,123.930000,125.750000,125.510788,133200
2021-04-30,125.029999,125.879997,124.120003,124.550003,124.313072,224700
2021-05-03,125.699997,126.290001,123.349998,123.430000,123.195198,179800
2021-05-04,123.779999,126.580002,123.339996,126.330002,126.089684,119000
2021-05-05,129.830002,129.979996,124.720001,128.639999,128.395294,166100
2021-05-06,129.539993,134.360001,128.860001,134.360001,134.104416,205500
2021-05-07,134.000000,136.389999,133.300003,136.339996,136.080643,326000
2021-05-10,137.020004,140.389999,137.020004,138.990005,138.725601,246900
2021-05-11,137.619995,138.979996,136.429993,137.070007,136.809265,377300
2021-05-12,136.720001,137.929993,132.580002,133.250000,132.996521,253800
2021-05-13,133.889999,139.139999,133.889999,138.580002,138.316391,181100
2021-05-14,139.440002,139.960007,137.679993,138.990005,138.725601,89200
2021-05-17,138.419998,138.539993,135.720001,135.809998,135.551651,88800
2021-05-18,135.529999,135.529999,133.070007,133.149994,132.896698,99500
2021-05-19,132.169998,132.210007,130.679993,131.860001,131.609161,111400
2021-05-20,131.399994,132.669998,130.550003,132.139999,131.888626,154200
2021-05-21,133.309998,134.000000,132.009995,132.750000,132.497467,90100
2021-05-24,132.759995,133.130005,132.029999,132.500000,132.247940,59400
2021-05-25,132.470001,133.350006,132.300003,132.580002,132.327805,333700
2021-05-26,133.360001,135.839996,133.179993,135.600006,135.342056,186000
2021-05-27,137.399994,137.639999,136.539993,136.679993,136.419983,146500
2021-05-28,140.250000,140.250000,135.889999,135.899994,135.899994,175000
2021-06-01,136.550003,138.789993,135.759995,138.660004,138.660004,141100
2021-06-02,138.940002,140.440002,137.710007,139.690002,139.690002,432800
2021-06-03,139.009995,139.949997,137.889999,139.649994,139.649994,195800
2021-06-04,139.570007,140.919998,139.570007,140.639999,140.639999,65400
2021-06-07,141.000000,142.089996,140.509995,141.899994,141.899994,107700
2021-06-08,141.949997,143.259995,141.039993,143.000000,143.000000,96200
2021-06-09,143.000000,143.350006,141.710007,141.830002,141.830002,112200
2021-06-10,142.160004,142.639999,141.210007,141.919998,141.919998,83000
2021-06-11,141.850006,142.889999,141.250000,142.779999,142.779999,87300
2021-06-14,143.190002,143.190002,141.350006,141.800003,141.800003,112800
2021-06-15,141.979996,142.690002,140.639999,142.500000,142.500000,312600
2021-06-16,142.240005,144.139999,140.729996,141.320007,141.320007,114400
2021-06-17,141.259995,141.259995,137.380005,138.759995,138.759995,81400
2021-06-18,137.600006,137.779999,135.139999,135.190002,135.190002,203500
2021-06-21,136.440002,139.690002,136.130005,139.160004,139.160004,159800
2021-06-22,138.429993,140.970001,137.210007,140.600006,140.600006,109600
2021-06-23,141.259995,143.570007,140.449997,141.960007,141.960007,177800
2021-06-24,142.589996,142.949997,140.910004,142.240005,142.240005,82900
2021-06-25,142.820007,143.369995,141.570007,141.570007,141.570007,375800
2021-06-28,141.139999,144.539993,141.139999,143.809998,143.809998,91800
2021-06-29,144.779999,145.449997,144.440002,144.550003,144.550003,96000
2021-06-30,143.630005,146.279999,143.630005,145.910004,145.910004,88800
2021-07-01,146.149994,146.570007,145.570007,146.320007,146.320007,68900
2021-07-02,147.179993,147.820007,146.339996,146.699997,146.699997,88800
2021-07-06,146.419998,146.419998,142.610001,144.529999,144.529999,165100
2021-07-07,143.940002,146.669998,143.940002,145.929993,145.929993,115800
2021-07-08,143.889999,145.070007,142.839996,143.570007,143.570007,105400
2021-07-09,145.559998,146.850006,144.889999,144.899994,144.899994,77500
2021-07-12,143.949997,147.800003,143.949997,147.419998,147.419998,144300
2021-07-13,147.199997,147.589996,145.889999,146.110001,146.110001,73200
2021-07-14,145.919998,147.639999,144.460007,145.550003,145.550003,80100
2021-07-15,145.250000,145.610001,142.940002,143.750000,143.750000,71100
2021-07-16,145.210007,147.889999,142.360001,142.639999,142.639999,119200
2021-07-19,140.449997,143.039993,139.529999,142.050003,142.050003,149200
2021-07-20,142.479996,147.039993,142.479996,145.169998,145.169998,137200
2021-07-21,146.009995,147.990005,146.009995,146.729996,146.729996,164200
2021-07-22,146.559998,147.750000,144.440002,144.919998,144.919998,110300
2021-07-23,145.300003,146.429993,144.259995,146.270004,146.270004,131900
2021-07-26,146.919998,147.199997,145.539993,146.589996,146.589996,71900
2021-07-27,145.460007,147.339996,144.860001,145.850006,145.850006,58000
2021-07-28,146.669998,147.360001,143.970001,146.199997,146.199997,119100
2021-07-29,147.330002,149.139999,147.330002,149.139999,149.139999,87700
2021-07-30,149.020004,150.860001,148.759995,150.759995,150.759995,126600
2021-08-02,151.389999,153.679993,150.240005,151.179993,151.179993,205100
2021-08-03,151.259995,155.759995,150.919998,155.490005,155.490005,197300
2021-08-04,154.050003,156.720001,153.610001,156.050003,156.050003,93800
2021-08-05,158.160004,162.089996,157.169998,159.690002,159.690002,129600
2021-08-06,161.429993,163.770004,160.089996,163.770004,163.770004,121900
2021-08-09,163.610001,164.039993,161.330002,162.570007,162.570007,103600
2021-08-10,162.660004,164.179993,161.600006,162.740005,162.740005,148700
2021-08-11,163.000000,164.289993,160.000000,164.229996,164.229996,146200
2021-08-12,164.229996,164.229996,162.470001,164.179993,164.179993,83100
2021-08-13,164.589996,165.149994,163.350006,164.210007,164.210007,69300
2021-08-16,163.910004,165.940002,162.880005,165.850006,165.850006,85400
2021-08-17,165.110001,165.110001,162.899994,164.990005,164.990005,79800
2021-08-18,164.770004,166.110001,162.500000,162.710007,162.710007,96300
2021-08-19,161.149994,163.850006,161.149994,162.750000,162.750000,105700
2021-08-20,163.509995,165.229996,162.779999,165.050003,165.050003,108100
2021-08-23,165.630005,166.490005,165.020004,165.320007,165.320007,59400
2021-08-24,166.250000,166.470001,164.729996,165.660004,165.660004,45000
2021-08-25,165.369995,166.869995,165.369995,166.690002,166.690002,69800
2021-08-26,166.089996,167.190002,165.130005,166.589996,166.589996,60000
2021-08-27,167.339996,171.039993,166.690002,170.240005,170.240005,154000
2021-08-30,171.020004,171.729996,169.970001,171.649994,171.649994,97100