Date,Open,High,Low,Close,Adj Close,Volume
2021-01-04,31.280001,31.440001,29.980000,30.290001,30.123121,373700
2021-01-05,29.950001,31.389999,29.790001,30.940001,30.769541,367600
2021-01-06,31.459999,32.880001,31.389999,32.750000,32.569565,714900
2021-01-07,32.869999,33.099998,32.080002,32.450001,32.271221,408300
2021-01-08,32.610001,32.709999,31.709999,32.130001,31.952986,362200
2021-01-11,31.799999,33.340000,31.590000,33.220001,33.036980,289700
2021-01-12,33.500000,33.990002,33.040001,33.959999,33.772900,317400
2021-01-13,33.560001,33.919998,31.830000,31.870001,31.694418,393000
2021-01-14,32.200001,32.680000,31.820000,32.119999,31.943037,407600
2021-01-15,31.719999,32.180000,31.440001,31.760000,31.585022,290200
2021-01-19,32.139999,32.230000,31.010000,31.010000,30.839155,395800
2021-01-20,31.150000,31.799999,30.790001,31.049999,30.878933,343900
2021-01-21,31.320000,31.420000,30.809999,30.870001,30.699928,294600
2021-01-22,30.480000,31.230000,30.160000,30.590000,30.421469,505100
2021-01-25,30.230000,31.580000,30.030001,31.100000,30.928659,548700
2021-01-26,31.660000,31.660000,29.930000,30.120001,29.954060,355100
2021-01-27,29.370001,30.209999,28.889999,29.639999,29.476702,597500
2021-01-28,30.049999,30.450001,29.340000,29.400000,29.238026,507000
2021-01-29,29.450001,29.850000,28.469999,28.639999,28.482210,450800
2021-02-01,28.809999,29.490000,28.450001,29.389999,29.228079,343600
2021-02-02,29.700001,30.040001,29.299999,29.910000,29.745214,375100
2021-02-03,29.840000,30.299999,29.840000,30.139999,29.973948,303400
2021-02-04,30.400000,31.110001,30.059999,31.110001,30.938604,250700
2021-02-05,31.410000,32.000000,31.250000,31.940001,31.764032,280700
2021-02-08,32.119999,33.369999,31.780001,33.349998,33.166264,465200
2021-02-09,33.189999,34.369999,33.189999,34.220001,34.031467,668800
2021-02-10,34.540001,34.790001,33.830002,33.900002,33.713234,456600
2021-02-11,33.950001,34.680000,33.299999,33.939999,33.753010,450800
2021-02-12,33.880001,33.880001,33.209999,33.459999,33.275658,251600
2021-02-16,33.709999,33.750000,33.020000,33.090000,32.907696,302000
2021-02-17,32.869999,33.209999,32.419998,32.779999,32.599400,280100
2021-02-18,32.619999,33.009998,31.969999,32.700001,32.519844,343000
2021-02-19,32.910000,33.939999,32.889999,33.910000,33.723175,326500
2021-02-22,34.000000,35.709999,33.889999,35.709999,35.513260,730600
2021-02-23,35.330002,36.230000,35.119999,35.849998,35.652489,480400
2021-02-24,35.849998,37.200001,35.700001,36.590000,36.388412,444800
2021-02-25,35.450001,37.209999,33.369999,34.139999,33.951908,638000
2021-02-26,34.580002,35.900002,33.580002,34.950001,34.757446,640100
2021-03-01,34.950001,35.650002,34.299999,35.310001,35.115463,647500
2021-03-02,35.330002,35.439999,34.389999,34.480000,34.290039,403700
2021-03-03,34.680000,36.049999,34.340000,35.220001,35.025963,354300
2021-03-04,34.930000,36.000000,34.680000,34.880001,34.687832,560900
2021-03-05,35.389999,35.590000,33.959999,35.580002,35.383976,798200
2021-03-08,35.900002,37.400002,35.619999,36.439999,36.239239,767600
2021-03-09,36.869999,37.889999,36.000000,37.020000,36.816044,499200
2021-03-10,37.299999,38.610001,37.299999,38.500000,38.287888,572800
2021-03-11,38.599998,39.919998,38.310001,39.709999,39.491222,549900
2021-03-12,39.599998,40.830002,39.599998,40.400002,40.177425,564200
2021-03-15,40.000000,41.799999,39.990002,41.419998,41.191799,429400
2021-03-16,41.099998,41.099998,39.730000,40.830002,40.605053,434400
2021-03-17,41.130001,41.389999,40.220001,41.200001,40.973011,339600
2021-03-18,41.080002,41.500000,40.320000,40.480000,40.256981,358400
2021-03-19,40.779999,40.779999,39.799999,40.330002,40.107811,1099900
2021-03-22,40.360001,40.660000,39.810001,40.110001,39.889019,306200
2021-03-23,39.459999,40.160000,37.560001,38.110001,37.900036,594700
2021-03-24,38.730000,39.299999,36.520000,36.549999,36.348633,659000
2021-03-25,35.790001,38.250000,35.500000,37.910000,37.701141,629900
2021-03-26,38.320000,39.680000,37.810001,39.639999,39.421608,387300
2021-03-29,39.549999,40.439999,37.720001,37.740002,37.532078,428100
2021-03-30,37.669998,39.040001,37.639999,38.849998,38.635960,412800
2021-03-31,38.709999,39.259998,37.970001,38.320000,38.207226,678100
2021-04-01,38.470001,38.700001,37.750000,37.970001,37.858257,279800
2021-04-05,38.259998,38.549999,37.349998,38.279999,38.167343,416500
2021-04-06,38.369999,39.299999,38.369999,38.630001,38.516315,275500
2021-04-07,38.500000,38.990002,37.950001,38.200001,38.087582,251700
2021-04-08,38.369999,38.369999,37.560001,38.099998,37.987873,296500
2021-04-09,38.220001,38.549999,37.830002,38.400002,38.286995,320300
2021-04-12,38.369999,38.779999,37.959999,38.669998,38.556194,242300
2021-04-13,38.540001,38.540001,37.549999,38.209999,38.097549,470400
2021-04-14,38.049999,39.439999,38.049999,38.820000,38.705757,630100
2021-04-15,39.259998,39.259998,38.259998,38.549999,38.436550,346500
2021-04-16,39.110001,40.160000,39.070000,39.500000,39.383755,471400
2021-04-19,39.480000,39.900002,39.150002,39.480000,39.363811,564400
2021-04-20,38.720001,39.070000,38.009998,38.840000,38.725697,471000
2021-04-21,38.779999,40.009998,38.560001,39.959999,39.842400,303800
2021-04-22,40.470001,41.029999,40.090000,40.740002,40.620106,605700
2021-04-23,41.000000,41.830002,40.520000,41.630001,41.507488,398500
2021-04-26,41.480000,42.000000,40.419998,40.689999,40.570251,387400
2021-04-27,41.099998,42.000000,40.950001,41.619999,41.497513,242300
2021-04-28,41.439999,42.000000,41.419998,41.799999,41.676987,309400
2021-04-29,42.180000,42.549999,41.889999,42.389999,42.265247,380500
2021-04-30,42.020000,42.639999,41.419998,41.720001,41.597221,468000
2021-05-03,42.270000,42.959999,42.009998,42.810001,42.684013,583600
2021-05-04,42.500000,42.950001,42.040001,42.700001,42.574337,685800
2021-05-05,42.840000,44.259998,42.759998,43.720001,43.591335,382500
2021-05-06,44.279999,44.680000,42.590000,43.299999,43.172569,676000
2021-05-07,43.459999,44.419998,43.459999,44.119999,43.990158,535400
2021-05-10,44.119999,44.740002,42.820000,43.150002,43.023014,683900
2021-05-11,42.330002,43.250000,42.119999,42.740002,42.614220,499900
2021-05-12,42.040001,42.040001,36.880001,37.250000,37.140377,759200
2021-05-13,37.590000,38.970001,37.480000,38.450001,38.336845,816200
2021-05-14,38.799999,39.480000,38.209999,38.599998,38.486401,802900
2021-05-17,38.419998,39.189999,38.349998,38.869999,38.755608,1001400
2021-05-18,39.240002,39.360001,38.000000,38.049999,37.938023,499200
2021-05-19,36.910000,37.310001,35.980000,36.189999,36.083496,439000
2021-05-20,35.930000,36.459999,34.950001,36.259998,36.153290,472900
2021-05-21,36.810001,36.860001,36.270000,36.330002,36.223087,511400
2021-05-24,36.480000,37.049999,36.139999,36.639999,36.532169,384000
2021-05-25,36.970001,37.189999,36.090000,36.110001,36.003731,399400
2021-05-26,36.520000,37.090000,36.430000,36.750000,36.641850,483800
2021-05-27,37.230000,37.470001,36.869999,36.959999,36.851231,365400
2021-05-28,36.930000,36.930000,35.860001,36.459999,36.352699,348200
2021-06-01,36.689999,36.820000,36.060001,36.580002,36.472351,434700
2021-06-02,36.560001,36.560001,35.419998,35.590000,35.485260,390000
2021-06-03,35.439999,35.560001,34.869999,35.189999,35.086437,631200
2021-06-04,35.119999,35.189999,34.340000,34.889999,34.787319,494700
2021-06-07,35.000000,35.549999,34.770000,34.980000,34.877056,652000
2021-06-08,35.500000,36.430000,35.110001,36.209999,36.103436,429700
2021-06-09,36.200001,36.419998,35.770000,36.080002,35.973820,411600
2021-06-10,36.340000,36.560001,36.000000,36.299999,36.193172,641100
2021-06-11,36.540001,37.439999,36.540001,37.419998,37.309875,283400
2021-06-14,37.419998,37.660000,36.189999,36.209999,36.103436,500800
2021-06-15,36.240002,36.540001,35.470001,36.000000,35.894054,380100
2021-06-16,35.810001,36.119999,35.259998,35.709999,35.604908,570500
2021-06-17,35.500000,35.540001,33.869999,34.029999,33.929852,546300
2021-06-18,33.400002,33.720001,32.750000,32.980000,32.882942,903700
2021-06-21,33.250000,34.070000,33.139999,33.740002,33.640709,473900
2021-06-22,33.580002,33.970001,32.959999,33.700001,33.600826,603000
2021-06-23,33.590000,34.270000,33.520000,34.020000,33.919884,545500
2021-06-24,34.220001,34.220001,33.250000,33.389999,33.291737,584800
2021-06-25,33.869999,34.709999,33.610001,33.869999,33.770321,4905900
2021-06-28,33.770000,34.169998,33.230000,34.000000,33.899940,912700
2021-06-29,34.049999,34.349998,33.480000,33.980000,33.879997,650800
2021-06-30,33.610001,33.880001,33.389999,33.639999,33.639999,333100
2021-07-01,34.000000,34.490002,33.599998,33.849998,33.849998,272700
2021-07-02,33.860001,33.860001,33.220001,33.480000,33.480000,482300
2021-07-06,33.740002,33.740002,32.389999,32.889999,32.889999,451000
2021-07-07,32.619999,33.099998,31.959999,32.270000,32.270000,395100
2021-07-08,31.580000,32.380001,31.090000,31.920000,31.920000,404400
2021-07-09,32.439999,33.259998,32.439999,33.150002,33.150002,331200
2021-07-12,32.759998,33.209999,32.580002,33.049999,33.049999,211100
2021-07-13,32.740002,32.970001,32.139999,32.599998,32.599998,458900
2021-07-14,32.889999,33.330002,32.169998,32.209999,32.209999,190000
2021-07-15,32.070000,32.080002,31.360001,31.730000,31.730000,247500
2021-07-16,32.169998,32.169998,31.000000,31.040001,31.040001,330900
2021-07-19,30.190001,31.250000,29.850000,30.510000,30.510000,403700
2021-07-20,30.750000,32.240002,30.570000,31.930000,31.930000,485100
2021-07-21,32.160000,32.869999,32.160000,32.439999,32.439999,288900
2021-07-22,32.410000,32.650002,31.980000,32.240002,32.240002,327200
2021-07-23,32.639999,33.430000,32.490002,33.150002,33.150002,432600
2021-07-26,33.529999,34.150002,33.110001,34.130001,34.130001,537200
2021-07-27,34.040001,34.130001,33.240002,33.630001,33.630001,377400
2021-07-28,33.720001,34.230000,32.869999,34.080002,34.080002,534300
2021-07-29,36.400002,36.400002,32.959999,34.220001,34.220001,858000
2021-07-30,34.189999,34.389999,32.930000,33.540001,33.540001,631600
2021-08-02,33.740002,34.730000,33.419998,33.650002,33.650002,519900
2021-08-03,34.560001,35.310001,33.259998,35.240002,35.240002,1082300
2021-08-04,35.009998,35.150002,33.799999,34.160000,34.160000,701800
2021-08-05,34.200001,35.029999,34.150002,34.660000,34.660000,609800
2021-08-06,34.900002,35.959999,34.669998,35.810001,35.810001,520300
2021-08-09,35.470001,35.889999,34.759998,35.549999,35.549999,595600
2021-08-10,36.490002,37.860001,36.000000,36.750000,36.750000,889200
2021-08-11,36.680000,37.220001,36.189999,37.189999,37.189999,480600
2021-08-12,37.020000,37.410000,36.770000,37.220001,37.220001,535600
2021-08-13,37.029999,37.290001,36.590000,37.160000,37.160000,428700
2021-08-16,36.799999,37.320000,36.299999,37.029999,37.029999,311900
2021-08-17,36.750000,36.830002,35.540001,35.830002,35.830002,459800
2021-08-18,35.619999,36.689999,35.369999,35.970001,35.970001,475400
2021-08-19,35.470001,36.200001,35.279999,35.650002,35.650002,476100
2021-08-20,35.810001,36.630001,35.619999,36.599998,36.599998,471500
2021-08-23,37.099998,37.299999,36.680000,36.919998,36.919998,419600
2021-08-24,36.970001,37.410000,36.759998,36.970001,36.970001,531000
2021-08-25,37.209999,38.049999,36.810001,37.400002,37.400002,537300
2021-08-26,37.040001,37.150002,35.849998,36.340000,36.340000,514800
2021-08-27,36.700001,37.570000,36.439999,37.290001,37.290001,553600
2021-08-30,37.520000,37.520000,36.560001,36.669998,36.669998,336400